sing20190919.00
TTAA 69001 48698
99010 28024 26003 00111 27225 11505 92797 22847 15515
85533 20461 16019 70176 09459 18514 50588 05164 07014
40760 14371 08526 30971 30568 11040 25098 39750 07548
20246 52943 05042 15425 68946 07551 10661 74363 31010
88115 78750 11549
77132 08568 42651=
TTCC 69001 48698
70865 77561 28007 50063 67576 16013 30374 65977 29529
20624 61582 19521 10062 51987 09071
88858 77960 26518
77059 08588 40911=
TTDD 6900/ 48698
11858 77960 22744 78560 33637 77564 44553 68775 55497
67376 66479 68774 77408 65578 88388 61782 99298 66177
11263 60183 22181 63580 33159 62382 44150 54387 55120
57784 66111 49788 77103 52587 88078 46989 99070 47789
11058 36393 22052 32994
21212 11881 26020 22869 26020 33838 28514 44791 27016
55740 28510 66670 32004 77632 04010 88588 04031 99555
08533 11520 12522 22488 18010 33481 20508 44475 24011
55464 26514 66422 23513 77394 25532 88338 25542 99311
29040 11293 31018 22284 30515 33279 29013 44275 28013
55268 31016 66261 29518 77252 24518 88237 24023 99227
22510 11223 20007 22210 21024 33193 20510 44179 14501
55167 01010 66154 11031 77145 12522 88142 14023 99139
13523 11134 09023 22126 05026 33121 05033 44114 08563
55104 08575 66092 09567 77087 09079 88074 09068 99059
08588 11050 09584=
