sing20190930.12
TTAA 80121 48698
99009 28250 25006 00100 27048 21007 92786 22447 18014
85518 18246 17014 70156 08004 13509 50587 05159 08014
40759 15930 09014 30970 30558 07020 25097 41157 09519
20244 53750 09035 15423 69356 08043 10659 75161 13005
88110 77759 09028
77999=
TTCC 80121 48698
70864 69973 32506 50062 67776 07507 30373 64780 21509
20627 57983 33027 10071 51188 10066
88999
77078 09597 42011=
TTDD 8012/ 48698
11913 78558 22793 75561 33742 77961 44720 74766 55712
70170 66693 69974 77562 73968 88541 73170 99524 67976
11447 64778 22370 67177 33340 64179 44306 65379 55285
61982 66279 57585 77261 60182 88179 58983 99143 51387
11129 52987 22102 51787 33091 39392 44088 40591 55079
39991 66074 35193 77059 32794 88058 32794 99055 30595
11052 23397 22048 22198 33045 23197
21212 11855 09511 22838 05514 33818 05519 44784 11015
55754 14010 66732 11010 77722 09010 88706 01503 99689
30010 11675 29017 22642 31019 33618 31015 44609 32010
55590 02502 66573 09510 77561 09012 88548 03511 99541
03012 11534 05510 22479 14510 33466 18514 44450 18518
55435 21510 66420 19504 77406 16010 88396 19518 99378
23027 11366 24035 22350 24530 33320 28523 44308 27014
55302 23509 66299 20511 77290 21516 88284 17512 99271
20525 11247 22037 22233 25025 33222 25025 44210 29015
55198 34028 66188 33531 77181 34024 88173 03518 99167
02510 11163 05517 22147 10056 33138 12040 44135 12542
55125 09051 66098 10562 77094 09565 88087 08583 99078
09597 11072 10080 22065 09080 33054 09087 44052 08562
55049 10552 66046 10039 77045 10046=
