sing20190926.12
TTAA 76121 48698
99009 29857 29004 00103 28656 10004 92790 21810 09506
85522 18459 12010 70160 09657 09015 50588 05902 10515
40760 14172 05525 30972 29367 26003 25099 40168 01506
20247 52169 06017 15427 68157 03514 10659 84347 03007
88102 85138 02007
77999=
TTCC 76121 48698
70866 71369 34514 50065 71771 35007 30372 59184 20004
20630 55784 27510 10075 51587 10553
88999
77078 09596 43225=
TTDD 7612/ 48698
11930 80959 22913 74562 33819 72766 44756 74964 55711
70770 66620 71970 77568 68974 88508 72371 99460 67976
11422 71173 22398 70175 33386 66379 44357 68176 55280
56185 66250 57583 77214 53986 88156 59383 99154 58785
11152 52987 22142 50188 33105 52587 44100 51587 55097
45989 66093 47189 77089 42790 88082 40391 99076 42391
11053 33394 22051 33394 33049 29795 44040 28595
21212 11958 09015 22938 10512 33923 18011 44913 20517
55830 24018 66805 27520 77770 29025 88757 30023 99722
35012 11679 34512 22653 02514 33643 02512 44630 33507
55618 31510 66603 33015 77587 01516 88579 02519 99565
04010 11550 01004 22521 29511 33508 30011 44489 06010
55476 12510 66464 17510 77436 18513 88423 23014 99395
24512 11354 30521 22349 31518 33339 01517 44310 09513
55308 10010 66301 16003 77295 23510 88286 21012 99277
22516 11245 23035 22227 24022 33214 22011 44201 27010
55194 28011 66191 31009 77188 34011 88173 33038 99162
00531 11158 02529 22152 06543 33148 07033 44141 11520
55140 12521 66128 08528 77101 10051 88093 10574 99085
11069 11078 09596 22063 08578 33053 08096 44051 08095
55049 08068 66047 07563 77042 07569 88040 08055=
