sing20190923.12
TTAA 73121 48698
99008 28841 05004 00096 27640 08006 92783 22635 04518
85516 18859 06523 70157 11057 08021 50588 05126 11008
40761 15758 10006 30971 30522 10014 25098 40557 07021
20246 53359 07510 15425 67557 07515 10661 78557 17505
88999
77999=
TTCC 73121 48698
70866 71769 09019 50066 69374 23012 30377 62380 23028
20628 62781 35509 10075 48588 09555
88928 82345 21012
77051 09607 413// 77075 08096 42725=
TTDD 7312/ 48698
11928 82345 22885 82156 33870 78358 44823 74563 55776
75563 66678 69771 77630 72968 88539 67175 99504 69374
11238 60182 22207 63379 33190 58784 44179 60182 55166
55186 66161 49788 77131 51987 88126 49588 99117 52587
11107 46389 22098 49188 33071 34993 44062 38392 55051
35193 66046 28595
21212 11897 24012 22877 28011 33826 31015 44792 35519
55760 36011 66738 05513 77722 08016 88698 09519 99663
14510 11618 00000 22571 09012 33557 06018 44548 07017
55516 16012 66500 22512 77483 26016 88435 29528 99408
27014 11387 29033 22371 30519 33353 30010 44331 19001
55315 23510 66299 23029 77273 24033 88253 24023 99228
21013 11217 21521 22207 22511 33203 29503 44199 35510
55192 35528 66180 00528 77173 06527 88167 10034 99166
10533 11156 12522 22142 06526 33132 07552 44128 09047
55110 09557 66102 09550 77096 09070 88094 09565 99075
08096 11068 09070 22063 09073 33059 09098 44055 10586
55051 09607 66046 09569=
