sing20190912.12
TTAA 62121 48698
99008 29856 24004 00096 28656 13006 92786 22831 13510
85519 18857 22505 70160 09256 08008 50588 05571 33001
40760 14166 07521 30970 32747 10022 25096 42348 09041
20243 53745 07566 15424 64564 08038 10661 79557 08023
88104 79956 08522
77182 08077 42140=
TTCC 62121 48698
70868 73167 11509 50068 65777 25013 30377 60380 27524
20629 56781 17018 10067 51785 09581
88397 70772 29533
77068 09102 438// 77094 09586 43831=
TTDD 6212/ 48698
11938 73963 22807 75563 33768 72367 44681 72368 55652
72968 66606 67374 77526 70172 88497 65777 99397 70772
11366 71173 22328 62579 33301 60380 44300 60380 55283
59181 66232 64577 77204 55983 88163 60979 99153 57781
11146 59979 22122 58981 33119 54385 44111 51185 55104
52584 66099 51585 77093 45189 88080 43190 99070 44789
11062 38792
21212 11972 08521 22930 04011 33884 03017 44859 05010
55826 10503 66661 08507 77624 05521 88593 07516 99549
14010 11527 15511 22501 25013 33483 26511 44439 25527
55396 29533 66359 28522 77330 25015 88319 24520 99272
33538 11253 32037 22235 32533 33228 33523 44222 00514
55220 03511 66217 06013 77211 08514 88200 17018 99179
22027 11162 22518 22157 24010 33144 34503 44137 05510
55132 06523 66125 13015 77120 09025 88116 07527 99103
09074 11094 09586 22082 09054 33068 09102 44062 08579=
