sing20190903.12
TTAA 53121 48698
99006 31058 21006 00076 30257 15507 92768 23215 14513
85503 19450 18511 70149 11460 28006 50587 03365 15508
40760 14576 12521 30971 30525 06017 25098 40957 05030
20245 53758 05040 15424 66764 05079 10661 72765 22023
88112 78558 05544
77139 05080 42425=
TTCC 53121 48698
70868 73766 29508 50069 64576 25022 30383 59979 25034
20637 55782 12011 10084 47187 08568
88160 58380 07509
77090 09078 41716=
TTDD 5312/ 48698
11850 76961 22598 70771 33508 64377 44475 65776 55390
65576 66307 59380 77275 63977 88261 59781 99242 61179
11211 55182 22199 55582 33190 51784 44160 58380 55152
58980 66141 51586 77134 50985 88120 51984 99105 46388
11090 46987 22083 41990 33074 42990 44061 39392
21212 11961 19516 22910 25014 33838 27515 44828 29010
55801 04010 66789 04011 77760 27510 88738 26510 99610
09003 11584 09010 22568 08519 33544 11010 44530 19003
55518 25010 66502 25022 77477 25012 88443 29020 99414
29526 11395 30014 22389 29013 33384 28014 44361 31016
55346 28517 66298 25034 77269 26525 88257 29520 99244
30018 11237 33019 22225 35010 33216 34003 44194 15513
55191 15513 66184 11512 77175 14510 88169 15010 99161
08508 11158 06010 22155 05514 33147 08039 44143 10033
55139 11040 66114 08561 77090 09078 88075 08560 99061
09065=
