USSR01 WSSS 251200
TTAA  75111 48698
99005 27850 21003 00078 27240 15002 92764 22032 19006
85500 19038 24510 70145 10035 31010 50588 05110 13010
40760 15105 08016 30971 29528 09021 25099 40120 09025
20246 52949 09029 15425 68356 08027 10659 79157 10039
88109 82756 08539
77999
31313 73508 81100=



UKSR01 WSSS 251200
TTBB  75118 48698
00005 27850 11959 23814 22874 19624 33838 19050 44708 10234
55671 08845 66416 13311 77352 21702 88312 27330 99265 36915
11227 45556 22173 61537 33167 62957 44129 75159 55109 82756
66106 81757 77104 79358 88100 79157
21212 00005 21003 11986 16004 22944 19504 33906 18508 44871
25008 55789 25514 66723 30510 77662 32508 88619 33008 99589
06506 11576 04008 22551 09512 33454 13008 44405 08016 55369
11516 66355 09514 77336 10516 88316 08021 99278 10521 11165
07025 22140 09027 33126 08035 44100 10039
31313 73508 81100
41414 11438=



ULSR01 WSSS 251200
TTCC  75111 48698
70866 73562 11514 50066 67166 08543 30383 47387 17016
20649 42988 31014 10111 41589 24512
88263 52186 25037 88160 48787 22519
77999
31313 73508 81100=



UESR01 WSSS 251200
TTDD  7511/ 48698
11977 80156 22910 74360 33865 71561 44724 74361 55624 70765
66551 72563 77531 66769 88466 69366 99431 63571 11393 63169
22380 62771 33374 58975 44367 56576 55342 56774 66330 55977
77321 54779 88313 50584 99308 48187 11263 52186 22223 49986
33204 43188 44160 48787 55135 48587 66117 43588 77103 42788
88098 39989 99074 42388 11068 38789 22060 39589
21212 11938 09039 22871 10010 33849 08006 44829 09006 55796
15506 66780 15508 77751 12012 88651 10008 99634 05510 11621
05014 22603 07019 33435 09558 44377 10051 55362 07535 66350
06037 77313 09025 88298 18016 99284 23521 11267 25035 22245
26039 33221 29518 44209 27514 55192 32016 66185 28014 77161
23019 88148 26539 99140 27539 11131 28519 22124 26012 33116
24027 44106 21516 55098 26512 66094 27021 77090 27516 88086
33506 99085 33504 11084 28506 22081 25508 33079 28006 44078
31508 55073 33514 66071 02006 77070 09004 88069 10006 99068
05506 11060 07523
31313 73508 81100=
