USSR01 WSSS 240000
TTAA  74001 48698
99008 24817 26005 00105 24010 22506 92790 21824 17010
85520 17410 20504 70156 08602 27502 50588 05356 07508
40759 15357 07514 30971 30359 08518 25098 40556 10016
20246 53356 09518 15424 69150 08525 10656 78758 06537
88107 83356 05529
77999
31313 73508 80000=



UKSR01 WSSS 240000
TTBB  74008 48698
00008 24817 11996 23407 22923 22028 33808 14601 44684 07400
55645 05636 66571 00234 77552 01507 88535 02341 99523 03917
11504 04750 22485 06920 33465 08357 44416 13745 55408 14358
66395 16349 77376 18158 88295 31559 99271 35961 11248 41156
22131 76350 33107 83356 44100 78758
21212 00008 26005 11992 20508 22903 17008 33880 19508 44859
19504 55815 23006 66792 31006 77769 29502 88764 31504 99751
31502 11748 27502 22733 02502 33715 05502 44714 04502 55709
24002 66705 26002 77701 27002 88688 26002 99685 20502 11681
24002 22672 24502 33669 31002 44662 35004 55619 04006 66615
02504 77613 04004 88587 03510 99575 06008 11513 05510 22499
07508 33478 08514 44431 07014 55384 09016 66260 08518 77250
10016 88222 08519 99179 09519 11107 05529 22100 06537
31313 73508 80000
41414 59448=



ULSR01 WSSS 240000
TTCC  74001 48698
70864 72571 06527 50065 63782 09049 30385 57383 05006
20648 49786 26023 10110 42788 25004
88132 47587 29037
77423 09064 41560
31313 73508 80000=



UESR01 WSSS 240000
TTDD  7400/ 48698
11949 78557 22839 72165 33757 70370 44681 73171 55611 73971
66564 65976 77508 63383 88454 64976 99428 62779 11407 56982
22379 54581 33287 58382 44264 56184 55253 52386 66244 52985
77235 48787 88225 46987 99205 49586 11182 48587 22179 48987
33173 44588 44156 42388 55132 47587 66122 45787 77108 45987
88101 43188 99074 43188 11073 43788 22064 36590 33061 32591
44053 26593 55046 24799
21212 11965 06037 22888 11021 33851 11512 44830 14008 55780
11010 66754 04012 77741 03516 88652 10533 99614 11535 11555
11051 22478 08549 33423 09064 44379 10027 55371 11518 66350
19512 77341 19512 88317 11506 99310 03004 11300 05006 22287
03012 33276 05518 44245 07027 55232 12008 66229 20506 77227
23510 88223 25018 99200 26023 11189 29027 22159 31033 33145
29049 44103 29508 55100 25004 66097 10504 77093 21506 88090
21014 99087 14010 11080 18021 22075 17512 33072 11508 44067
11025 55064 10535 66060 09527 77057 10527 88053 06521 99052
03525 11049 36023 22046 28023
31313 73508 80000=
