USSR01 WSSS 211200
TTAA  71111 48698
99007 28249 29003 00094 27630 25504 92784 21602 16014
85515 18627 16018 70156 11671 18012 50589 04524 09506
40761 13768 10521 30973 29957 10533 25100 39957 08521
20248 52360 06527 15427 67957 08043 10665 76161 19514
88105 76560 19519
77999
31313 73508 81047=



UKSR01 WSSS 211200
TTBB  71118 48698
00007 28249 11902 20002 22777 15459 33769 15865 44766 15461
55747 14667 66710 12472 77637 05838 88619 06271 99583 02663
11576 02469 22544 00065 33521 02550 44504 04525 55464 08145
66421 13512 77419 12956 88415 12163 99407 12970 11307 28560
22282 33144 33269 35358 44259 37949 55243 41559 66175 59960
77154 66957 88138 71356 99120 71761 11105 76560 22100 76161
21212 00007 29003 11982 22008 22971 21506 33958 18006 44940
16510 55853 16518 66800 19016 77787 17516 88768 19016 99757
17512 11747 18514 22719 16516 33707 18514 44671 18010 55655
21008 66645 19006 77637 24506 88634 24506 99620 15004 11608
14010 22594 15510 33586 12014 44578 13510 55566 12016 66553
15012 77534 14010 88525 17006 99518 15004 11506 16504 22502
10004 33495 10006 44473 05010 55434 06521 66407 10518 77299
11033 88268 08021 99238 09023 11187 06029 22154 07541 33136
09523 44123 07029 55115 11014 66112 15012 77106 19018 88100
19514
31313 73508 81047
41414 28448=



ULSR01 WSSS 211200
TTCC  71111 48698
70873 69768 32021 50075 67377 27537 30388 58984 08047
20644 54185 09064 10101 42588 10064
88999
77140 09572 40509
31313 73508 81047=



UESR01 WSSS 211200
TTDD  7111/ 48698
11876 77360 22846 77360 33811 72764 44759 72964 55716 69368
66671 71169 77659 68571 88592 68774 99573 66376 11471 68176
22447 65779 33421 67378 44381 66978 55367 61583 66335 58984
77283 61583 88249 59784 99233 55585 11143 49386 22120 43988
33095 43588 44088 43188 55079 38190 66068 36990 77060 36990
88054 39789 99045 34791
21212 11981 22518 22931 25018 33910 28018 44885 28019 55842
30506 66832 24006 77801 24521 88765 26023 99727 31516 11703
32021 22667 30019 33646 33014 44615 26523 55557 25033 66385
34519 77371 05512 88357 13523 99343 15031 11306 09043 22273
07054 33220 09062 44140 09572 55130 09560 66087 09568 77077
09054 88069 08562 99061 10049 11057 12041 22053 10541 33045
09029
31313 73508 81047=
