USSR01 WSSS 271200
TTAA  77111 48698
99005 29657 21504 00077 28856 17510 92770 23448 15512
85507 19650 22016 70153 10250 27508 50589 05131 11506
40761 15358 08012 30973 29963 07010 25100 40560 07021
20247 53346 06033 15427 65561 08558 10665 72762 30518
88113 76359 06014
77152 08060 42841
31313 73508 81040=



UKSR01 WSSS 271200
TTBB  77118 48698
00005 29657 11962 25631 22787 16056 33684 08640 44602 04450
55506 05304 66499 04935 77483 06550 88476 05960 99468 06959
11465 06763 22443 10159 33440 10561 44436 11350 55419 13544
66415 14118 77408 14730 88406 14558 99386 18138 11382 18718
22376 18323 33372 18756 44366 19359 55361 20157 66356 20561
77286 32364 88244 42158 99226 46361 11204 52150 22189 56559
33144 66563 44113 76359 55102 75159 66100 72762
21212 00005 21504 11984 17010 22968 17508 33933 14514 44905
17008 55895 21006 66878 16504 77857 22010 88824 24008 99806
23010 11796 26510 22787 24010 33779 26010 44741 26514 55713
24014 66697 27006 77690 21004 88674 31006 99660 28010 11652
33008 22634 31010 33614 00508 44608 34006 55594 01008 66580
06008 77570 34006 88561 02506 99554 35506 11539 06004 22530
27004 33510 27002 44507 09002 55500 11506 66487 11010 77479
04508 88470 09506 99455 10508 11448 05508 22438 10506 33432
07506 44423 10512 55402 08512 66383 09012 77376 07508 88327
09518 99303 06508 11296 09010 22284 06518 33236 08027 44200
06033 55181 06033 66166 06553 77152 08060 88126 09014 99114
05514 11108 12006 22106 11002 33105 25004 44100 30518
31313 73508 81040
41414 22432=



ULSR01 WSSS 271200
TTCC  77111 48698
70872 73765 27512 50074 62579 27506 30386 61783 08031
20643 54585 09566 10103 42188 09566
88828 76162 28035 88410 65782 23527
77139 08570 41406
31313 73508 81040=



UESR01 WSSS 271200
TTDD  7711/ 48698
11982 71163 22828 76162 33751 75762 44695 73765 55684 70767
66597 72368 77545 64376 88512 61978 99410 65782 11311 63383
22242 54385 33201 54185 44169 51986 55135 43188 66113 43988
77092 40989 88061 38989
21212 11912 27523 22846 28037 33791 28518 44749 26027 55699
27512 66682 32008 77647 28512 88628 30516 99598 32016 11561
27506 22559 28504 33544 04002 44539 30502 55523 26506 66512
30008 77482 23512 88436 26531 99415 24027 11370 22019 22349
14510 33339 07514 44317 03021 55298 08533 66285 10037 77256
08541 88229 09064 99209 10060 11176 08060 22139 08570 33073
09070 44066 09060 55061 10029
31313 73508 81040=
