USSR01 WSSS 080000
TTAA  58001 48698
99009 28241 21003 00114 27425 15008 92804 23044 15018
85533 18228 17514 70176 08449 09506 50589 05935 10012
40761 14761 09014 30972 30774 05016 25099 41962 01002
20246 54158 09506 15425 66158 08529 10661 78357 05019
88105 79956 08018
77999
31313 73508 82333=



UKSR01 WSSS 080000
TTBB  58008 48698
00009 28241 11975 25209 22947 23003 33935 23238 44747 12256
55696 08248 66684 07207 77666 07050 88621 03232 99592 01659
11556 00758 22543 01364 33506 05531 44483 08115 55470 08144
66456 08557 77429 11956 88389 15568 99306 29574 11272 36563
22237 44965 33216 50365 44204 53558 55181 58363 66163 63562
77155 66157 88105 79956 99100 78357
21212 00009 21003 11995 15508 22990 17010 33957 14012 44868
17014 55841 16514 66807 19008 77795 18008 88771 19504 99759
12504 11753 15002 22743 33502 33737 26002 44734 15002 55718
12502 66710 04004 77707 03504 88701 09004 99679 14504 11674
08006 22649 05508 33642 08508 44610 10010 55601 13510 66592
08508 77571 09508 88552 12006 99541 10006 11533 12506 22518
12512 33508 08510 44481 12508 55474 08008 66445 14014 77409
08512 88395 09014 99385 06014 11367 06512 22359 05014 33336
07516 44313 07012 55301 05014 66274 02504 77269 05004 88264
00506 99255 35002 11247 02502 22243 02004 33236 04008 44223
04506 55216 09006 66207 11006 77201 10006 88195 11006 99180
05008 11145 10029 22107 08516 33100 05019
31313 73508 82333
41414 11432=



ULSR01 WSSS 080000
TTCC  58001 48698
70871 73566 27535 50073 65974 25021 30385 60378 10039
20641 54181 09560 10088 51183 09062
88735 74365 26539 
77079 08580 41111
31313 73508 82333=



UESR01 WSSS 080000
TTDD  5800/ 48698
11939 72762 22901 73561 33859 68767 44735 74365 55659 72367
66629 67172 77549 64775 88469 67374 99453 64177 11427 65975
22393 63576 33348 66173 44336 66174 55325 62377 66272 57779
77254 58978 88196 53582 99176 54580 11135 49783 22108 52980
33103 53180 44092 47585 55071 41185 66063 41184
21212 11977 05027 22894 02508 33882 29008 44863 26019 55826
25037 66678 28525 77636 27527 88599 30014 99585 34508 11553
22508 22489 25023 33469 25516 44456 29010 55437 29014 66424
33012 77411 30508 88402 22506 99378 27512 11353 35006 22345
30004 33339 22502 44336 10002 55328 07510 66314 09529 77281
08547 88259 10054 99237 08551 11204 09560 22105 09556 33079
08580 44063 07054
31313 73508 82333=
