USSR01 WSSS 081200
TTAA  58111 48698
99008 29056 20005 00110 28241 16006 92793 22002 14014
85530 18213 15010 70171 10443 13002 50589 05935 08010
40762 15915 05014 30973 30169 03516 25100 39957 13002
20248 52343 29504 15427 66560 06527 10663 78750 04033
88102 79540 05029
77999
31313 73508 81040=



UKSR01 WSSS 081200
TTBB  58118 48698
00008 29056 11922 21602 22749 13046 33615 03841 44594 02224
55559 00717 66548 01348 77543 01757 88538 02158 99528 03114
11525 02956 22467 09118 33426 12344 44401 15716 55367 19517
66333 24533 77323 26137 88319 26740 99311 27963 11307 28568
22291 32169 33282 33758 44271 35756 55256 38556 66247 40761
77229 45156 88192 54737 99179 58540 11172 60358 22157 63962
33132 72757 44119 77142 55102 79540 66100 78750
21212 00008 20005 11994 14510 22922 14012 33907 18512 44889
14012 55875 17012 66864 14508 77821 15006 88811 18006 99802
18002 11788 22006 22780 19008 33770 18506 44755 14506 55744
15504 66722 10504 77710 18010 88705 16504 99701 13002 11696
17504 22659 13506 33652 05502 44642 15506 55639 17006 66610
12506 77601 16006 88594 10504 99574 08010 11566 13508 22546
08012 33539 10514 44505 07010 55498 09012 66476 09014 77465
12512 88453 07512 99432 05514 11415 06514 22390 04018 33373
07516 44365 06518 55347 08018 66289 02012 77279 08012 88274
07508 99270 12008 11256 12004 22252 17002 33249 12004 44240
13504 55233 09002 66221 17002 77219 24002 88216 21502 99204
24004 11200 29504 22196 26006 33180 32004 44178 30504 55170
05010 66161 04516 77148 06529 88127 09519 99120 07018 11109
08529 22100 04033
31313 73508 81040
41414 39448=



ULSR01 WSSS 081200
TTCC  58111 48698
70872 71566 27523 50075 67970 26519 30387 60568 12031
20641 52775 09054 10096 45987 09080
88999
77083 09095 41114
31313 73508 81040=



UESR01 WSSS 081200
TTDD  5811/ 48698
11943 72159 22858 70764 33779 73565 44740 74165 55647 66370
66523 68571 77386 62568 88343 63766 99294 59769 11274 62165
22229 59167 33197 51975 44155 48787 55125 49786 66080 41988
77063 40995
21212 11973 03539 22946 02519 33922 35514 44899 29514 55872
25016 66855 24021 77797 26025 88759 27045 99741 27549 11703
27525 22655 28023 33605 33006 44588 06514 55568 09002 66565
23002 77528 25025 88490 27018 99466 26508 11448 03004 22439
00504 33434 04006 44410 04004 55405 29002 66401 26506 77373
29006 88364 33002 99361 25002 11345 23502 22343 12002 33342
10502 44331 05508 55316 11016 66305 12529 77285 09043 88251
09051 99224 08068 11200 09054 22118 08560 33100 09080 44089
09088 55087 09088 66086 09080 77083 09095 88082 09086 99063
09566
31313 73508 81040=
