USSR01 WSSS 161200
TTAA  66111 48698
99008 27649 08004 00106 26020 09006 92794 22202 14510
85526 18409 17004 70172 10029 28508 50589 05902 20502
40761 16542 10516 30972 29527 06023 25099 40359 06525
20248 52161 05551 15427 67758 06564 10662 77756 10516
88109 80744 06053
77177 05568 42714
31313 73508 81032=



UKSR01 WSSS 161200
TTBB  66118 48698
00008 27649 11981 24608 22800 16636 33675 08226 44647 06656
55610 02426 66507 05301 77428 11906 88394 17549 99383 19561
11378 19364 22371 19157 33352 22724 44340 24323 55333 23721
66300 29527 77287 32134 88273 34760 99217 48357 11203 51560
22134 71558 33109 80744 44100 77756
21212 00008 08004 11993 11510 22970 09512 33957 12514 44890
16510 55879 13006 66870 16006 77848 17004 88837 12002 99831
13502 11824 21002 22813 24002 33808 32502 44790 30508 55778
35008 66758 33008 77732 33510 88696 28008 99670 30008 11658
28508 22636 23506 33600 23002 44590 01002 55583 04002 66579
33002 77577 32502 88569 01506 99543 01510 11532 35006 22522
35006 33518 30502 44515 05502 55512 35002 66511 35002 77509
06002 88503 08502 99500 20502 11495 22002 22482 17502 33478
10002 44459 19006 55453 14506 66436 05502 77424 12512 88412
10014 99360 12523 11315 06521 22217 06535 33177 05568 44149
06566 55130 06039 66111 06051 77100 10516
31313 73508 81032
41414 49478=



ULSR01 WSSS 161200
TTCC  66111 48698
70872 71961 19512 50074 66362 26039 30385 60762 10045
20640 53365 09558 10095 43784 10064
88437 68761 27525
77068 09084 42150
31313 73508 81032=



UESR01 WSSS 161200
TTDD  6611/ 48698
11975 73959 22822 73159 33790 70361 44724 72960 55674 69162
66621 69762 77586 65764 88547 64163 99437 68761 11365 66762
22328 61565 33310 59764 44284 62761 55212 54365 66178 53566
77160 48973 88134 49573 99104 43982 11089 44585 22071 42987
33069 43588 44066 39989 55057 34791 66048 33991
21212 11983 17010 22940 25516 33910 26516 44826 23018 55734
24006 66722 18504 77693 19014 88631 25525 99557 25027 11527
25545 22432 27023 33416 30027 44365 33033 55356 34023 66342
03518 77307 09543 88244 09572 99203 10060 11081 09568 22075
09566 33068 09084 44066 08566 55059 09033 66056 07031 77051
08019 88048 13504
31313 73508 81032=
