USSR01 WSSS 240000
TTAA  74001 48698
99011 25213 36001 00129 26631 23506 92812 23258 17512
85546 18035 20506 70188 10042 12504 50590 05762 13018
40762 15365 12527 30973 31357 09027 25099 40961 08021
20247 53964 08039 15426 68357 08553 10660 80359 11021
88112 81158 08539
77138 07066 42120
31313 73508 82330=



UKSR01 WSSS 240000
TTBB  74008 48698
00011 25213 11009 26620 22931 23457 33889 20228 44743 12846
55631 04028 66592 01857 77563 01139 88545 02347 99538 02360
11490 07358 22475 08164 33471 08167 44466 08561 55443 10569
66431 12175 77425 12376 88421 12767 99404 15365 11395 15172
22376 18184 33309 29756 44273 36557 55261 38562 66227 47357
77208 51762 88185 58162 99165 64159 11158 66556 22133 73359
33112 81158 44100 80359
21212 00011 36001 11994 23506 22937 17510 33896 21010 44868
19508 55838 21508 66790 19502 77781 22502 88769 23002 99760
15004 11748 15504 22738 13502 33726 01502 44722 04502 55718
02502 66714 11502 77708 17002 88705 14002 99683 10008 11649
10008 22638 06508 33625 06508 44616 09008 55565 13014 66541
10519 77498 13518 88469 11021 99444 12027 11417 11529 22376
13529 33343 12525 44269 07518 55180 08543 66138 07066 77120
08053 88105 11021 99100 11021
31313 73508 82330
41414 12432=



ULSR01 WSSS 240000
TTCC  74001 48698
70871 63183 08533 50079 61383 11508 30403 53385 22019
20668 46187 27518 10131 43188 27514
88999
77999
31313 73508 82330=



UESR01 WSSS 240000
TTDD  7400/ 48698
11891 74162 22879 69766 33762 68572 44737 67974 55720 64180
66540 59984 77503 61183 88466 60584 99463 58384 11394 60784
22363 54785 33336 52586 44301 53185 55294 49986 66234 51786
77224 50986 88216 48787 99213 46787 11175 47587 22168 46987
33165 45188 44133 45787 55126 45587 66121 43388 77094 43188
88075 39989 99069 39389 11062 33799
21212 11977 09025 22897 10039 33824 11037 44771 08527 55688
08533 66618 07035 77579 04516 88543 07506 99531 15504 11522
17504 22501 11508 33457 09512 44414 00510 55405 02006 66396
12004 77393 13504 88377 11014 99364 13512 11349 21510 22339
24510 33327 25016 44297 22521 55265 27547 66240 28035 77213
32014 88205 28514 99193 27529 11185 28035 22170 27516 33161
22519 44144 26551 55133 28054 66114 27025 77107 25019 88095
27510 99092 31508 11087 30512 22083 01512 33079 35008 44078
36004 55077 04004 66072 09014 77062 06523
31313 73508 82330=
