sing20191224.00
TTAA 74001 48698
99009 26210 02506 00104 25418 02508 92788 21627 01516
85521 17412 31001 70158 09646 23009 50589 03959 20504
40762 14164 15508 30973 30359 10016 25100 40558 08517
20248 52938 08520 15427 68349 09043 10663 77960 35519
88999
77999=
TTCC 74001 48698
70866 72967 28023 50062 72769 21002 30372 64777 11025
20626 54984 10057 10079 47188 09550
88810 81758 20020
77081 09571 42006 77172 09065 41214=
TTDD 7400/ 48698
11810 81758 22755 80960 33739 74564 44720 72366 55608
75764 66469 71770 77398 61979 88302 65177 99284 62179
11270 64177 22251 59381 33209 56982 44188 52385 55167
53784 66121 46189 77099 47388 88077 42990 99073 45390
11065 37992 22059 37992
21212 11953 36010 22926 07001 33896 21010 44854 21022
55781 20520 66752 18514 77741 20012 88735 22011 99725
26014 11700 28024 22661 29034 33581 29519 44562 31518
55516 33012 66500 23502 77466 16510 88440 12522 99423
10019 11407 02509 22404 01010 33388 00519 44375 02522
55356 05511 66349 04510 77324 08504 88300 11025 99286
14526 11273 15534 22253 06535 33244 04539 44229 08553
55224 09553 66199 10056 77172 09065 88165 08558 99138
10044 11096 09051 22091 09550 33081 09571 44074 10060
55070 10069 66068 11053 77065 09532 88063 08528 99060
09526 11059 09526=
