sing20191222.00
TTAA 72001 48698
99009 25408 36007 00099 24619 00509 92782 22642 34016
85515 18022 28004 70156 09014 18514 50587 04958 12505
40760 14944 08517 30971 29163 08516 25099 39758 12515
20247 52758 11523 15426 68349 10534 10661 82339 13020
88103 82136 10519
77999=
TTCC 72001 48698
70863 74164 25017 50060 70170 34520 30372 63176 03523
20626 55581 09064 10078 44988 08582
88999
77090 08102 42223=
TTDD 7200/ 48698
11989 82543 22854 81758 33807 77162 44738 77362 55701
74164 66582 73566 77575 73766 88538 69371 99456 71570
11392 62578 22339 59579 33288 64176 44260 60179 55249
61178 66233 56581 77190 55381 88164 50384 99132 51584
11085 42590 22084 42590 33078 37192 44065 33794 55057
38392 66054 39192
21212 11950 14014 22877 13523 33831 11514 44821 10510
55736 28503 66720 24010 77694 25018 88625 27518 99582
23517 11555 26011 22550 27011 33540 31015 44466 02025
55457 03021 66424 09521 77406 10010 88391 23510 99375
23510 11368 21503 22345 06510 33313 06019 44290 02029
55258 09042 66238 11545 77223 09052 88192 09074 99151
10066 11134 08562 22101 08578 33090 08102 44084 08598
55076 08074 66067 13531 77060 14018 88057 09514 99057
09513 11055 14007 22054 15009=
