sing20191224.12
TTAA 74121 48698
99010 27844 03006 00114 27256 01513 92800 22038 01024
85532 18427 35505 70175 09413 32007 50591 04703 23004
40764 13761 17010 30976 29762 10009 25103 40365 06018
20251 52950 09524 15430 68156 10535 10665 81157 06508
88999
77999=
TTCC 74121 48698
70867 74365 29036 50063 71770 15012 30372 63777 18518
20627 55982 09548 10082 41191 09547
88913 83948 19008
77084 08567 41711=
TTDD 7412/ 48698
11913 83948 22796 81959 33766 74164 44746 73566 55617
76563 66587 72367 77541 74166 88488 70171 99442 71371
11408 68174 22403 68375 33391 64778 44344 62178 55298
64177 66272 60180 77256 61179 88244 56383 99231 55782
11203 56582 22157 46788 33121 49986 44088 37792 55064
38392
21212 11961 14503 22884 19516 33840 19028 44817 20025
55789 17524 66778 18017 77764 21512 88747 26517 99696
29037 11666 29533 22606 29015 33599 29513 44563 33024
55543 33512 66514 10504 77505 14510 88490 17015 99453
14524 11433 10027 22428 09026 33395 08016 44384 06017
55364 10014 66353 17503 77340 23010 88316 23004 99310
18510 11288 19529 22271 09518 33269 08519 44255 04030
55240 08045 66233 10043 77215 09037 88169 07554 99160
08557 11107 09044 22096 10058 33084 08567 44080 07557
55071 07566 66064 07035=
