sing20191206.00
TTAA 56001 48698
99009 26635 00507 00104 25640 01508 92788 21650 01027
85518 18256 34503 70157 08609 11003 50589 03764 24503
40761 14357 25506 30973 29961 12512 25100 40758 11022
20248 53161 10027 15426 67759 10044 10661 80957 27020
88999
77999=
TTCC 56001 48698
70861 75164 24003 50061 68772 24529 30369 62578 29518
20624 54183 09565 10082 41991 07052
88853 86543 28015
77195 10065 43308 77092 08565 41225=
TTDD 5600/ 48698
11853 86543 22821 85556 33809 81158 44702 75363 55664
69371 66607 71368 77518 67373 88423 71171 99387 70772
11327 59980 22299 62578 33285 57981 44249 56381 55213
59179 66207 58581 77198 52584 88188 52183 99180 52983
11162 48386 22150 50385 33140 45588 44129 45388 55115
46587 66102 41591 77093 43190 88086 38992 99075 41591
11062 32394 22058 25596
21212 11954 27517 22904 30516 33870 27517 44838 27510
55769 16013 66763 16010 77741 18002 88673 27510 99639
26517 11615 29024 22568 29021 33542 25019 44492 24532
55424 29516 66402 27511 77394 28509 88384 29510 99374
27014 11354 28014 22340 31018 33310 31021 44304 30021
55297 29011 66291 04501 77268 34010 88259 06515 99253
09022 11242 10525 22220 07539 33206 10557 44195 10065
55171 09553 66158 11058 77151 10563 88128 08543 99123
09549 11105 09062 22098 07055 33092 08565 44082 08049
55070 04024 66068 04021 77066 06520 88062 13501 99058
14010 11058 12510=
