sing20191208.12
TTAA 58121 48698
99009 27224 03004 00100 26028 04010 92783 20606 03519
85512 17011 04514 70155 09841 08514 50588 05503 01002
40760 15108 06514 30971 29731 07512 25099 40143 07521
20247 53327 07519 15425 68149 11535 10661 81348 28014
88999
77999=
TTCC 58121 48698
70862 74762 20006 50060 68972 28527 30370 60179 28017
20626 57180 08552 10083 42390 09559
88903 84156 03505
77091 10069 41925=
TTDD 5812/ 48698
11903 84156 22771 79559 33724 80758 44702 74962 55674
73165 66551 72568 77520 68172 88439 71370 99319 59180
11307 60378 22280 59979 33262 55981 44236 58779 55200
57180 66164 49186 77090 39991 88077 39592
21212 11955 29511 22879 08011 33852 09517 44826 15016
55802 17015 66774 15013 77711 16002 88680 18012 99672
19513 11657 26013 22601 29535 33577 30539 44493 28027
55445 30518 66408 26508 77402 23511 88354 28522 99347
28020 11336 23019 22318 25526 33278 30017 44273 31010
55268 00000 66263 14010 77258 14515 88248 10017 99239
09025 11228 10047 22208 08556 33194 08049 44169 09065
55162 08555 66148 10050 77141 11059 88107 08062 99091
10069 11077 08054=
