sing20191220.12
TTAA 70121 48698
99007 27837 04008 00086 27646 03014 92772 22028 04522
85504 18423 04008 70147 10648 04010 50588 04147 35006
40761 13967 04020 30973 29372 05011 25100 40561 10510
20248 52761 11519 15427 65764 12025 10664 81356 26014
88999
77999=
TTCC 70121 48698
70863 78560 32510 50062 70770 26517 30369 63778 18530
20624 55983 09558 10079 44789 09561
88894 83356 31509 88449 73368 36005
77088 09580 415//=
TTDD 7012/ 48698
11894 83356 22732 81358 33679 78362 44641 69572 55605
66974 66449 73368 77414 69974 88402 64379 99352 67975
11251 56382 22221 55782 33206 57981 44181 51185 55177
51584 66098 44589 77081 33594
21212 11883 32010 22873 32510 33738 20511 44728 20010
55702 32510 66688 34510 77669 09501 88655 21510 99605
26516 11541 25026 22509 27021 33490 26011 44450 36005
55430 07512 66418 08025 77408 07519 88395 04016 99365
06012 11346 13017 22325 17026 33301 18530 44287 15518
55275 04505 66268 03010 77250 02539 88220 09056 99138
08073 11100 09561 22088 09580 33081 08566=
