sing20170420.12
TTAA 70121 48698
99007 28830 21002 00088 27439 35507 92776 22000 15003
85510 18410 14502 70157 10424 18508 50588 04356 08506
40760 15760 07014 30971 30150 09016 25099 39764 11021
20247 52559 11025 15426 67756 12030 10662 80750 26511
88999
77999=
TTCC 70121 48698
70865 71167 25012 50066 65571 33023 30380 62172 29026
20633 56775 21517 10093 39390 08560
88880 83548 06509 88306 62173 29029
77094 09569 41214=
TTDD 7012/ 48698
11880 83548 22783 80160 33764 73164 44587 70368 55444
62573 66389 64572 77344 58574 88306 62173 99294 62373
11230 61174 22211 56576 33202 57575 44177 46579 55151
51580 66143 46583 77134 48183 88119 41187 99108 43186
11092 37191 22084 38591 33063 37391 44045 28395 55044
28795
21212 11964 28015 22931 26511 33924 27010 44896 35502
55879 06510 66842 06011 77812 32010 88797 33015 99773
35512 11737 34510 22722 30507 33698 24013 44684 22518
55669 21522 66630 19510 77547 33006 88536 32010 99500
33023 11432 27537 22368 28521 33336 29038 44284 28526
55263 26531 66240 28523 77230 27020 88222 23517 99219
21519 11210 21028 22198 21012 33188 00000 44184 04010
55179 04528 66169 09034 77158 10050 88152 11051 99145
09549 11135 10551 22129 09048 33122 08556 44113 11059
55108 10066 66103 08057 77094 09569 88085 10060 99059
08037 11044 07049=
