sing20170422.12
TTAA 72121 48698
99007 29858 03502 00088 29258 34003 92778 23435 28507
85513 19246 28007 70162 10850 31012 50588 05306 16509
40761 15314 17511 30972 29731 13511 25099 39940 12013
20247 52750 11020 15427 67556 11021 10663 79358 24014
88999
77999=
TTCC 72121 48698
70866 75165 23006 50065 64174 27536 30380 61976 28517
20636 50582 03509 10097 41787 10546
88971 80557 22009
77999=
TTDD 7212/ 48698
11971 80557 22809 81158 33719 74365 44641 78163 55606
71570 66532 67373 77520 63176 88490 64374 99366 63975
11340 58778 22280 62776 33176 45585 44157 49382 55150
45185 66137 47184 77119 42387 88115 43786 99057 35391
11057 35591
21212 11982 23010 22878 27010 33862 20003 44829 10010
55802 10019 66760 17516 77717 19510 88618 34510 99601
34014 11594 33010 22586 28507 33575 25010 44538 27516
55511 27037 66463 26533 77446 24539 88424 25544 99369
25535 11348 28523 22331 26516 33315 29020 44284 29520
55266 28013 66256 25018 77239 25523 88227 28525 99217
29520 11206 33521 22202 36014 33200 02510 44199 06508
55196 12510 66190 17516 77187 18523 88179 12525 99173
11536 11161 09039 22137 07548 33132 09051 44122 09047
55111 07547 66101 10546 77082 08052 88057 07550=
