sing20170416.00
TTAA 66001 48698
99008 26620 30001 00094 25820 31002 92780 22650 32504
85513 18657 05502 70157 10225 21505 50589 04559 08010
40760 15163 09515 30972 29763 07527 25099 39768 10023
20248 52126 09525 15427 67550 09536 10660 80357 08031
88106 83545 08040
77999=
TTCC 66001 48698
70865 76563 31007 50063 64573 28531 30377 57378 22520
20636 55379 28512 10089 43785 09549
88185 56978 24010
77999=
TTDD 6600/ 48698
11982 80957 22921 74961 33861 74164 44755 78361 55595
71768 66566 72767 77540 69971 88522 64374 99403 65973
11317 61376 22285 55379 33243 55778 44229 52380 55185
56978 66166 52780 77156 53979 88144 48982 99135 50781
11125 45983 22095 42385 33085 43185 44066 37788 55057
30193 66051 28994
21212 11969 07523 22906 01512 33887 35008 44860 31012
55832 29517 66794 29522 77771 31010 88744 00000 99608
25510 11559 26014 22545 28014 33519 27525 44477 29532
55415 29036 66371 30034 77334 29020 88317 27518 99305
23017 11279 23510 22272 27012 33268 26512 44260 22514
55243 23010 66235 28010 77229 29513 88215 30018 99201
29014 11188 24510 22185 24010 33173 31003 44170 03010
55164 05515 66159 06018 77146 12535 88141 13038 99131
10547 11120 10040 22115 08543 33104 09057 44079 07541
55069 08531 66057 10047 77051 10043=
