sing20170419.00
TTAA 69001 48698
99008 25617 08501 00095 25425 34503 92783 23650 34008
85519 19457 31504 70164 10656 22006 50589 05518 10505
40761 15548 09510 30972 30150 11008 25099 40356 10515
20247 52538 10022 15426 68150 11028 10660 78957 29505
88111 80550 10014
77999=
TTCC 69001 48698
70864 71569 24510 50062 67372 23527 30380 56180 29040
20638 54982 27513 10092 44188 09568
88617 75965 25511
77089 09089 42014=
TTDD 6900/ 48698
11792 80359 22707 70969 33617 75965 44571 74967 55552
68572 66530 66773 77473 68372 88397 57779 99336 59378
11266 53781 22205 56780 33160 51783 44145 46787 55143
45987 66127 49784 77069 36593 88063 31594
21212 11916 30027 22861 30025 33805 27526 44764 29010
55747 21001 66697 24510 77659 25515 88647 24515 99634
24014 11613 25510 22575 08501 33555 15010 44546 16012
55531 22016 66522 23520 77506 24028 88474 23021 99454
25017 11443 28020 22381 26018 33361 28030 44299 29040
55283 30028 66270 28027 77263 29020 88248 28022 99220
30026 11207 31520 22204 31015 33198 26013 44191 25512
55187 22508 66184 19010 77177 14514 88172 14518 99158
08532 11134 09064 22123 10555 33111 07565 44097 10068
55089 09089 66071 08573 77063 08580=
