sing20170416.12
TTAA 66121 48698
99006 29850 08503 00079 29048 09005 92769 22600 07006
85503 19440 06002 70151 10222 26503 50588 04345 02506
40761 14359 07519 30973 28750 08527 25101 38960 08529
20250 52156 08525 15429 67158 08528 10662 83942 08535
88102 84936 08542
77999=
TTCC 66121 48698
70866 71368 35005 50066 67772 32011 30379 61376 24022
20638 51780 24029 10092 40786 09542
88599 72168 29511
77046 07561=
TTDD 6612/ 48698
11878 76560 22802 78360 33717 75364 44678 66772 55676
66772 66599 72168 77529 71169 88484 65174 99443 67572
11319 61176 22304 61776 33288 57178 44199 51780 55154
54379 66146 49782 77136 50381 88113 45984 99106 40986
11088 38787 22083 40387 33054 32591 44042 35390
21212 11968 08023 22919 03011 33896 01510 44881 33506
55868 29010 66843 27019 77793 26021 88761 25510 99735
30510 11697 33505 22653 31018 33616 31018 44597 29510
55529 35005 66502 32010 77463 30529 88436 31518 99404
29516 11368 30023 22343 25515 33331 25513 44316 23519
55284 24529 66261 27025 77242 26533 88227 27527 99210
27027 11203 24527 22195 24032 33175 23512 44174 24010
55165 02004 66154 10510 77143 12026 88130 08042 99125
08534 11115 06537 22107 09049 33102 09541 44085 07547
55075 10060 66069 10043 77059 09542 88057 09043 99046
07561 11042 08057=
