sing20170407.00
TTAA 57001 48698
99007 25210 02502 00087 24811 34504 92771 22012 26510
85505 19249 26515 70151 09846 27019 50587 05700 24013
40759 15115 33506 30970 29725 12505 25098 40334 09011
20245 53156 10522 15424 68950 10036 10659 77162 02012
88125 77350 10535
77999=
TTCC 57001 48698
70863 76564 08007 50064 66774 29530 30377 57381 27032
20635 54983 26526 10088 44590 08550
88999
77058 08070=
TTDD 5700/ 48698
11802 79361 22724 78962 33619 70771 44597 64376 55596
64376 66543 67772 77466 66174 88445 62577 99444 62577
11382 64975 22340 64576 33298 56781 44265 56182 55244
57581 66166 49787 77151 52984 88131 52186 99116 45589
11102 43990 22087 45390 33077 39392 44059 36593 55055
31394
21212 11959 35021 22930 35023 33901 35516 44850 31514
55805 30015 66782 32015 77724 05516 88706 07510 99659
19005 11645 25510 22630 26010 33617 24012 44595 27525
55538 30045 66479 26527 77454 26021 88413 24531 99343
26535 11279 28027 22253 26026 33234 29030 44210 26026
55192 27519 66185 25019 77177 27013 88172 32010 99170
35509 11168 03011 22159 06514 33151 12520 44143 15514
55139 12516 66132 10024 77128 05519 88119 10046 99114
10059 11098 08548 22089 09060 33064 07054 44058 08070
55055 08564=
