D20170401.00
100.0 105  5
 70.0 305  9
 50.0 295 27
 30.0 265 13
 20.0 245 13
 10.0  95 33
 95.6 220 10
 92.2 200 10
 88.2   0  0
 77.1 225 10
 76.2 210 11
 75.3 200 10
 58.5 125  1
 56.2  45 10
 54.1  50 16
 53.5  40 12
 52.7 340 11
 51.8 315 18
 46.0 280 43
 41.2 285 39
 36.2 240 34
 31.8 225 19
 30.8 230 12
 30.5 245 11
 29.7 275 16
 28.7 280 19
 23.1 220 25
 21.9 215 23
 20.6 220 14
 18.7 280  8
 17.9 310 12
 15.9 350 31
 15.2 355 26
 14.5  30 25
 14.1  70 15
 13.6 130 13
 13.0 155 12
 12.6 140 17
 12.3  95 15
 12.0  80 10
 11.8  55  8
 11.4  80 10
 11.2 115 12
 10.4  85 25
  9.9 100 34
  9.4  95 42
  8.1  65 47
  7.1 105 39
  6.7 110 45
  5.7  85 42
  5.2 100 46
  4.9  80 42
D20170401.12
100.0 120  6
 94.1 180 17
 90.8 190 19
 88.8 180 19
 87.6 175 17
 86.0 135 10
 82.5 100  2
 74.4   0  0
 71.0 325  8
D20170402.00
100.0 290  7
 70.0 335 18
 50.0 275 43
 30.0 270 22
 20.0 315 20
 10.0 110 44
 85.1  15 16
 81.3 330 10
 70.3 335 17
 67.5 360 15
 65.6 355 20
 63.3 355 13
 62.5  10 10
 60.9  10  2
 58.7 280 12
 56.5 265 28
 51.4 280 44
 43.2 255 25
 40.0 245 39
 37.7 230 29
 34.3 240 22
 31.5 270 18
 29.0 270 30
 26.3 255 11
 25.4 305  5
 24.5 350 10
 23.1 345 24
 20.7 320 25
 18.0 330 21
 16.8 320 10
 16.4 280  5
 16.0 240 10
 15.1 200 10
 14.1 200 27
 13.9 190 30
 13.4 185 26
 12.6  65 11
 12.6  55 10
 11.9 105 21
 11.4 110 37
 10.9 100 33
 10.1 110 43
  9.1  90 56
  8.8  85 52
  6.6 100 54
  5.1  80 47
D20170402.12
100.0 315  8
 92.5 125 10
 83.6  60 15
 81.7  55 18
 78.0  45 10
 71.6  50  2
D20170403.00
100.0 310 16
 70.0   5  9
 50.0 235 29
 30.0 285 22
 20.0 295 31
 10.0  95 55
 97.5 305 17
 91.2 345 10
 89.4  15  7
 86.8  30 10
 80.8 355 24
 76.2 325 18
 71.6   5 14
 70.3   5 10
 68.3 310  4
 63.5 190 10
 62.7 200 12
 61.5 250 15
 57.3 270 29
 51.1 235 32
 44.7 235 24
 39.2 280 22
 38.0 280 10
 37.4 305  4
 36.8 320 10
 32.4 295 26
 31.0 300 27
 29.4 285 15
 26.7 315 26
 23.9 300 34
 22.8 285 31
 19.9 295 31
 19.3 290 23
 18.6 255 16
 18.3 235 18
 16.2 195 30
 14.9 155 34
 13.5  60 30
 12.3  25 41
 11.5  65 25
 10.2  95 45
  9.5  85 74
  9.2  80 70
  7.9  95 62
  6.6  80 57
  6.0  95 55
  5.7  95 76
  5.2 105 54
  4.8 100 61
  4.2  85 46
  3.9  90 60
  3.8  80 44
D20170403.12
100.0  35 25
 70.0 195  8
 50.0 275 19
 30.0 255 30
 20.0 265 28
 10.0  85 71
 92.8  50 11
 90.2  75  9
 83.9 105 10
 78.6 220 10
 77.1 230 14
 72.9 185 14
 64.7 205 14
 63.0 180 10
 61.9 210  6
 61.1 260 10
 59.8 285 17
 58.2 275 21
 54.3 270 22
 52.4 245 20
 49.7 280 21
 47.0 265 15
 38.8 325 20
 35.4 305 33
 33.8 290 28
 31.9 250 29
 27.5 275 17
 26.1 300 30
 24.8 315 29
 24.0 305 36
 21.4 270 24
 18.9 270 22
 18.4 250 19
 18.1 235 20
 17.1 215 26
 15.3 110 32
 14.5  50 19
 14.3  40 21
 13.3  15 39
 12.7  35 40
 12.1  70 31
 11.6  75 26
 10.3  90 70
  9.5  85 72
  8.2  90 62
  6.9  75 74
  6.1  95 68
  5.2  95 75
  4.7 105 70
  3.9  80 70
D20170404.00
100.0  20  7
 70.0 285 14
 50.0 310 15
 30.0 285 24
 20.0 235 18
 10.0  80 73
 98.0  30 12
 95.9  55 10
 86.6 165  2
 80.0 215 14
 78.3 215 18
 76.1 225 14
 74.6 210 10
 72.0 260  5
 70.8 280 10
 64.7 285 26
 62.3 280 17
 60.6 255 12
 59.5 270  7
 54.6 215 11
 53.8 210 10
 52.2 255  5
 51.2 295 10
 49.5 315 16
 47.6 305 29
 44.4 310 19
 42.3 315 33
 36.9 265 27
 33.9 265 32
 32.1 240 25
 30.6 270 20
 30.1 285 23
 26.4 280 40
 20.4 230 17
 19.3 250 19
 18.2 240 17
 17.7 205 14
 17.4 185 16
 16.2 135 22
 15.6  80 28
 14.3  25 30
 13.6  25 42
 12.6  75 45
 12.1  90 32
 11.0  95 64
  9.7  85 76
  8.7 100 59
  6.7 100 52
  6.4 100 54
D20170404.12
100.0  60 15
 70.0 275 32
 50.0 320 26
 30.0 290 37
 20.0 280 21
 10.0 100 61
 98.4  70 16
 96.3 115 10
 93.4 155 12
 90.0 145 16
 84.9 200  5
 80.4 195 24
 77.7 205 19
 76.1 230 14
 74.5 265 18
 72.5 280 25
 68.0 280 38
 60.0 295 14
 59.2 285 10
 54.6   0  0
 52.8 330 20
 45.6 305 31
 40.8 295 24
 36.6 255 26
 35.1 260 23
 33.5 300 18
 31.6 300 31
 29.7 285 38
 27.8 265 30
 22.8 285 21
 21.7 275 22
 21.1 250 15
 19.8 280 22
 18.0 255 22
 17.5 250 19
 17.0 250 10
 16.8 315  2
 16.5  25 10
 15.4 355 23
 15.0  15 25
 14.0  95 28
 13.0 135 39
 12.7 145 38
 12.2 120 28
 11.2  80 56
 10.8  75 60
 10.3  90 66
  9.8 105 58
  9.3 100 55
  8.8  75 51
  6.7  85 46
D20170405.00
100.0  40 19
 70.0 250 30
 50.0 315 19
 30.0 275 34
 20.0 295 18
 10.0  85 53
 98.4  40 14
 96.6  10 10
 94.5 295  3
 84.3 295 10
 82.7 300 12
 80.7 270 11
 76.7 275 23
 70.5 250 31
 68.5 240 24
 62.3 340  6
 58.0  30 10
 56.5  35 12
 54.5  10 18
 52.3 360 13
 49.9 315 20
 46.6 290 25
 42.4 295 25
 38.2 250 28
 37.0 235 24
 36.3 245 18
 36.1 250 18
 35.3 280 30
 33.3 290 49
 30.8 285 29
 28.6 260 39
 27.0 260 29
 23.0 305 29
 21.7 295 22
 21.1 270 15
 19.8 300 18
 18.4 250 12
 18.2 235 10
 18.0 195  8
 17.8 150 10
 17.5 130 18
 17.2 120 23
 16.4 120 10
 15.9  65  6
 15.6  30 10
 14.3  65 27
 13.7  90 21
 13.3 125 23
 12.9 130 30
 12.1  90 39
 10.4  75 58
  9.7  95 48
  8.9  75 49
  6.9  90 51
  6.6  95 44
  6.2  85 36
  5.4  75 48
  4.8  95 58
  4.4 105 47
D20170405.12
100.0  55 11
 70.0 235 11
 50.0 280 21
 30.0 280 31
 20.0 250 19
 10.0  95 44
 92.5 225 10
 85.4 220 16
 81.7 260 19
 73.9 250 27
 71.2 255 19
 69.7 230 10
 68.4   0  0
 67.4  30 10
 66.5  25 13
 65.3  10 10
 63.1  10  8
 62.0 360 10
 58.0 320 13
 56.4 335 10
 53.6 300 17
 51.0 290 12
 49.7 280 23
 46.6 305 32
 41.0 310 22
 37.3 285 30
 34.1 295 47
 30.2 275 30
 28.0 270 36
 25.1 285 33
 23.2 280 26
 21.8 245 21
 18.9 245 23
 18.5 255 24
 17.8 260 15
 17.2 340  5
 16.9 360 10
 16.6 335 14
 16.1 350 21
 16.0 360 21
 14.4 140 15
 13.4 180 29
 12.9 175 23
 12.7 155 16
 12.6 125 14
 12.3  65 16
 12.1  55 18
 10.9  80 56
 10.3  95 49
  8.9  70 41
  6.5  95 44
  6.0  80 45
  5.0  80 63
  4.9  85 61
D20170406.00
100.0  10  6
 70.0 335 17
 50.0 290 36
 30.0 270 39
 20.0 295 22
 10.0  80 42
 95.6 340 13
 92.7 360 17
 90.7 350 13
 87.8 325 11
 85.7 295 19
 81.2 280 33
 78.9 285 36
 74.4 285 27
 72.6 315 14
 71.9 330 14
 68.4 335 17
 63.8  70 11
 63.3  70 10
 61.7 100  1
 55.5 205  3
 54.1 255 10
 50.5 290 36
 42.0 270 26
 40.7 280 16
 36.8 290 34
 35.4 290 33
 32.3 245 37
 27.7 285 44
 23.7 265 33
 21.0 305 22
 19.1 285 20
 17.3 295 17
 16.1   5 13
 15.6 350 16
 15.3   5 14
 14.9  90 10
 14.8 120 10
 14.6 145 11
 14.3 150 11
 14.0 180 11
 11.9  45 28
 11.6  35 29
 11.4  45 30
 11.0  70 40
 10.4  85 57
  9.9  75 42
  9.5  70 49
  8.6  90 56
  8.2 100 54
  6.3  90 53
D20170406.12
100.0 300 15
 70.0  15 20
 93.9 305 15
 88.7 350 12
 84.7 295 12
 78.4 270 12
 75.6 345 12
 69.7  20 20
 64.7  80 12
 63.0 115  6
D20170407.00
100.0  20 12
 70.0  80  7
 50.0 295 30
 30.0 270 32
 20.0 265 26
 10.0  85 50
 95.9 350 21
 93.0 350 23
 90.1 355 16
 85.0 315 14
 80.5 300 15
 78.2 320 15
 72.4  55 16
 70.6  75 10
 65.9 190  5
 64.5 255 10
 63.0 260 10
 61.7 240 12
 59.5 275 25
 53.8 300 45
 47.9 265 27
 45.4 260 21
 41.3 245 31
 34.3 265 35
 27.9 280 27
 25.3 260 26
 23.4 290 30
 21.0 260 26
 19.2 275 19
 18.5 250 19
 17.7 270 13
 17.2 320 10
 17.0 355  9
 16.8  30 11
 15.9  65 14
 15.1 125 20
 14.3 155 14
 13.9 125 16
 13.2 100 24
 12.8  55 19
 11.9 100 46
 11.4 100 59
  9.8  85 48
  8.9  90 60
  6.4  70 54
  5.8  80 70
  5.5  85 64
D20170407.12
100.0  15 12
 70.0 105  8
 50.0 285 25
 30.0 275 28
 20.0 260 20
 10.0  95 53
 93.4  25 17
 89.4  80 11
 85.7 165 10
 80.7 220 11
 78.9 230 10
 75.6 110  1
 73.1  95 10
 72.0  85 14
 70.8  90 11
 68.5 190  1
 63.0 260 10
 60.6 285 21
 58.4 280 17
 56.4 250 14
 54.0 285 17
 51.5 285 27
 49.3 285 23
 47.9 270 20
 45.6 250 25
 41.0 255 33
 37.1 290 34
 34.6 280 39
 33.4 275 38
 29.0 280 26
 26.8 265 26
 23.9 285 24
 21.8 240 21
 20.7 240 24
 20.0 260 20
 18.1 215 14
 17.2 215 10
 16.5 170  3
 16.2 110 10
 15.4 130 25
 14.9 145 23
 14.1  90 27
 13.7  75 28
 13.3  55 25
 13.1  65 25
 12.5 100 45
 11.5 115 59
 11.1 110 67
 10.2  90 54
  9.7 100 52
  8.8  95 67
  8.0  75 59
  7.2  80 52
  6.1  80 64
D20170408.00
100.0  95 24
 70.0 245 19
 50.0 260 14
 30.0 260 27
 20.0 235  6
 10.0  80 65
 97.7  70 27
 95.1  70 30
 85.3  55 13
 83.3  35 15
 81.9  40 10
 80.9 340  2
 79.8 255 10
 74.2 250 26
 66.1 240 14
 60.7   0  0
 53.1 270 10
 51.3 265 19
 50.1 265 15
 48.4 235 13
 45.1 235 19
 41.2 280 21
 25.2 255 34
 21.1 245 27
 19.8 220  3
 17.7 135 11
 17.6 135 10
 17.1   0  0
 16.6   5 10
 15.9  20 11
 15.4  85 11
 15.1 105 13
 13.7  65 29
 12.8 105 44
 12.2 110 54
 11.3 105 56
 10.8  75 62
  9.2  80 71
  7.0  80 51
  5.7 100 71
  5.7 100 71
D20170408.12
100.0  80 22
 70.0 270 17
 50.0 215 17
 30.0 260 37
 20.0 335 14
 10.0  80 57
 92.9 135 11
 89.9 175 10
 77.8 325  2
 73.8 240 11
 70.1 270 17
 67.1 275 10
 64.7 345  1
 62.1  95 10
 61.1  95 10
 58.7 160 16
 54.6 215 19
 52.0 215 21
 46.2 240 11
 44.0  50  1
 43.0 300 10
 40.0 305 33
 33.2 265 38
 31.5 255 37
 26.4 265 30
 23.0 250 19
 21.7 255 17
 20.4 325 12
 20.2 335 12
 19.1 325 23
 18.4 335 13
 18.0  45  2
 16.7  50 12
 16.0 105 13
 15.5 125 18
 14.4  60 26
 12.6  95 43
 11.6 100 57
 11.4  90 60
 10.9  70 61
  9.1  90 68
  7.3  85 53
  5.9 105 58
D20170409.00
100.0 130 14
 70.0 290  2
 50.0 230 13
 30.0 265 32
 20.0 330 24
 10.0  80 58
 92.1 100 22
 89.3 120 10
 85.3  80  4
 78.6  30 14
 76.5  60 10
 68.0  45  1
 66.2 145 13
 63.4 125 19
 62.7 120 20
 61.7 130 17
 60.3 190 14
 58.6 225 22
 55.7 215 24
 54.4 220 22
 52.4 255 16
 49.3 220 10
 47.9 280  3
 46.6 320 10
 40.0 280 35
 37.9 265 33
 33.9 265 24
 28.7 270 33
 24.9 265 19
 23.9 275 11
 23.5 295 11
 23.2 310 11
 22.0 335 18
 20.6 335 27
 19.0 330 22
 18.1 360 14
 17.3 345 10
 16.5 290  1
 15.6  95 12
 14.8  90 18
 14.5 115 32
 13.9 125 45
 12.5 120 39
 11.9  85 56
 11.7  75 56
 11.3  65 59
 10.7  85 57
  9.3  80 66
  8.7  75 59
  6.4 110 51
  5.5 100 67
  5.2  95 61
D20170409.12
100.0 190 13
 70.0 300  3
 50.0 295  7
 30.0 300 33
 20.0 265 17
 10.0  95 55
 95.7 205 16
 94.0 195 12
 90.6 140 14
 86.2 135 12
 81.0  65 11
 79.5  70 13
 68.8 360  2
 65.7  95 14
 63.9  85 24
 62.7  85 15
 62.3  90 10
 61.8 135  5
 60.9 200 10
 59.8 220 16
 56.7 245 15
 53.9 235 19
 51.3 250 11
 48.7 345  4
 47.5 355 10
 45.9 330 25
 44.0 320 25
 39.5 265 41
 37.3 270 41
 32.8 295 28
 27.7 285 24
 25.7 305 27
 22.2 270 21
 19.3 265 18
 18.1 210 13
 17.6 220 18
 17.3 205 13
 17.0 170 13
 16.4 175 20
 16.1 155 15
 15.8 100 10
 15.7  80 11
 13.5 130 29
 12.8 100 28
 12.3  75 48
 11.6  65 49
 10.9  95 61
  9.2  95 62
  7.5  85 51
  6.7 105 47
  5.4  75 57
  4.8  85 67
D20170410.00
100.0  65  9
 70.0 105  8
 50.0 325 28
 30.0 250 28
 20.0 315 18
 10.0  95 46
 88.7 100 16
 87.5 100 10
 82.3  35 14
 80.8  35 17
 79.1  50 20
 76.9  95 10
 75.9 135  6
 75.0 175 10
 72.0 165 10
 69.3  80 12
 67.1  70 19
 66.1  80 15
 65.6  85 10
 64.8 165  3
 63.5 250 10
 58.6 275 32
 55.7 275 24
 51.8 315 22
 51.2 320 24
 47.2 320 34
 45.3 315 25
 44.4 290 20
 43.7 270 23
 40.8 255 42
 35.1 275 29
 31.2 265 30
 28.6 235 26
 27.6 245 21
 26.7 235 19
 25.7 250 14
 23.9 250 17
 22.6 295 14
 21.3 315 16
 20.6 310 25
 19.6 310 12
 19.3 270  5
 18.2 170 10
 16.9 135 10
 16.0 170 16
 15.7 165 14
 15.0  70 15
 14.8  60 16
 14.1 115 22
 13.7 120 19
 13.0  80 34
 11.9  65 49
 11.0  75 51
 10.5 100 47
  9.9  95 45
  8.2  80 62
  7.9  90 67
  7.1  95 52
  6.3  80 47
  5.4 100 60
  4.4  95 59
D20170410.12
100.0  70 16
 70.0  85 16
 50.0 335 22
 30.0 255 25
 20.0 285 23
 10.0  85 52
 98.8  80 12
 97.3 130  6
 95.1 180 10
 93.7 190 13
 91.6 180 10
 85.3 110 10
 82.6  55 11
 80.2  55 15
 77.5 105 14
 74.1 115 19
 71.3 110 16
 67.6  55 13
 67.3  50 10
 66.8 355  5
 66.0 305 10
 64.1 280 18
 61.8 280 29
 54.3 305 22
 51.8 335 24
 49.0 335 17
 48.3 320 14
 47.9 305 12
 47.1 275 19
 43.7 260 45
 39.5 280 28
 37.1 295 30
 31.0 255 21
 29.3 250 23
 26.3 290 28
 23.3 295 26
 22.0 280 21
 19.9 280 23
 19.3 265 17
 18.9 240 15
 18.6 220 16
 17.7 205 24
 16.8 175 13
 16.0 200 10
 15.4 295  1
 15.2  15 10
 14.5  90 10
 14.1 100 15
 13.4  65 30
 12.8  60 37
 11.7  75 53
 11.0 100 52
  9.4  80 62
  8.5  85 71
  7.9 105 57
  6.9  90 43
  5.4 105 54
  4.6  90 62
  4.2  85 53
D20170411.00
100.0  60 20
 70.0 285  9
 50.0 265 21
 30.0 245 31
 20.0 260 26
 10.0  80 42
 97.0  45 12
 92.0  85  5
 88.4  65 10
 86.0  45 16
 80.0  40 24
 78.3  45 22
 76.0  85 16
 72.8  75 16
 72.1  65 10
 71.3 350  4
 69.8 285 10
 67.4 275 22
 62.4 300 30
 57.4 325 25
 53.6 315 18
 52.9 310 16
 50.3 265 20
 47.7 250 27
 44.7 250 40
 41.5 240 28
 39.2 270 27
 37.7 270 22
 30.5 245 32
 27.4 265 35
 22.6 245 28
 21.8 255 31
 19.0 255 24
 17.9 235 13
 17.8 230 10
 17.5 135  1
 17.2  55 10
 16.8  45 23
 15.8  35 19
 14.5  80 25
 13.7  55 37
 11.5 100 65
 10.9 105 61
  9.9  80 41
  8.9  75 58
  8.4  90 68
  7.2  80 45
  5.9 105 55
  5.0 100 54
D20170411.12
100.0  90 40
 70.0 285 28
 50.0 255 30
 30.0 275 27
 20.0 240 15
 10.0  80 57
 95.9 105 35
 88.2 100  7
 85.3  95 10
 81.5 110 15
 79.0 140 24
 76.5 130 10
 75.5 185  2
 73.8 270 10
 72.2 290 18
 69.2 285 29
 67.5 290 30
 57.0 330 15
 55.6 320 12
 54.3 310 15
 52.2 260 19
 48.3 250 32
 46.2 265 37
 40.5 290 31
 36.4 290 29
 31.9 255 25
 27.0 280 29
 23.2 255 29
 20.0 240 16
 18.3 260 16
 17.5 260 11
 16.2  60  2
 15.7  55 10
 15.3 105 18
 14.8 120 26
 13.9  75 20
 13.1 100 37
 12.2 105 58
 11.7 110 52
 11.0  90 40
 10.4  75 52
  9.5  75 64
  8.7 100 68
  8.2 105 63
  7.5  85 53
  7.0  95 54
D20170412.00
100.0  80 38
 93.6  95 26
 90.4  75 15
 86.2  70 17
 84.5  95 14
 82.6  85 15
 81.4 125 19
 79.5 150  9
D20170412.12
100.0  95 45
 70.0 265 14
 50.0 250 30
 30.0 270 20
 20.0 310 23
 95.3 120 32
 91.1 120 22
 89.1 100 15
 85.6 130 10
 84.6 150  8
 82.4 190 13
 79.8 265 17
 75.8 295 17
 71.3 300 18
 69.6 255 17
 68.0 250 24
 65.6 245 18
 61.8 210  5
 58.1 215 11
 57.3 255 19
 56.0 280 26
 53.0 245 31
 45.5 270 34
 41.1 290 27
 36.9 275 27
 33.5 240 29
 32.0 235 24
 28.9 280 18
 26.6 285 21
 24.9 275 27
 23.5 245 22
 22.9 245 17
 20.2 310 23
 19.0 295 17
D20170413.00
100.0  85 45
 70.0 260 14
 50.0 260 22
 30.0 295 23
 20.0 320 16
 10.0  80 59
 93.3 100 30
 89.8  75 23
 87.3  90 14
 86.4  85 10
 85.0 360  2
 83.7 275 10
 81.6 250 18
 79.4 245 25
 73.5 265 28
 70.2 260 15
 68.2 230 14
 64.0 210 12
 59.9 210 27
 56.1 225 19
 54.2 250 15
 52.3 265 26
 50.5 255 21
 42.5 285 25
 41.2 285 26
 38.3 240 29
 34.4 250 33
 33.3 260 36
 30.3 290 20
 29.3 285 32
 26.3 280 31
 23.7 250 20
 21.8 265 19
 21.0 305 18
 19.1 320 10
 18.0 305  3
 17.1  40 10
 16.6  45 11
 16.1  90 21
 15.6 105 20
 14.8  75 32
 13.5  95 43
 12.7  85 66
 11.4  60 70
 10.6  80 54
  7.7  80 68
  7.0  95 47
  5.3 100 65
D20170413.12
100.0  80 42
 70.0 235 27
 94.1  90 24
 88.2 175  7
 84.7 255 12
 83.1 265 18
 77.1 255 42
 65.3 230 23
D20170414.00
100.0  75 41
 70.0 260 24
 50.0 275 22
 30.0 305 31
 20.0 240 16
 10.0  85 54
 94.2  90 14
 93.5  90 10
 92.1   5  2
 90.7 280 10
 86.7 265 26
 84.4 255 28
 79.1 275 29
 75.9 255 32
 73.3 250 31
 64.4 270 11
 63.2 295 16
 59.4 280 17
 57.4 290 16
 55.8 265 13
 52.9 255 21
 45.7 315 19
 40.8 285 23
 39.2 250 26
 38.1 245 28
 33.4 270 21
 31.2 310 21
 29.3 300 33
 21.1 265 25
 18.6 200 14
 18.1 195 13
 17.8 160  9
 17.7 140 10
 16.3 140 22
 14.8  80 35
 13.7  90 38
 12.4  75 60
 11.9  85 64
 11.3 100 56
 10.1  85 54
  8.7  80 60
  8.3  95 64
  7.9 100 57
  7.1  85 49
  5.3  90 54
D20170414.12
100.0 105 33
 70.0 275  3
 96.7 110 20
 95.3 120 10
 93.8 180  4
 91.0 235 10
 84.3 275 28
 80.0 265 28
 73.0 285 27
 69.4 220  2
 53.8 290 26
D20170415.00
100.0  80 31
 70.0 340  3
 50.0 285 17
 30.0 270 21
 20.0 285  8
 10.0  75 50
 96.2  80 32
 92.4  85 12
 90.2  10  3
 87.8 280 10
 82.6 295 20
 78.9 315 18
 76.9 345 19
 74.9 350 14
 70.5 285  2
 60.2 280 14
 54.7 280 29
 52.4 275 19
 50.7 290 15
 47.7 265 10
 43.4 290 24
 40.6 285 41
 37.1 300 26
 36.3 305 33
 33.4 295 36
 30.9 285 26
 29.8 265 20
 28.4 250 21
 26.6 255 22
 25.2 235 18
 23.3 225 17
 22.9 235 14
 21.4 280 21
 20.1 285 10
 19.4 210  1
 16.5  40  8
 15.5  50 32
 14.8  55 35
 14.2  80 38
 12.4  85 58
 11.5 105 48
 10.4  75 42
  7.9  85 48
  7.4  80 62
  5.9  80 53
D20170415.12
100.0  85 36
 70.0 300  7
 50.0 280 10
 30.0 280 15
 20.0 240 21
 10.0  85 56
 92.9 100 10
 91.3   0  0
 89.4 285 10
 87.4 295 16
 81.2 250 11
 78.1 275 10
 76.4 325  4
 71.9 280 10
 67.1 350 10
 64.6 315 12
 59.2 310 22
 56.8 285 17
 54.1 295 18
 52.0 290  9
 50.1 280 10
 38.2 290 40
 33.9 320 31
 31.7 315 28
 30.0 280 15
 29.7 275 15
 28.3 260 18
 26.6 280 22
 25.4 240 15
 24.7 250 16
 24.1 230 17
 21.9 240 13
 20.7 260 20
 18.7 205 20
 17.7 195 10
 17.2 265  2
 16.4  30 10
 15.8  20 23
 15.0  65 32
 12.5  95 54
 11.5  90 41
 10.7  70 49
  9.4 100 45
  8.7 100 57
  8.0 100 49
  7.3 100 67
  6.0  85 53
  5.0  85 62
D20170416.00
100.0  80 31
 70.0 310  7
 50.0 285 31
 30.0 225 20
 20.0 285 12
 10.0  95 49
 96.9  75 23
 90.6  15 12
 88.7 350  8
 86.0 310 12
 83.2 295 17
 79.4 295 22
 77.1 310 10
 74.4   0  0
 60.8 255 10
 55.9 260 14
 54.5 280 14
 51.9 275 25
 47.7 295 32
 41.5 290 36
 37.1 300 34
 33.4 290 20
 31.7 275 18
 30.5 230 17
 27.9 235 10
 27.2 270 12
 26.8 265 12
 26.0 225 14
 24.3 230 10
 23.5 280 10
 22.9 295 13
 21.5 300 18
 20.1 290 14
 18.8 245 10
 18.5 240 10
 17.3 310  3
 17.0  30 10
 16.4  55 15
 15.9  60 18
 14.6 125 35
 14.1 130 38
 13.1 105 47
 12.0 100 40
 11.5  85 43
 10.4  90 57
  7.9  75 41
  6.9  85 31
  5.7 100 47
  5.1 100 43
D20170416.12
100.0  85 35
 70.0 350  5
 50.0 320 11
 30.0 240 22
 20.0 240 29
 10.0  95 42
 96.8  80 23
 91.9  30 11
 89.6  15 10
 88.1 335  6
 86.8 290 10
 84.3 270 19
 79.3 260 21
 76.1 255 10
 73.5 305 10
 69.7 335  5
 65.3 310 18
 61.6 310 18
 59.7 295 10
 52.9 350  5
 50.2 320 10
 46.3 305 29
 43.6 315 18
 40.4 295 16
 36.8 300 23
 34.3 255 15
 33.1 255 13
 31.6 235 19
 28.4 245 29
 26.1 270 25
 24.2 265 33
 22.7 275 27
 21.0 270 27
 20.3 245 27
 19.5 240 32
 17.5 235 12
 17.4 240 10
 16.5  20  4
 15.4 105 10
 14.3 120 26
 13.0  80 42
 12.5  85 34
 11.5  65 37
 10.7  90 49
 10.2  95 41
  8.5  75 47
  7.5 100 60
  6.9 100 43
  5.9  95 42
  5.7  90 43
  4.6  75 61
  4.2  80 57
D20170417.00
100.0  80 14
 70.0  60  9
 50.0 295 17
 30.0 260 22
 20.0 260 21
 10.0 100 42
 97.9  75 10
 93.5 330  4
 88.8 290 10
 85.9 290 17
 79.9 255 27
 76.9 270 19
 74.2 260 10
 72.4   0  0
 69.4  50 10
 67.9  15 12
 66.8  10 13
 64.8  20 10
 58.1 295 10
 56.2 325 10
 53.3 315  4
 51.4 280 10
 48.3 300 24
 46.3 285 21
 45.1 255 18
 37.6 275 32
 35.8 245 24
 34.7 240 25
 33.2 255 19
 31.9 270 23
 26.4 260 29
 22.6 295 25
 21.5 280 26
 20.8 285 21
 19.8 255 18
 18.8 285 14
 18.0 245 10
 17.3 325  3
 16.6 100 10
 15.7 110 19
 15.2 135 20
 14.2  90 30
 13.4 105 42
 12.7 105 42
 12.1  80 35
 10.8  95 56
 10.2 100 44
  9.7  85 39
  9.0  75 56
  7.9  95 45
  7.1  85 36
  5.9 100 54
  4.4  90 65
  4.4  90 63
D20170417.12
100.0  95 13
 70.0  60 10
 50.0 295 18
 30.0 265 28
 20.0 250 20
 10.0  80 49
 96.4 110  5
 86.3 255 11
 80.9 255 19
 79.8 260 18
 74.7 315  1
 72.0  40 10
 69.9  65 10
 62.6 310  6
 61.4 290 10
 59.4 310 23
 56.8 310 30
 51.8 295 14
 48.4 285 24
 46.0 250 27
 44.3 255 31
 38.7 275 31
 36.0 255 21
 35.6 245 21
 35.1 235 23
 30.7 265 29
 26.7 275 25
 24.2 270 37
 20.4 245 24
 19.5 280 17
 18.8 280 16
 17.6 315 17
 17.0 350 17
 16.3   5 17
 16.0  50 12
 15.9  75 13
 15.3 115 24
 13.7  90 48
 12.5  85 47
 11.4 100 62
 10.4  85 45
  9.9  75 50
  8.4 100 66
  7.1  80 42
  6.1  80 63
  4.8  90 57
  4.4  95 71
  4.4  95 71
D20170418.00
100.0  50 13
 70.0 325 13
 50.0 285 28
 30.0 240 29
 20.0 335 22
 10.0  90 56
 98.3  50 10
 96.5 330  1
 94.5 255 10
 89.9 225 19
 86.2 225 13
 79.3 340 11
 78.8 350 10
 76.1   0  0
 72.7 305 10
 71.5 325 12
 69.2 325 13
 66.9 285 13
 62.6 275 18
 59.1 290 18
 54.3 280  4
 53.0 265 10
 51.2 285 26
 47.1 265 27
 44.4 225 33
 40.4 255 24
 37.9 255 16
 36.7 235 14
 34.4 240 32
 31.3 230 33
 29.6 240 27
 27.8 280 31
 25.8 285 35
 22.7 280 24
 20.7 305 18
 20.5 310 17
 20.0 335 22
 19.1 335 22
 18.4  10 20
 17.8  70 20
 16.6 110 22
 16.2 110 22
 14.4  70 33
 13.8  65 35
 13.3  95 37
 11.4 115 54
 10.4  85 53
  9.0 100 70
  7.8  85 58
  6.9  90 70
  6.0  95 64
D20170418.12
100.0  50 20
 70.0 315 13
 50.0 270 23
 30.0 290 28
 20.0 245 10
 10.0  95 57
 93.6 335 17
 85.0 280 18
 82.3 290 11
 81.5 280 10
 80.5 265 11
 76.8 255 21
 73.8 255 10
 68.3 325 14
 67.6 325 10
 66.3 295  3
 65.2 250 10
 64.2 250 17
 61.4 245 15
 59.0 220 16
 58.0 225 16
 55.4 275 13
 54.0 265 11
 52.5 260 14
 50.3 270 22
 46.1 235 28
 44.5 220 24
 42.0 260 24
 38.7 275 18
 37.5 260 15
 36.1 230 21
 35.1 230 20
 29.5 305 27
 27.7 300 43
 24.9 290 23
 21.9 245 17
 20.6 255 13
 20.1 245 10
 19.3 300 10
 19.0 305 11
 18.8 295 10
 17.8 190  1
 17.4 150 10
 16.5 145 32
 15.3 105 30
 15.0  95 37
 14.2  90 50
 13.2  85 46
 11.7 105 54
 10.7  80 53
  9.8  95 57
  8.9  90 82
  7.2  90 65
  5.8  85 75
D20170419.00
100.0 295  5
 70.0 245 10
 50.0 235 27
 30.0 290 40
 20.0 275 13
 10.0  95 68
 91.6 300 27
 86.1 300 25
 80.5 275 26
 76.4 290 10
 74.7 210  1
 69.7 245 10
 65.9 255 15
 64.7 245 15
 63.4 240 14
 61.3 255 10
 57.5  85  1
 55.5 150 10
 54.6 160 12
 53.1 220 16
 52.2 235 20
 50.6 240 28
 47.4 230 21
 45.4 250 17
 44.3 280 20
 38.1 260 18
 36.1 280 30
 29.9 290 40
 28.3 300 28
 27.0 280 27
 26.3 290 20
 24.8 280 22
 22.0 300 26
 20.7 315 20
 20.4 310 15
 19.8 260 13
 19.1 255 12
 18.7 225  8
 18.4 190 10
 17.7 145 14
 17.2 145 18
 15.8  85 32
 13.4  90 64
 12.3 105 55
 11.1  75 65
  9.7 100 68
  8.9  90 89
  7.1  85 73
  6.3  85 80
D20170419.12
100.0 315  5
 70.0 280 12
 50.0 305  8
 30.0 285 33
 20.0 230 15
 10.0  90 74
 97.4 270 12
 93.9 285 19
 91.5 300 16
 83.0  90  1
 71.9 300 10
 65.5 235 16
 63.8 225 20
 60.4 235 13
 58.5 210 15
 55.0 275 12
 51.1 285 11
 49.7 320  8
 49.2 335 10
 46.8 320 25
 43.0 280 20
 38.8 265 32
 32.7 285 38
 31.1 295 29
 26.1 265 23
 23.3 290 26
 21.1 275 19
 20.5 260 11
 19.7 215 15
 18.8 235 13
 18.6 225 11
 18.0 165 10
 17.8 140 13
 17.0 115 33
 16.7 110 31
 16.0  70 30
 15.5  70 34
 14.4 105 52
 12.5  95 58
 11.6  80 59
 10.5  90 66
  9.4  80 79
  4.3  85 77
D20170420.00
100.0 255 29
 70.0 310  8
 50.0 300 14
 30.0 280 26
 20.0 165 14
 10.0  95 61
 96.4 260 24
 89.3 305 10
 86.8 310 11
 82.9 280 14
 79.3 285 21
 73.4 290  1
 67.5 265 11
 66.2 275 10
 60.0 215 10
 52.8 265  3
 49.9 300 15
 46.8 310 12
 43.7 285 37
 42.0 290 42
 36.5 285 28
 34.3 265 31
 30.0 280 26
 27.5 260 21
 23.5 295 10
 22.8 235  3
 22.2 190 10
 21.5 190 15
 20.8 195 11
 17.8  65 10
 16.9  65 25
 15.4  95 57
 14.9  85 50
 13.6 100 60
 12.1  70 59
 10.9 100 63
 10.2  90 58
  9.5  85 65
  9.0  95 80
  8.0  95 64
  6.7  85 57
  6.5  80 61
D20170420.12
100.0 265 11
 70.0 250 12
 50.0 330 23
 30.0 290 26
 20.0 215 17
 10.0  85 60
 96.4 280 15
 93.1 265 11
 92.4 270 10
 89.6 355  2
 87.9  65 10
 84.2  60 11
 81.2 320 10
 79.7 330 15
 77.3 355 12
 73.7 345 10
 72.2 305  7
 69.8 240 13
 68.4 225 18
 66.9 215 22
 63.0 195 10
 54.7 330  6
 53.6 320 10
 50.0 330 23
 43.2 275 37
 36.8 285 21
 33.6 290 38
 28.4 285 26
 26.3 265 31
 24.0 285 23
 23.0 270 20
 22.2 235 17
 21.9 215 19
 21.0 210 28
 19.8 210 12
 18.8   0  0
 18.4  40 10
 17.9  45 28
 16.9  90 34
 15.8 100 50
 15.2 110 51
 14.5  95 49
 13.5 105 51
 12.9  90 48
 12.2  85 56
 11.3 110 59
 10.8 100 66
 10.3  80 57
  9.4  95 69
  8.5 100 60
  5.9  80 37
  4.4  70 49
D20170421.00
100.0 200  1
 70.0 250 15
 50.0 250 24
 30.0 270 20
 20.0 335 10
 10.0  90 52
 95.9 200 12
 90.7 185 25
 86.9 195 12
 85.1 235  5
 79.1  85  4
 77.0 135 10
 75.0 170 17
 72.8 170 13
 70.9 235 12
 66.1 270 16
 63.6 320 20
 62.3 330 23
 61.0 340 21
 58.4 325 15
 57.3 300 11
 56.8 290 13
 55.0 290 29
 51.7 265 19
 50.1 250 23
 46.3 270 32
 44.1 285 24
 40.7 255 22
 37.8 255 22
 34.7 250 39
 31.2 255 28
 29.0 290 21
 26.1 320 22
 24.8 315 15
 23.8 280 12
 23.1 240 17
 22.4 235 22
 21.6 255 12
 21.2 280  9
 20.9 305 12
 20.4 305 11
 19.7 355 12
 18.9 350 19
 17.9  35 18
 16.9  75 30
 15.9  90 45
 15.1  80 56
 12.9  80 52
 12.0 100 51
 11.0  75 49
  8.8 105 49
  7.2  90 41
  5.3 105 38
D20170421.12
100.0 235 23
 70.0 270 18
 50.0 255 20
 30.0 300 28
 20.0 315 16
 10.0 100 52
 94.5 235 16
 91.8 205 16
 86.9 220 10
 83.4 290 14
 81.6 305 11
 81.1 315 10
 72.9 205  2
 71.0 270 13
 67.4 285 20
 60.6 340 10
 56.7 345  1
 55.2 300 10
 52.9 320 13
 50.5 260 15
 49.1 250 25
 47.6 245 24
 42.2 280 20
 39.8 260 27
 36.3 250 38
 31.0 280 29
 29.7 305 27
 27.6 285 24
 26.0 295 19
 25.4 270 15
 25.1 255 17
 22.1 240 26
 21.3 240 14
 20.5 295 13
 20.0 315 16
 19.4 295 13
 19.0 315  8
 18.8 325 11
 18.1 340 15
 17.5  40 13
 16.8  75 21
 15.7 115 24
 15.3 115 27
 14.9  85 32
 14.3  95 39
 12.9  90 47
 12.5 105 42
 11.1  70 46
  9.6 100 56
  8.4  95 49
  7.4  70 44
  6.2  90 38
  5.8  85 37
  4.6  90 50
D20170422.00
100.0 260 12
 70.0 265 21
 50.0 245 31
 30.0 305 25
 20.0 340 24
 10.0 100 53
 97.4 275 10
 90.0 230  3
 84.6  80 10
 83.7  75 14
 79.5 155 16
 77.7 160 13
 76.2 215 12
 73.0 255 15
 70.5 265 20
 66.3 270 23
 62.2 225  3
 59.3 210 10
 53.8 265 11
 52.4 265 12
 51.0 240 23
 49.7 250 34
 45.2 265 32
 43.4 240 36
 40.3 235 42
 34.2 245 25
 32.2 285 17
 29.5 315 30
 28.1 315 34
 26.4 320 24
 24.6 310 16
 23.8 265 20
 21.6 265 21
 21.1 275 14
 21.0 285 13
 20.3 330 22
 19.8 345 24
 19.5   5 19
 19.3  20 13
 19.2  65 11
 19.1  90 12
 18.9 115 17
 16.7 115 47
 14.5  85 40
 12.6 105 53
 11.3  85 56
 10.8  75 48
 10.1 100 49
  8.4  70 48
  7.0  95 38
D20170422.12
100.0 240 14
 70.0 230  6
 50.0 275 36
 30.0 285 17
 20.0  35  9
 10.0 105 46
 98.2 230 10
 87.8 270 10
 86.2 200  3
 82.9 100 10
 80.2 100 19
 76.0 175 16
 71.7 195 10
 61.8 345 10
 60.1 340 14
 59.4 330 10
 58.6 285  7
 57.5 250 10
 53.8 275 16
 51.1 270 37
 46.3 265 33
 44.6 245 39
 42.4 255 44
 36.9 255 35
 34.8 285 23
 33.1 265 16
 31.5 290 20
 28.4 295 20
 26.6 280 13
 25.6 250 18
 23.9 255 23
 22.7 285 25
 21.7 295 20
 20.6 335 21
 20.2 360 14
 20.0  25 10
 19.9  65  8
 19.6 125 10
 19.0 175 16
 18.7 185 23
 17.9 125 25
 17.3 115 36
 16.1  90 39
 13.7  75 48
 13.2  90 51
 12.2  90 47
 11.1  75 47
 10.1 105 46
  8.2  80 52
  5.7  75 50
D20170423.00
100.0 260  9
 70.0 305 19
 50.0 245 23
 30.0 305 30
 20.0 360  8
 10.0  90 50
 85.5 200  4
 83.2 210 12
 80.9 220 21
 73.0 290 18
 68.7 305 17
 66.7 340 10
 62.8 350 12
 61.7 295  6
 60.4 240 10
 57.3 220 15
 55.7 230 20
 54.4 225 27
 53.1 240 29
 46.5 235 31
 43.5 265 36
 39.8 275 37
 37.7 250 34
 33.1 280 20
 31.5 300 28
 28.7 315 25
 26.9 270 23
 24.5 285 26
 23.0 270 26
 21.2 270 13
 20.3 310 10
 19.1 115  7
 18.9 150 10
 18.2 150 24
 16.3  75 37
 15.6  75 47
 14.6  70 44
 13.4  95 55
 12.3  95 62
 11.2  75 59
  9.9  90 50
  8.6  85 65
  7.1  95 51
  5.8 100 62
D20170423.12
100.0 205 13
 70.0 335 13
 50.0 260 31
 30.0 315 37
 20.0 155 26
 10.0  85 53
 93.7 205 11
 90.4 220 22
 86.1 210 35
 82.3 200 16
 80.7 215 12
 79.7 245  9
 78.8 275 10
 75.2 290 13
 69.3 345 12
 66.3  35 10
 61.6 310  3
 60.3 225 10
 58.6 215 14
 56.3 265 15
 53.0 270 34
 49.4 260 33
 42.2 290 45
 37.1 270 31
 36.3 275 28
 32.7 310 38
 29.8 315 37
 28.1 315 21
 27.5 280 14
 27.2 260 15
 26.2 235 21
 25.6 230 24
 23.0 235 18
 22.5 250 10
 22.3 240  8
 20.6 155 16
 19.4 175 25
 18.7 170 31
 17.1  95 33
 16.2  80 45
 15.5  85 50
 13.6  90 50
 13.1  80 55
 12.6  65 53
 11.9  90 44
 11.3  90 42
  9.6  90 54
  7.4  75 47
  4.6  85 75
  4.5  80 74
D20170424.00
100.0 300 24
 70.0 210 18
 50.0 245 28
 30.0 280 24
 20.0 220  7
 10.0  85 51
 96.6 315 21
 83.9 290 21
 78.9 320 17
 74.6 305 17
 71.9 250 10
 71.0 220 12
 68.3 210 23
 65.8 215 11
 64.9 260  6
 57.6 300  7
 57.0 275 10
 55.9 255 16
 52.0 245 30
 47.3 250 30
 43.9 280 41
 37.6 280 22
 33.8 310 29
 28.6 260 24
 27.2 260 29
 26.0 245 24
 25.0 255 28
 23.0 245 15
 22.2 235 23
 20.7 250 10
 20.3 240  5
 19.5 215 11
 19.4 205 10
 19.0 135  7
 18.9 105 10
 18.6  80 19
 17.6  65 41
 14.4 105 60
 13.1  75 59
 11.5  95 54
  9.2  85 47
  8.7  75 51
  6.6  90 63
  5.8  95 53
  5.6  95 67
D20170424.12
100.0  15  8
 70.0 185 11
 50.0 270 38
 30.0 270 26
 20.0 360  3
 10.0  85 46
 92.6  40 10
 82.7 360 10
 80.6 330 15
 76.7 345 20
 73.9 350 11
 72.3 290  4
 70.1 190 10
 66.2 200 14
 62.1 285 10
 58.5 300 14
 54.3 265 33
 46.1 280 36
 43.6 305 42
 35.4 285 21
 32.1 290 23
 28.0 255 30
 25.3 255 25
 23.6 225 24
 22.0 235 24
 21.3 250 20
 20.6 280 10
 20.0  10  3
 19.6  60 10
 18.2  60 27
 17.4  45 28
 16.4  90 42
 16.1  95 46
 14.6 100 41
 13.3  75 50
 12.3 110 38
 11.7 115 39
 11.0  95 36
  9.8  80 50
  7.7  80 61
  5.7  75 52
  5.1  90 63
  5.1  90 63
D20170425.00
100.0 320  8
 70.0 310  5
 50.0 285 32
 30.0 270 25
 20.0 355 27
 10.0  90 46
 92.0 330  1
 83.3 325 19
 79.8 350 18
 77.3 350 24
 74.2   5 10
 72.6 350  3
 64.3 345 13
 60.9 310 12
 57.3 265 25
 52.5 280 38
 50.4 290 33
 46.0 250 37
 41.1 280 28
 39.2 270 22
 35.8 255 27
 31.6 260 31
 29.9 270 25
 28.9 260 26
 26.0 265 30
 23.2 240 30
 22.5 240 17
 22.1 265 10
 21.7 295 14
 20.4 345 25
 18.9   5 27
 18.1  55 31
 16.5  85 41
 15.5  80 54
 14.1 110 43
 13.0  90 60
 11.6 110 44
 10.8  95 41
  9.0  80 56
  7.9  85 60
  6.5  85 48
  5.1  85 67
  5.1  85 67
D20170425.12
100.0 330  2
 70.0 235  5
 50.0 285 37
 30.0 270 29
 20.0 355 22
 10.0  80 36
 87.5  70 11
 82.7  10 16
 78.5  40 29
 73.3  30 14
 70.7 295  2
 62.5 315 10
 58.8 245 17
 50.9 285 39
 44.3 265 27
 42.2 285 26
 40.7 265 25
 39.8 250 27
 36.2 245 39
 29.6 275 26
 27.5 290 35
 25.4 290 31
 24.1 255 28
 23.4 250 22
 22.8 280 17
 22.4 300 18
 21.4 315 30
 20.7 325 25
 19.1  55 19
 18.8  70 22
 17.1 110 36
 16.3  85 41
 15.1 110 45
 13.8 105 53
 12.1 115 37
 11.6  90 35
 10.3  85 34
D20170426.00
100.0  15 15
 70.0 225  2
 50.0 265 33
 30.0 295 27
 20.0 345 24
 10.0  85 41
 93.0  55 29
 83.1  80 33
 80.7  95 22
 78.7 130 17
 72.8 120 10
 71.3 175  1
 67.4 325 10
 63.5 290 30
 61.5 275 32
 53.2 270 41
 50.6 270 35
 48.2 250 34
 38.1 250 30
 35.4 275 29
 33.6 270 30
 29.4 290 30
 27.4 265 24
 24.4 270 21
 21.9 240 11
 21.7 240 10
 21.2 285  5
 20.8 335 10
 20.2 335 23
 18.8  60 19
 18.6  70 19
 17.1  90 41
 16.1  80 47
 15.0  90 42
 14.2  70 45
 12.4 100 37
 11.7  95 36
  7.9  90 62
  7.4  85 49
  6.1  85 57
D20170426.12
100.0  90 20
 70.0 350 16
 50.0 255 41
 94.8  75 15
 85.0  85 42
 82.0 100 32
 79.7 145 20
 77.6 155 19
 74.7 150 10
 73.3  75  2
 71.7 340 10
 70.0 350 16
 66.3 285 24
 64.1 270 33
 56.2 275 32
 54.1 255 36
 49.7 255 41
 40.9 275 22
D20170427.00
100.0  85 23
 70.0 270 18
 50.0 265 32
 30.0 285 33
 20.0 155 19
 10.0  90 49
 92.4  95 42
 88.7 100 39
 79.6 180 23
 77.0 230 18
 73.9 255 15
 72.7 265 17
 63.0 285 32
 60.0 255 36
 56.7 255 39
 52.0 250 34
 41.6 285 27
 39.4 280 27
 38.7 275 25
 36.2 250 29
 34.2 245 31
 31.6 265 35
 29.5 290 30
 28.7 285 21
 27.4 285 30
 26.9 290 32
 24.9 320 27
 23.6 325 24
 22.3  35 17
 21.5 100 13
 21.3 125 13
 19.6 160 20
 18.6 110 22
 16.3  85 40
 15.2  85 29
 14.6  60 34
 13.9  75 47
 13.5  85 41
 12.6  80 35
 11.7  65 38
 10.2  95 46
  9.2  95 71
  8.3  90 57
  7.7  95 71
  5.8  95 52
D20170427.12
100.0 135 13
 97.9 110 14
 94.1  95 21
 89.2  95 32
 87.4 105 36
 83.5 125 27
 78.3 105 18
D20170428.00
D20170428.12
100.0  75 22
 70.0 270 29
 50.0 300 35
 97.4  65 26
 93.1 120 18
 91.2 165 18
 86.7 190 20
 83.0 185 14
 82.0 195 10
 81.0 225  7
 77.8 295 12
 76.1 320 13
 73.9 330 14
 71.8 285 21
 68.8 260 33
 63.2 260 45
 56.1 270 32
 49.7 300 34
 46.0 270 28
 43.3 260 32
D20170429.00
100.0 105 18
 70.0 270 46
 50.0 295 28
 30.0 270 34
 20.0  80  1
 10.0  95 57
 93.2 150 17
 89.2 140 11
 85.9 110 10
 84.5  80  7
 83.1  30 10
 80.1 360 16
 78.0   5 12
 76.8 320  9
 76.0 290 13
 74.2 270 24
 69.0 265 48
 57.8 255 24
 55.4 275 19
 53.1 295 23
 50.5 300 28
 47.3 265 25
 43.8 255 41
 36.7 280 41
 32.3 280 26
 30.7 265 35
 28.4 265 30
 25.2 295 38
 23.6 300 30
 22.4 330 20
 21.7 320 12
 21.6 310 10
 20.1   0  0
 18.5  85 14
 16.4 100 48
 15.4 100 31
 13.6  75 46
 12.1 105 60
 11.2  90 50
  9.1  90 60
  8.8  95 66
  8.3 110 57
  6.2  80 52
  5.2  90 64
D20170429.12
100.0 120  7
 70.0 260 33
 50.0 275 31
 30.0 290 34
 20.0 195 17
 10.0  85 61
 89.1 120 13
 87.7 105 13
 86.9  90 10
 85.5  25  7
 84.7 350 10
 83.6 325 16
 82.2 320 20
 79.2 350 12
 78.7 350 10
 78.0 320  7
 77.4 290 10
 72.7 255 36
 62.7 255 25
 59.7 290 23
 56.1 295 20
 53.1 310 24
 47.8 250 32
 43.7 245 47
 39.6 275 39
 29.4 290 32
 26.9 310 44
 24.3 310 27
 22.7 280 14
 22.4 245  9
 21.9 215 10
 21.0 220 16
 20.1 200 17
 19.5 205 10
 19.0 175  4
 18.8 110 10
 18.4  95 21
 16.9 105 46
 16.6 115 45
 15.6 105 32
 14.6 110 36
 13.9  95 52
 13.1  80 47
 12.4  95 49
  9.4  90 68
  8.0  75 64
  6.5  85 55
  5.3  90 57
  5.0  95 76
  4.4 100 68
D20170430.00
100.0 120 18
 70.0 270 38
 50.0 260 35
 30.0 295 41
 20.0 130 11
 10.0  70 61
 96.7 120 14
 88.6  20 22
 87.4  15 24
 86.0  15 16
 85.5 360 10
 84.9 315  6
 83.9 265 10
 82.3 250 18
 73.7 270 43
 60.2 295 24
 54.1 270 21
 47.0 245 41
 41.0 290 39
 36.0 280 30
 30.3 295 41
 26.9 305 29
 26.0 325 17
 25.0 330 10
 23.9 285 10
 23.3 290 10
 22.8 255  5
 22.2 220 10
 21.5 235 19
 21.1 220 15
 19.6  95 10
 19.1  75 17
 16.8 105 46
 15.6  95 31
 14.4  85 49
 13.3  95 50
 12.5  90 62
 10.7  70 64
  9.7  70 65
  9.3  85 71
  8.8  95 59
  6.2  90 62
  5.5  85 93
D20170430.12
100.0 300 14
 70.0 290 23
 50.0 260 35
 30.0 285 39
 20.0  80 32
 10.0 105 58
 93.7 345 12
 88.8 345 18
 86.1   5 23
 83.9  35 10
 82.4   0  0
 81.0 220 10
 76.8 255 21
 74.3 270 22
 70.0 290 22
 65.9 285 16
 61.1 260 19
 58.8 275 18
 56.3 260 23
 54.1 275 30
 50.8 260 33
 45.7 265 39
 42.4 295 46
 34.3 305 37
 26.7 285 33
 25.8 280 27
 24.6 230 17
 22.7 235 14
 21.7 265 10
 21.4   5  1
 21.1  60 10
 20.2  75 30
 19.0 100 35
 17.5 105 52
 16.9 100 58
 16.1  75 50
 15.4  75 43
 14.0  75 53
 12.5 100 61
 10.8  90 60
 10.4  95 69
  9.9 105 58
  9.0  80 56
  7.7  90 72
  6.1 100 54
  5.2  90 77
  4.6  80 65
