sing20180905.12
TTAA 55121 48698
99006 28856 20004 00080 28056 18004 92768 22856 19505
85502 19059 24005 70141 09872 28512 50586 05149 07016
40759 15923 09027 30969 31956 07522 25095 41756 09521
20242 54559 07536 15420 69946 07548 10659 73363 25017
88136 74344 09068
77137 08569 43647=
TTCC 55121 48698
70865 73366 08020 50065 68972 07546 30381 51983 10040
20649 46385 30045 10109 38191 29014
88906 76960 25025
77355 09065 40518=
TTDD 5512/ 48698
11906 76960 22722 76363 33639 70570 44619 71770 55600
68373 66472 69572 77276 50383 88261 45785 99241 46985
11234 43387 22161 50783 33147 50583 44131 45786 55124
47185 66096 36991 77078 42388 88058 41389 99047 32194
11046 32594
21212 11960 25527 22912 25025 33878 26518 44856 23510
55826 26002 66748 06010 77683 08514 88646 11520 99630
10022 11593 11028 22552 06536 33502 07547 44455 08045
55430 09061 66355 09065 77312 09062 88288 10022 99278
11020 11275 12014 22273 13512 33269 17017 44240 24511
55235 27521 66225 28038 77204 30543 88180 28048 99154
25533 11132 26018 22126 26530 33116 29527 44105 28517
55101 30015 66095 25016 77092 25009 88084 25028 99082
25028 11069 28020 22060 33530 33058 35025 44054 33015
55053 33513 66052 01011 77051 04514 88046 07012=
