sing20180921.12
TTAA 71121 48698
99008 27637 06501 00095 26839 13502 92779 21831 23503
85511 18035 35513 70152 09456 29011 50587 05509 12009
40759 16116 11009 30970 30760 09023 25096 41141 08024
20244 53944 06524 15422 69750 07035 10657 72166 24009
88120 77948 09055
77999=
TTCC 71121 48698
70865 71368 09015 50065 66775 08546 30384 51783 08505
20646 48786 24510 10111 38992 26525
88830 77959 28523
77338 09559 40963=
TTDD 7112/ 48698
11830 77959 22701 71368 33514 68972 44485 63378 55448
64776 66417 59380 77356 61577 88340 61378 99330 57182
11298 51383 22257 54981 33238 49785 44212 52583 55184
45387 66160 45187 77138 47186 88126 41390 99105 38392
11054 36793
21212 11901 25533 22799 28513 33792 28010 44759 00000
55742 07010 66731 07017 77698 09015 88677 06520 99647
10026 11618 10525 22560 08038 33495 09046 44459 07550
55439 09056 66338 09559 77303 09010 88296 00000 99248
21010 11236 26014 22224 24513 33216 25516 44205 22511
55200 24510 66194 26513 77163 26533 88154 27526 99133
24518 11117 24522 22105 26524 33072 26538 44054 23530=
