sing20180910.00
TTAA 60001 48698
99010 26617 32502 00115 25821 31003 92800 21212 20011
85529 17016 18012 70167 09050 15012 50588 05542 04016
40760 15757 05524 30970 31959 08526 25096 41364 07527
20244 54358 08533 15421 69156 09557 10658 74361 26013
88113 77157 09019
77141 09061 41733=
TTCC 60001 48698
70864 75963 08016 50062 67175 09561 30384 46385 17508
20650 51383 24520 10105 44988 28530
88247 50783 26012
77373 08582 40739=
TTDD 6000/ 48698
11894 76560 22806 74364 33727 77961 44569 69971 55522
71969 66496 66376 77399 59379 88380 59578 99306 45786
11247 50783 22200 51383 33158 46986 44124 50184 55097
43788 66086 43788 77074 45587 88066 40391 99054 37992
11053 38392
21212 11925 32012 22919 31510 33903 25504 44891 19511
55861 21514 66850 20011 77837 15010 88746 07510 99716
09015 11694 08017 22676 09525 33654 08534 44585 10549
55533 07060 66505 09561 77373 08582 88335 08579 99319
08542 11310 09521 22307 11015 33300 17508 44297 20010
55291 22517 66277 25528 77269 26030 88248 26012 99243
26516 11234 25021 22219 25531 33208 25516 44195 22522
55186 23037 66171 24525 77154 29032 88138 27538 99111
27531 11085 29037 22075 28024 33064 29518 44062 28510
55060 31510 66058 36010 77055 07501 88053 10010 99053
10013=
