sing20180730.12
TTAA 80121 48698
99007 27633 20004 00083 26432 19505 92768 21625 20514
85500 18847 23011 70143 09007 02003 50586 04913 10014
40758 15321 07518 30970 29741 07019 25097 40143 09515
20245 52935 08019 15424 67957 07529 10657 85140 06547
88100 85140 06547
77999=
TTCC 80121 48698
70863 71569 09015 50065 65975 08055 30381 57780 09566
20644 44388 29511 10109 44988 24040
88099 45388 24540
77265 09568 40639=
TTDD 8012/ 48698
11875 76362 22856 76963 33843 72566 44816 71170 55737
73367 66655 72369 77565 65376 88489 66574 99426 60979
11406 62377 22242 54182 33201 44188 44175 47186 55152
40191 66125 45188 77109 40991 88099 45388 99075 41791
11057 31994 22056 31394 33045 35593 44039 30195
21212 11951 06556 22879 10043 33848 08544 44803 12517
55746 08511 66676 10517 77623 08022 88567 06039 99512
08054 11443 09550 22380 09566 33363 09554 44265 09568
55243 09563 66230 09531 77214 12021 88206 15510 99203
23003 11200 29010 22194 30519 33188 30512 44183 35014
55173 01511 66171 36007 77168 34010 88158 33521 99153
29021 11146 26024 22133 27533 33123 28520 44117 31512
55116 31510 66113 28506 77111 24510 88099 24040 99080
27515 11076 20506 22072 18510 33069 20519 44065 18022
55064 18517 66062 16520 77060 18519 88059 17013 99059
12008 11057 05510 22056 04512 33055 35014 44054 34016
55051 01515 66049 34013 77045 33518 88044 35517 99043
35020 11041 07517 22039 07008 33039 07010=
