sing20180705.00
TTAA 55001 48698
99008 27624 20004 00098 26825 17008 92784 22656 16517
85516 18456 17010 70153 09461 27005 50587 05337 31003
40759 16921 07502 30968 32133 07515 25094 42528 08536
20241 54956 08543 15418 70139 06562 10656 75161 06009
88126 75357 07046 88100 75161 06010
77143 07575 41730=
TTCC 55001 48698
70866 70370 07010 50066 66974 08545 30383 56381 09059
20643 50185 09060 10106 42191 23005
88999
77219 08081 41434=
TTDD 5500/ 48698
11912 76161 22847 71169 33788 72168 44770 68572 55661
72169 66622 68773 77573 70371 88424 61179 99380 61978
11158 45389 22149 45988 33135 40991 44109 46189 55091
36792 66073 34193 77058 40391 88054 34793 99049 35593
21212 11964 16001 22942 24010 33794 31511 44765 01513
55738 03521 66668 17003 77656 11510 88635 09512 99609
13513 11599 13012 22582 09516 33528 09542 44513 08042
55442 10051 66382 08558 77334 10061 88272 07566 99219
08081 11177 11049 22168 09534 33161 11023 44155 09026
55145 12016 66139 08010 77136 34501 88134 26010 99123
28035 11120 28533 22112 27532 33107 29512 44105 33003
55101 14501 66095 14512 77093 13517 88092 14514 99090
21011 11089 22012 22085 25532 33081 27031 44076 25026
55068 24047 66063 23543 77058 23523 88056 19506 99055
20010 11054 24030 22051 25052 33049 25543=
