sing20180704.12
TTAA 54121 48698
99007 30659 21004 00083 29458 18512 92773 23039 16511
85505 17414 14008 70148 11060 17005 50587 05923 27508
40759 15917 07019 30969 31326 07023 25095 41735 07031
20242 54757 06542 15420 67560 09562 10658 75360 03014
88127 74959 09558
77139 09566 42435=
TTCC 54121 48698
70864 74365 00506 50066 63376 08542 30385 56780 10055
20644 52782 07563 10111 46786 24016
88873 77760 18513
77221 07068 42115=
TTDD 5412/ 48698
11873 77760 22829 73964 33716 77163 44624 66574 55586
69171 66440 61178 77321 58978 88252 53582 99214 54381
11189 51583 22161 43388 33151 44587 44143 39791 55140
35793 66132 34193 77102 46586 88096 46387 99085 35393
11083 34993 22069 32394 33060 38592 44055 37992 55051
33794 66045 38792 77040 35393
21212 11970 06510 22904 19510 33878 18012 44851 19512
55678 00503 66640 05010 77576 07027 88537 10544 99519
09036 11471 08053 22438 09558 33416 11050 44393 10043
55302 10054 66221 07068 77191 07556 88185 06546 99171
08025 11162 06513 22154 08506 33151 11010 44144 08514
55142 09510 66138 18503 77136 26010 88132 26530 99113
25537 11105 26534 22101 25521 33099 23514 44098 21012
55097 18513 66094 18515 77089 13025 88087 13517 99086
17511 11079 25526 22074 25526 33070 28010 44069 26014
55061 27528 66057 28017 77055 29510 88053 25010 99051
24502 11049 27014 22047 26527 33044 27016 44043 24513
55041 30010 66040 26506=
