sing20180720.00
TTAA 70001 48698
99008 26809 19003 00096 26217 16504 92782 22620 19015
85515 18422 22012 70159 09631 28013 50588 06757 08012
40759 13572 12033 30971 30174 09538 25098 40358 07046
20246 51943 07558 15426 65763 09064 10662 83356 07051
88999
77148 09065 41315=
TTCC 70001 48698
70868 74166 06018 50069 63575 08555 30387 57377 08561
20649 50181 10014 10111 41785 25020
88993 83556 07552 88787 76563 22503
77269 09069 41118=
TTDD 7000/ 48698
11993 83556 22921 78161 33884 71167 44787 76563 55771
73965 66708 74566 77653 73767 88619 67174 99548 69571
11512 63576 22451 60576 33412 62975 44210 49381 55199
50181 66191 44983 77170 46782 88151 42184 99135 47582
11123 45383 22114 47782 33090 36987 44081 37986 55069
36987 66063 33189 77052 34389
21212 11976 07056 22928 08036 33892 13013 44882 16010
55856 18012 66811 19010 77808 19010 88785 25003 99736
02010 11720 02014 22700 05518 33656 06521 44638 11028
55627 11028 66597 07534 77528 08541 88493 08559 99438
10554 11393 09052 22269 09069 33236 09563 44200 10014
55197 08511 66196 07510 77194 01006 88191 31010 99187
28516 11180 28024 22166 30017 33159 32012 44156 34510
55151 33005 66144 28010 77132 27024 88126 30016 99117
03514 11113 08013 22112 09510 33111 15506 44110 22010
55108 24017 66105 22015 77096 27021 88092 25517 99080
25017 11073 28030 22070 29016 33069 31009 44067 29515
55055 31001=
