sing20180710.00
TTAA 60001 48698
99007 24613 23002 00087 24422 25501 92771 22850 25020
85506 19045 26012 70152 10038 30008 50587 05700 20010
40759 15150 09010 30970 30746 11028 25097 40940 09026
20245 53348 08024 15423 69135 07045 10657 77759 09532
88104 80357 10045
77122 07568 41737=
TTCC 60001 48698
70866 72168 27506 50066 67574 07541 30383 55982 08073
20648 46188 10020 10108 42790 28515
88999
77266 08581 41531=
TTDD 6000/ 48698
11817 74765 22789 68373 33769 67574 44695 72568 55609
69172 66546 70771 77528 67175 88508 67574 99467 63977
11386 63178 22383 63378 33329 56582 44286 54782 55244
47787 66181 44789 77128 49187 88096 40391 99082 42391
11075 36193 22067 39991 33056 37192 44048 27796 55044
29795 66041 25796
21212 11940 11520 22906 08516 33887 06020 44858 06030
55809 06518 66790 08512 77783 10510 88770 14506 99690
00502 11673 09510 22662 11015 33644 15010 44588 13008
55574 10013 66544 10027 77509 07536 88403 09078 99363
09579 11329 09565 22266 08581 33253 09564 44238 10564
55223 10062 66196 10011 77193 04504 88190 34010 99184
34019 11168 28532 22148 24538 33134 21021 44127 23526
55122 22510 66116 23016 77108 30013 88106 30012 99102
28017 11099 29513 22098 34509 33097 36010 44094 32010
55093 32012 66089 35520 77086 34526 88083 35520 99081
31517 11077 30506 22075 26513 33071 30024 44070 30521
55069 29515 66067 25507 77065 22513 88062 20010 99060
22016 11057 23023 22055 20021 33052 22035 44050 21027
55048 24549 66048 22527 77047 24019 88045 24021 99044
21522 11043 23034 22041 20522=
