sing20180731.12
TTAA 81121 48698
99008 27232 19503 00089 26229 18505 92776 23856 24005
85512 19857 26513 70158 08836 27027 50587 06302 04007
40758 15515 09517 30969 30725 11026 25096 40917 10523
20244 53544 08534 15422 69556 06540 10656 79958 09546
88115 80550 07566
77121 08070 42329=
TTCC 81127 48698
70862 70568 11023 50064 ///// /////
88999
77999=
TTDD 8112/ 48698
11941 80957 22920 80358 33898 74362 44878 72565 55778
74564 66666 68970 77600 69570
21212 11937 11050 22888 10543 33831 06529 44749 09515
55718 09030 66696 11522 77664 12011 88646 11015 99600
12530=
