sing20180712.00
TTAA 62001 48698
99007 27827 22501 00088 27629 12003 92774 22432 18508
85507 17616 25512 70149 12462 26509 50586 07904 22514
40757 16931 16506 30968 30532 07028 25094 40935 04035
20242 54150 05539 15419 69750 07049 10656 71766 04513
88124 76931 08097
77122 08099 44682=
TTCC 62001 48698
70865 70170 08512 50065 66575 09542 30383 58980 08575
20647 43188 17006 10113 40391 26537
88188 46187 21516
77244 10083 41367=
TTDD 6200/ 48698
11796 75165 22777 71768 33680 69771 44619 71770 55578
68573 66515 69972 77440 60579 88428 60978 99419 57581
11341 60778 22305 59779 33279 55181 44250 55382 55220
43389 66206 41790 77188 46187 88141 41790 99125 46188
11118 42990 22113 43989 33108 39591 44097 39392 55074
43390 66067 38992 77060 29395 88051 35393 99047 31394
21212 11987 03510 22944 00000 33925 23510 44881 24524
55853 24028 66832 23025 77776 27016 88758 27011 99736
34503 11724 06010 22700 09012 33684 13012 44660 14518
55629 11011 66613 11513 77600 09022 88581 08535 99429
09564 11373 07057 22290 08580 33253 10067 44244 10083
55210 08516 66205 10511 77200 16006 88197 20010 99186
21019 11182 19515 22175 20510 33171 20510 44157 30010
55153 28510 66143 30501 77127 09510 88125 10010 99122
18503 11120 24010 22117 26023 33111 25024 44109 26020
55103 26537 66097 27526 77092 30510 88089 33006 99087
30010 11084 26519 22080 28015 33077 27021 44075 27017
55072 23511 66069 24017 77065 21510 88063 24014 99062
28006 11058 29031 22054 30022 33049 26015 44047 26524=
