sing20170929.00
TTAA 79001 48698
99009 28228 20503 00101 27430 19506 92788 22839 22509
85522 18641 19014 70163 09017 32504 50588 04345 10016
40761 13960 12514 30972 29763 07027 25100 40757 07522
20247 53366 04526 15426 68735 06541 10660 75161 06512
88110 79956 09031
77999=
TTCC 79001 48698
70867 77161 34516 50067 67773 23032 30380 62976 08051
20636 53782 09070 10096 40790 09071
88999
77211 09082 41605=
TTDD 7900/ 48698
11905 77160 22882 74162 33698 77361 44601 66773 55572
68571 66433 67174 77378 60778 88315 60778 99298 63576
11280 58180 22236 57580 33182 54181 44174 50184 55108
39591 66101 40989 77091 40590 88078 36593 99070 29795
11059 26796 22057 27596
21212 11977 34503 22949 28010 33842 26525 44818 25022
55715 35018 66687 32510 77642 36010 88629 01003 99584
26010 11560 23516 22532 24520 33486 21532 44456 21546
55442 21037 66425 19019 77420 18011 88414 10004 99403
36010 11387 35522 22361 06520 33343 08523 44286 08558
55264 09564 66234 07573 77211 09082 88194 09067 99175
09578 11094 08570 22082 09561 33057 07036 44057 07036=
