sing20170904.12
TTAA 54121 48698
99006 30458 19006 00077 30058 16507 92766 22820 16009
85499 18231 17006 70144 09828 12515 50587 03360 08023
40760 14357 09518 30972 30356 04516 25099 40528 11024
20247 53337 10041 15426 66550 08043 10662 81550 09012
88999
77999=
TTCC 54121 48698
70869 71967 27013 50070 66773 24032 30382 62178 08552
20638 51783 09067 10092 45187 10051
88964 82750 06515
77079 10582 41808 77114 09069 41520=
TTDD 5412/ 48698
11964 82750 22922 81956 33886 73761 44857 71764 55748
73764 66659 69170 77655 68970 88587 71768 99529 66174
11423 65775 22396 66774 33351 61778 44285 61178 55268
61578 66204 51583 77158 48985 88139 50384 99075 38592
11070 39791 22061 34193
21212 11960 06515 22909 08026 33880 07513 44835 03005
55805 31010 66734 29502 77684 26020 88622 30529 99579
34016 11569 33510 22558 28505 33549 24010 44489 23536
55472 23532 66431 29021 77398 31522 88392 32018 99382
34510 11376 02006 22363 10510 33323 09542 44286 08057
55253 09062 66214 09056 77201 09067 88160 08060 99132
09054 11127 08567 22122 08553 33114 09069 44103 10050
55089 11071 66079 10582 77061 09571=
