sing20170912.12
TTAA 62121 48698
99006 31057 20003 00080 29856 14006 92772 23008 19005
85507 19056 16006 70149 10671 10008 50587 05106 03010
40759 14935 03504 30971 29756 08516 25098 39367 08537
20246 52959 07534 15426 67356 08579 10661 77559 03013
88110 79957 11544
77151 08579 43136=
TTCC 62121 48698
70868 68971 35511 50069 68973 25029 30382 61179 08555
20637 52784 09067 10096 38392 09558
88999
77151 08582 41016 77056 08080 41230=
TTDD 6212/ 48698
11979 75560 22847 78559 33778 71567 44735 72766 55688
68371 66651 70969 77589 67973 88505 69372 99466 64177
11447 65975 22234 58780 33206 52584 44182 54383 55119
41991 66093 37792 77086 38792 88065 37792 99054 28795
11050 30195 22047 23197 33044 25596
21212 11983 34015 22933 30017 33891 30523 44857 29021
55826 31520 66802 31017 77764 27015 88742 26512 99720
30510 11700 36012 22657 01513 33653 02010 44643 08504
55604 22510 66594 25017 77573 27026 88525 23520 99478
26531 11466 27028 22452 26523 33443 24519 44439 24021
55413 23027 66395 26513 77384 26510 88376 33504 99369
03010 11352 08022 22328 10547 33296 08556 44267 10065
55151 08582 66098 09558 77056 08080 88052 06061 99048
08043 11045 07023 22044 08018=
