sing20170902.00
TTAA 52001 48698
99009 27832 06502 00102 27428 08003 92788 22643 14004
85521 18236 22003 70161 09865 10012 50588 05747 08023
40760 14969 08509 30971 32136 07523 25097 41938 08532
20243 54718 07556 15422 67757 07575 10659 76959 09018
88108 78956 08062
77148 07578 41032=
TTCC 52001 48698
70869 72366 30517 50070 66572 29023 30380 63575 08055
20633 54779 09575 10087 43785 09570
88999
77180 09578 40223=
TTDD 5200/ 48698
11984 77359 22915 69366 33605 72567 44508 66373 55427
69371 66384 62376 77343 66173 88285 62176 99247 63375
11218 55379 22193 54579 33169 49182 44115 48182 55089
40587 66079 41186
21212 11934 06519 22912 06010 33886 00000 44855 28010
55806 27021 66784 28527 77750 28528 88703 30520 99690
29014 11673 26517 22644 26021 33604 27027 44587 25017
55559 26528 66542 29028 77525 30031 88445 26027 99417
22021 11414 21519 22399 23511 33390 00000 44350 07010
55334 10523 66318 09548 77286 08559 88180 09578 99140
08557 11132 08072 22096 09573 33079 10062=
