sing20170914.12
TTAA 64121 48698
99005 28850 19006 00069 28250 18007 92757 23456 19016
85491 18829 18509 70138 10456 29510 50586 04743 26011
40759 13962 15014 30971 29762 10514 25098 40360 09028
20246 52956 06547 15426 66350 05075 10663 76960 11532
88999
77116 06090 418//=
TTCC 64121 48698
70869 70768 24520 50069 70571 32021 30379 60381 11553
20637 51386 08563 10095 41391 10067
88909 80757 12015
77056 08085 43348=
TTDD 6412/ 48698
11909 80757 22895 76759 33871 75960 44793 76361 55711
70369 66670 72367 77618 69371 88560 70771 99376 66377
11365 62180 22322 64378 33281 59381 44264 59581 55243
53784 66188 50186 77179 50586 88135 47988 99092 38792
11073 38392 22059 31794 33051 23597 44041 28995 55041
28995
21212 11925 12521 22881 09520 33856 09510 44836 00000
55802 30010 66771 30522 77749 34010 88733 29504 99720
24510 11681 24525 22580 30529 33559 30532 44492 32515
55466 27006 66428 28527 77415 30521 88396 35518 99385
01013 11381 03012 22370 10515 33359 14014 44341 10026
55317 09527 66301 11552 77278 09556 88247 10072 99237
11071 11197 08064 22072 10061 33065 10568 44056 08085
55053 07044 66051 06038 77046 10034 88044 08529 99042
10026 11041 09518=
