sing20170924.00
TTAA 74001 48698
99008 25833 08001 00093 26250 32001 92781 23456 15508
85514 18650 23005 70157 09849 24017 50587 06501 26004
40759 15729 08015 30970 29161 08539 25098 40358 07039
20245 53950 06032 15423 68739 07562 10659 74562 09511
88114 80356 08541
77135 07082 42945=
TTCC 74003 48698
70867 74164 28520 50065 67174 10512 30377 62177 07542
88999
77274 07061 427//=
TTDD 7400/ 48698
11942 77159 22885 71965 33646 76563 44596 69571 55569
68971 66538 69571 77506 69172 88476 64576 99392 66374
11276 59179 22272 59579
21212 11951 06511 22919 08026 33886 09010 44850 19502
55816 29510 66803 30513 77781 27513 88761 26512 99662
30024 11624 32010 22615 32006 33604 29010 44589 30010
55517 04505 66505 09510 77478 20013 88467 22019 99452
22527 11436 22518 22417 25015 33398 24513 44393 26010
55390 28009 66385 31010 77376 35514 88351 36023 99331
07033 11314 09033 22292 07041 33274 07061 44272 07060=
