sing20170901.12
TTAA 51121 48698
99006 30256 20004 00079 29250 15507 92768 22401 14011
85502 18837 16508 70144 10863 12007 50587 04556 06509
40760 15558 05517 30971 30957 05025 25097 40958 06545
20245 53748 07050 15425 65765 07569 10663 76959 07013
88999
77170 07076 42518=
TTCC 51121 48698
70868 74164 27525 50069 66972 28535 30381 61976 09053
20635 56978 08568 10088 41986 08569
88916 80956 05524
77064 10078 42312=
TTDD 5112/ 48698
11916 80956 22895 78358 33834 78959 44819 74961 55778
75762 66751 71166 77677 74564 88656 69370 99609 66372
11555 69370 22482 65574 33438 68372 44246 57578 55165
54979 66161 55379 77142 48383 88105 44585 99091 38588
11083 39987 22060 33192 33051 36990
21212 11965 05517 22911 06024 33881 09516 44818 10512
55800 16506 66776 23510 77683 28527 88673 29024 99645
27015 11633 28010 22616 28004 33607 24010 44567 25031
55517 28538 66445 29035 77415 28512 88407 27514 99395
28017 11375 33510 22360 02003 33353 09010 44340 12027
55311 09551 66267 10058 77239 07561 88164 08574 99141
10068 11110 08059 22096 08574 33074 08560 44064 10078
55051 10062=
