sing20170918.00
TTAA 68001 48698
99011 27223 08001 00117 26833 13006 92801 21630 12510
85533 17824 09508 70171 09034 31503 50589 06309 08515
40761 15731 09519 30972 30350 09026 25099 40735 09027
20247 53159 08528 15426 66160 07023 10661 80956 16531
88112 80156 10530
77999=
TTCC 68001 48698
70868 70568 27517 50068 67974 26022 30377 64777 09553
20632 54782 08070 10084 44190 09566
88999
77242 09077 42316=
TTDD 6800/ 48698
11911 74961 22828 75961 33654 68971 44545 71769 55494
66774 66458 68573 77434 66175 88375 68973 99346 64577
11314 65576 22267 59180 33253 60379 44240 55982 55210
54782 66191 55382 77151 50585 88135 51584 99099 43590
11096 43590 22087 43789 33070 37392 44053 24597
21212 11935 11513 22931 10510 33915 01002 44895 31510
55838 28528 66771 32012 77688 26515 88617 27043 99545
31032 11526 30020 22516 28014 33500 26022 44472 26033
55416 29515 66412 30514 77387 34521 88366 06017 99363
07018 11346 11528 22337 12033 33328 11043 44308 08547
55293 10052 66259 08070 77242 09077 88201 08069 99103
10066 11085 09559 22069 08568 33059 09054 44053 06028
55053 06530=
