sing20170903.12
TTAA 53121 48698
99006 30457 23003 00076 29056 13010 92766 23456 12015
85499 19044 06508 70143 09846 02510 50587 04158 07022
40760 13959 11508 30972 31559 17516 25098 41727 12522
20246 53756 08545 15427 63168 05516 10664 80756 08020
88999
77184 08067 44149=
TTCC 53121 48698
70869 72367 25521 50068 69173 31015 30379 60979 10048
20638 55182 10062 10094 43590 10051
88911 84535 06526 88216 54383 09070
77058 09091 408// 77120 09576 41725=
TTDD 5312/ 48698
11911 84535 22835 80557 33792 70568 44683 72967 55433
65975 66379 67175 77361 62779 88323 64776 99236 51584
11216 54383 22194 55582 33147 46988 44127 47188 55081
38992 66067 41591 77051 37392
21212 11873 05025 22852 06528 33841 07525 44821 10010
55800 12506 66779 19010 77682 27029 88608 28535 99482
32012 11453 27503 22410 22515 33401 22510 44379 20501
55363 07010 66341 07024 77319 10042 88272 09569 99251
08561 11240 09074 22179 10061 33139 08561 44120 09576
55103 10553 66092 09049 77080 08068 88058 09091 99051
10076=
