sing20170919.12
TTAA 69121 48698
99008 27239 23002 00090 26842 16003 92778 24057 33504
85513 19050 35015 70155 09817 00501 50588 04940 18010
40761 13162 14016 30972 29760 10021 25099 39966 07522
20248 52539 04529 15427 67750 05542 10662 81750 13523
88103 82145 12515
77999=
TTCC 69121 48698
70870 70967 28519 50068 70571 29027 30377 63976 10047
20631 55381 08575 10088 42388 09061
88999
77114 09076 41414=
TTDD 6912/ 48698
11893 79957 22882 76559 33816 71166 44747 69169 55629
72967 66606 69371 77542 73168 88487 68373 99463 70171
11415 66575 22378 67374 33365 63777 44323 66575 55278
61978 66260 56580 77237 57979 88207 57979 99189 52582
11078 36992
21212 11936 13023 22872 09529 33848 09516 44840 10510
55827 17005 66804 24010 77731 27021 88698 28519 99670
26515 11652 27018 22566 27046 33507 28529 44486 31029
55445 32512 66416 14501 77375 12510 88342 07030 99326
06538 11308 09048 22302 10048 33283 08549 44254 10062
55214 08061 66147 10572 77114 09076 88105 09055 99088
08069 11078 08559=
