sing20170913.00
TTAA 63001 48698
99009 27212 08002 00100 26414 11002 92788 23459 12006
85521 18250 19008 70160 08857 32008 50588 06108 32509
40760 15345 29505 30971 30159 11503 25098 41150 08530
20245 53737 08042 15425 65761 09067 10661 77959 03017
88110 79557 09543
77155 08071 42032=
TTCC 63001 48698
70867 72166 32011 50068 64374 24527 30379 63976 08057
20635 51981 09072 10093 41788 09061
88999
77228 08581 41214=
TTDD 6300/ 48698
11954 79358 22770 73164 33722 74164 44630 66772 55549
69970 66506 63974 77417 67172 88349 63375 99307 65774
11292 61976 22282 62975 33249 60177 44221 53381 55166
49383 66125 47784 77099 41388 88075 41188 99075 41388
11062 34993
21212 11966 03522 22918 33018 33859 33011 44838 35510
55771 27010 66750 27016 77728 27013 88697 32510 99651
00000 11640 22510 22630 23018 33559 25035 44517 24024
55469 25526 66450 24022 77425 24520 88413 24013 99411
24010 11407 28506 22401 33510 33373 02022 44362 02023
55350 06032 66337 08033 77290 07564 88228 08581 99116
11072 11101 09060 22084 08064 33062 08569=
