USSR01 WSSS 120000
TTAA  62001 48698
99005 26236 07005 00079 25632 01506 92762 22635 31512
85498 18233 30014 70138 09461 31508 50586 04757 11014
40758 15363 07519 30970 30157 10025 25097 39564 12527
20245 51966 10533 15425 67957 10035 10658 81950 35519
88999
77999
31313 73508 82331=



UKSR01 WSSS 120000
TTBB  62008 48698
00005 26236 11964 23643 22942 24256 33893 20212 44789 15659
55778 14656 66753 13058 77749 13466 88697 09060 99681 08669
11635 06279 22617 04666 33581 02065 44572 01065 55568 00666
66564 00058 77548 01548 88535 01362 99513 03956 11480 06158
22374 18767 33354 21760 44318 27357 55302 29957 66298 30160
77224 45567 88182 56969 99152 67358 11133 74556 22114 79142
33100 81950
21212 00005 07005 11990 01010 22969 00518 33909 30010 44803
30514 55781 32010 66724 32008 77697 30508 88684 31508 99644
33006 11637 01506 22627 05004 33603 07506 44586 15004 55566
11006 66561 11508 77551 16006 88541 17008 99498 10514 11475
11508 22454 09510 33380 06523 44249 12527 55181 09537 66126
08531 77118 04019 88109 04018 99100 35519
31313 73508 82331
41414 11432=



ULSR01 WSSS 120000
TTCC  62001 48698
70858 79959 20016 50055 69772 13521 30367 57983 09060
20624 50786 07535 10076 45987 26543
88906 84347 35023
77312 09064 41611 77220 09564 41452
31313 73508 82331=



UESR01 WSSS 120000
TTDD  6200/ 48698
11906 84347 22873 81757 33815 83356 44758 80359 55711 81158
66691 79360 77676 73964 88621 75563 99495 68773 11475 69971
22452 64976 33331 63983 44301 58183 55231 57184 66217 55985
77209 51586 88185 50786 99169 53185 11141 49986 22122 50986
33103 48387 44097 44388 55091 41389 66086 42588 77083 40189
88074 41789
21212 11928 34027 22876 01519 33796 05010 44777 14010 55766
17014 66740 19521 77684 21508 88673 29506 99609 35512 11581
31508 22566 34506 33533 12508 44472 14027 55450 09527 66430
09041 77384 08045 88348 09547 99312 09064 11262 09053 22220
09564 33186 07512 44176 16510 55147 28518 66134 26525 77119
24508 88115 28008 99109 28035 11105 27547 22095 25533 33093
25527 44088 25545 55074 24547
31313 73508 82331=
