USSR01 WSSS 170000
TTAA  67001 48698
99005 26625 07504 00077 26013 03510 92771 22834 09006
85505 18627 14506 70143 10256 10008 50588 05127 13516
40760 13958 11014 30972 29959 14512 25099 39965 13514
20247 52164 10027 15427 67160 06504 10660 85324 03521
88999
77999
31313 73508 82331=



UKSR01 WSSS 170000
TTBB  67008 48698
00005 26625 11972 24606 22896 21656 33870 19822 44740 11825
55714 11056 66661 08856 77523 03711 88449 08956 99428 11550
11409 12957 22405 13560 33374 17362 44356 20357 55247 40766
66234 43961 77220 46968 88194 54161 99183 56367 11100 85324
21212 00005 07504 11985 04010 22901 10004 33883 14004 44857
15506 55847 14006 66813 17508 77799 17006 88779 19504 99752
15004 11726 08004 22716 09506 33638 12504 44598 09512 55585
11012 66534 11012 77513 13516 88468 16010 99453 12510 11423
10510 22323 12512 33301 14512 44258 14014 55239 11518 66194
10027 77177 09019 88155 04504 99146 09006 11122 07016 22113
03516 33100 03521
31313 73508 82331
41414 11432=



ULSR01 WSSS 170000
TTCC  67001 48698
70860 67367 31006 50059 72971 31004 30366 61183 09560
20623 52586 08570 10081 45987 27049
88896 88526 06016 88595 72970 27029
77263 10080 42014
31313 73508 82331=



UESR01 WSSS 170000
TTDD  6700/ 48698
11896 88526 22871 86745 33839 86339 44823 86338 55813 83556
66786 84346 77773 84546 88763 79559 99752 73763 11722 71163
22711 67567 33595 72970 44464 73370 55418 71772 66389 65777
77336 64382 88276 60184 99259 55385 11183 49586 22159 50386
33141 49386 44131 45388 55117 43588 66103 45987 77081 41789
88064 42388
21212 11956 02518 22844 07518 33777 13523 44753 13527 55712
08502 66705 31504 77689 28512 88662 26523 99510 25506 11488
01008 22412 08045 33368 10058 44294 09560 55263 10080 66206
08572 77166 09008 88161 15006 99156 18004 11154 26004 22153
28506 33149 30018 44129 27035 55104 28053 66089 26545 77083
25527 88071 25521 99064 26545
31313 73508 82331=
