USSR01 WSSS 281200
TTAA  78111 48698
99006 27241 03005 00090 26837 00506 92779 22621 02002
85511 19850 30010 70154 09017 35508 50588 05343 26010
40758 16560 07014 30969 31359 08519 25096 39969 08531
20244 53563 09027 15423 65563 08025 10660 78960 18518
88999
77999
31313 73508 81040=



UKSR01 WSSS 281200
TTBB  78118 48698
00006 27241 11896 20613 22864 19415 33855 20250 44719 10027
55676 07203 66632 05439 77614 03405 88574 01456 99538 02756
11516 03550 22463 10113 33429 13538 44420 14559 55399 16761
66394 16758 77392 16567 88375 18766 99369 19365 11366 19759
22364 19756 33356 20363 44295 32559 55271 35968 66187 57163
77157 65960 88150 65563 99129 72962 11100 78960
21212 00006 03005 11990 36010 22923 02002 33874 31006 44764
28008 55726 29006 66706 34504 77661 36012 88645 33014 99589
32518 11561 29014 22538 29016 33480 23510 44470 25510 55447
26004 66441 30502 77439 04502 88436 07004 99380 08516 11364
07016 22294 09023 33251 08531 44229 10029 55203 09027 66156
10031 77140 03523 88125 05031 99115 08516 11109 16508 22100
18518
31313 73508 81040
41414 48478=



ULSR01 WSSS 281200
TTCC  78111 48698
70863 81761 27031 50055 74765 12019 30365 62183 08558
20620 48187 09543 10088 38989 28535
88754 82561 27537 88091 41988 28541
77291 08562 41106
31313 73508 81040=



UESR01 WSSS 281200
TTDD  7811/ 48698
11993 79160 22955 76363 33865 76963 44754 82561 55653 80561
66619 77163 77555 77363 88516 75964 99493 72367 11442 72767
22421 65374 33368 65577 44339 62783 55317 63983 66260 58384
77233 59184 88198 46587 99163 42988 11129 43788 22113 41589
33107 38389 44091 41988 55081 38789 66074 39189 77049 33991
21212 11835 26025 22744 27037 33598 31510 44567 03008 55541
11012 66503 12018 77474 10031 88408 09053 99291 08562 11213
08556 22205 09553 33190 07029 44174 07504 55173 05502 66171
22502 77154 20021 88135 22021 99125 25018 11112 27016 22099
28539 33082 26031 44078 24039 55071 25523 66067 29023 77065
30025 88063 30023 99059 29016 11056 33021 22049 35010
31313 73508 81040=
