sing20230127.00
TTAA  77001 48698
99007 24623 01002 00099 24019 33008 92774 21020 36023
85509 17850 30021 70143 08624 28521 50586 05326 17506
40758 15536 26508 30969 31348 08510 25095 41546 07043
20243 53960 09053 15421 68956 07556 10652 86956 10580
88101 86750 10578
77999=
TTCC  77001 48698
70859 69774 27518 50058 68981 31021 30370 60584 25510
20624 60384 27012 10069 51986 07008
88570 74976 26521
77978 10586 42293=
TTDD  7700/ 48698
11965 87156 22941 82160 33917 76163 44831 70566 55736 71971
66705 69574 77570 74976 88544 69779 99449 69181 11367 61983
22283 60584 33248 56785 44200 60384 55179 56385 66162 57184
77128 50386 88110 52586 99100 51986 11092 50186 22091 49986
33088 46587 44072 49386 55061 47787 66051 42388
21212 11978 10586 22961 10584 33910 10037 44853 20504 55846
30504 66835 33008 77817 26510 88809 25512 99789 28014 11749
27023 22692 27519 33667 24525 44574 26023 55522 30521 66435
31010 77409 32518 88363 30014 99344 31514 11320 30514 22303
27010 33296 23012 44268 20516 55236 22516 66220 21512 77203
27012 88163 23510 99154 36008 11135 01519 22128 09508 33126
08010 44121 11510 55118 09008 66106 09510 77104 11010 88096
04012 99094 06512 11087 03543 22082 04541 33074 10543 44061
09064 55051 09551=
