sing20230124.00
TTAA  74001 48698
99007 24213 34010 00093 24213 32010 92772 20806 35016
85504 17421 34510 70136 08412 30506 50585 05511 04008
40757 14918 12010 30968 29730 10506 25095 40331 11018
20243 53319 09531 15422 69950 09047 10651 86150 10080
88103 87147 10584
77102 10586 41991=
TTCC  74001 48698
70856 72556 06506 50058 64956 27518 30372 64315 26031
20627 53958 26525 10070 51371 03525
88337 63940 25535
77045 10084 44446=
TTDD  7400/ 48698
11986 82159 22950 78959 33845 78756 44807 75158 55760 75756
66716 72957 77661 68756 88586 68938 99549 69549 11480 63356
22466 63128 33429 63729 44407 61557 55394 59737 66388 60150
77380 60332 88376 60343 99371 60526 11359 61319 22337 63940
33334 63922 44317 63314 55301 64316 66292 64342 77285 63747
88280 63320 99259 59736 11240 58145 22231 56924 33215 55550
44209 54550 55195 53158 66189 53757 77173 57563 88160 59962
99129 53164 11119 53166 22111 49170 33093 53380 44090 50786
55075 50786 66072 48387 77062 44988 88059 43388 99058 40789
11053 40389 22050 39789 33047 38190 44045 36790 55044 33791
66042 34391 77039 31991 88032 30592
21212 11951 09535 22886 07508 33857 28004 44838 25004 55828
16504 66815 15502 77812 19502 88810 26502 99807 29004 11755
27004 22739 17004 33706 07506 44659 33006 55644 33504 66635
29006 77598 27016 88538 29521 99523 27521 11494 27018 22477
30523 33454 31531 44431 31021 55394 25527 66327 25031 77285
26521 88267 21018 99235 21025 11203 26523 22171 25023 33143
31016 44133 31010 55126 04004 66124 11502 77122 17002 88121
26502 99120 26002 11119 29002 22117 15006 33115 19508 44114
18006 55112 11508 66106 06514 77097 02519 88092 03516 99088
10014 11083 14012 22078 13014 33071 09541 44066 08533 55063
11533 66060 10049 77059 09558 88056 09045 99053 09543 11051
09539 22050 09037 33047 10058 44046 10072 55045 10084 66042
09553 77041 09539 88039 09537 99034 09554 11032 09558=
