sing20230111.00
TTAA  61001 48698
99009 26025 07504 00113 25417 03006 92796 21630 25504
85523 17417 24510 70163 08417 20508 50587 05959 21008
40758 17918 36004 30969 30768 14012 25095 41168 13031
20242 54960 14031 15418 70956 10041 10651 77361 08006
88118 81142 10568
77119 10068 42462=
TTCC  61001 48698
70857 69573 34516 50059 64583 25025 30376 56185 29539
20632 57584 22543 10079 49986 01002
88256 59984 28033 88101 49986 30504 88078 52386 13025
77999=
TTDD  6100/ 48698
11937 80160 22857 79364 33830 75968 44764 76967 55716 73370
66707 70373 77538 67782 88489 63183 99428 65382 11384 64183
22336 60384 33313 55385 44256 59984 55216 56585 66189 57584
77125 51786 88113 47387 99101 49986 11090 48187 22078 52386
33075 52586 44073 52986 55070 49986 66062 46587
21212 11984 07502 22959 13002 33935 10502 44931 01502 55923
34006 66904 32008 77855 03016 88836 07016 99813 07506 11788
14506 22775 13504 33764 05504 44759 05008 55744 06512 66722
05506 77708 35010 88668 34014 99652 30508 11604 26519 22516
26521 33451 22539 44428 22531 55393 25527 66373 25023 77361
28018 88336 29521 99313 28031 11282 30041 22248 26529 33216
23543 44183 23035 55165 25523 66141 20016 77138 17010 88134
20508 99129 16506 11128 17504 22126 24002 33125 23002 44124
14502 55117 14506 66116 13002 77115 05002 88111 03010 99108
35514 11104 35004 22102 29004 33101 30504 44099 08502 55098
16002 66096 27502 77094 23004 88093 16504 99092 20004 11091
20506 22089 09504 33087 12510 44081 14025 55070 07525 66062
09545=
