sing20230101.12
TTAA  51111 48698
99008 28458 06508 00101 27457 02512 92784 22050 01018
85517 17657 33512 70156 10057 31019 50588 05156 02510
40760 15958 03518 30970 32546 08019 25097 41339 11521
20244 54350 11535 15421 69756 11564 10655 77159 11021
88111 79957 09082
77122 10089 43360=
TTCC  51111 48698
70861 75561 32516 50063 60173 26025 30379 57983 25018
20634 56785 30516 10090 48787 13019
88432 64977 26533 88110 51386 18514
77999=
TTDD  5111/ 48698
11913 78559 22829 73761 33776 76359 44681 75561 55595 67165
66554 65966 77534 61172 88502 60173 99432 64977 11401 61575
22347 61776 33308 58384 44276 59384 55201 56585 66175 52386
77161 45987 88157 44388 99110 51386 11073 41589 22049 41589
33042 38989
21212 11948 09002 22943 31502 33935 30006 44865 27010 55811
28023 66761 28025 77698 32516 88629 33002 99624 22002 11608
16504 22593 15504 33587 11002 44573 16502 55557 14004 66549
15004 77538 23510 88534 25514 99482 26535 11433 26533 22411
28531 33360 29033 44324 28019 55305 25018 66255 26523 77223
31021 88206 29029 99195 33014 11189 30019 22166 25014 33142
29006 44141 27502 55140 15004 66134 13518 77125 22506 88119
25006 99112 17512 11106 21518 22095 06023 33090 09535 44087
10027 55083 08529 66068 10545 77061 08543 88051 06056 99045
09068 11042 09084=
