sing20211220.00
TTAA  70001 48698
99009 25833 01510 00115 24623 33006 92801 21835 30516
85528 17413 24019 70172 10462 25021 50588 05914 26008
40761 14157 15006 30972 29757 11518 25099 40557 13019
20247 53545 13525 15426 68756 12541 10659 83357 09562
88999
77100 09562 41950=
TTCC  70001 48698
70857 78357 03510 50058 67162 36014 30371 59775 09053
20628 54585 10074 10090 42588 27529
88903 86756 09553
77186 09078 40841=
TTDD  7000/ 48698
11903 86756 22870 82960 33792 83956 44761 80358 55724 79356
66695 78557 77640 72560 88622 67764 99571 64164 11478 68167
22396 63368 33334 64170 44292 58775 55250 58982 66218 53785
77198 54985 88164 45987 99129 41389 11097 43988 22079 39389
33058 39789 44050 37190 55047 34391
21212 11917 09558 22876 09039 33795 04006 44766 07006 55724
03008 66687 05010 77642 18008 88593 23512 99581 22510 11557
15006 22534 14502 33525 03502 44506 36012 55492 01012 66463
08510 77420 08533 88349 09537 99320 07041 11296 09551 22186
09078 33144 09019 44135 05008 55133 00504 66131 28506 77129
25512 88121 26029 99105 25533 11091 30523 22084 25529 33070
29527 44067 27531 55062 28521 66057 26027 77053 27531 88050
27016 99047 28016=
