sing20211224.12
TTAA  74111 48698
99007 27431 05011 00091 26824 03514 92777 22213 02516
85512 18415 36010 70156 09806 29512 50588 05521 28502
40760 14762 27027 30972 31313 31504 25098 41525 24004
20245 53950 10508 15424 63167 14514 10662 82160 07504
88999
77999=
TTCC  74111 48698
70859 76562 22512 50055 72366 19518 30366 58384 08547
20625 50986 10054 10089 45388 25547
88829 87359 21518 88101 45987 25047 88075 43388 28045
77183 09564 41052 77116 27062 43123=
TTDD  7411/ 48698
11829 87359 22745 85958 33719 79562 44682 74762 55530 73764
66389 66974 77364 62979 88269 55585 99252 56785 11236 53185
22185 50186 33175 47587 44170 43788 55151 45188 66135 41789
77124 40589 88101 45987 99089 39789 11087 38390 22075 43388
33070 41589 44049 38989
21212 11957 18004 22852 21018 33635 23508 44595 19012 55544
25014 66535 25014 77515 21016 88487 18010 99459 09010 11448
08016 22410 09535 33324 07545 44248 08547 55234 09558 66194
10053 77183 09564 88166 08533 99147 03012 11140 29018 22137
27025 33121 27053 44116 27062 55092 24527 66088 27035 77083
30519 88075 28045 99058 29021 11051 27518 22049 31006=
