sing20211204.12
TTAA  54111 48698
99008 28256 04514 00100 27246 02514 92782 20804 01019
85515 18033 36019 70162 11057 29023 50588 04740 26504
40761 14356 17008 30973 30540 11031 25099 40750 10535
20247 53131 09545 15426 68741 10553 10661 78960 05012
88999
77125 10584 42960=
TTCC  54111 48698
70863 72962 20014 50061 71170 18014 30372 59584 08564
20630 53585 08066 10096 41389 30021
88853 82359 35516
77194 07570 40823=
TTDD  5411/ 48698
11853 82359 22790 82159 33742 78759 44729 74562 55656 70165
66541 73367 77452 71371 88405 68774 99389 64578 11348 60582
22318 61783 33266 55185 44216 55785 55202 53785 66178 44188
77153 39989 88124 41589 99112 44388 11103 41988 22084 40189
33052 39989 44044 38989
21212 11990 03506 22973 31504 33962 29006 44951 29006 55919
34510 66774 01004 77763 04504 88741 08510 99717 17012 11654
29521 22542 27008 33510 19012 44474 17508 55465 15006 66449
07010 77388 07545 88335 10056 99194 07570 11185 08070 22151
08512 33144 35008 44137 30012 55130 20506 66129 21504 77127
26008 88124 27514 99106 25010 11101 29518 22090 28039 33088
28547 44081 28043 55076 28521 66071 28535 77070 29043 88064
31527 99060 28527 11056 29031 22055 28035 33044 27025=
