sing20211226.12
TTAA  76111 48698
99008 28450 04513 00101 27445 01516 92789 22223 00518
85519 18428 33012 70164 09457 27018 50589 05517 31010
40761 14768 31012 30972 31160 26004 25098 40363 04004
20247 52763 12516 15426 67159 12531 10659 81556 15510
88999
77999=
TTCC  76111 48698
70858 73162 23010 50056 70370 01506 30366 56785 09564
20626 53185 09549 10084 44788 29047
88836 85156 06514
77287 09568 41111=
TTDD  7611/ 48698
11836 85156 22763 85356 33753 84757 44732 76962 55696 72762
66635 73563 77617 71166 88575 72965 99431 70571 11395 64977
22352 65777 33341 61182 44317 60983 55304 57584 66200 53185
77177 47987 88147 46387 99134 48187 11121 47387 22114 44388
33095 44188 44080 39989 55064 37390 66052 38999
21212 11981 17008 22957 14504 33942 06004 44931 03508 55905
02512 66858 04016 77782 13016 88723 11504 99713 22004 11675
23021 22647 23023 33615 28019 44586 29527 55536 31512 66519
36006 77498 01506 88472 08010 99439 12029 11388 08049 22362
09554 33287 09568 44225 08554 55189 10545 66173 09023 77158
11516 88150 20018 99138 26533 11109 29045 22074 29033 33073
29527 44069 30043 55052 30535=
