USSR01 WSSS 060000
TTAA  56001 48698
99008 28033 26002 00102 27424 17002 92789 22620 14510
85528 19456 27002 70166 08843 27021 50588 06106 15508
40759 15916 14016 30970 30940 11021 25097 41538 10029
20244 53962 09045 15424 66961 08523 10660 80760 08529
88999
77999
31313 73508 82333=



UKSR01 WSSS 060000
TTBB  56008 48698
00008 28033 11911 22239 22884 20017 33879 19607 44878 19610
55876 20446 66875 21456 77797 15238 88741 12245 99675 06229
11580 00100 22429 12517 33348 22730 44267 37935 55231 46141
66216 49760 77188 56164 88140 70359 99124 74760 11116 74962
22100 80760
21212 00008 26002 11995 16004 22987 14006 33960 13512 44879
19506 55868 29004 66854 28502 77852 30002 88850 27002 99848
28502 11846 27502 22831 28008 33766 25510 44695 27021 55583
34504 66574 03002 77572 07002 88569 06502 99567 10002 11557
13504 22550 11004 33549 12504 44537 11006 55516 15008 66490
16012 77196 08547 88175 09549 99162 10039 11148 08021 22143
06521 33122 07039 44100 08529
31313 73508 82333
41414 28478=



ULSR01 WSSS 060000
TTCC  56001 48698
70866 71367 08533 50067 66170 09045 30388 55977 28004
20651 53385 25549 10107 43983 25529
88949 83358 08031 
77999
31313 73508 82333=



UESR01 WSSS 060000
TTDD  5600/ 48698
11949 83358 22876 78959 33851 73963 44715 72766 55663 68369
66583 70769 77562 67171 88494 66170 99479 63172 11452 63171
22425 56176 33357 58572 44332 58974 55315 55378 66298 56176
77295 56376 88287 51182 99281 48783 11221 53985 22214 51986
33195 53785 44178 53985 55159 49386 66125 46583 77113 43186
88102 43384 99092 41186 11067 40185 22058 32988 33048 29985
21212 11913 07033 22840 09035 33721 07531 44632 11025 55596
09029 66485 09554 77444 09553 88385 08510 99365 11502 11353
05006 22346 04012 33314 03504 44311 35502 55310 31502 66307
28502 77296 28504 88287 32006 99276 28514 11236 25018 22217
25545 33205 25549 44180 27027 55171 27535 66158 27519 77146
30010 88130 20014 99127 19514 11121 22519 22098 25527 33093
21514 44090 23014 55082 00512 66078 05012 77067 10533 88060
08035 99054 12018 11052 16019 22048 19523
31313 73508 82333=
