USSR01 WSSS 290000
TTAA  79001 48698
99006 28441 20504 00085 28029 13504 92771 23040 17514
85507 19650 21516 70152 09256 23010 50587 04557 06521
40759 13565 12019 30972 30163 07516 25098 40565 08525
20246 52361 10539 15426 67962 09551 10658 84756 12033
88100 84756 12033
77999
31313 73508 82330=



UKSR01 WSSS 290000
TTBB  79008 48698
00006 28441 11960 24812 22931 23440 33890 20818 44874 21057
55836 18218 66768 14856 77713 10650 88700 09256 99693 08211
11605 01200 22531 03122 33469 06159 44412 11768 55354 21360
66323 25967 77259 38568 88241 42760 99210 50359 11204 51362
22195 53759 33187 55766 44132 73762 55100 84756
21212 00006 20504 11990 13504 22954 14510 33927 17014 44886
18018 55854 21516 66764 21014 77703 23010 88645 16006 99630
11004 11621 05504 22613 03506 33590 05516 44488 06021 55410
11519 66383 12518 77343 09518 88325 10014 99303 08018 11266
07519 22203 10537 33152 09549 44100 12033
31313 73508 82330
41414 11432=



ULSR01 WSSS 290000
TTCC  79001 48698
70862 71369 08547 50067 59584 11056 30390 52386 24016
20652 51386 27533 10109 44388 27525
88999
77587 09562 41715
31313 73508 82330=



UESR01 WSSS 290000
TTDD  7900/ 48698
11924 81558 22838 80157 33801 75760 44650 71973 55631 68177
66560 61783 77447 56585 88375 59584 99344 57984 11327 53385
22297 52186 33277 54585 44216 50186 55174 48987 66154 50986
77130 46187 88109 44788 99081 40989 11065 38190 22062 38589
33059 37790 44054 30992
21212 11963 13037 22901 08535 33838 09041 44770 06541 55620
10056 66587 09562 77478 11056 88424 11504 99419 21002 11398
26018 22376 29021 33344 29008 44337 35502 55336 05002 66335
08002 77322 17506 88301 24016 99277 24027 11242 28037 22220
30021 33212 27525 44197 27531 55185 25529 66171 26539 77152
26023 88129 23018 99112 26529 11098 27525 22086 33016 33080
32012 44076 04012 55065 12519 66060 15021 77054 15019
31313 73508 82330=
