USSR01 WSSS 171200
TTAA  67111 48698
99005 31258 23503 00081 30450 13004 92770 23808 15508
85512 19636 23008 70159 12064 25514 50588 04948 15510
40760 16514 09019 30971 31159 08527 25097 41164 08545
20244 54356 08054 15422 67166 07578 10659 70763 11025
88118 77961 08556
77159 08078 42109
31313 73508 81049=



UKSR01 WSSS 171200
TTBB  67118 48698
00005 31258 11900 22005 22891 22442 33824 18047 44802 17460
55718 12259 66674 09866 77560 01558 88529 03162 99516 03950
11427 13711 22378 18944 33340 24724 44309 29359 55274 36358
66253 40364 77231 45962 88208 52349 99187 57945 11178 60744
22170 62360 33149 67167 44118 77961 55110 75562 66107 75361
77105 74961 88103 72563 99102 69765 11100 70763
21212 00005 23503 11990 14008 22929 15508 33893 21012 44862
22010 55814 28012 66795 28516 77740 23016 88680 26516 99630
26014 11582 23018 22523 23510 33510 17010 44471 12010 55373
07523 66246 08545 77177 07558 88159 08078 99123 08062 11111
10533 22100 11025
31313 73508 81049
41414 11432=



ULSR01 WSSS 171200
TTCC  67111 48698
70868 73765 08031 50070 64774 10041 30390 51784 24029
20654 47787 27533 10112 44388 11012
88790 76164 04508
77460 09562 41649
31313 73508 81049=



UESR01 WSSS 171200
TTDD  6711/ 48698
11919 70165 22790 76164 33721 76163 44680 71766 55553 69170
66530 64974 77486 65174 88434 56980 99390 60578 11368 60779
22308 51185 33272 53183 44244 49786 55204 47787 66173 49386
77161 49386 88155 46587 99136 45388 11124 47787 22093 42388
33080 42588 44045 30199
21212 11960 12518 22907 17514 33846 17514 44814 15006 55795
05006 66769 03516 77730 07027 88641 08537 99549 08549 11495
10041 22472 09558 33460 09562 44425 08025 55396 04525 66374
06037 77363 06537 88342 03518 99328 09002 11327 15502 22326
20002 33323 22006 44302 24027 55279 25541 66252 26531 77236
30523 88214 27025 99176 28043 11151 28025 22144 28033 33133
29035 44119 29508 55115 03008 66110 06512 77107 12508 88101
11012 99095 15016 11087 15019 22082 22012 33079 18508 44078
15508 55071 09004 66070 03002 77069 36002 88068 06502 99065
01004 11064 32504 22063 31506 33061 33510 44059 05508 55058
07510 66057 06508 77056 01504 88055 36004 99052 04508 11051
02508 22050 33510 33048 31521 44046 32516 55045 29525
31313 73508 81049=
