USSR01 WSSS 130000
TTAA  63001 48698
99005 28456 21003 00079 28040 19502 92766 22833 20508
85499 19256 28014 70143 09426 31027 50587 05512 05514
40758 15907 06519 30969 30327 06537 25096 41139 05029
20244 53160 05543 15422 69149 06556 10657 70565 11523
88116 79957 07572
77119 07574 41358
31313 73508 82338=



UKSR01 WSSS 130000
TTBB  63008 48698
00005 28456 11945 23213 22907 22650 33828 17650 44817 17856
55654 05608 66561 01301 77487 06339 88452 10710 99433 11126
11385 17702 22347 22531 33315 27932 44261 38730 55232 45158
66204 51960 77178 59950 88116 79957 99112 79160 11110 78759
22106 72963 33100 70565
21212 00005 21003 11931 20508 22880 26508 33833 29018 44745
29533 55688 31527 66546 22012 77521 15010 88505 06010 99447
07518 11404 06521 22373 03516 33319 06537 44232 04529 55119
07574 66100 11523
31313 73508 82338
41414 11438=



ULSR01 WSSS 130000
TTCC  63002 48698
70864 75968 04027 50062 64383 09060 30389 53585 23018
20653 51786 26045
88773 78567 32523 88323 57384 26037
77472 08574 42870
31313 73508 82338=



UESR01 WSSS 130000
TTDD  6300/ 48698
11773 78567 22673 75968 33646 72571 44554 72781 55540 71781
66527 67382 77478 63383 88444 54585 99433 51986 11323 57384
22313 53985 33280 50186 44221 52186 55194 52386 66169 47787
21212 11925 10002 22903 06002 33898 01002 44869 30006 55762
33525 66726 02023 77653 08033 88568 10051 99472 08574 11451
09066 22404 09504 33398 34002 44363 07002 55361 13502 66360
21502 77332 25531 88320 26037 99303 23519 11271 23529 22254
27021 33225 30504 44218 26006 55204 25537 66169 25537
31313 73508 82338=
