USSR01 WSSS 120000
TTAA  62001 48698
99008 28441 26502 00098 27424 17008 92788 23250 19012
85521 18235 22510 70158 09057 29516 50588 05725 13514
40760 16701 06516 30970 30741 07037 25097 40535 04037
20245 53950 02033 15423 69757 06035 10657 70966 07539
88124 78350 08054
77999
31313 73508 80013=



UKSR01 WSSS 120000
TTBB  62008 48698
00008 28441 11968 24806 22937 23856 33904 21211 44868 19246
55747 11426 66725 10458 77653 04611 88627 04835 99558 00250
11512 04926 22449 09350 33406 15909 44392 17312 55379 17756
66312 28557 77290 32518 88224 47149 99124 78350 11106 76961
22104 77361 33103 77561 44100 70966
21212 00008 26502 11991 15506 22979 14504 33899 20510 44880
19508 55809 28010 66737 26012 77678 31521 88653 31533 99609
29510 11586 21008 22564 24512 33540 23012 44526 18508 55466
09516 66396 06516 77295 07039 88214 01531 99151 06035 11137
07053 22115 09047 33104 06047 44100 07539
31313 73508 80013
41414 11432=



ULSR01 WSSS 120000
TTCC  62001 48698
70868 75973 09010 50068 65181 09560 30392 54385 30523
20654 49786 35012 10114 47987 30025
88731 75974 34506 
77475 09570 42145
31313 73508 80013=



UESR01 WSSS 120000
TTDD  6200/ 48698
11971 67967 22731 75974 33666 76172 44640 72175 55607 72973
66580 68375 77540 68582 88456 63583 99440 61383 11422 53585
22407 51586 33351 55785 44311 53185 55278 56385 66250 55585
77238 49986 88228 47187 99210 49786 11192 50186 22181 47187
33169 47987 44155 44588 55113 45987 66103 47787 77095 47987
88083 43588 99078 38589 11074 35990 22064 37790 33050 31791
44043 29999
21212 11969 11025 22909 15010 33871 23508 44827 28514 55730
34506 66713 08006 77641 10527 88549 08553 99475 09570 11451
09070 22439 09070 33382 09502 44380 08002 55376 26002 66348
28021 77325 26521 88309 29523 99275 30512 11253 25518 22236
26518 33203 35516 44198 34510 55190 28510 66173 25023 77137
27049 88108 27527 99097 31019 11092 00508 22084 05519 33079
02518 44069 08016 55065 13512 66061 11018 77056 22518 88051
27016 99048 01010 11047 02510 22045 27514 33043 28039
31313 73508 80013=
