sing20190312.12
TTAA 62121 48698
99008 30658 25003 00095 29457 12008 92785 23431 08010
85521 20258 28515 70168 09440 32522 50588 04757 04017
40760 16357 07030 30970 30563 09021 25097 40537 13531
20245 52742 14540 15424 68756 12048 10660 76165 33507
88122 76762 09051
77999=
TTCC 62121 48698
70861 83161 17011 50061 67175 27529 30375 56785 29030
20636 52987 25543 10093 44590 26015
88739 84359 17514
77999=
TTDD 6212/ 48698
11911 79363 22857 78164 33739 84359 44701 83361 55672
76966 66655 77367 77597 66978 88575 65777 99529 68574
11415 67576 22397 65380 33385 58785 44378 58185 55343
59782 66253 55986 77245 50388 88234 48788 99203 52987
11129 48189 22117 41791 33078 39791 44069 42990 55057
35393 66055 36593
21212 11973 28511 22935 26517 33878 27016 44734 17014
55708 18515 66701 17011 77687 09010 88676 06514 99659
06513 11617 10512 22608 05507 33598 35010 44582 31513
55538 31021 66485 25529 77442 25042 88413 24036 99381
26529 11367 26024 22348 28023 33328 30533 44309 28532
55294 29528 66288 29030 77268 28016 88247 24532 99239
25038 11188 25546 22163 27036 33147 25535 44122 28028
55115 26020 66108 26516 77104 25019 88098 27011 99094
33010 11091 29514 22083 30504 33080 01011 44071 34036
55067 35022 66062 01536 77060 03541 88055 08530=
