sing20190312.00
TTAA 62001 48698
99011 25411 33505 00116 24218 30009 92798 21830 28017
85529 17414 29015 70166 08800 29012 50589 04901 29508
40761 16363 06527 30971 31956 07527 25098 41158 11530
20245 53950 12035 15423 69159 12547 10658 78162 09002
88102 79361 07516
77999=
TTCC 62001 48698
70861 81162 18003 50060 65975 25518 30377 56585 27535
20636 52986 27531 10090 44990 21525
88999
77999=
TTDD 6200/ 48698
11803 80961 22745 78564 33701 81162 44650 78364 55589
67772 66559 65977 77524 67974 88494 63973 99402 65177
11389 58382 22369 57184 33253 58182 44230 51786 55194
53585 66100 44790 77093 46589 88081 40791 99075 41591
11056 34193 22055 33993
21212 11965 26010 22937 27016 33900 25025 44862 24520
55829 27015 66805 31010 77792 36006 88657 07013 99652
07512 11645 07010 22629 02012 33615 05010 44591 34001
55560 31510 66531 31010 77520 26506 88515 26010 99506
26516 11484 24531 22458 26530 33446 24531 44430 24542
55364 25027 66299 27535 77266 28011 88251 27027 99245
25018 11222 27531 22206 28531 33184 25529 44179 26533
55171 26521 66154 28525 77147 28035 88120 29524 99099
20525 11094 19516 22093 20514 33091 24022 44089 25025
55082 26014 66081 25010 77078 25506 88076 31512 99072
32023 11070 33016 22067 03508 33064 01527 44062 02026
55060 02526 66057 07527 77055 09030 88055 08530=
