sing20190318.00
TTAA 68001 48698
99009 26234 03502 00105 25843 01008 92789 23865 04512
85522 18862 04513 70162 10061 14004 50588 05356 24509
40761 15361 24510 30971 32359 14002 25097 41756 15521
20244 53359 11534 15424 64165 15508 10662 79559 27522
88999
77999=
TTCC 68001 48698
70862 78364 32013 50058 65775 20004 30375 55780 30523
20635 51582 27027 10091 44187 29523
88856 84957 25510
77999=
TTDD 6800/ 48698
11856 84957 22742 77364 33661 79963 44560 71570 55532
72569 66514 66774 77466 65575 88440 57780 99349 61976
11285 54580 22268 55380 33154 47584 44133 49783 55107
47585 66083 40189 77064 45586
21212 11913 29016 22867 27512 33818 20013 44768 22017
55724 30513 66692 32515 77652 32512 88610 17003 99568
12513 11551 14020 22529 12022 33511 11510 44501 20004
55468 29004 66458 25010 77446 27522 88399 29051 99333
31035 11300 30523 22291 28520 33288 27521 44257 25027
55228 26032 66192 28029 77158 24023 88135 26019 99129
28016 11126 29519 22107 31022 33095 27524 44089 27527
55076 30521 66071 33513 77067 29510 88064 32007=
