sing20190319.00
TTAA 69001 48698
99009 26643 03003 00102 25645 02508 92784 21456 04016
85516 19875 33006 70160 09656 24017 50588 04961 23008
40760 15163 22013 30971 31164 34002 25097 42132 12024
20244 53345 14031 15423 65363 25008 10660 81757 25017
88999
77999=
TTCC 69001 48698
70859 79165 09513 50058 63179 28525 30376 54785 25535
20635 55186 27027 10091 46389 27524
88937 84350 26009
77999=
TTDD 6900/ 48698
11937 84350 22628 76968 33586 70774 44561 70374 55535
63381 66397 66177 77371 62581 88353 55986 99323 52387
11293 55385 22268 53587 33209 56185 44117 43990 55097
46789 66079 44590 77071 35993 88060 43390 99054 37992
21212 11947 26010 22854 21510 33824 22510 44795 00000
55714 07010 66695 10515 77643 13019 88605 09027 99585
10031 11564 10029 22555 08020 33538 00510 44532 33011
55522 30516 66487 26527 77468 26028 88444 29033 99401
29044 11375 29535 22367 29522 33359 26013 44318 25037
55282 26028 66259 29025 77186 26522 88172 26520 99165
29516 11156 29512 22132 30537 33110 25029 44091 29518
55085 28525 66081 31026 77079 31522 88077 29022 99074
28012 11073 02002 22072 08010 33065 08518 44054 13048=
