sing20190302.00
TTAA 52001 48698
99008 26646 04004 00092 25845 01512 92775 21042 36018
85506 18028 29512 70146 09865 03013 50587 06121 07009
40759 16114 16016 30972 28562 15523 25099 39736 15024
20247 52550 15020 15427 67550 14022 10660 82158 06040
88999
77999=
TTCC 52001 48698
70860 83360 27011 50055 65179 05012 30374 56586 26049
20632 50388 26515 10089 51388 25534
88940 84557 04542
77999=
TTDD 5200/ 48698
11940 84557 22878 80761 33783 80162 44713 83560 55646
81363 66616 74169 77599 73771 88583 74170 99497 64779
11395 58784 22351 59784 33309 55986 44241 57785 55221
52787 66179 50788 77145 44790 88092 47789 99066 45190
11065 45190 22061 41391
21212 11922 04545 22890 04023 33864 00513 44859 35012
55833 28516 66803 26525 77739 25520 88706 26012 99643
02510 11630 04011 22616 11005 33603 14510 44591 12510
55569 05011 66545 06021 77520 04014 88508 06512 99495
04014 11481 05020 22469 06511 33461 00000 44452 26510
55432 26514 66419 24020 77391 26015 88364 29522 99341
26518 11326 26023 22298 26050 33240 25028 44227 22523
55221 23516 66207 24515 77192 31016 88184 31014 99168
29023 11144 30036 22131 28029 33106 24534 44091 25519
55086 28523 66078 28514 77072 31006 88069 34510 99067
01015 11065 01017 22064 03512 33063 09510 44063 12514
55061 14017=
