sing20190327.12
TTAA 77121 48698
99008 31260 08006 00092 29859 04510 92783 23645 02013
85518 19847 33011 70167 11861 34501 50590 04950 12010
40762 15137 11518 30973 29765 12521 25100 40761 13024
20248 53347 10039 15428 65359 17018 10665 81749 09017
88999
77999=
TTCC 77121 48698
70862 78763 11037 50062 66376 24024 30379 56185 29523
20638 54986 26528 10095 43190 25030
88781 87938 06018 88138 51188 31527
66051 11067 426//=
TTDD 7712/ 48698
11781 87938 22663 76767 33651 76768 44637 74372 55628
69575 66596 64980 77539 67375 88243 53986 99216 56784
11201 55786 22184 47589 33157 47389 44138 51188 55107
42191 66085 44990 77071 42990 88063 36992 99051 35393
21212 11945 10512 22868 10503 33801 05019 44758 08517
55746 08517 66709 11035 77660 10046 88630 09531 99609
08018 11597 04013 22591 02014 33567 34020 44548 33020
55520 26515 66496 24023 77481 25015 88447 27038 99412
27527 11364 25030 22336 27519 33323 30026 44293 30529
55266 26024 66239 24530 77224 26539 88203 26530 99185
23035 11177 23533 22168 24523 33160 29015 44159 29516
55144 31533 66124 29521 77108 25030 88098 25028 99091
28528 11086 27522 22079 22513 33076 25510 44075 22006
55074 18010 66072 17518 77069 11016 88068 10524 99065
12534 11062 11046 22058 10042 33051 11067=
