sing20190321.12
TTAA 71121 48698
99009 23812 33506 00102 24407 32004 92786 22225 06504
85519 18425 36001 70163 10035 31021 50589 05304 31516
40761 14528 08018 30973 29558 09016 25100 40558 11523
20247 53534 11544 15427 66558 09537 10663 79157 13009
88999
77179 11562 43231=
TTCC 71121 48698
70866 74169 07512 50064 69772 29521 30377 57185 31013
20637 49788 27017 10099 44590 25523
88858 84556 12021
77051 10061 439//=
TTDD 7112/ 48698
11858 84556 22822 82361 33809 75166 44801 73567 55661
75567 66602 75368 77561 67375 88482 70772 99445 69573
11408 62580 22379 64178 33290 56384 44249 57184 55232
50988 66195 48788 77141 43390 88131 45389 99120 43190
11116 43190 22076 48588 33065 39192 44057 41591 55053
35993
21212 11920 14017 22879 12021 33820 11024 44783 14025
55766 15522 66740 13517 77719 09014 88677 08013 99649
02516 11631 02017 22605 08513 33594 09510 44582 00000
55572 27010 66562 28020 77523 27527 88488 29517 99471
27011 11462 29512 22446 29511 33438 26514 44427 24516
55400 26026 66380 27021 77323 32515 88309 33020 99282
28516 11274 29012 22266 26506 33261 24510 44245 24015
55237 28016 66229 30022 77191 25019 88165 28034 99148
28539 11144 27038 22138 29040 33126 28535 44116 25530
55094 25018 66089 27021 77083 22519 88075 24023 99069
26510 11066 00000 22065 07511 33063 07026 44061 06526
55057 09522 66056 07532 77054 09051 88051 10061 99050
10061=
