sing20190328.00
TTAA 78001 48698
99010 27826 07003 00110 27027 01006 92796 22434 03511
85530 18219 33007 70171 09019 24006 50589 05328 07504
40762 14159 05016 30972 31158 12520 25099 41336 14524
20246 54356 12035 15425 66148 09510 10661 81550 01507
88999
77999=
TTCC 78001 48698
70860 77165 12037 50062 66177 26031 30378 58385 30030
20636 54986 23533 10093 41791 30528
88808 85950 09035 88077 44190 36023
77999=
TTDD 7800/ 48698
11808 85950 22703 76965 33679 77567 44632 66579 55612
65180 66471 67775 77378 58185 88329 59984 99248 54387
11189 53787 22176 53987 33169 50588 44144 52187 55125
43390 66116 42790 77115 42790 88114 42790 99110 42790
11109 42590 22108 42191 33086 39791 44077 44190 55070
44590 66061 40591 77055 42391 88052 38192 99051 38392
21212 11887 11014 22846 09025 33804 09036 44730 12038
55693 12037 66675 10539 77638 08018 88627 04511 99619
00514 11594 34526 22583 34024 33562 30015 44530 25525
55489 26033 66465 25026 77416 27017 88407 30513 99402
31014 11386 27017 22370 26020 33358 28022 44298 30031
55288 30031 66269 25535 77231 25542 88184 23033 99166
20011 11165 20010 22162 24506 33159 29510 44155 31018
55147 31028 66134 30027 77120 26029 88112 25526 99105
29519 11104 30019 22092 33031 33087 32518 44082 35514
55078 35523 66075 03016 77072 08009 88071 09510 99067
06516 11065 08520 22064 12019 33061 09534 44057 10044
55055 10034 66051 12056=
