sing20170323.12
TTAA 73121 48698
99005 30258 08506 00070 29257 05510 92762 23831 07008
85498 18809 35007 70146 10250 33510 50588 04357 08506
40760 14761 07023 30971 29958 10027 25098 40322 12044
20246 53140 13050 15425 68747 12061 10661 80158 06523
88999
77135 11067 41553=
TTCC 73121 48698
70864 76763 27516 50062 70170 25519 30376 59377 28023
20632 51782 28023 10092 44785 09531
88990 80758 06521 88118 47183 02014
77051 09072 41416=
TTDD 7312/ 48698
11990 80758 22916 81159 33858 77162 44812 79361 55712
76564 66670 77163 77609 69770 88507 70769 99426 67573
11412 63176 22359 59377 33327 61176 44234 58378 55204
53581 66183 45585 77157 49182 88133 43186 99118 47183
11103 46184 22094 38589 33076 42986 44049 31992 55043
32392
21212 11925 13507 22903 13010 33887 12016 44856 15025
55781 19529 66750 19518 77739 21512 88701 27516 99677
27513 11666 28510 22645 35504 33586 14010 44568 14511
55540 21516 66465 29517 77433 31523 88414 31026 99367
25033 11350 26038 22301 28023 33272 26519 44231 27029
55223 26522 66204 28524 77189 26521 88168 30022 99161
29522 11154 25020 22145 24523 33141 24010 44139 26005
55129 17001 66124 09510 77118 02514 88109 07030 99106
08031 11102 09523 22098 09539 33077 12557 44071 10047
55067 09051 66060 09565 77055 10555 88051 09072 99048
07562 11043 08063=
