sing20170310.12
TTAA 60121 48698
99005 28250 08006 00070 27249 04508 92756 21207 02511
85488 18636 34006 70128 10447 13003 50586 04757 16509
40758 14763 09013 30969 31150 09031 25096 41531 11526
20243 54556 09027 15423 64365 25015 10660 80958 09010
88999
77999=
TTCC 60121 48698
70860 77163 21010 50059 66174 27506 30374 57779 27546
20629 57180 27541 10081 38191 08524
88888 84557 35001 88248 60978 27038
77058 09570 41223=
TTDD 6012/ 48698
11888 84557 22713 79962 33634 71170 44585 70370 55555
70770 66531 65175 77462 64376 88439 65775 99366 63976
11322 55581 22248 60978 33228 60179 44215 55381 55191
57380 66171 55581 77155 48385 88132 52982 99120 50384
11106 41789 22102 42789 33100 38191 44084 42189 55073
38391 66060 39191 77049 30995
21212 11955 06518 22891 03501 33797 19010 44774 16510
55713 19010 66700 21010 77650 17508 88641 13512 99622
13522 11576 11010 22540 19004 33493 24005 44483 26510
55437 29023 66410 28040 77294 27546 88188 27032 99181
28038 11168 29034 22150 23028 33132 27514 44127 28026
55121 28018 66120 29514 77118 33011 88117 35012 99110
03025 11104 03032 22100 08024 33099 10028 44096 13036
55091 14045 66080 10566 77078 09563 88064 11056 99058
09570 11049 08053=
