sing20170307.12
TTAA 57121 48698
99006 28849 07504 00077 27646 05007 92764 21807 21004
85495 17200 29504 70132 11263 32014 50585 04557 04012
40757 15735 12011 30968 30321 16513 25095 40556 14018
20243 53342 15029 15422 68756 10541 10658 72167 29523
88120 78556 11069
77119 11070 42293=
TTCC 57121 48698
70862 77164 27515 50058 68373 27523 30371 56782 26538
20628 55782 25052 10078 49187 02019
88821 80960 28024
77080 10561 442//=
TTDD 5712/ 48698
11821 80960 22728 76364 33668 77564 44610 73567 55557
74367 66523 67573 77407 69772 88335 59181 99286 54982
11255 56981 22175 56182 33154 51185 44139 52384 55130
45988 66110 51384 77102 50985 88093 43390 99081 37592
11080 38192
21212 11933 29515 22904 27017 33866 26022 44835 28026
55815 28021 66788 23519 77761 22513 88733 26513 99686
28011 11621 21510 22612 24011 33580 00000 44517 26524
55478 28518 66439 30033 77408 31025 88384 28518 99378
27519 11340 25029 22284 27542 33196 25053 44175 24524
55157 27525 66150 31018 77147 32020 88142 31530 99132
34029 11127 34013 22117 00000 33110 07010 44107 01016
55104 35520 66100 01520 77095 11018 88092 14028 99086
12023 11080 10561=
