sing20170301.00
TTAA 51001 48698
99008 24204 07002 00095 23605 02501 92776 21842 36004
85507 18243 08004 70148 09448 04508 50587 05107 13018
40759 14715 06521 30971 29729 08019 25098 40335 07514
20246 53544 06515 15424 69544 10029 10657 77562 06503
88116 81358 10054
77999=
TTCC 51002 48698
70859 76563 22519 50058 66173 29029 30373 59974 24034
20631 56379 25025
88790 82558 29017
77999=
TTDD 5100/ 48698
11790 82558 22699 76563 33678 77363 44667 73766 55618
69770 66591 70770 77465 64780 88442 65774 99415 62177
11320 59778 22297 60173 33241 53979 44212 56978 55192
56580 66175 50984 77152 50783 88133 51184
21212 11954 29012 22903 28527 33866 29530 44820 30016
55787 29016 66740 23017 77715 22523 88694 22019 99683
20517 11672 16515 22665 16514 33654 20013 44636 19512
55627 23509 66622 26010 77609 29013 88560 30020 99538
27523 11494 29535 22442 25531 33426 26544 44332 23537
55277 24031 66257 26031 77225 24534 88178 27018 99163
26518 11156 28017 22150 27516 33146 29517 44137 29512
55133 26511=
