sing20220107.00
TTAA  57001 48698
99011 26030 35002 00126 25423 32006 92810 20602 00521
85538 18646 31512 70180 08448 33006 50589 06960 01008
40760 16160 02502 30970 31556 12010 25097 41361 14521
20244 54349 11525 15423 66762 07547 10659 78563 11010
88999
77999=
TTCC  57001 48698
70860 80960 24008 50055 67775 06019 30368 58184 09054
20624 55185 09570 10081 47987 29525
88844 84561 27016 88101 47787 29525
77199 09572 41819=
TTDD  5700/ 48698
11844 84561 22789 83960 33778 80963 44736 78962 55687 81760
66671 81561 77644 74965 88588 74964 99561 69970 11524 70772
22500 67775 33452 68580 44415 63783 55378 64782 66319 59184
77268 56385 88244 58584 99183 54785 11164 48187 22143 46387
33137 46987 44135 47587 55133 47987 66130 45987 77129 43788
88123 45388 99118 43988 11101 47787 22092 47787 33075 40989
44062 36790 55052 35790
21212 11974 07506 22963 04504 33945 32502 44931 28004 55911
26508 66805 26010 77754 32502 88748 23502 99737 20508 11694
24508 22671 28506 33604 28006 44579 32004 55565 07004 66556
09006 77520 09010 88483 03519 99457 07527 11389 09543 22363
08047 33252 10556 44227 09056 55199 09572 66167 10053 77152
08033 88136 07539 99118 02506 11117 01002 22116 30002 33113
24010 44107 29519 55085 31523 66076 35516 77071 32508 88069
29006 99066 08506 11065 13008 22063 16008 33062 13006 44061
07002 55059 27504 66057 23002 77056 17002 88055 12506 99052
10506=
