sing20220114.12
TTAA  64111 48698
99008 28458 03009 00103 27056 03014 92790 21857 36019
85520 17035 36006 70156 09431 06010 50587 04961 22016
40759 14758 07510 30970 31344 12506 25096 41950 11018
20243 55357 10037 15421 67563 10564 10659 80764 13008
88999
77155 10564 42243=
TTCC  64111 48698
70858 85759 31033 50053 70170 04514 30362 60783 08568
20620 52586 09072 10083 42588 30508
88710 85959 30537
77252 08578 41410=
TTDD  6411/ 48698
11871 82361 22827 80162 33710 85959 44655 82959 55644 78962
66594 71765 77485 71170 88407 68575 99370 63779 11323 63983
22311 60983 33274 59784 44200 52586 55184 48187 66164 48587
77142 42388 88111 40789 99103 42788 11061 37990
21212 11984 14012 22941 10504 33920 35508 44864 34516 55832
30521 66759 30037 77718 30539 88670 33521 99616 04012 11599
13504 22585 16508 33550 15523 44528 12018 55495 03514 66471
10014 77320 08568 88252 08578 99198 09072 11176 08051 22156
09041 33146 14021 44136 24512 55131 21510 66126 24521 77108
33514 88103 29006 99098 30516 11091 24521 22085 23006 33084
25004 44083 31504 55073 27508 66071 21008 77064 23012 88062
28010 99061 28012=
