sing20220123.00
TTAA  73001 48698
99008 25226 34502 00107 24825 03008 92790 21257 02508
85515 18061 33010 70153 09862 32010 50587 05545 19006
40759 15766 28504 30971 30371 05506 25098 41165 13012
20245 54162 11519 15423 69347 12047 10655 78561 08529
88118 80540 10562
77116 10564 42037=
TTCC  73001 48698
70859 72567 28516 50055 71174 17014 30362 59784 08570
20620 51386 09574 10082 46787 27018
88928 82161 09029
77199 09576 41352=
TTDD  7300/ 48698
11928 82161 22854 82762 33837 82362 44815 77166 55783 78363
66751 77364 77721 72368 88532 76369 99514 72174 11388 69381
22352 63183 33253 58584 44240 54585 55202 51386 66192 47787
77157 43588 88133 46387 99118 44788 11100 46787 22078 46787
21212 11960 08031 22855 12023 33827 10514 44785 04006 55749
06502 66745 04502 77741 29002 88739 27502 99697 28516 11599
24523 22534 25014 33511 19010 44477 14021 55454 07016 66443
05519 77411 09035 88321 09068 99199 09576 11177 10045 22172
08027 33150 28018 44143 29523 55127 27535 66112 27023 77106
30521 88098 26016 99093 26008 11091 23510 22090 24008 33088
31510 44085 34025 55078 01021=
