sing20220121.00
TTAA  71001 48698
99008 25434 36002 00105 25026 35010 92786 21850 36016
85519 17844 29012 70149 09260 31014 50587 06147 27512
40760 15958 24508 30970 31164 24502 25097 42364 08510
20243 54958 09525 15420 70357 11031 10655 77962 06518
88127 78157 09556
77999=
TTCC  71001 48698
70858 76365 26006 50056 71173 34019 30364 59584 09562
20621 54585 09068 10085 43988 29518
88103 45188 29019
77193 08572 41140=
TTDD  7100/ 48698
11933 81363 22855 80163 33818 75765 44710 77964 55677 74367
66609 74367 77576 70570 88495 71174 99393 65782 11364 67982
22330 65582 33303 59784 44248 58184 55196 54585 66164 44188
77125 39989 88103 45188 99096 40589 11091 39389 22081 42188
33066 39589 44046 41989
21212 11915 03018 22813 13508 33788 22506 44735 24018 55694
26006 66668 23508 77581 25508 88560 32510 99540 32523 11465
14002 22460 27502 33453 36002 44441 04508 55387 11533 66336
08041 77298 09562 88193 08572 99166 08531 11155 17510 22148
16016 33142 22018 44135 20516 55129 26018 66096 30010 77095
32008 88091 33010 99087 29519 11084 28531 22074 23512 33072
17006 44070 24514 55062 23043 66058 23041 77054 26031 88050
23023 99046 26506=
