USSR01 WSSS 020000
TTAA  52001 48698
99010 24227 27502 00124 23616 25504 92800 20020 03516
85528 15203 04521 70155 08014 35518 50588 05717 24016
40760 16318 23010 30970 31728 10006 25096 42148 11519
20243 54734 11027 15420 68759 11054 10655 79162 20512
88120 79157 10578
77128 10080 43266
31313 73508 82346=



UKSR01 WSSS 020000
TTBB  52008 48698
00010 24227 11812 13001 22638 06046 33513 04710 44478 07129
55388 18308 66381 17744 77288 33927 88268 38150 99220 49549
11207 53127 22190 57545 33176 61928 44172 63324 55161 65957
66157 66560 77120 79157 88118 76361 99113 74762 11100 79162
21212 00010 27502 11987 01004 22906 04516 33749 05016 44672
32516 55648 31514 66625 27521 77581 25527 88518 25518 99506
24018 11470 26016 22452 24510 33445 29008 44419 23008 55390
24510 66380 18010 77366 18506 88362 13006 99352 10506 11344
14006 22330 13008 33321 09510 44315 12508 55302 10006 66281
12014 77271 11012 88239 12019 99163 12041 11128 10080 22123
10080 33121 10580 44105 14516 55100 20512
31313 73508 82346
41414 38438=



ULSR01 WSSS 020000
TTCC  52001 48698
70856 80563 03014 50055 70381 27033 30369 59184 24533
20624 55585 29021 10073 47787 08033
88878 82162 24016
77999
31313 73508 82346=



UESR01 WSSS 020000
TTDD  5200/ 48698
11878 82162 22789 83161 33692 80563 44664 74167 55631 69370
66537 67782 77488 71181 88454 69781 99401 61383 11326 57384
22267 60184 33238 59584 44193 53585 55175 52786 66162 55385
77148 56585 88127 50786 99124 49187 11114 51186 22095 45188
33079 44788 44066 41389 55059 36590 66054 35390 77043 29192
21212 11932 25512 22868 24514 33859 26010 44836 35506 55824
01510 66777 04008 77760 12506 88747 14004 99725 04506 11712
04508 22696 02514 33678 02516 44661 00512 55635 36014 66612
27516 77567 26039 88409 27029 99394 29531 11366 28527 22326
24529 33288 24039 44253 26041 55223 25533 66200 29021 77173
20512 88158 19004 99155 14002 11153 35004 22135 01512 33131
05008 44126 15008 55117 13525 66115 15027 77103 10525 88098
08043 99082 07545 11077 04543 22073 04045 33065 09543 44061
08537 55059 11043 66058 09041 77048 10054 88043 09570
31313 73508 82346=
