USSR01 WSSS 181200
TTAA  68111 48698
99006 29450 22504 00084 29034 15006 92774 23230 13012
85511 19034 13504 70157 10226 01506 50588 04531 06516
40761 15113 07023 30972 29530 08527 25099 40137 09025
20248 52557 08025 15427 66560 02027 10666 76560 25021
88999
77999
31313 73508 81035=



UKSR01 WSSS 181200
TTBB  68118 48698
00006 29450 11955 24810 22841 18025 33723 12457 44702 10429
55694 10256 66677 08621 77661 07642 88644 06015 99588 02631
11562 00509 22511 03344 33490 05724 44464 07550 55404 15110
66390 16137 77347 22309 88323 26104 99289 31545 11249 40336
22238 42756 33214 48740 44176 59358 55167 61956 66135 70561
77100 76560
21212 00006 22504 11988 14006 22944 14510 33916 12014 44907
13510 55878 13508 66864 08002 77856 14502 88842 12004 99832
14502 11828 08002 22814 05002 33810 14502 44800 20002 55791
18504 66777 33502 77775 06002 88767 09004 99762 04004 11753
04006 22727 07502 33723 32502 44714 03002 55706 36002 66683
06504 77678 35004 88669 01508 99660 01006 11647 06508 22630
08510 33615 07010 44606 09512 55583 05518 66575 07518 77556
06519 88517 08018 99505 06518 11482 08518 22464 07014 33416
08516 44389 06021 55275 10023 66212 07527 77180 08023 88153
01529 99147 03533 11133 04537 22122 07010 33119 35006 44118
28506 55117 25010 66112 26021 77100 25021
31313 73508 81035
41414 12448=



ULSR01 WSSS 181200
TTCC  68111 48698
70874 71965 27023 50077 63777 26523 30392 55985 08558
20650 52586 09570 10109 39389 08570
88938 78358 23518
77076 07584 41122
31313 73508 81035=



UESR01 WSSS 181200
TTDD  6811/ 48698
11938 78358 22837 72162 33648 72966 44619 70568 55610 66771
66562 64973 77545 61577 88486 64378 99461 62780 11431 65179
22344 62783 33331 62583 44315 57784 55305 55785 66263 57984
77175 49187 88150 49586 99118 41989 11082 37390 22066 39189
33063 39789 44054 33391 55053 33391 66051 29392 77046 24799
21212 11925 23018 22883 23521 33813 21016 44744 26519 55645
28525 66613 23519 77584 23533 88510 26023 99456 30525 11437
30019 22418 27018 33405 29506 44394 28508 55385 31004 66380
02504 77360 09523 88349 10035 99331 09029 11304 08556 22235
09570 33127 10064 44084 07570 55076 07584 66053 10047 77050
11523 88049 15010 99048 13506 11046 18010
31313 73508 81035=
