USSR01 WSSS 100000
TTAA  60001 48698
99011 27638 18010 00131 26622 16008 92821 22436 18014
85551 18856 24008 70186 08637 22018 50590 06357 08019
40762 14567 08523 30973 30561 05023 25099 41534 05029
20247 53557 05541 15426 66361 05558 10663 77560 04025
88110 78159 05521
77136 05564 41931
31313 73508 82339=



UKSR01 WSSS 100000
TTBB  60008 48698
00011 27638 11988 25816 22968 25456 33896 20833 44871 20057
55793 14856 66769 12620 77750 12459 88724 10033 99684 07437
11666 08259 22647 07465 33626 05268 44595 02257 55519 04938
66510 05932 77491 06961 88483 06570 99472 07782 11462 08781
22456 09767 33427 12962 44413 14160 55405 13768 66382 16958
77326 25962 88320 26958 99315 27562 11264 38138 22250 41534
33242 42956 44230 45747 55224 47157 66191 56146 77166 63542
88150 66361 99110 78159 11100 77560
21212 00011 18010 11988 15012 22956 15016 33947 17512 44924
18014 55903 21510 66888 20010 77880 24012 88862 22510 99841
24008 11832 26008 22815 24008 33807 26006 44780 21512 55740
24016 66686 20519 77654 20514 88637 17010 99593 19508 11571
11006 22556 09508 33549 06512 44539 08516 55501 08019 66477
12512 77419 08523 88380 08525 99370 06518 11342 08019 22319
05021 33271 04527 44222 06535 55186 04541 66164 05041 77154
06056 88136 05564 99126 06060 11118 07543 22112 06027 33100
04025
31313 73508 82339
41414 18532=



ULSR01 WSSS 100000
TTCC  60001 48698
70870 72568 27019 50074 64383 25035 30388 60983 07039
20644 51986 10064 10101 43388 08064
88999
77093 07572 41419 66076 09072 41500
31313 73508 82339=



UESR01 WSSS 100000
TTDD  6000/ 48698
11910 76960 22877 73364 33775 75363 44728 71768 55687 72568
66663 71770 77635 65578 88608 62583 99454 64583 11326 64783
22300 60983 33281 61783 44264 58384 55241 58984 66208 51986
77154 51586 88133 48987 99119 43388 11076 41789
21212 11973 00519 22897 35014 33881 27010 44868 25516 55818
26533 66686 27014 77658 32004 88640 26514 99604 27529 11569
29023 22533 24521 33514 25035 44470 25527 55444 29508 66435
24008 77413 20021 88380 16029 99363 10521 11327 04035 22266
10551 33194 10068 44151 08062 55121 08553 66093 07572 77091
08068 88076 09072
31313 73508 82339=
