USSR01 WSSS 051200
TTAA  55111 48698
99006 29456 20005 00086 27056 13004 92779 22818 14014
85511 18621 16506 70152 10843 01502 50588 04362 04523
40761 13562 09033 30973 28132 07553 25102 38556 06054
20251 51935 04547 15430 67356 06562 10666 76757 06029
88112 77756 09560
77134 08080 43130
31313 73508 81039=



UKSR01 WSSS 051200
TTBB  55118 48698
00006 29456 11005 25856 22002 26457 33000 27056 44999 28856
55994 28645 66944 23610 77877 20040 88805 15811 99691 10847
11657 07841 22647 08459 33623 05857 44598 03662 55571 00662
66525 03707 77519 03350 88512 03358 99486 06158 11473 07164
22468 07565 33463 08159 44448 09948 55437 09570 66418 10975
77357 20741 88347 20924 99283 31134 11251 38350 22208 49727
33174 59356 44143 69956 55112 77756 66100 76757
21212 00006 20005 11003 11502 22965 15012 33931 14012 44892
16012 55831 15504 66820 24502 77816 08502 88810 07502 99803
01004 11787 33506 22779 35006 33768 33510 44751 35006 55741
32006 66731 33510 77715 32504 88703 00504 99688 08006 11676
07008 22658 02508 33648 06014 44628 07014 55620 05514 66541
07014 77524 05016 88486 04023 99421 09539 11393 07535 22374
09035 33311 08051 44212 05551 55193 05041 66153 06556 77134
08080 88128 08580 99108 08553 11100 06029
31313 73508 81039
41414 28438=



ULSR01 WSSS 051200
TTCC  55115 48698
70875 72563 26525 50077 69964 33525
88764 73762 29025
77999
31313 73508 81039=



UESR01 WSSS 051200
TTDD  5511/ 48698
11938 79556 22931 79356 33916 72762 44881 68563 55764 73762
66665 71764 77614 66768 88474 70764 99444 68365
21212 11946 05041 22890 02006 33880 28006 44873 27010 55754
29523 66681 26023 77669 27016 88658 25510 99607 26021 11581
29025 22550 30019 33530 31533 44505 33029 55466 03523 66444
07037
31313 73508 81039=
