sing20210105.00
TTAA 55001 48698
99007 24812 36009 00086 24224 34506 92769 22029 01516
85502 18439 28510 70148 11060 26018 50587 05708 24007
40759 15156 03007 30970 30556 09015 25097 40950 08025
20244 53960 09543 15422 68956 08560 10656 78362 07037
88111 81159 10562
77119 11070 422//=
TTCC 55001 48698
70860 76762 16014 50060 69970 27010 30369 62376 29017
20624 57778 32016 10064 51981 08065
88746 81159 25508
66077 09079 407//=
TTDD 5500/ 48698
11935 75563 22746 81159 33687 77163 44679 71567 55640
67971 66569 67771 77509 70969 88473 66973 99399 69571
11331 61976 22252 60377 33232 57178 44171 59377 55154
57179 66136 59177 77124 52381 88115 51381 99077 49782
21212 11973 06021 22957 04017 33937 01515 44891 03012
55860 00510 66797 26010 77751 26010 88737 21504 99720
16010 11691 16015 22673 17010 33656 22501 44639 31510
55622 32515 66591 28014 77554 28522 88535 29519 99506
29013 11493 23514 22482 21522 33461 22022 44429 26511
55415 23012 66393 25512 77378 25514 88372 23510 99362
23007 11354 29013 22342 31013 33334 29014 44309 28013
55297 29016 66285 25014 77261 22024 88247 22516 99233
20019 11223 22513 22218 21010 33213 26002 44208 32510
55201 32016 66185 31010 77173 35004 88162 08510 99157
06520 11142 08051 22119 07570 33113 09068 44085 09063
55077 09079=
