sing20210115.00
TTAA 65001 48698
99007 24612 04009 00088 24021 03010 92769 20633 02515
85499 17637 10003 70143 10056 24512 50587 05308 08008
40759 15908 14012 30969 30942 13011 25096 41941 10518
20243 54539 08033 15421 69534 08564 10654 73368 10040
88106 82358 09585
77107 10086=
TTCC 65001 48698
70861 76962 29018 50058 66974 32023 30368 63776 21519
20620 58580 07033 10069 43389 07059
88675 77362 29019
77073 09078 40908=
TTDD 6500/ 48698
11960 72168 22675 77362 33609 76763 44508 66375 55467
69172 66437 65975 77376 65576 88361 66175 99342 62378
11297 63976 22167 56581 33158 57980 44145 54383 55139
48986 66120 46387 77112 47786 88096 42589 99053 42790
21212 11932 10510 22909 16006 33891 22510 44870 25018
55784 31023 66733 29025 77655 29026 88623 27519 99606
28010 11592 30004 22576 36010 33555 00515 44517 33019
55486 32528 66458 32018 77449 35510 88448 36009 99429
30013 11416 31013 22354 20003 33340 21510 44332 19012
55320 21515 66303 22019 77295 21515 88275 26510 99268
00000 11238 04512 22225 04520 33209 07528 44192 07539
55179 12034 66174 12540 77163 09037 88153 10037 99144
08543 11134 11050 22127 09551 33115 09547 44112 08542
55106 06050 66102 07560 77085 08572 88078 07568 99073
09078 11057 09058 22053 09565=
