sing20210104.00
TTAA 54001 48698
99008 23805 01002 00096 23020 34009 92776 20618 03003
85506 17417 06002 70149 09421 25018 50587 04730 13524
40759 14729 08523 30970 30536 08027 25097 40159 08035
20245 53146 08544 15423 69347 09553 10655 79560 10045
88113 81356 09567
77113 09567 410//=
TTCC 54001 48698
70860 75363 11009 50060 69171 31027 30367 60978 32014
20624 54980 18518 10065 52781 08057
88148 60577 10018
77079 10085 43711 77067 10080 402//=
TTDD 5400/ 48698
11964 74763 22797 79160 33560 67572 44456 72169 55389
65575 66336 68573 77297 59779 88281 61177 99245 55180
11225 53781 22148 60577 33126 51982 44119 53981 55088
51583 66082 49983 77079 45587 88067 45985 99063 42188
21212 11955 08018 22937 07015 33867 01502 44685 12510
55656 00000 66578 28010 77560 25015 88532 26021 99512
30022 11488 31027 22466 31022 33448 30012 44429 28519
55402 30019 66380 28026 77363 27025 88330 30515 99320
28510 11309 28503 22284 34012 33275 32520 44262 31013
55254 32013 66251 31510 77245 29006 88237 23512 99211
22012 11202 18517 22189 18511 33180 09510 44173 06014
55169 06016 66162 10518 77150 10016 88140 08544 99121
10567 11113 09050 22103 08058 33085 09055 44079 10085
55073 09551 66067 10080 77063 09566=
