sing20210127.00
TTAA 77001 48698
99008 25822 03508 00089 25030 01505 92771 21249 02013
85500 17456 31016 70136 08443 23502 50585 04360 12503
40757 14160 06515 30968 30728 12033 25095 40935 12042
20242 54338 11542 15420 68958 11553 10654 79360 08019
88999
77125 10572 41937=
TTCC 77001 48698
70854 74364 13015 50055 67173 20517 30367 62576 27524
20618 56580 11013 10062 48984 09570
88880 83758 04007
77068 09582 40816=
TTDD 7700/ 48698
11880 83758 22809 79561 33749 81959 44721 80560 55691
73165 66666 74765 77576 67173 88467 65574 99437 67573
11335 60778 22245 66175 33219 56380 44165 59578 55150
53782 66129 51983 77117 53382 88097 49783 99090 44387
11074 42788 22065 36193 33057 40590 44056 39791
21212 11982 09510 22919 08005 33865 07010 44754 14526
55736 14520 66720 11520 77704 13017 88692 12510 99669
08510 11644 00000 22543 16010 33522 19515 44507 20519
55491 21013 66475 27509 77472 28010 88446 30527 99416
31014 11398 28505 22361 24010 33356 22015 44349 24015
55342 23516 66330 26521 77264 21022 88244 22028 99231
21515 11215 19013 22212 18012 33207 16018 44202 13016
55197 07513 66189 03013 77180 04021 88172 09520 99167
11521 11161 09522 22150 06044 33144 05543 44120 10055
55106 10068 66097 09579 77090 08062 88068 09582 99065
08071 11056 08570=
