sing20210119.00
TTAA 69001 48698
99009 25231 04010 00102 24237 02009 92781 19014 02525
85505 17249 31509 70145 09848 33515 50586 06334 27006
40758 15722 10505 30969 30950 19506 25095 40742 11017
20243 53535 11542 15421 68947 10564 10654 77762 11012
88112 82956 10075
77115 10083=
TTCC 69001 48698
70860 76163 28010 50056 71570 36004 30369 61579 21520
20622 59180 30008 10064 50585 09559
88999
77068 09575 42208=
TTDD 6900/ 48698
11899 76164 22808 78562 33751 74365 44707 76363 55649
72966 66545 75365 77511 73768 88456 64577 99413 63177
11389 64776 22333 59180 33304 61578 44254 58380 55226
61178 66189 56781 77181 58180 88175 55183 99145 58780
11138 52784 22117 55981 33095 49186 44085 51184 55071
49586 66060 44989 77055 38192
21212 11997 11510 22989 16502 33975 27011 44936 28529
55876 27022 66814 28512 77792 24514 88720 24010 99683
30010 11660 27005 22646 24510 33619 23514 44600 25517
55573 25526 66549 25015 77522 26010 88482 08510 99464
09023 11443 08515 22432 06013 33418 06513 44405 02512
55398 02510 66369 14503 77342 19010 88335 20517 99312
21527 11295 21018 22278 23014 33268 24510 44260 29004
55254 32010 66230 33523 77218 35013 88193 28510 99183
00000 11178 14010 22172 15521 33167 15025 44155 09519
55150 10017 66145 09522 77136 06038 88130 08540 99106
09563 11085 08546 22068 09575 33062 08062 44059 09070
55056 09552 66055 09553=
