sing20210114.00
TTAA 64001 48698
99009 24818 01017 00106 24029 35511 92785 19611 02519
85515 17650 33513 70150 08215 28515 50587 04932 05003
40759 15713 12518 30970 30556 15516 25097 40759 11024
20245 53759 10052 15423 69342 09567 10654 81759 10073
88103 84956 10089
77104 10089 412//=
TTCC 64001 48698
70861 69169 26525 50060 67973 36007 30370 62377 25522
20622 58779 05020 10067 47984 09064
88610 73765 25531
77076 09080 41538=
TTDD 6400/ 48698
11923 74165 22825 78161 33787 72166 44759 73565 55696
68770 66688 68570 77610 73765 88592 73965 99552 73766
11492 66773 22442 67772 33422 65175 44353 67573 55273
59378 66230 61976 77210 60977 88183 53581 99165 57378
11148 58378 22120 49783 33094 47185 44093 47185 55062
39590
21212 11931 11027 22845 08515 33821 09513 44815 10511
55804 17503 66746 28510 77649 25538 88560 24019 99544
24513 11519 29507 22481 33010 33472 31011 44435 35004
55421 29510 66388 30525 77365 33014 88337 28515 99327
24514 11318 25518 22295 25520 33283 20510 44272 25012
55247 26010 66232 29005 77215 00506 88211 04010 99205
06019 11192 05027 22181 09040 33166 11542 44155 08039
55145 09543 66136 06550 77131 07055 88109 09051 99100
09064 11092 08555 22083 09077 33079 09066 44076 09080
55072 08060 66063 10539 77062 10540=
