sing20210131.00
TTAA 81001 48698
99010 25627 04010 00107 24834 36011 92788 20640 03021
85517 17048 03019 70151 08026 06516 50586 04757 05013
40758 14762 03509 30970 31161 14503 25096 41964 06510
20243 53944 12525 15421 69350 11549 10651 81960 10572
88104 86750 10584
77103 10585=
TTCC 81001 48698
70856 76363 30525 50053 68373 23013 30365 62376 26518
20616 60377 29507 10059 46585 09066
88999
77069 09574=
TTDD 8100/ 48698
11960 74964 22755 78761 33549 73167 44463 64175 55408
63176 66350 65374 77325 61977 88258 60377 99214 62176
11194 59778 22186 55980 33151 59377 44134 53181 55131
53381 66116 53181 77093 43586 88069 42587
21212 11970 09541 22904 08010 33881 01001 44860 26010
55756 28034 66727 30528 77633 28515 88616 30011 99595
27503 11544 19010 22526 19012 33473 29013 44453 29518
55378 25028 66351 25020 77323 28025 88257 23024 99230
22519 11222 22023 22212 17511 33208 21003 44192 34003
55183 01010 66173 06011 77168 04516 88155 13018 99152
13519 11144 10022 22143 09525 33135 09549 44127 09040
55119 10549 66098 09072 77091 07557 88077 08045 99069
09574=
