sing20210118.00
TTAA 68001 48698
99010 25845 05013 00107 24848 01511 92786 19446 02034
85512 18256 35014 70150 09636 28513 50586 07117 28503
40758 14957 04010 30969 30142 11034 25096 41139 12039
20243 53759 12546 15421 70142 11056 10653 76563 11020
88112 82756 09587
77114 09593 432//=
TTCC 68001 48698
70858 76563 26512 50058 70170 28514 30369 61178 21520
20624 59378 34010 10066 49184 09050
88544 69970 27527
77077 08062 411//=
TTDD 6800/ 48698
11756 79360 22671 75165 33635 66376 44544 69970 55490
70570 66464 66375 77321 64176 88226 55381 99206 59578
11151 53382 22140 55780 33129 53382 44118 56780 55100
49384 66068 43187
21212 11977 12013 22959 17509 33946 20510 44921 25514
55875 27031 66816 27025 77751 30021 88668 24003 99644
22010 11621 23515 22603 27518 33560 28029 44489 29010
55475 00000 66437 06010 77426 06013 88420 05013 99413
04012 11396 05512 22374 03510 33348 05001 44316 21510
55306 22518 66297 21520 77273 21523 88260 23516 99252
28013 11234 32515 22219 28505 33201 33510 44183 04507
55173 07017 66168 12015 77158 10520 88147 11532 99132
09035 11120 10541 22113 08552 33103 08558 44093 09546
55082 07552 66077 08062 77068 07556=
