sing20210124.12
TTAA 74121 48698
99007 28049 04510 00086 27250 03510 92770 20806 02512
85501 17811 32010 70147 11056 28505 50586 06708 07528
40758 15158 06512 30969 30959 11021 25096 41761 11038
20243 54930 11554 15421 68158 11092 10659 78761 29505
88999
77153 11093 42637=
TTCC 74121 48698
70858 79161 13508 50056 69971 32503 30366 62378 25508
20618 60180 33508 10070 45188 09061
88826 84757 04005 88495 70371 34004
77999=
TTDD 7412/ 48698
11826 84757 22734 81960 33663 74365 44619 72767 55576
74167 66558 66975 77495 70371 88466 70771 99419 69173
11377 63378 22321 61179 33291 60380 44252 62379 55238
58781 66221 61978 77202 60580 88177 53583 99155 54183
11148 50186 22133 53183 33124 48587 44095 44389 55074
45988 66066 39592
21212 11965 27511 22901 28512 33789 01511 44753 05018
55729 07010 66718 11505 77680 06510 88657 03518 99628
07010 11576 10510 22572 12011 33563 18011 44541 20013
55505 28503 66443 36010 77436 00510 88392 15010 99378
15517 11362 14513 22311 25004 33292 29514 44246 30525
55234 33027 66216 31518 77205 34012 88192 26001 99181
08508 11181 07010 22177 03526 33176 06015 44163 06032
55150 09046 66139 12047 77130 12041 88121 10050 99110
09061 11095 09061 22066 08559=
