USSR01 WSSS 130000
TTAA  63001 48698
99009 27830 35001 00111 27423 33008 92796 22409 30508
85527 18422 30514 70175 11003 07516 50587 06561 32008
40759 13765 05512 30970 31161 08019 25096 41757 09533
20245 51365 09549 15425 64563 10516 10660 82950 10512
88999
77999
31313 73508 82337=



UKSR01 WSSS 130000
TTBB  63008 48698
00009 27830 11907 21004 22885 20227 33831 18202 44797 15206
55765 13202 66753 14005 77728 11403 88722 10604 99716 12209
11713 12210 22709 11808 33707 11603 44706 11601 55705 11401
66704 11402 77703 11403 88702 11203 99701 11204 11700 11003
22699 07009 33633 04602 44593 00319 55536 04956 66491 06359
77434 12761 88414 12767 99403 13566 11323 28157 22300 31161
33264 39350 44238 44158 55233 43964 66200 51365 77175 59159
88154 63363 99134 70760 11118 77350 22100 82950
21212 00009 35001 11991 30504 22976 34004 33964 29004 44948
30508 55909 30506 66893 33008 77840 30016 88826 00512 99807
00512 11802 33514 22768 30018 33746 32514 44707 08012 55700
07516 66693 27012 77680 25014 88630 00506 99629 02004 11627
14504 22619 23516 33604 22516 44580 25521 55555 24018 66536
25514 77514 34508 88489 29506 99474 30006 11468 25504 22462
31504 33456 30004 44450 34006 55430 01506 66422 01508 77397
06512 88392 06012 99376 09008 11371 05508 22353 03512 33338
07016 44332 04514 55306 10518 66295 08023 77262 10027 88232
09551 99222 09551 11205 09051 22187 10551 33154 11519 44133
03014 55122 36018 66106 06014 77100 10512
31313 73508 82337
41414 12438=



ULSR01 WSSS 130000
TTCC  63002 48698
70861 70158 29008 50060 66558 27031 30374 58356 20016
20631 51959 30029
88808 88125 07018 88148 49357 10537
77999
31313 73508 82337=



UESR01 WSSS 130000
TTDD  6300/ 48698
11938 83556 22808 88125 33800 84550 44792 79559 55779 74561
66740 73358 77727 69361 88650 73157 99563 71558 11503 66558
22441 67550 33419 66958 44388 66357 55360 58960 66349 56959
77323 58156 88284 58757 99271 58950 11249 56558 22238 56157
33234 56559 44213 54156 55198 51161 66184 46360 77177 45961
88148 49357 99116 45964 11103 41761
21212 11991 10510 22945 03519 33839 07018 44790 06018 55739
18510 66725 25506 77657 33010 88633 31508 99617 33508 11606
29506 22552 26035 33438 29033 44334 24018 55325 24518 66300
20016 77275 26016 88266 24516 99234 25027 11173 36014 22161
07521 33141 12043 44134 09037 55103 09549
31313 73508 82337=
