USSR01 WSSS 090000
TTAA  59001 48698
99010 26022 30004 00116 25010 26006 92798 21417 26008
85531 16823 24014 70160 08207 24512 50587 06111 11012
40759 16119 09521 30970 31115 06527 25096 41557 06523
20243 54143 06037 15422 69550 07053 10655 74958 10554
88115 79956 07558
77139 07560 41402
31313 73508 82330=



UKSR01 WSSS 090000
TTBB  59008 48698
00010 26022 11957 22202 22882 19440 33840 16017 44762 12242
55638 03404 66548 01902 77404 15521 88335 25704 99249 41757
11176 61329 22146 70750 33115 79956 44106 78757 55100 74958
21212 00010 30004 11996 26508 22970 28510 33883 23510 44854
24012 55801 21012 66772 24014 77710 26012 88684 21512 99659
20006 11646 24004 22645 23004 33642 25004 44633 22506 55569
20508 66534 14010 77513 14508 88502 11512 99458 10019 11434
12018 22404 09519 33376 10023 44300 06527 55234 07023 66207
06033 77139 07560 88109 08060 99100 10554
31313 73508 82330
41414 39438=



ULSR01 WSSS 090000
TTCC  59001 48698
70866 69558 13014 50070 63558 28525 30390 549// 25527
20651 50380 27541 10108 43988 26521
88775 73750 15512
77999
31313 73508 82330=



UESR01 WSSS 090000
TTDD  5900/ 48698
11904 68759 22775 73750 33700 69558 44636 72158 55606 69961
66596 65563 77561 65157 88548 62560 99522 62957 11497 63760
22477 64357 33446 60558 44429 59558 55427 59357 66426 59556
77424 59757 88423 59561 99422 59164 11421 58959 22420 58713
33419 587// 44287 54311 55286 54365 66285 54385 77204 50382
88169 50978 99120 45372 11085 44188 22069 40589 33065 37190
44062 35190 55058 35990 66052 34391 77051 35190 88049 34591
99047 29792 11046 26393 22045 23794 33040 22594
21212 11919 09531 22861 14512 33735 15516 44675 11012 55606
08516 66590 03504 77585 33504 88580 30508 99548 28519 11477
29021 22425 21018 33367 22537 44310 24029 55259 28527 66203
27543 77175 30539 88145 30533 99130 26531 11114 25029 22104
25527 33087 31029 44079 29021 55068 33514 66065 26506 77064
20504 88059 09508 99055 08006 11054 05014 22048 06027 33044
05516 44042 15014 55040 18025
31313 73508 82330=
