USSR01 WSSS 231200
TTAA  73111 48698
99007 28456 01504 00097 27856 34510 92780 22230 36016
85511 18034 35514 70158 10645 01508 50589 04331 11014
40761 14919 09021 30972 29933 05018 25100 39942 08023
20248 52750 08023 15427 68956 08529
88999
77999
31313 73508 81054=



UKSR01 WSSS 231200
TTBB  73118 48698
00007 28456 11856 17815 22833 18256 33772 14240 44747 14056
55617 04224 66531 01342 77444 10314 88360 19737 99273 35121
11135 74556
21212 00007 01504 11992 35010 22967 01010 33911 35018 44876
36019 55787 33514 66744 35010 77729 33506 88672 03506 99652
36002 11648 13002 22647 15002 33638 15504 44623 13006 55600
15508 66576 13004 77571 10502 88459 12016 99322 04016 11267
07518 22195 08025 33174 09525 44144 09031 55139 08531 66136
08531 77135 08529
31313 73508 81054
41414 38478=



ULSR01 WSSS 231200
TTCC  7311/ 48698
88999
77999
31313 73508 81054=



UESR01 WSSS 231200
TTDD  7311/ 48698
31313 73508 81054=
