USSR01 WSSS 011200
TTAA  51111 48698
99005 28857 07509 00079 28056 05012 92766 21410 03018
85497 17822 35016 70145 10866 35008 50587 04559 11010
40759 13969 12504 30971 30366 20512 25098 41161 19514
20245 54350 15514 15423 69546 11049 10657 77959 10016
88118 79337 11082
77119 11082 42166
31313 73508 81040=



UKSR01 WSSS 011200
TTBB  51118 48698
00005 28857 11949 23219 22907 20207 33882 19850 44846 17618
55782 14656 66762 12841 77751 13263 88672 09472 99652 07460
11643 06862 22627 05456 33568 00722 44485 05161 55423 10967
66403 13569 77373 18360 88345 22165 99285 33567 11239 44160
22229 46350 33170 62956 44118 79337 55113 77756 66100 77959
21212 00005 07509 11984 04014 22929 03018 33846 35016 44819
32014 55788 33012 66763 30512 77737 34510 88706 34010 99691
02008 11648 02510 22618 08010 33530 07014 44504 10510 55478
17010 66459 16006 77435 20006 88427 16006 99398 12504 11378
08506 22353 19506 33335 18012 44319 20008 55284 21514 66264
19514 77209 17512 88177 12523 99160 11037 11119 11082 22100
10016
31313 73508 81040
41414 39438=



ULSR01 WSSS 011200
TTCC  51111 48698
70861 76163 24516 50056 66770 10519 30368 60384 09060
20626 51786 09047 10086 43188 22025
88999
77245 09564 40521
31313 73508 81040=



UESR01 WSSS 011200
TTDD  5111/ 48698
11925 81558 22814 75762 33738 78161 44709 75763 55649 78561
66595 77362 77548 70966 88497 66171 99385 66777 11346 64380
22331 60784 33241 56977 44216 51786 55182 50986 66174 48187
77144 47987 88117 44988 99111 45388 11097 40789 22090 39789
33073 38989 44056 41789 55055 42788 66047 38199
21212 11879 08506 22832 32006 33816 30008 44761 29516 55702
24516 66650 26514 77626 30512 88518 06516 99488 12521 11464
09523 22394 08045 33318 08558 44245 09564 55218 10045 66197
09047 77174 08533 88158 04508 99152 17008 11146 19518 22137
16014 33119 25008 44103 22025 55098 22027 66085 27547 77077
27031 88075 26021 99071 26537 11069 26547 22062 27543 33061
28049 44056 28529 55054 30519 66052 30033 77051 30045 88047
31523
31313 73508 81040=
