USSR01 WSSS 041200
TTAA  54111 48698
99004 29257 07512 00071 28456 03510 92762 21611 03019
85493 18050 01018 70139 09856 09514 50587 04760 11014
40760 14759 13019 30971 30364 17018 25098 40949 16510
20246 53158 12531 15425 68759 13045 10659 78959 09019
88120 79750 11072
77119 11072 43154
31313 73508 81041=



UKSR01 WSSS 041200
TTBB  54118 48698
00004 29257 11954 24026 22831 17457 33676 08457 44658 07041
55636 06058 66576 02659 77490 05761 88475 07356 99470 07161
11456 07965 22438 10559 33370 18959 44343 22766 55310 28765
66271 36150 77234 44737 88189 56362 99159 65761 11120 79750
22118 79556 33117 76758 44100 78959
21212 00004 07512 11986 03516 22847 01018 33806 03508 44799
05506 55778 06504 66772 05002 77753 09006 88735 06510 99713
09014 11655 09014 22612 12516 33578 11012 44532 12516 55481
10516 66452 13514 77401 13019 88335 15010 99317 17012 11281
16519 22260 18012 33180 11545 44147 13045 55123 11566 66119
11072 77100 09019
31313 73508 81041
41414 21532=



ULSR01 WSSS 041200
TTCC  54112 48698
70861 77562 32006 50060 69569 34519 30367 64978 09556
20620 48787 09574
88999
77208 09078 41552
31313 73508 81041=



UESR01 WSSS 041200
TTDD  5411/ 48698
11912 78161 22837 80960 33786 81960 44620 70366 55467 71169
66450 68572 77416 69572 88347 64177 99302 64978 11247 62573
22221 58181 33214 56584 44198 48387 55193 43188 66183 39589
77169 40199
21212 11971 09012 22945 15010 33868 25512 44839 25512 55795
29006 66756 23504 77733 28504 88671 33502 99666 20002 11625
17510 22569 15502 33567 12002 44564 03002 55557 35006 66528
32016 77481 35019 88457 03012 99435 02006 11421 07008 22387
07535 33337 07549 44316 09554 55208 09078 66202 09576 77191
09545 88175 11010 99174 13506 11173 20006 22172 23512 33169
25031
31313 73508 81041=
