USSR01 WSSS 160000
TTAA  66001 48698
99006 24836 26008 00082 23628 22518 92765 20206 23018
85493 16601 11014 70131 09200 16006 50584 06700 10008
40756 15115 12514 30967 30950 13018 25094 40550 10518
20242 53156 08516 15421 68316 07025 10653 83723 10547
88105 83323 10045
77999
31313 73508 82334=



UKSR01 WSSS 160000
TTBB  66008 48698
00006 24836 11980 22019 22962 21214 33948 22019 44913 19402
55760 11401 66735 11601 77675 06603 88595 02800 99549 02503
11477 08700 22475 06736 33472 02750 44468 07500 55467 08900
66458 10500 77453 09905 88416 14318 99412 13913 11355 21326
22300 30950 33257 38956 44172 60750 55154 67119 66105 83323
77100 83723
21212 00006 26008 11988 23021 22886 21512 33866 13510 44846
10514 55828 12518 66795 07512 77734 13514 88708 11506 99702
15506 11683 17010 22671 15008 33650 18510 44645 18010 55634
13008 66622 11012 77565 11012 88538 13508 99510 08006 11501
09506 22470 09512 33435 15510 44430 13008 55407 11514 66393
14516 77338 13014 88290 13016 99284 11516 11272 13018 22237
09516 33138 07029 44116 07539 55100 10547
31313 73508 82334
41414 85932=



ULSR01 WSSS 160000
TTCC  66001 48698
70856 75720 28010 50054 67516 09014 30370 59113 09041
20625 56912 09053 10078 45908 27545
88999
77999
31313 73508 82334=



UESR01 WSSS 160000
TTDD  6600/ 48698
11911 83923 22867 79138 33817 78722 44636 75319 55581 69717
66507 69517 77456 62314 88365 62514 99270 57312 11220 58513
22165 53711 33155 50309 44139 52510 55113 47108 66106 45721
77093 47318 88082 49730 99077 49332 11068 47144 22064 46145
33062 46142 44061 45942 55060 46144 66059 45945 77058 45348
88057 44556 99056 43556 11055 38361 22052 39560
21212 11923 07533 22858 08502 33854 04502 44851 34502 55850
32502 66840 31006 77749 33508 88711 28508 99661 25008 11635
27504 22622 33502 33616 08502 44601 09004 55586 04006 66577
04508 77558 13008 88542 12506 99530 05506 11523 05008 22490
11012 33452 10525 44431 12527 55381 08533 66355 09039 77336
07039 88300 09041 99215 09554 11201 09054 22184 10039 33163
05016 44158 15510 55150 20016 66130 20519 77121 27518 88115
25525 99096 28045 11077 27031 22068 25523 33062 21531 44052
21027
31313 73508 82334=
