USSR01 WSSS 280000
TTAA  78001 48698
99009 25619 06504 00107 25014 03008 92795 21013 06019
85525 18436 16510 70171 09843 21008 50589 06556 06512
40761 16165 01008 30971 30770 05019 25097 41559 07016
20245 54357 11041 15423 69743 11554 10661 79769 11518
88999
77139 10566 41952
31313 73508 82335=



UKSR01 WSSS 280000
TTBB  78008 48698
00009 25619 11932 21414 22904 20649 33799 15856 44776 14027
55660 07457 66604 02433 77586 02057 88553 00750 99527 03357
11522 03760 22497 06747 33457 10349 44453 09962 55359 22363
66313 28575 77281 34762 88139 72950 99127 68768 11100 79769
21212 00009 06504 11991 03512 22928 05519 33877 05008 44867
08504 55863 13004 66856 15506 77811 19006 88770 20508 99739
18008 11706 20008 22678 24010 33625 16004 44608 17502 55607
16502 66601 02502 77597 01502 88595 04502 99592 03002 11582
02504 22563 10502 33554 09504 44548 06004 55505 06012 66485
08010 77464 14502 88463 13502 99460 17502 11456 29502 22448
32002 33446 34502 44444 31502 55419 02006 66400 01008 77286
06519 88255 07016 99239 09023 11199 11041 22139 10566 33136
10566 44124 11021 55100 11518
31313 73508 82335
41414 11432=



ULSR01 WSSS 280000
TTCC  78001 48698
70862 76565 32025 50060 68382 13010 30372 63183 09062
20626 52186 09566 10087 43788 31018
88876 84762 03006 
77215 08578 40762
31313 73508 82335=



UESR01 WSSS 280000
TTDD  7800/ 48698
11876 84762 22822 79163 33725 75766 44670 78166 55626 72570
66554 71773 77531 67178 88470 68981 99417 66382 11401 62983
22376 64982 33326 61383 44300 63183 55273 62783 66235 56185
77216 55585 88190 48787 99175 45787 11153 46387 22131 50586
33121 45787 44087 40389 55071 42188 66054 38789
21212 11903 11502 22897 02502 33888 02004 44852 05514 55805
07512 66769 12006 77754 08506 88737 35508 99724 33016 11693
32027 22656 31523 33632 33016 44581 31006 55547 00504 66537
12504 77522 15510 88514 15510 99475 08014 11449 09023 22428
07531 33356 10051 44215 08578 55204 09070 66190 11039 77174
15516 88163 25016 99157 26029 11146 26537 22124 26018 33099
31019 44080 25527 55073 30525 66067 30018 77064 26016 88054
24512
31313 73508 82335=
