USSR01 WSSS 230000
TTAA  73001 48698
99009 26438 02505 00113 25828 36008 92799 22032 36019
85533 18457 31516 70167 08839 31006 50587 06150 30008
40758 16363 03008 30969 29961 08029 25096 41733 07531
20243 54958 08037 15420 70756 10541 10655 77966 27508
88131 76957 10056
77999
31313 73508 82330=



UKSR01 WSSS 230000
TTBB  73008 48698
00009 26438 11943 22422 22894 21256 33813 15434 44757 12258
55716 10457 66677 06616 77642 03405 88609 02241 99575 00328
11552 01957 22538 02340 33494 06757 44457 11132 55417 15756
66409 16160 77385 17364 88304 29359 99271 36560 11251 41536
22234 45558 33215 50759 44203 54159 55196 56156 66171 63748
77143 72956 88139 74358 99131 76957 11115 74761 22100 77966
21212 00009 02505 11992 00510 22931 36019 33873 32016 44749
30514 55726 32508 66703 31006 77682 35006 88656 33504 99632
34504 11600 24504 22594 25504 33575 32506 44555 35002 55529
28506 66500 30008 77476 35008 88460 28504 99449 28006 11422
02008 22377 05008 33358 03004 44335 06512 55207 08037 66136
10053 77132 10056 88116 11008 99112 06506 11104 06504 22102
30502 33100 27508
31313 73508 82330
41414 12432=



ULSR01 WSSS 230000
TTCC  73001 48698
70859 72971 28016 50058 67582 09521 30370 58984 08547
20627 57384 08056 10083 46987 30025
88898 81363 27518 88123 48587 31021
77999
31313 73508 82330=



UESR01 WSSS 230000
TTDD  7300/ 48698
11898 81363 22849 77566 33800 77765 44788 75367 55692 72171
66636 74374 77581 73580 88529 66981 99363 64583 11337 62383
22332 59584 33257 55785 44227 57784 55197 57584 66191 53985
77162 51386 88145 44188 99123 48587 11107 45588 22099 46987
33094 46387 44085 39389 55083 37390 66068 40389 77057 36190
21212 11950 25018 22872 27010 33850 22510 44830 22012 55778
26521 66701 28016 77660 27023 88573 30502 99570 35502 11565
03502 22555 05506 33509 10019 44480 06523 55442 08531 66273
09054 77201 08058 88188 09033 99151 14506 11150 17004 22148
24004 33147 25506 44120 32519 55107 28523 66091 29027 77077
25521 88066 29025 99060 28521 11057 26016
31313 73508 82330=
