sing20201115.00
TTAA 65001 48698
99008 27614 03505 00091 26821 03504 92779 22220 09012
85512 18223 11016 70156 10039 08015 50588 05143 08007
40760 14749 14510 30972 28962 17002 25099 39160 17503
20248 51759 13006 15428 66957 07017 10661 85138 07014
88999
77999=
TTCC 65002 48698
70863 74564 33509 50064 65574 28018 30381 59178 27039
20640 50982 23526
88940 86933 06526
77999=
TTDD 6500/ 48698
11940 86933 22890 84544 33833 74364 44722 75962 55654
69770 66538 68971 77370 58979 88338 60777 99242 55381
11225 50583 22184 50383 33180 50982 44151 44787 55078
39791 66067 33794 77057 33194 88054 30195
21212 11959 06020 22899 08541 33829 10010 44788 08011
55769 02505 66742 31510 77729 31513 88712 34013 99688
34010 11678 36010 22669 32508 33663 29011 44641 27025
55620 26531 66571 26022 77546 29021 88518 27022 99504
28017 11455 30023 22392 27024 33355 26046 44246 29024
55225 24525 66194 23526 77180 23014 88177 24510 99173
29513 11163 31510 22153 04004 33149 10510 44144 09017
55078 10016 66074 12513 77073 13010 88069 06011 99067
06513 11065 04513 22062 10013 33060 20501 44056 12010
55054 09010=
