sing20201104.12
TTAA 54121 48698
99008 26236 36008 00091 25643 35504 92774 22047 27014
85508 19056 27522 70157 11257 26525 50588 04918 17011
40760 14918 12509 30972 29718 08510 25099 40137 07527
20247 53143 08528 15425 69343 06536 10657 79558 10062
88105 83336 09561
77115 08071 437//=
TTCC 54121 48698
70867 73364 28516 50066 67173 29015 30384 55980 27032
20645 47785 25519 10106 37991 09075
88653 75163 26513
77103 09577 44029=
TTDD 5412/ 48698
11945 72964 22903 74564 33889 70566 44868 69767 55653
75163 66590 69371 77501 67173 88456 61977 99424 62976
11281 53981 22236 55380 33194 46985 44178 49783 55135
44987 66115 46786 77104 38191 88095 36991 99078 39190
11066 37592 22060 30395 33057 29595 44055 29995
21212 11954 10034 22909 09031 33884 08010 44871 15001
55847 25010 66811 24511 77753 28019 88727 27014 99705
28515 11631 26007 22613 24511 33591 26013 44552 26014
55517 29016 66493 29514 77474 25013 88454 25017 99424
28515 11371 30037 22350 31035 33293 26530 44221 26529
55204 25021 66175 31510 77168 25503 88159 17513 99148
13519 11135 10031 22125 10037 33116 08041 44113 07040
55103 09577 66096 09067 77084 11544 88071 08525 99069
06518 11068 04519 22061 07030 33058 04015 44057 02515
55055 01518=
