sing20210609.12
TTAA 59121 48698
99006 30257 30005 00076 29657 16005 92767 23656 22504
85502 18637 20007 70144 09637 14005 50586 03965 11013
40759 13556 08015 30971 28962 06025 25099 39366 06541
20247 52364 06545 15427 66962 06047 10662 80157 08522
88999
77999=
TTCC 59121 48698
70867 75564 29530 50066 67773 26521 30381 61378 11020
20643 49384 10050 10103 40190 08066
88946 81958 05517
77101 08067 40920=
TTDD 5912/ 48698
11946 81958 22924 74962 33905 73363 44758 77362 55645
73967 66607 69771 77531 70970 88484 65575 99371 62777
11355 59779 22308 61577 33240 48584 44218 51582 55209
48585 66166 45386 77143 48384 88084 37991 99082 37991
11069 28995 22057 37591 33055 34793 44046 36593 55043
30195
21212 11965 07024 22946 05517 33937 03510 44924 33506
55912 29011 66882 27025 77824 26040 88766 26531 99690
29527 11662 29519 22655 29018 33643 27521 44615 31527
55580 36012 66571 34010 77565 32011 88530 27526 99489
27016 11454 26019 22434 27527 33397 27015 44369 31510
55344 00501 66321 13010 77313 11014 88293 11525 99276
09030 11266 09540 22259 10540 33231 08544 44209 09556
55167 09560 66139 08545 77113 07059 88101 08067 99093
07559 11076 12032 22072 13010 33071 00000 44070 32510
55068 32521 66065 33517 77064 30022 88058 29539 99050
27525 11046 28022 22045 30017 33043 32522=
