sing20210620.00
TTAA 70001 48698
99009 27224 02006 00107 27032 18003 92794 23459 22010
85527 18250 21518 70165 08221 25504 50587 06334 22505
40758 17716 07516 30968 31360 07023 25094 42350 06031
20241 54759 09540 15419 67356 08088 10656 80744 16512
88999
77141 08097 43264=
TTCC 70001 48698
70863 68370 25527 50066 62976 24518 30381 58579 08542
20640 52981 10554 10104 38591 12528
88961 81543 13504
77122 08574 40746=
TTDD 7000/ 48698
11961 81543 22871 81556 33842 77360 44822 71165 55794
68970 66749 69969 77612 66972 88582 68771 99476 61776
11418 64774 22266 55380 33235 56780 44221 52382 55204
53181 66176 47185 77153 48184 88109 37791 99090 39990
11086 36593 22076 35193 33073 31594 44069 33993
21212 11992 16510 22957 11503 33935 07010 44873 09039
55833 12015 66824 16010 77816 19512 88803 22518 99751
25042 11679 25530 22633 30022 33620 29018 44589 26527
55563 27521 66504 24515 77479 25526 88461 28017 99439
26024 11421 27014 22403 25514 33390 27018 44364 02510
55362 03510 66339 06018 77325 04528 88307 08042 99263
08560 11249 08551 22218 11058 33140 09068 44132 09057
55122 08574 66108 09032 77101 12533 88099 11524 99095
07518 11093 05021 22090 04529 33088 03021 44085 33017
55083 31515 66079 26519 77075 26538 88069 28014=
