sing20210603.00
TTAA 53001 48698
99007 28614 32005 00087 28422 17003 92777 23211 15518
85513 19847 15518 70165 10026 14008 50589 04950 08005
40762 13571 05014 30974 29161 10014 25101 39756 14515
20250 52356 11023 15429 67937 07550 10666 81346 10029
88999
77133 07568 42147=
TTCC 53001 48698
70868 71367 33017 50069 66772 27013 30384 58777 09024
20643 53980 08057 10101 38789 09073
88955 83146 09522
77110 09076 42131=
TTDD 5300/ 48698
11955 83146 22860 82756 33653 68370 44604 69969 55529
69570 66432 62975 77392 64374 88361 58978 99323 61176
11310 57579 22301 58777 33218 53580 44201 53980 55167
47783 66155 49182 77115 45784 88098 37389 99085 34391
11066 36390 22058 35991 33056 33193
21212 11942 09519 22908 07016 33874 07519 44810 12020
55751 11011 66742 10010 77724 04503 88710 33011 99696
33017 11679 33012 22668 27507 33662 25011 44637 24528
55598 27039 66573 26026 77534 31015 88514 31010 99470 
24013 11447 25023 22407 27015 33395 25514 44386 26512
55378 24510 66363 23510 77355 24010 88340 32004 99332 
01510 11327 02011 22313 09021 33305 10020 44292 07534 
55241 07566 66219 09055 77206 08049 88182 09071 99165 
10056 11143 08552 22126 08061 33110 09076 44100 09073 
55093 10037 66081 10510 77078 02002 88076 30510 99072 
28523 11069 30532 22064 35023 33062 35016 44058 30018 
55057 25013 66056 24516=
