sing20210621.00
TTAA 71001 48698
99009 26420 33006 00100 26842 21503 92787 23242 21512
85520 17822 23515 70160 09041 20505 50587 07106 27007
40758 16726 18507 30968 31756 08009 25095 41756 08519
20242 54946 09036 15419 68950 08072 10655 79357 05024
88102 80150 07019
77136 08096 43355=
TTCC 71001 48698
70866 69770 27020 50069 65973 26539 30383 63575 08540
20641 51182 09067 10107 40788 07024
88314 64575 07027
77192 09067 41111=
TTDD 7100/ 48698
11906 71166 22867 72166 33817 68570 44710 71368 55582
64174 66476 66773 77357 60377 88314 64575 99225 51782
11210 52581 22174 45185 33128 39589 44086 44386 55075
34393
21212 11949 07040 22896 07516 33862 11510 44849 17005
55839 22510 66820 26018 77747 27038 88715 28026 99666
25014 11640 27014 22632 26012 33626 25014 44584 25036
55516 26043 66468 26026 77450 28012 88432 26520 99403
33517 11389 35013 22385 00510 33381 04509 44376 08510
55371 10012 66358 07017 77335 08011 88321 06522 99290
09547 11267 09559 22192 09067 33151 08552 44132 08563
55124 09546 66119 10547 77112 08551 88100 06524 99096
10525 11087 09024 22083 07513 33080 35506 44078 34510
55077 01011 66075 30010 77074 28515 88065 24030=
