sing20210608.00
TTAA 58001 48698
99008 27820 03006 00097 27424 12502 92786 22817 16515
85521 18841 20020 70161 09238 14003 50588 04759 09008
40760 15158 11513 30972 30358 08522 25099 39950 06531
20247 53141 05542 15426 66959 06562 10662 81144 07044
88999
77142 07568 42021=
TTCC 58001 48698
70867 72967 24531 50068 66173 26533 30383 59178 09029
20641 51582 09056 10100 41788 09577
88956 82138 07035
77098 09583 41167=
TTDD 5800/ 48698
11956 82138 22875 81358 33841 72765 44817 71968 55690
73366 66577 70970 77536 65974 88280 57979 99262 59178
11230 53381 22192 50383 33173 52581 44112 41788 55098
41588 66072 28196 77063 27196 88054 30995 99047 25397
11042 26796
21212 11959 06536 22927 09526 33875 07519 44861 06010
55850 36006 66837 30510 77793 26530 88729 24020 99661
27021 11629 24017 22558 29015 33524 26533 44476 27535
55460 29025 66431 28017 77421 29512 88412 27007 99405
25510 11393 24517 22371 27011 33363 22004 44340 13014
55328 12514 66311 09018 77286 08039 88230 10051 99203
09059 11123 09065 22098 09583 33093 10056 44089 12032
55086 13024 66082 09510 77080 04503 88077 03010 99065
04510 11059 20010 22055 24019 33053 23014 44051 23538
55049 23527 66042 27530=
