sing20210629.00
TTAA 79001 48698
99008 27850 01508 00096 27256 06503 92783 22010 15006
85515 18249 20004 70153 08412 03508 50587 04350 12523
40760 14759 08012 30970 31366 08523 25097 41961 08525
20244 54357 08530 15422 68550 08519 10657 77357 05520
88112 78756 12026
77999=
TTCC 79001 48698
70866 67171 22024 50070 66772 27516 30386 60976 11545
20644 53380 09064 10101 37790 09030
88999
77117 09586 41355=
TTDD 7900/ 48698
11877 79158 22796 68169 33752 70168 44707 66971 55662
69370 66623 63775 77503 67172 88395 59178 99333 62376
11216 52581 22189 53980 33122 45385 44114 46385 55103
38590 66087 35191 77079 34392 88069 38190 99064 34992
11059 35991 22052 29195
21212 11883 04504 22843 10018 33813 09530 44792 11020
55764 10010 66746 14504 77728 20010 88689 22526 99651
24024 11631 27016 22623 28519 33579 29541 44508 29015
55495 27516 66480 27019 77466 29018 88451 27528 99424
28032 11394 29020 22385 28018 33375 31013 44370 33014
55346 01015 66337 05014 77330 08523 88312 10044 99299
11546 11221 08562 22212 09561 33184 08065 44117 09586
55109 09571 66101 09032 77094 09516 88092 10510 99090
15506 11087 19510 22085 22017 33082 23031 44075 27037
55071 25528 66067 26029 77064 26515 88061 17003 99057
18010 11055 22520 22054 23526 33052 20515=
