sing20210610.00
TTAA 60001 48698
99007 27825 36006 00083 27432 21003 92771 22628 17510
85505 19457 21012 70148 10260 15007 50587 03941 09014
40759 15530 06512 30970 30161 06530 25097 40364 05538
20245 53158 07043 15424 68146 06050 10658 75361 03517
88118 78749 06537
77999=
TTCC 60001 48698
70865 76563 34014 50065 64175 27524 30383 55380 10024
20641 54581 09045 10098 41588 10065
88999
77111 09072 41316=
TTDD 6000/ 48698
11977 72962 22715 76563 33593 72368 44543 66373 55461
61576 66423 63375 77308 55180 88252 54181 99208 57179
11200 54581 22155 52382 33153 52582 44112 40988 55104
41788 66070 32994 77063 36991 88053 31594 99051 32994
11046 25197
21212 11989 02510 22975 34006 33944 28010 44844 26038
55775 27024 66693 35012 77690 35010 88677 27503 99662
22510 11629 24532 22596 21511 33588 21514 44560 26021
55516 27529 66479 27022 77442 31017 88432 31016 99421
27515 11398 25517 22381 26510 33328 00000 44322 09510
55308 11024 66288 08522 77243 09047 88215 08040 99195
09546 11150 08552 22133 10061 33111 09072 44092 09559
55085 10041 66079 15531 77074 17517 88070 22007 99069
24010 11066 25021 22062 30013 33060 35510 44058 34513
55054 34515 66051 02525 77050 03520 88048 06021 99047 
06510 11046 10504=
