sing20230928.12
TTAA  78111 48698
99006 30657 20504 00081 29850 12008 92777 23421 17508
85512 21865 17516 70163 11062 29516 50589 03357 08514
40763 12566 09519 30976 28980 07023 25104 39568 03525
20252 52564 06523 15431 66960 07041 10667 74160 21504
88114 79156 09537
77999=
TTCC  78111 48698
70876 73566 26537 50074 64976 34512 30387 60582 09045
20643 53985 09576 10101 42988 09068
88659 75165 26529
77104 09080 41516=
TTDD  7811/ 48698
11926 78159 22891 76959 33871 71564 44807 70565 55659 75165
66615 75166 77559 72169 88514 65775 99378 66777 11359 62780
22315 62180 33288 60183 44278 57184 55216 57184 66188 50786
77081 42388 88057 33999
21212 11892 20516 22875 24518 33847 26533 44785 27541 55662
26531 66637 25027 77562 26521 88521 31512 99507 35014 11468
30010 22458 32006 33441 10004 44421 10010 55401 16008 66382
07012 77368 04518 88351 08527 99328 06039 11317 06531 22312
08033 33274 09560 44229 09070 55198 09578 66188 10066 77118
09566 88104 09080 99098 09562 11071 09068 22062 08535 33057
05027=
