sing20230915.12
TTAA  65111 48698
99007 30257 22004 00091 29450 14008 92779 23232 14012
85519 19256 18510 70158 11258 29010 50589 06328 09012
40762 12571 15019 30974 30158 08014 25101 39963 03525
20249 52538 04541 15429 65365 08029 10666 77358 20012
88111 79156 08504
77999=
TTCC  65111 48698
70874 69767 31016 50075 68972 31010 30387 58984 08549
20644 51386 09078 10110 40189 10049
88999
77201 09078 42009=
TTDD  6511/ 48698
11937 78358 22858 75960 33824 71163 44748 73763 55669 66770
66624 69569 77586 67172 88531 69171 99494 69372 11467 64177
22408 66176 33332 65578 44303 59384 55278 60384 66252 58184
77241 54385 88212 53585 99189 48587 11169 47987 22151 43188
33117 38789 44091 41988 55074 42588 66068 41789 77056 35190
88052 35390 99050 35790 11048 35790 22046 33791 33044 30192
21212 11967 22527 22910 22518 33861 22025 44824 26533 55769
29045 66704 31518 77677 26010 88635 24523 99605 27525 11554
28033 22508 29512 33487 34506 44470 04014 55465 03008 66450
27008 77439 26014 88402 30514 99382 35014 11365 07018 22351
08514 33338 05018 44315 10041 55291 08558 66275 08054 77261
08070 88237 10066 99201 09078 11133 09554 22122 09560 33095
10049 44070 08051 55066 08056 66063 07551 77055 06029 88051
09014 99048 08527 11046 09531 22044 07519=
