sing20230925.12
TTAA  75111 48698
99006 29457 21504 00084 29256 13508 92775 23648 18016
85509 18842 20519 70158 11258 31504 50589 04142 26502
40762 14733 04508 30974 29182 11527 25101 40150 08035
20250 52343 06037 15429 66757 03558 10667 72962 36018
88121 76758 07549
77143 04060 41636=
TTCC  75111 48698
70874 70165 26514 50075 68970 24023 30386 63173 09041
20641 51386 10068 10101 39789 09054
88825 77560 28014
77149 08580 41527=
TTDD  7511/ 48698
11825 77560 22767 76361 33728 71165 44681 68167 55544 71168
66461 66771 77431 68369 88382 63374 99335 64371 11214 56585
22202 51786 33154 50386 44147 49986 55139 45787 66102 40389
77075 39389 88061 37190 99047 30399
21212 11925 26518 22834 27514 33772 31012 44746 30510 55718
27012 66610 27543 77509 24019 88493 24027 99465 24014 11432
26514 22422 30512 33395 02010 44377 13016 55373 14018 66336
07031 77325 09533 88218 08560 99206 09574 11191 10060 22149
08580 33126 10056 44111 09066 55097 09054 66085 09056 77068
08031 88067 07541 99066 08025 11062 09519 22061 11514 33055
11518 44054 14006 55053 23510 66051 26518 77047 26525=
