sing20230907.12
TTAA  57111 48698
99007 30457 30003 00094 29450 14012 92784 23631 06504
85519 21059 33008 70167 11058 34014 50589 06122 08502
40760 16109 09529 30971 29750 07531 25098 40150 09037
20247 52162 07554 15426 66957 09553 10663 71764 10016
88109 78759 05560
77999=
TTCC  57111 48698
70872 75965 27025 50073 65582 23533 30388 60384 11037
20645 53985 08058 10104 40789 09060
88999
77086 09574 41410=
TTDD  5711/ 48698
11850 71766 22726 77164 33598 69572 44572 64777 55482 66782
66463 63583 77385 65782 88361 65582 99337 60184 11306 60784
22270 55985 33230 56984 44190 51186 55112 44388 66085 38390
77070 38589 88060 34791 99051 35190
21212 11980 15008 22961 16506 33926 23021 44896 24537 55777
27035 66711 27031 77684 28519 88657 28018 99620 36012 11600
31504 22590 20506 33587 19508 44528 23527 55486 23027 66468
27019 77454 26014 88441 30514 99385 01033 11326 11035 22278
11553 33267 10058 44231 10558 55212 08556 66177 07554 77158
08568 88102 08560 99086 09574 11077 08564 22072 09049 33066
09549 44063 09056 55062 09064 66051 08525=
