sing20230923.00
TTAA  73001 48698
99008 27024 04503 00103 26822 06502 92788 22829 18506
85523 18430 18012 70164 11458 28019 50589 06105 19004
40760 16320 11023 30971 30347 05012 25099 41356 04027
20246 53558 05047 15425 66163 08045 10662 75758 00504
88106 78157 08518
77999=
TTCC  73001 48698
70870 72759 28014 50073 64160 27521 30384 60760 09049
20639 54779 09058 10092 44388 09074
88999
77166 09582 42319=
TTDD  7300/ 48698
11967 77158 22797 71760 33719 72958 44663 72160 55611 66561
66567 63760 77459 66959 88422 64960 99389 67359 11377 65560
22354 67158 33343 64562 44326 63959 55319 61765 66285 62159
77213 54769 88197 55185 99179 54185 11169 50386 22145 47787
33127 49586 44106 46587 55082 39589 66080 39389 77075 34791
88067 31392 99054 30599
21212 11985 30006 22934 29523 33892 26523 44834 25023 55788
26527 66762 24525 77697 28512 88654 01002 99650 22002 11626
20010 22614 13008 33600 20510 44590 22516 55566 22527 66502
27021 77468 24512 88454 19508 99439 21018 11428 19516 22388
19014 33376 10504 44372 35502 55369 34004 66347 07516 77341
09018 88329 08518 99313 09045 11269 08551 22264 09037 33258
09051 44182 09058 55166 09582 66145 09564 77116 08562 88085
09582 99077 09572 11073 09053 22067 09541 33065 11029 44062
15031 55060 17523 66058 22514 77054 26019=
