sing20180615.00
TTAA 65001 48698
99009 25630 19005 00098 25037 17008 92785 23657 20012
85519 18636 22010 70160 08627 28008 50587 05157 03515
40759 15158 08507 30970 30529 12025 25097 40947 10043
20245 53340 06560 15424 65134 06097 10661 82550 11548
88999
77143 06600 42744=
TTCC 65001 48698
70865 66973 07515 50067 69173 10026 30378 59380 09575
20640 50585 08565 10103 40791 24539
88984 83150 11545 88579 69771 06009
77273 09078 41215=
TTDD 6500/ 48698
11984 83150 22835 82157 33766 71170 44731 68972 55649
65575 66579 69771 77386 66974 88263 53383 99217 50585
11210 50784 22182 49386 33161 41390 44142 45388 55137
42990 66109 46588 77106 41791 88087 35793 99080 37992
11075 37592 22066 30795 33062 33794 44051 30995 55045
36593 66043 35193 77042 29995 88039 28395
21212 11888 06020 22850 05024 33792 07533 44760 06525
55743 09019 66721 08527 77686 07010 88673 02002 99658
30010 11645 29014 22616 29513 33605 30510 44574 06510
55535 09522 66475 10032 77448 07036 88367 09072 99344
10061 11273 09078 22229 09061 33184 08570 44165 09518
55162 10010 66157 18501 77153 26510 88141 22517 99135
28017 11130 29528 22125 28525 33120 31013 44119 31010
55117 28006 66115 25510 77109 26026 88104 24037 99094
25534 11089 26049 22080 25524 33075 28027 44069 28528
55065 33034 66063 32536 77058 29526 88057 27520 99055
22520 11053 22520 22051 25017 33051 27019 44047 26034
55045 26526 66044 24522 77043 26523 88042 22531 99039
21025=
