sing20180613.00
TTAA 63001 48698
99008 29831 19003 00097 28433 15504 92786 22603 12514
85520 19033 16509 70166 10463 16504 50588 07319 20006
40759 15362 08030 30970 30950 07532 25097 40536 08033
20245 52930 06548 15423 68747 07068 10661 72565 34008
88128 74757 07081
77127 07082 41581=
TTCC 63001 48698
70866 75765 18009 50063 72569 11035 30378 56380 09063
20639 49383 09578 10108 38191 27020
88776 80958 03513
77241 09080 42207=
TTDD 6300/ 48698
11776 80958 22659 73767 33649 74566 44503 72769 55459
66774 66439 60778 77423 60377 88388 62775 99298 55980
11214 52182 22212 52182 33198 48984 44186 42187 55164
44186 66151 39190 77117 42988 88093 36792
21212 11982 02010 22946 02016 33839 06524 44809 06023
55777 03514 66768 05010 77735 05011 88730 06010 99679
00000 11648 35010 22616 04020 33609 05018 44603 07013
55598 12011 66598 08015 77558 09037 88527 12024 99464
10550 11430 08552 22400 09552 33352 08568 44333 09059
55281 08063 66241 09080 77199 09577 88178 11028 99165
11013 11161 10010 22157 00000 33150 31010 44139 30032
55129 31022 66127 30019 77126 27512 88125 23008 99125
19011 11124 16518 22123 16022 33122 17513 44121 23008
55120 27010 66119 29018 77118 29524 88113 28025 99108
31525 11106 32021 22104 32015 33102 28016 44099 26522
55093 29516=
