sing20180618.12
TTAA 68121 48698
99006 29037 19504 00078 27835 17006 92767 23840 19509
85503 19848 27510 70149 09238 29010 50587 04158 10513
40760 14744 08513 30971 30526 06526 25099 39526 01523
20247 52743 03016 15426 67718 07055 10660 81750 11049
88999
77122 07069 41147=
TTCC 68125 48698
70866 72967 28505 50065 68372 08540
88978 82546 10052
77999=
TTDD 6812/ 48698
11978 82546 22893 72965 33722 75364 44688 72168 55644
73367 66622 66973 77539 71969 88488 67373 99434 67973
21212 11957 10056 22888 14014 33880 15510 44861 23505
55670 17002 66635 08515 77608 12513 88590 14014 99569
09516 11550 08022 22474 07546 33434 08541=
