sing20180611.12
TTAA 61121 48698
99008 30856 20503 00095 29250 16510 92786 23850 17515
85521 19044 16020 70165 11664 22511 50588 06511 10514
40760 15704 09531 30972 30344 06031 25099 39159 05049
20248 51741 06570 15428 66757 07077 10664 75562 10010
88117 78557 08085
77116 08086 416//=
TTCC 61121 48698
70868 71171 17007 50066 68972 07545 30381 55781 09061
20642 50185 10068 10113 35993 29010
88805 81957 35507
77187 09074 40945=
TTDD 6112/ 48698
11805 81957 22766 81558 33747 78762 44722 70171 55600
73768 66519 67974 77491 69173 88437 64177 99393 64176
11271 54382 22245 55182 33200 50185 44165 40990 55146
40391 66134 42589 77124 38392 88102 35793 99100 35993
11092 30795 22076 38592 33059 39591 44049 24397 55047
26196
21212 11954 07011 22864 34504 33792 06010 44770 07519
55750 06015 66737 07013 77683 21010 88660 22510 99630
35003 11597 06010 22580 08512 33563 04507 44516 07541
55515 07541 66476 09048 77416 08068 88370 10062 99338
09055 11187 09074 22173 10060 33165 11534 44157 11027
55151 08531 66146 08517 77138 05513 88135 06010 99131
03008 11128 01510 22124 04511 33117 02527 44115 04027
55111 04012 66110 03510 77109 34006 88108 28510 99104
28027 11100 28510 22097 28006 33093 24023 44084 23554
55079 22543 66075 23031 77072 26018 88071 27515 99067
35514 11066 00514 22064 34511 33063 36010 44062 03013
55058 01518 66054 09019 77053 08510 88052 30010 99051
32512 11050 36015 22049 31515 33048 30516 44047 32019=
