sing20180620.12
TTAA 70121 48698
99008 24812 28003 00091 25027 21006 92777 23650 16511
85513 21260 23512 70163 10050 23527 50588 05115 08018
40760 15903 05517 30971 29732 08516 25099 40156 09020
20247 53358 10024 15425 68533 09521 10659 77759 06053
88105 81944 06548
77999=
TTCC 70121 48698
70867 72768 30521 50065 71370 11526 30376 60179 08579
20643 36992 09043 10114 41990 28516
88154 42389 28047
77248 09097 41514=
TTDD 7012/ 48698
11905 72368 22822 75763 33797 72567 44747 74965 55446
70772 66430 65377 77393 62977 88338 64576 99278 57580
11245 46186 22218 43388 33200 36992 44154 42389 55145
42989 66138 39791 77120 43988 88113 40591 99104 42390
11069 32194 22056 36393 33052 32794 44051 33794 55048
29595 66041 27396 77039 29795
21212 11974 06556 22881 08527 33827 09010 44816 01001
55803 27510 66790 26016 77776 25016 88750 25016 99696
31022 11689 31520 22666 31010 33649 35503 44584 04510
55523 10023 66497 11526 77491 10528 88475 09034 99435
09562 11406 09557 22319 09080 33248 09097 44214 09585
55201 09044 66186 12513 77185 13510 88182 19006 99179
23510 11172 27519 22159 28051 33145 27542 44139 29027
55132 26536 66116 26017 77112 21510 88111 20511 99099
29516 11096 28521 22093 29532 33089 30522 44085 29022
55081 25520 66079 26517 77076 28033 88072 29535 99066
29542 11056 32026 22055 29019 33054 28021 44049 26533
55048 26031 66044 28028 77043 26025 88039 28513=
