sing20180623.00
TTAA 73001 48698
99008 28228 21002 00094 27431 12503 92781 21608 15009
85513 17621 14510 70151 08819 13007 50587 05140 08014
40759 14957 09012 30970 30359 11011 25097 40185 08012
20245 52761 06509 15424 68335 06530 10658 78357 10017
88112 81742 05028
77999=
TTCC 73002 48698
70863 68772 10011 50064 68572 08040 30383 52382 08559
20643 51782 09557
88253 55780 08558
77314 08565 40709=
TTDD 7300/ 48698
11971 79556 22831 80557 33795 77363 44778 72568 55680
67373 66601 71170 77523 67373 88481 68573 99401 59379
11293 51782 22253 55780 33216 54181 44180 45986 55160
45986 66143 45786
21212 11982 11017 22951 10010 33902 20501 44855 35510
55830 01014 66787 08528 77756 08540 88718 08527 99699
10010 11688 15505 22628 08511 33598 10017 44572 08011
55561 07016 66525 08536 77413 09063 88400 09553 99314
08565 11260 08059 22233 10057 33201 09558 44186 09024
55173 04010 66151 20001 77147 26510 88143 26514=
