sing20180610.12
TTAA 60121 48698
99007 30656 19007 00089 29656 17511 92780 24250 15519
85517 19650 17513 70166 11257 16004 50589 05530 08514
40761 15147 08510 30973 29556 08526 25100 39365 07034
20249 52745 05541 15428 67556 07070 10665 80357 12013
88999
77135 08088 43244=
TTCC 60121 48698
70868 77962 09004 50066 69373 09536 30384 56181 09556
20642 53583 09067 10109 36792 34004
88993 80357 12012 88108 43989 36004
77181 09577 41343=
TTDD 6012/ 48698
11993 80357 22820 76362 33725 80759 44637 70971 55576
69771 66555 71170 77497 69373 88481 65176 99447 66175
11422 62178 22392 62778 33368 57580 44283 55781 55264
56981 66207 54982 77155 40391 88147 42789 99128 37792
11108 43989 22099 36193 33096 36593 44076 29395 55055
35393 66048 29995 77044 32794 88040 30395
21212 11975 12014 22948 09014 33823 33501 44802 25010
55786 24014 66755 24010 77681 08510 88625 13004 99565
13013 11459 07046 22435 09055 33399 07059 44385 08559
55346 08045 66290 09554 77181 09577 88154 08034 99129
11013 11125 17001 22097 32011 33095 31010 44092 01001
55080 04520 66077 05010 77076 11002 88067 18501 99065
18510 11061 23520 22060 26010 33057 25510 44055 34504
55054 04010 66052 05020 77051 08512 88050 13009 99049 
15512 11046 24032 22044 23020 33041 18015 44040 18513=
