sing20180604.12
TTAA 54121 48698
99005 31460 18505 00068 30859 20504 92759 24038 27006
85497 20050 25508 70148 11461 27013 50587 04343 12501
40760 13360 11517 30972 30168 11034 25098 40365 06534
20247 51964 05550 15427 64567 08538 10665 76963 04518
88999
77999=
TTCC 54121 48698
70868 74766 23026 50066 68972 09527 30377 60977 08062
20635 52781 09068 10108 35992 32516
88864 82158 08019 88106 38591 33517
77183 08581 41564=
TTDD 5412/ 48698
11864 82158 22822 80559 33767 72369 44691 74966 55463
67973 66427 70172 77373 62977 88333 62976 99274 55580
11252 56579 22219 51782 33210 51382 44210 51382 55210
51382 66210 51382 77198 52981 88154 37590 99137 38990
11129 34793 22106 38591 33102 34993 44090 39190 55072
33594 66065 35793 77061 33394 88057 34393
21212 11937 04017 22913 05514 33894 07517 44810 07038
55783 10022 66756 16012 77728 21515 88704 23026 99605
29018 11598 30514 22573 36016 33537 04016 44531 05516
55509 09524 66445 08545 77421 09552 88376 10047 99316
08057 11280 09070 22258 09064 33183 08581 44174 09074
55161 10027 66155 07010 77150 07501 88136 21501 99133
26510 11123 28027 22117 28521 33113 35518 44110 01023
55105 32517 66098 32515 77095 30011 88092 26012 99088
24018 11084 23523 22078 27540 33076 27541 44069 27538
55063 31012 66060 28523 77057 30031=
