sing20140930.00
TTAA  80001 48698
99008 28236 21003 00089 27831 12003 92775 22641 16011
85510 18843 18513 70148 08421 17010 50586 05957 02008
40758 14956 09025 30969 30162 12515 25096 40759 11510
20244 53958 10522 15422 68750 09547 10658 781// 10511
88104 78757 11009
77999=
TTCC  80001 48698
70865 741// 25514 50066 663// 28011 30377 597// 09562
20632 539// 09072 10086 419// 09570
88999
77176 09578 40909=
TTDD  8000/ 48698
11958 741// 22918 717// 33893 729// 44840 753// 55817
747// 66789 739// 77740 755// 88716 743// 99706 739//
11629 689// 22529 671// 33505 661// 44480 675// 55468
665// 66462 659// 77456 663// 88413 651// 99367 675//
11340 647// 22315 615// 33304 595// 44266 609// 55247
595// 66232 583// 77217 549// 88197 533// 99165 501//
11152 473// 22140 483// 33131 495// 44110 467// 55102
429// 66095 407// 77077 341//
21212 11971 07019 22935 29504 33918 26008 44901 27012
55775 24005 66749 23515 77725 25008 88662 28017 99642
29007 11633 29008 22581 21506 33544 24017 44519 27517
55495 27510 66478 18003 77470 16510 88462 18515 99432
14520 11405 09529 22364 09037 33319 09557 44308 09564
55214 08576 66207 09077 77203 09070 88176 09578 99169
10073 11144 10065 22123 09069 33091 10073 44086 11559
55084 12075 66081 11055 77080 13049=
