sing20140913.00
TTAA  63001 48698
99008 28443 20002 00086 28038 15504 92774 23042 18015
85509 19858 17513 70151 08620 19504 50586 05540 06011
40757 14961 06015 30969 30965 04014 25095 41762 05026
20243 53757 07536 15422 67748 09027 10657 785// 06027
88106 79939 05530
77999=
TTCC  63002 48698
70867 667// 28530 50068 689// 22525 30382 579// 08064
20641 519// 10065 10099 423// /////
88999
77236 09575 41213=
TTDD  6300/ 48698
11991 789// 22913 781// 33890 767// 44860 755// 55838
735// 66784 661// 77757 631// 88724 651// 99684 675//
11622 695// 22585 707// 33578 709// 44557 685// 55442
649// 66411 617// 77370 645// 88360 629// 99339 589//
11308 577// 22258 557// 33212 529// 44188 491// 55159
477// 66151 493// 77136 477// 88134 477// 99065 339//
11062 349// 22053 337//
21212 11877 16020 22839 14016 33814 14512 44801 18003
55776 31022 66764 31030 77677 27529 88615 27039 99586
26032 11559 24022 22515 21020 33489 23029 44458 19505
55451 04505 66445 03012 77431 06018 88390 06040 99363
07558 11341 10060 22310 08558 33270 09071 44236 09575
55208 10063 66158 10554 77150 10062 88137 10558 99066
///// 11065 09508 22063 13512 33060 07507 44059 15008
55058 06509 66056 32009 77055 01010=
