sing20140901.00
TTAA  51001 48698
99007 27434 05001 00074 27633 12505 92761 22857 12510
85494 19658 15006 70139 10857 24509 50586 06732 20505
40757 15957 06008 30967 32548 07025 25093 42338 07034
20240 53957 09039 15418 68557 08044 10656 751// 26532
88128 75157 06022
77999=
TTCC  51001 48698
70864 703// 27019 50067 663// 25023 30379 605// 09054
20636 507// 09562 10091 461// 09066
88999
77104 08570 41223=
TTDD  5100/ 48698
11942 763// 22899 755// 33884 745// 44810 723// 55800
721// 66743 721// 77715 703// 88649 667// 99470 639//
11428 675// 22375 623// 33309 607// 44289 597// 55224
553// 66207 515// 77193 501// 88147 491// 99137 507//
11105 469// 22094 445// 33082 425// 44073 413// 55067
393// 66064 385//
21212 11938 24017 22907 22507 33877 26013 44782 30525
55719 30016 66684 27021 77632 30018 88621 31014 99599
27513 11579 26520 22569 27516 33549 24015 44531 23013
55513 25019 66496 25024 77487 25518 88454 03501 99423
05012 11408 06013 22401 05015 33387 09020 44374 08033
55335 09550 66290 09557 77255 09568 88219 10561 99156
07554 11115 08561 22104 08570 33094 09053 44074 08560
55069 07544 66068 06029 77066 09029 88065 07540 99064
07527=
