  1. 9.2014   0 Uhr

 99.9  16.4   1.4   93.8   7.6   4.4   90.7   2.5   2.5   87.7   6.6   1.2
 78.2  10.5  -7.4   71.9   7.1  -4.1   70.0   9.8   0.0   68.4  10.8   0.0
 63.2   8.0  -4.6   62.1   5.5  -4.6   59.9   6.7  -0.6   57.9  10.2   0.9
 56.9   8.2  -0.7   54.9   6.7   3.9   53.1   5.1   4.3   51.3   9.2   3.3
 50.0  11.1   4.0   49.6  11.6   4.2   48.7   8.9   2.4   45.4  -0.3  -0.4
 42.3  -4.7  -4.0   40.8  -5.8  -3.3   40.1  -5.9  -5.0   38.7 -10.3   0.0
 37.4 -16.7  -2.9   33.5 -25.6   2.2   30.0 -27.8   0.0   29.0 -29.2   2.6
 25.5 -34.8   3.0   21.9 -30.3   8.1   20.0 -31.8   2.8   15.6 -26.8  -7.2
 11.5 -31.3  -2.7   10.4 -35.9  -3.1   10.0 -34.0   0.0    9.4 -27.3   0.0
  7.4 -30.7  -2.7    6.9 -21.9  -5.9    6.8 -12.9  -7.5    6.6 -14.9   0.0
  6.5 -19.9  -5.3    6.4 -13.4  -3.6

 99.9  16.4   1.4   90.0   3.5   2.2   80.0   9.8  -5.7   70.0   9.8   0.0
 60.0   6.6  -0.8   50.0  11.1   4.0   45.0  -0.9  -0.9   40.0  -6.2  -4.6
 35.0 -22.1   0.2   30.0 -27.8   0.0   25.0 -34.2   3.7   22.5 -31.1   7.2
 20.0 -31.8   2.8   15.0 -27.4  -6.6   12.0 -30.7  -3.3   10.0 -34.0   0.0
  8.0 -29.6  -1.8    7.0 -23.7  -5.2    6.0   0.0   0.0    5.0   0.0   0.0
  4.0   0.0   0.0
 
  1. 9.2014  12 Uhr

 99.9   0.0   0.0   90.0   0.0   0.0   80.0   0.0   0.0   70.0   0.0   0.0
 60.0   0.0   0.0   50.0   0.0   0.0   45.0   0.0   0.0   40.0   0.0   0.0
 35.0   0.0   0.0   30.0   0.0   0.0   25.0   0.0   0.0   22.5   0.0   0.0
 20.0   0.0   0.0   15.0   0.0   0.0   12.0   0.0   0.0   10.0   0.0   0.0
  8.0   0.0   0.0    7.0   0.0   0.0    6.0   0.0   0.0    5.0   0.0   0.0
  4.0   0.0   0.0
 
  2. 9.2014   0 Uhr

 99.9  10.7  -6.2   94.9   5.1  -3.5   87.3   5.1   0.9   84.6   5.6  -1.0
 82.0   6.2   0.0   76.9   1.0   0.4   70.0  13.3   1.2   69.5  13.9   0.0
 64.1   6.7  -4.7   62.1   5.5  -3.8   61.1   8.4  -2.3   59.2   9.8  -4.6
 55.5   8.2   0.0   53.0  13.9   0.0   50.5  11.4  -3.1   50.0  10.9  -2.9
 48.9  10.1  -1.8   45.7   4.4  -4.4   44.1   0.5  -6.1   43.4  -1.6  -6.0
 42.6  -0.4  -5.1   37.8 -17.9   4.8   32.9 -30.4   0.0   31.8 -29.9  -5.3
 30.0 -30.7  -2.7   24.7 -34.5   0.0   22.5 -30.4   0.0   21.4 -35.5   0.0
 20.0 -32.4   0.0   17.7 -29.9   5.3   12.5 -36.4  -3.2   11.8 -32.8   2.9
 10.0 -35.9  -3.1    9.8 -36.9  -3.2    8.4 -33.3  -2.9    7.2 -20.0  -9.3
  7.1 -20.5 -11.8

 99.9  10.7  -6.2   90.0   5.1  -0.7   80.0   4.2   0.1   70.0  13.3   1.2
 60.0   9.2  -3.6   50.0  10.9  -2.9   45.0   2.7  -5.1   40.0  -9.7   0.1
 35.0 -24.9   2.1   30.0 -30.7  -2.7   25.0 -34.2  -0.2   22.5 -30.4   0.0
 20.0 -32.4   0.0   15.0 -33.1   1.1   12.0 -33.8   1.1   10.0 -35.9  -3.1
  8.0 -29.1  -5.0    7.0 -20.9 -14.3    6.0   0.0   0.0    5.0   0.0   0.0
  4.0   0.0   0.0
 
  2. 9.2014  12 Uhr

 99.9   0.0   0.0   90.0   0.0   0.0   80.0   0.0   0.0   70.0   0.0   0.0
 60.0   0.0   0.0   50.0   0.0   0.0   45.0   0.0   0.0   40.0   0.0   0.0
 35.0   0.0   0.0   30.0   0.0   0.0   25.0   0.0   0.0   22.5   0.0   0.0
 20.0   0.0   0.0   15.0   0.0   0.0   12.0   0.0   0.0   10.0   0.0   0.0
  8.0   0.0   0.0    7.0   0.0   0.0    6.0   0.0   0.0    5.0   0.0   0.0
  4.0   0.0   0.0
 
  3. 9.2014   0 Uhr

 99.9  -1.7  -1.2   97.6   0.0   1.5   93.8  -0.3   1.5   92.0   1.4   0.7
 90.4   0.3   1.5   85.9   6.3   2.3   83.1   5.1   0.9   80.4   1.4  -0.7
 79.1   5.1   2.4   75.3  13.7   2.4   70.0   8.1   1.4   68.9   6.7   0.0
 64.9  -0.7  -0.7   63.0   3.0   3.5   59.8   7.9   3.7   55.7  12.9   3.5
 53.7   6.7   3.9   51.0   1.0  -1.8   50.1  -0.4  -1.5   50.0  -0.3  -1.5
 46.0  -7.6   1.3   41.4 -10.6  12.6   36.5 -25.2   0.0   32.2 -27.2   2.4
 31.1 -27.2   2.4   30.1 -28.3   0.0   30.0 -28.3   0.0   28.5 -31.8  -2.8
 25.9 -34.5  -6.1   25.0 -36.9  -3.2   20.9 -28.2   2.5   20.0 -27.8   0.0
 15.5 -36.5   0.0   14.2 -39.5  -3.5   12.8 -35.9  -3.1   10.0 -38.9  -3.4
  7.9 -44.2   0.0    7.3 -26.6   2.3    7.1 -27.9   4.9    6.8 -24.7  -9.0


 99.9  -1.7  -1.2   90.0   0.8   1.6   80.0   2.5   0.3   70.0   8.1   1.4
 60.0   7.6   3.7   50.0  -0.3  -1.5   45.0  -8.2   3.7   40.0 -14.6   9.1
 35.0 -25.9   0.8   30.0 -28.3   0.0   25.0 -36.9  -3.2   22.5 -31.7   0.2
 20.0 -27.8   0.0   15.0 -37.6  -1.3   12.0 -36.7  -3.2   10.0 -38.9  -3.4
  8.0 -44.0  -0.2    7.0 -26.8   0.3    6.0   0.0   0.0    5.0   0.0   0.0
  4.0   0.0   0.0
 
  3. 9.2014  12 Uhr

 99.9   0.0   0.0   90.0   0.0   0.0   80.0   0.0   0.0   70.0   0.0   0.0
 60.0   0.0   0.0   50.0   0.0   0.0   45.0   0.0   0.0   40.0   0.0   0.0
 35.0   0.0   0.0   30.0   0.0   0.0   25.0   0.0   0.0   22.5   0.0   0.0
 20.0   0.0   0.0   15.0   0.0   0.0   12.0   0.0   0.0   10.0   0.0   0.0
  8.0   0.0   0.0    7.0   0.0   0.0    6.0   0.0   0.0    5.0   0.0   0.0
  4.0   0.0   0.0
 
  4. 9.2014   0 Uhr

 99.9  -4.4   1.6   98.2  -2.1   3.6   89.3   5.9   8.4   85.2  13.1   4.8
 71.5   7.9   6.6   70.5  11.0   9.3   70.0   9.9   8.3   66.6   5.1   3.5
 64.7   8.7   0.8   61.2  14.3  -1.3   58.4  17.9  -1.6   54.1  12.8  -1.1
 51.6   7.1  -1.3   50.2   3.3  -3.9   50.0   3.6  -3.6   49.4   4.2  -2.0
 47.9   3.5  -0.6   47.2   4.0   1.1   45.8   2.1   1.5   44.4   1.0   0.1
 42.4  -8.0  -2.1   41.7  -4.1  -0.7   38.5 -14.7 -10.3   36.1 -18.4  -6.7
 32.9 -32.8  -2.9   30.0 -33.3   2.9   26.8 -37.0   0.0   24.7 -32.3   2.8
 23.1 -38.4   3.4   20.0 -30.2   2.6   19.7 -24.7   0.0   19.0 -33.4   0.0
 17.5 -32.3   8.7   17.1 -36.0   6.3   16.5 -31.4   5.5   15.2 -38.9   3.4
 12.8 -39.5  -7.0   11.4 -32.4  -5.7   10.8 -40.5  -3.5   10.3 -43.6   3.8
 10.0 -43.6   3.8    9.8 -43.6   3.8    9.6 -36.8   9.9    9.3 -41.2   0.0
  8.8 -34.8   3.0    8.0 -38.6   0.0    7.3 -24.8  -4.4    6.3  -6.5   9.3
  6.2  -8.0   8.0    5.9  -2.8   6.1

 99.9  -4.4   1.6   90.0   5.3   8.0   80.0  11.2   5.4   70.0   9.9   8.3
 60.0  15.9  -1.4   50.0   3.6  -3.6   45.0   1.5   0.7   40.0  -9.7  -5.8
 35.0 -23.2  -5.4   30.0 -33.3   2.9   25.0 -33.0   2.4   22.5 -36.9   3.2
 20.0 -30.2   2.6   15.0 -39.0   2.6   12.0 -35.5  -6.3   10.0 -43.6   3.8
  8.0 -38.6   0.0    7.0 -19.5  -0.4    6.0  -4.6   6.7    5.0   0.0   0.0
  4.0   0.0   0.0
 
  4. 9.2014  12 Uhr

 99.9   0.0   0.0   90.0   0.0   0.0   80.0   0.0   0.0   70.0   0.0   0.0
 60.0   0.0   0.0   50.0   0.0   0.0   45.0   0.0   0.0   40.0   0.0   0.0
 35.0   0.0   0.0   30.0   0.0   0.0   25.0   0.0   0.0   22.5   0.0   0.0
 20.0   0.0   0.0   15.0   0.0   0.0   12.0   0.0   0.0   10.0   0.0   0.0
  8.0   0.0   0.0    7.0   0.0   0.0    6.0   0.0   0.0    5.0   0.0   0.0
  4.0   0.0   0.0
 
  5. 9.2014   0 Uhr

 99.9   0.0   0.0   90.0   0.0   0.0   80.0   0.0   0.0   70.0   0.0   0.0
 60.0   0.0   0.0   50.0   0.0   0.0   45.0   0.0   0.0   40.0   0.0   0.0
 35.0   0.0   0.0   30.0   0.0   0.0   25.0   0.0   0.0   22.5   0.0   0.0
 20.0   0.0   0.0   15.0   0.0   0.0   12.0   0.0   0.0   10.0   0.0   0.0
  8.0   0.0   0.0    7.0   0.0   0.0    6.0   0.0   0.0    5.0   0.0   0.0
  4.0   0.0   0.0
 
  5. 9.2014  12 Uhr

 99.9   0.0   0.0   90.0   0.0   0.0   80.0   0.0   0.0   70.0   0.0   0.0
 60.0   0.0   0.0   50.0   0.0   0.0   45.0   0.0   0.0   40.0   0.0   0.0
 35.0   0.0   0.0   30.0   0.0   0.0   25.0   0.0   0.0   22.5   0.0   0.0
 20.0   0.0   0.0   15.0   0.0   0.0   12.0   0.0   0.0   10.0   0.0   0.0
  8.0   0.0   0.0    7.0   0.0   0.0    6.0   0.0   0.0    5.0   0.0   0.0
  4.0   0.0   0.0
 
  6. 9.2014   0 Uhr

 99.9   7.9  -3.7   93.8  16.9   1.5   87.2   7.6  -4.4   84.4  12.7  -2.2
 81.7  12.1  -4.4   78.0  12.7  -2.2   71.9  10.6  -3.9   70.0  10.1  -7.1
 68.4   7.1 -10.1   64.2  10.7  -5.0   55.5   1.8  -1.0   53.7   4.6   3.2
 50.4   7.2   0.0   50.0   7.5   2.0   48.8   9.7   3.5   43.2  -0.4  -0.3
 42.5  -0.9   1.9   40.4  -4.9   2.8   35.2 -28.4   5.0   33.4 -36.0   0.0
 31.7 -37.9   3.3   30.0 -37.4   3.3   25.6 -35.4  -3.1   20.0 -31.9   0.0
 13.3 -29.7  -2.6   10.0 -34.0   0.0    9.8 -31.4  -5.5    9.2 -29.2  -2.6
  8.7 -22.8  -4.0    8.6 -27.4  -4.8    7.8 -21.3   3.8    7.4 -17.4   4.7
  7.2 -20.9   5.6    7.1 -15.5   5.6    6.9 -16.4  -1.4

 99.9   7.9  -3.7   90.0  11.6  -1.9   80.0  12.3  -3.4   70.0  10.1  -7.1
 60.0   6.5  -3.1   50.0   7.5   2.0   45.0   2.9   0.9   40.0  -6.6   3.0
 35.0 -29.2   4.5   30.0 -37.4   3.3   25.0 -35.0  -2.8   22.5 -33.5  -1.4
 20.0 -31.9   0.0   15.0 -30.3  -1.9   12.0 -31.3  -1.6   10.0 -34.0   0.0
  8.0 -22.8   1.6    7.0 -15.9   2.1    6.0   0.0   0.0    5.0   0.0   0.0
  4.0   0.0   0.0
 
  6. 9.2014  12 Uhr

 99.9   0.0   0.0   90.0   0.0   0.0   80.0   0.0   0.0   70.0   0.0   0.0
 60.0   0.0   0.0   50.0   0.0   0.0   45.0   0.0   0.0   40.0   0.0   0.0
 35.0   0.0   0.0   30.0   0.0   0.0   25.0   0.0   0.0   22.5   0.0   0.0
 20.0   0.0   0.0   15.0   0.0   0.0   12.0   0.0   0.0   10.0   0.0   0.0
  8.0   0.0   0.0    7.0   0.0   0.0    6.0   0.0   0.0    5.0   0.0   0.0
  4.0   0.0   0.0
 
  7. 9.2014   0 Uhr

 99.9   9.4   5.4   95.0  11.1   2.0   86.6   2.8   1.3   82.7   7.2   0.6
 77.8   6.1   2.8   75.5  10.3   0.0   70.0  17.4   4.7   63.8  16.0   9.3
 61.8  16.3   7.6   59.7  14.4   3.9   57.8   9.4   2.5   56.0   7.9   3.7
 55.1   7.5   2.0   53.4   6.3   4.4   51.7   3.3   3.9   50.1   4.1   5.9
 50.0   4.4   6.3   49.3   7.6   4.4   47.8   4.5   2.6   47.1   0.9   3.5
 45.6  -1.8   3.1   42.1 -11.1   6.4   38.8 -21.3  -7.7   35.1 -28.7  -2.5
 30.7 -35.4  -3.1   30.0 -33.8  -3.0   20.0 -28.0  10.2   19.8 -28.3   7.6
 11.8 -26.8   0.0   10.0 -29.2  -2.6    9.1 -31.9  -5.6    8.8 -28.9  -5.1
  7.9 -32.3   2.8    7.2 -15.5   5.6    6.6  -9.6  11.4    6.1  -5.8  -3.3
  6.0  -4.0  -1.1    5.9   4.1   0.4    5.7  -5.8  -3.3    5.5  -8.0  -8.0


 99.9   9.4   5.4   90.0   6.2   1.6   80.0   6.6   1.8   70.0  17.4   4.7
 60.0  14.7   4.4   50.0   4.4   6.3   45.0  -3.4   3.7   40.0 -17.5  -2.5
 35.0 -28.8  -2.5   30.0 -33.8  -3.0   25.0 -31.1   3.1   22.5 -29.7   6.5
 20.0 -28.0  10.2   15.0 -27.5   3.4   12.0 -26.8   0.2   10.0 -29.2  -2.6
  8.0 -31.9   1.9    7.0 -13.5   7.5    6.0  -4.0  -1.1    5.0   0.0   0.0
  4.0   0.0   0.0
 
  7. 9.2014  12 Uhr

 99.9   0.0   0.0   90.0   0.0   0.0   80.0   0.0   0.0   70.0   0.0   0.0
 60.0   0.0   0.0   50.0   0.0   0.0   45.0   0.0   0.0   40.0   0.0   0.0
 35.0   0.0   0.0   30.0   0.0   0.0   25.0   0.0   0.0   22.5   0.0   0.0
 20.0   0.0   0.0   15.0   0.0   0.0   12.0   0.0   0.0   10.0   0.0   0.0
  8.0   0.0   0.0    7.0   0.0   0.0    6.0   0.0   0.0    5.0   0.0   0.0
  4.0   0.0   0.0
 
  8. 9.2014   0 Uhr

 99.9   9.8   0.0   94.4   5.8   2.1   89.0   6.7   5.6   82.1   4.2  -3.0
 77.9  16.4   1.4   75.3  22.1   0.0   70.0  16.4   1.4   60.9   4.3  -3.6
 59.0   7.2   0.0   57.1   7.5   2.0   50.2   5.1  -0.4   50.0   5.1   0.0
 47.7  -0.4  -0.4   46.9  -2.0  -0.4   46.1  -0.7   0.7   45.3  -2.8   1.3
 41.7  -7.0  -1.9   40.4  -8.0   2.1   38.3 -14.4   0.0   34.6 -26.9  -4.7
 31.8 -32.8   2.9   30.0 -32.8   2.9   20.0 -34.3  -3.0   16.1 -28.4  -5.0
 12.2 -32.3  -2.8   10.0 -31.9   5.6    8.3 -34.3   9.2    7.5 -20.5  -9.6
  7.2 -16.4 -16.4    6.9 -13.3  -1.2    6.7 -14.9   1.3    6.6 -14.4  -3.9
  6.4  -9.6  -1.7    6.3  -3.6   2.1

 99.9   9.8   0.0   90.0   6.5   5.0   80.0  10.2  -0.8   70.0  16.4   1.4
 60.0   5.7  -1.9   50.0   5.1   0.0   45.0  -3.1   1.0   40.0  -9.2   1.7
 35.0 -25.5  -4.2   30.0 -32.8   2.9   25.0 -33.5   0.1   22.5 -33.9  -1.4
 20.0 -34.3  -3.0   15.0 -29.4  -4.4   12.0 -32.3  -2.1   10.0 -31.9   5.6
  8.0 -29.2   2.3    7.0 -14.3  -6.3    6.0   0.0   0.0    5.0   0.0   0.0
  4.0   0.0   0.0
 
  8. 9.2014  12 Uhr

 99.9   0.0   0.0   90.0   0.0   0.0   80.0   0.0   0.0   70.0   0.0   0.0
 60.0   0.0   0.0   50.0   0.0   0.0   45.0   0.0   0.0   40.0   0.0   0.0
 35.0   0.0   0.0   30.0   0.0   0.0   25.0   0.0   0.0   22.5   0.0   0.0
 20.0   0.0   0.0   15.0   0.0   0.0   12.0   0.0   0.0   10.0   0.0   0.0
  8.0   0.0   0.0    7.0   0.0   0.0    6.0   0.0   0.0    5.0   0.0   0.0
  4.0   0.0   0.0
 
  9. 9.2014   0 Uhr

 99.9   7.7  -0.7   98.5   7.6   1.3   79.2  17.4   4.7   70.0   9.7   0.9
 58.3   6.7  -3.9   56.5   4.7  -4.7   55.6   4.7  -6.7   53.9   6.1  -2.8
 52.2   3.3   1.5   51.4   2.1   2.9   50.5   3.1   1.8   50.0   2.3   2.8
 48.9  -0.6   3.5   48.2   1.3   2.2   46.6  -1.0  -0.1   45.1  -1.3   0.8
 44.3  -5.1   0.0   39.4 -14.7   2.6   37.4 -17.9   1.6   33.9 -25.6  -2.2
 30.6 -30.4  -5.4   30.0 -29.9  -5.3   24.9 -33.3   2.9   20.0 -31.9   5.6
 13.0 -35.9  -3.1   11.9 -27.3   0.0   11.1 -25.8  -4.6   10.0 -24.8  -6.7
  8.0 -21.8  -7.9    7.7 -18.4  -4.9    7.4 -24.8  -4.4    7.1 -17.4   6.3
  6.9 -14.7  -2.6    6.7 -19.8  -3.5    6.5 -12.6 -10.6    6.4  -3.1 -17.7
  6.3   0.0  -8.7    6.2  -4.1  -7.1    6.1  -5.0  -7.2

 99.9   7.7  -0.7   90.0  11.7   2.7   80.0  17.0   4.5   70.0   9.7   0.9
 60.0   7.2  -3.1   50.0   2.3   2.8   45.0  -1.8   0.7   40.0 -13.5   2.3
 35.0 -23.1  -1.0   30.0 -29.9  -5.3   25.0 -33.2   2.7   22.5 -32.7   4.2
 20.0 -31.9   5.6   15.0 -34.6  -0.3   12.0 -28.1  -0.3   10.0 -24.8  -6.7
  8.0 -21.8  -7.9    7.0 -16.1   1.9    6.0  -5.9  -7.2    5.0   0.0   0.0
  4.0   0.0   0.0
 
  9. 9.2014  12 Uhr

 99.9   0.0   0.0   90.0   0.0   0.0   80.0   0.0   0.0   70.0   0.0   0.0
 60.0   0.0   0.0   50.0   0.0   0.0   45.0   0.0   0.0   40.0   0.0   0.0
 35.0   0.0   0.0   30.0   0.0   0.0   25.0   0.0   0.0   22.5   0.0   0.0
 20.0   0.0   0.0   15.0   0.0   0.0   12.0   0.0   0.0   10.0   0.0   0.0
  8.0   0.0   0.0    7.0   0.0   0.0    6.0   0.0   0.0    5.0   0.0   0.0
  4.0   0.0   0.0
 
 10. 9.2014   0 Uhr

 99.9  -4.6  -3.2   94.9   1.1  -4.0   90.5  11.3   0.0   86.5  16.9   1.5
 79.5  13.9   3.7   74.7  11.7   2.1   70.0   5.1   5.1   66.6   1.2   4.5
 64.5   5.5   5.5   62.6   2.8   6.1   61.6   4.0   4.0   60.6   0.2   2.6
 59.7   0.2   2.0   58.8   3.0   3.5   57.9   3.6   4.3   57.0   0.0   4.1
 54.3  10.3   4.8   51.0   6.0   1.6   50.0   5.6   1.0   48.6   2.2   2.2
 47.0   1.5  -0.4   43.9   1.6  -6.0   43.2  -1.3  -5.0   41.8  -7.1  -4.1
 37.1 -14.9  -7.0   34.0 -23.8   4.2   30.0 -27.8   0.0   22.7 -37.0   0.0
 22.3 -38.6   0.0   21.1 -33.8   3.0   20.0 -34.8  -3.0   15.5 -37.0   0.0
 14.5 -31.8   2.8   12.3 -28.9  -5.1

 99.9  -4.6  -3.2   90.0  12.0   0.2   80.0  14.1   3.6   70.0   5.1   5.1
 60.0   0.2   2.2   50.0   5.6   1.0   45.0   1.6  -4.0   40.0 -10.0  -5.2
 35.0 -20.9   0.5   30.0 -27.8   0.0   25.0 -33.9   0.0   22.5 -37.8   0.0
 20.0 -34.8  -3.0   15.0 -34.4   1.4   12.0 -28.5  -6.2   10.0   0.0   0.0
  8.0   0.0   0.0    7.0   0.0   0.0    6.0   0.0   0.0    5.0   0.0   0.0
  4.0   0.0   0.0
 
 10. 9.2014  12 Uhr

 99.9   0.0   0.0   90.0   0.0   0.0   80.0   0.0   0.0   70.0   0.0   0.0
 60.0   0.0   0.0   50.0   0.0   0.0   45.0   0.0   0.0   40.0   0.0   0.0
 35.0   0.0   0.0   30.0   0.0   0.0   25.0   0.0   0.0   22.5   0.0   0.0
 20.0   0.0   0.0   15.0   0.0   0.0   12.0   0.0   0.0   10.0   0.0   0.0
  8.0   0.0   0.0    7.0   0.0   0.0    6.0   0.0   0.0    5.0   0.0   0.0
  4.0   0.0   0.0
 
 11. 9.2014   0 Uhr

 99.9   8.4  -5.9   96.6  13.8  -8.0   92.9  16.9  -6.2   84.3   6.3  -5.3
 80.4   5.5  -5.5   79.2   1.9  -5.3   76.9   0.4  -4.1   75.7  -1.3  -2.8
 72.3   2.4  -3.4   71.2   0.9  -3.5   70.0   1.3  -1.6   68.0   6.1  -0.5
 64.0   7.2  -5.0   61.0   8.0  -2.1   52.9  16.9   1.5   51.4  17.0   0.0
 50.0  11.8   1.0   48.0   4.8   1.8   44.9   1.8   4.8   43.5   0.7   0.7
 42.2  -2.4   2.0   40.2 -10.4  -2.8   37.6 -20.4   5.5   33.5 -27.8   0.0
 30.0 -33.8   3.0   25.2 -37.0   0.0   24.3 -37.6   0.0   20.8 -32.3  -2.8
 20.0 -33.4   0.0   16.9 -35.0   6.2   14.8 -28.9   5.1   13.8 -27.2  -2.4
 11.1 -25.7   0.0   10.0 -30.8   8.3    8.8 -27.6  10.0    7.4 -18.4  -6.7
  7.3 -13.2 -15.8    7.2 -15.8 -13.2    6.9  -6.1 -22.9    6.8  -3.8 -21.3
  6.4 -12.2 -10.3

 99.9   8.4  -5.9   90.0  13.4  -5.9   80.0   4.3  -5.4   70.0   1.3  -1.6
 60.0   9.0  -1.7   50.0  11.8   1.0   45.0   1.9   4.7   40.0 -11.2  -2.2
 35.0 -25.0   2.0   30.0 -33.8   3.0   25.0 -37.2   0.0   22.5 -34.9  -1.4
 20.0 -33.4   0.0   15.0 -29.5   5.2   12.0 -26.2  -0.8   10.0 -30.8   8.3
  8.0 -22.4   0.7    7.0  -9.4 -19.6    6.0   0.0   0.0    5.0   0.0   0.0
  4.0   0.0   0.0
 
 11. 9.2014  12 Uhr

 99.9   0.0   0.0   90.0   0.0   0.0   80.0   0.0   0.0   70.0   0.0   0.0
 60.0   0.0   0.0   50.0   0.0   0.0   45.0   0.0   0.0   40.0   0.0   0.0
 35.0   0.0   0.0   30.0   0.0   0.0   25.0   0.0   0.0   22.5   0.0   0.0
 20.0   0.0   0.0   15.0   0.0   0.0   12.0   0.0   0.0   10.0   0.0   0.0
  8.0   0.0   0.0    7.0   0.0   0.0    6.0   0.0   0.0    5.0   0.0   0.0
  4.0   0.0   0.0
 
 12. 9.2014   0 Uhr

 99.9   4.7  -6.7   96.0   7.3  -8.7   90.0   4.3  -3.6   86.1  -0.4  -4.6
 79.1  -4.6   0.8   70.6   5.0   5.9   70.0   5.5   5.5   64.0   9.1   1.6
 57.2  14.3  -1.3   53.6   1.4  -3.9   51.9   3.6   2.1   50.0   2.6   5.6
 49.4   1.6   6.0   47.8   4.1   7.1   44.7   0.0   6.2   42.4  -6.0   1.6
 38.4 -13.2   2.3   34.5 -30.7  -2.7   30.0 -32.8  -2.9   29.0 -35.4  -3.1
 26.6 -37.9  -3.3   20.0 -33.8   3.0   19.8 -32.3   2.8   15.7 -29.2  -2.6
 13.3 -37.4   3.3   12.8 -40.5   7.1   11.1 -30.8   8.3   10.0 -28.9   5.1
  8.7 -21.1   0.0    7.9 -21.9 -10.2    7.7 -13.4  -7.7

 99.9   4.7  -6.7   90.0   4.3  -3.6   80.0  -4.0   0.1   70.0   5.5   5.5
 60.0  12.1   0.0   50.0   2.6   5.6   45.0   0.4   6.3   40.0 -10.2   2.0
 35.0 -28.4  -2.0   30.0 -32.8  -2.9   25.0 -37.0  -1.9   22.5 -35.5   0.4
 20.0 -33.8   3.0   15.0 -31.5  -0.9   12.0 -36.1   7.7   10.0 -28.9   5.1
  8.0 -21.8  -8.9    7.0   0.0   0.0    6.0   0.0   0.0    5.0   0.0   0.0
  4.0   0.0   0.0
 
 12. 9.2014  12 Uhr

 99.9   0.0   0.0   90.0   0.0   0.0   80.0   0.0   0.0   70.0   0.0   0.0
 60.0   0.0   0.0   50.0   0.0   0.0   45.0   0.0   0.0   40.0   0.0   0.0
 35.0   0.0   0.0   30.0   0.0   0.0   25.0   0.0   0.0   22.5   0.0   0.0
 20.0   0.0   0.0   15.0   0.0   0.0   12.0   0.0   0.0   10.0   0.0   0.0
  8.0   0.0   0.0    7.0   0.0   0.0    6.0   0.0   0.0    5.0   0.0   0.0
  4.0   0.0   0.0
 
 13. 9.2014   0 Uhr

 99.9 -12.0  -6.9   87.7  -3.5   9.7   83.9  -5.3   6.3   81.4  -3.5   5.1
 80.1   0.0   1.5   77.6   8.7  -7.3   76.4  11.8  -9.9   70.0  14.9  -4.0
 67.7  14.9  -1.3   61.5  20.1   0.0   58.6  16.2   2.9   55.9   9.8   5.7
 51.5   5.1   8.9   50.0   9.1   9.1   48.9  11.4   9.6   45.8   0.7   2.5
 45.1  -1.8  -1.8   44.5  -3.1  -5.3   43.1  -8.0  -4.6   39.0 -17.8 -10.3
 36.3 -28.8  -7.7   34.1 -30.4   5.4   31.0 -29.7  -2.6   30.0 -32.4  -5.7
 27.0 -36.5   0.0   23.6 -38.4   3.4   20.8 -31.9   5.6   20.0 -32.9   5.8
 15.8 -26.8   7.2   15.0 -31.4   5.5   13.7 -28.8   7.7    6.5  -4.1   0.4
  6.3  -4.4   4.4    6.0  -3.5  -0.9    5.9  -2.1   3.6    5.8  -4.2  -2.0
  5.6   3.0  -3.5    5.5  -0.9  -5.1

 99.9 -12.0  -6.9   90.0  -5.2   6.4   80.0   0.3   1.2   70.0  14.9  -4.0
 60.0  18.1   1.5   50.0   9.1   9.1   45.0  -2.0  -2.4   40.0 -15.4  -8.9
 35.0 -29.7  -0.1   30.0 -32.4  -5.7   25.0 -37.6   1.9   22.5 -35.9   4.2
 20.0 -32.9   5.8   15.0 -31.4   5.5   12.0 -24.0   6.3   10.0 -17.7   4.4
  8.0 -10.5   2.3    7.0  -6.3   1.0    6.0  -3.5  -0.9    5.0   0.0   0.0
  4.0   0.0   0.0
 
 13. 9.2014  12 Uhr

 99.9   0.0   0.0   90.0   0.0   0.0   80.0   0.0   0.0   70.0   0.0   0.0
 60.0   0.0   0.0   50.0   0.0   0.0   45.0   0.0   0.0   40.0   0.0   0.0
 35.0   0.0   0.0   30.0   0.0   0.0   25.0   0.0   0.0   22.5   0.0   0.0
 20.0   0.0   0.0   15.0   0.0   0.0   12.0   0.0   0.0   10.0   0.0   0.0
  8.0   0.0   0.0    7.0   0.0   0.0    6.0   0.0   0.0    5.0   0.0   0.0
  4.0   0.0   0.0
 
 14. 9.2014   0 Uhr

 99.9 -13.9  -3.7   97.2 -10.1  -1.8   95.4  -4.6   0.4   93.4   1.1   1.1
 88.3   0.3  -3.1   85.4  -1.6  -4.4   82.5   4.6  -3.2   79.8  15.2  -2.7
 75.7  24.1   2.1   70.0  20.5  -1.8   68.0  18.4  -1.6   64.7  12.3   0.0
 60.5  18.4   1.6   56.6  11.3   0.0   52.0   7.3  -2.6   51.0   6.5  -6.5
 50.0   6.5  -6.5   46.7   1.1  -6.1   45.1  -3.5  -0.6   43.5  -9.2   3.3
 37.9 -23.2   0.0   35.3 -31.8   8.5   31.2 -35.4  -3.1   30.0 -35.0   0.0
 27.9 -29.7   2.6   24.6 -34.3  -3.0   20.0 -32.3  -2.8   15.1 -26.3   7.1
 13.7 -30.7   2.7   11.6 -27.7  -2.4   10.0 -36.0  -6.3    9.0 -34.3  -3.0
  8.6 -34.8  -3.0    8.3 -32.9  -5.8    8.0 -26.6 -12.4    7.2 -21.8  -3.8
  6.9 -12.7   2.2

 99.9 -13.9  -3.7   90.0   0.5  -1.7   80.0  14.4  -2.7   70.0  20.5  -1.8
 60.0  17.6   1.4   50.0   6.5  -6.5   45.0  -3.9  -0.4   40.0 -17.8   1.3
 35.0 -32.1   7.7   30.0 -35.0   0.0   25.0 -33.8  -2.3   22.5 -33.4  -2.9
 20.0 -32.3  -2.8   15.0 -26.6   6.8   12.0 -28.3  -1.4   10.0 -36.0  -6.3
  8.0 -26.6 -12.4    7.0 -15.7   0.2    6.0   0.0   0.0    5.0   0.0   0.0
  4.0   0.0   0.0
 
 14. 9.2014  12 Uhr

 99.9   0.0   0.0   90.0   0.0   0.0   80.0   0.0   0.0   70.0   0.0   0.0
 60.0   0.0   0.0   50.0   0.0   0.0   45.0   0.0   0.0   40.0   0.0   0.0
 35.0   0.0   0.0   30.0   0.0   0.0   25.0   0.0   0.0   22.5   0.0   0.0
 20.0   0.0   0.0   15.0   0.0   0.0   12.0   0.0   0.0   10.0   0.0   0.0
  8.0   0.0   0.0    7.0   0.0   0.0    6.0   0.0   0.0    5.0   0.0   0.0
  4.0   0.0   0.0
 
 15. 9.2014   0 Uhr

 99.9 -12.5  -7.2   95.0  -8.5  -4.9   89.1   0.5   3.0   87.3   4.4   4.4
 85.4   2.4   3.4   83.6  11.3   1.0   81.8  12.4  -3.3   77.0  16.9  -1.5
 72.5  15.0   5.5   70.0   9.8   0.0   69.8   9.3   0.0   67.2  12.3   0.0
 59.8   8.4  -8.4   56.2   4.6   0.8   54.4   9.8   0.0   51.7   5.1   0.4
 50.9   5.1   0.4   50.0   3.1   0.0   49.2  -0.8  -0.6   47.5  -6.5  -1.7
 42.1  -8.5   4.9   40.7 -10.1   1.8   39.3 -13.3   1.2   36.9 -25.3   4.5
 33.9 -26.3  -7.1   32.2 -29.8   0.0   30.0 -27.7   2.4   20.0 -23.6  -2.1
 17.9 -25.3   4.5   15.7 -26.3   7.1   13.3 -29.4  -5.2   10.9 -33.3   2.9
 10.0 -32.3   8.7    9.7 -29.4  13.7    8.5 -35.0   0.0    8.4 -28.4  -5.0
  8.3 -29.7   2.6    8.0 -33.3  -2.9    7.4 -14.7 -10.3    7.2 -13.9 -16.6
  7.0 -18.7 -10.8    6.6  -8.7 -15.1

 99.9 -12.5  -7.2   90.0  -0.9   1.8   80.0  14.1  -2.6   70.0   9.8   0.0
 60.0   8.5  -8.1   50.0   3.1   0.0   45.0  -7.4   1.3   40.0 -11.7   1.5
 35.0 -26.0  -2.8   30.0 -27.7   2.4   25.0 -25.8   0.3   22.5 -24.7  -0.8
 20.0 -23.6  -2.1   15.0 -27.2   3.6   12.0 -31.4  -0.9   10.0 -32.3   8.7
  8.0 -33.3  -2.9    7.0 -18.7 -10.8    6.0   0.0   0.0    5.0   0.0   0.0
  4.0   0.0   0.0
 
 15. 9.2014  12 Uhr

 99.9   0.0   0.0   90.0   0.0   0.0   80.0   0.0   0.0   70.0   0.0   0.0
 60.0   0.0   0.0   50.0   0.0   0.0   45.0   0.0   0.0   40.0   0.0   0.0
 35.0   0.0   0.0   30.0   0.0   0.0   25.0   0.0   0.0   22.5   0.0   0.0
 20.0   0.0   0.0   15.0   0.0   0.0   12.0   0.0   0.0   10.0   0.0   0.0
  8.0   0.0   0.0    7.0   0.0   0.0    6.0   0.0   0.0    5.0   0.0   0.0
  4.0   0.0   0.0
 
 16. 9.2014   0 Uhr

 99.9  -6.2   0.0   92.4  11.7  -5.4   89.5  14.5  -6.7   85.1  13.8  -1.2
 80.1  13.5  -6.3   71.2  10.4  -2.8   70.0  10.4  -2.8   64.9   6.3   4.4
 62.7   7.2   0.0   56.3   5.8  -2.1   52.9   3.3  -5.8   50.0   0.5  -0.2
 49.6  -0.5   0.2   47.8   1.7   3.7   47.0   2.1   2.9   44.5   0.8   8.7
 43.8  -0.4   5.1   41.8  -4.7  -2.2   41.1  -3.8  -2.7   38.5 -14.9   4.0
 37.2 -15.5   5.6   33.5 -22.4 -10.4   31.7 -30.9   0.0   30.0 -27.7   2.4
 25.6 -30.2  -2.6   24.7 -33.4   0.0   23.0 -29.8   0.0   20.0 -32.4   0.0
 14.0 -34.5   0.0   12.5 -36.5   0.0   10.0 -27.2  -2.4    9.5 -22.9  -6.1
  8.4 -22.4 -10.4    8.1 -26.1  -9.5    7.7 -19.6 -11.3    7.1 -22.5  -2.0


 99.9  -6.2   0.0   90.0  14.0  -6.5   80.0  13.5  -6.3   70.0  10.4  -2.8
 60.0   6.6  -0.9   50.0   0.5  -0.2   45.0   1.0   7.5   40.0  -8.4   0.1
 35.0 -19.5  -3.8   30.0 -27.7   2.4   25.0 -32.4  -0.9   22.5 -30.2   0.0
 20.0 -32.4   0.0   15.0 -34.1   0.0   12.0 -34.8  -0.4   10.0 -27.2  -2.4
  8.0 -24.5  -9.9    7.0 -23.1  -0.4    6.0   0.0   0.0    5.0   0.0   0.0
  4.0   0.0   0.0
 
 16. 9.2014  12 Uhr

 99.9   0.0   0.0   90.0   0.0   0.0   80.0   0.0   0.0   70.0   0.0   0.0
 60.0   0.0   0.0   50.0   0.0   0.0   45.0   0.0   0.0   40.0   0.0   0.0
 35.0   0.0   0.0   30.0   0.0   0.0   25.0   0.0   0.0   22.5   0.0   0.0
 20.0   0.0   0.0   15.0   0.0   0.0   12.0   0.0   0.0   10.0   0.0   0.0
  8.0   0.0   0.0    7.0   0.0   0.0    6.0   0.0   0.0    5.0   0.0   0.0
  4.0   0.0   0.0
 
 17. 9.2014   0 Uhr

 99.9 -17.2   3.0   95.2  -9.1   1.6   93.2   0.0   3.6   91.3   3.9   6.7
 89.9   4.7   6.7   87.1  11.3   0.0   84.4  12.7  -2.2   81.7  10.7  -5.0
 78.9   8.4  -2.3   75.1  13.9   0.0   70.0   6.1  -2.8   68.3   6.1  -2.8
 67.2   6.1  -0.5   64.9   1.5  -3.3   61.0   4.5   2.6   56.5  11.0   7.7
 51.1   4.3   5.1   50.0   6.9   6.9   49.5   8.7   7.3   47.2   6.5   3.0
 45.8  -1.3  -1.6   45.0  -2.4  -5.1   42.1 -16.3  -7.6   40.1 -16.2  -2.9
 34.4 -29.8   8.0   31.6 -27.2   2.4   30.0 -27.8   0.0   23.7 -33.8   3.0
 20.0 -29.2  -2.6   19.2 -28.9  -5.1   17.1 -35.9  -3.1   15.1 -36.9  -3.2
 11.6 -30.7   2.7   10.0 -31.9   0.0    8.4 -35.9   3.1    7.3 -16.9   4.5
  6.4  -2.8  -7.7    6.3  -6.9  -8.3    6.0  -4.2  -3.0    5.8  -2.0  -2.4
  5.7   0.5  -6.1    5.5   0.0 -10.8    5.4   3.6 -13.4    4.7  -6.3  -7.5


 99.9 -17.2   3.0   90.0   4.7   6.7   80.0   9.3  -3.3   70.0   6.1  -2.8
 60.0   5.9   3.7   50.0   6.9   6.9   45.0  -2.4  -5.1   40.0 -16.4  -2.7
 35.0 -28.3   6.8   30.0 -27.8   0.0   25.0 -32.5   2.3   22.5 -32.4   1.2
 20.0 -29.2  -2.6   15.0 -36.7  -3.1   12.0 -31.5   2.0   10.0 -31.9   0.0
  8.0 -29.2   3.6    7.0 -12.3   0.6    6.0  -4.2  -3.0    5.0  -1.9 -10.1
  4.0   0.0   0.0
 
 17. 9.2014  12 Uhr

 99.9   0.0   0.0   90.0   0.0   0.0   80.0   0.0   0.0   70.0   0.0   0.0
 60.0   0.0   0.0   50.0   0.0   0.0   45.0   0.0   0.0   40.0   0.0   0.0
 35.0   0.0   0.0   30.0   0.0   0.0   25.0   0.0   0.0   22.5   0.0   0.0
 20.0   0.0   0.0   15.0   0.0   0.0   12.0   0.0   0.0   10.0   0.0   0.0
  8.0   0.0   0.0    7.0   0.0   0.0    6.0   0.0   0.0    5.0   0.0   0.0
  4.0   0.0   0.0
 
 18. 9.2014   0 Uhr

 99.9   0.0   0.0   90.0   0.0   0.0   80.0   0.0   0.0   70.0   0.0   0.0
 60.0   0.0   0.0   50.0   0.0   0.0   45.0   0.0   0.0   40.0   0.0   0.0
 35.0   0.0   0.0   30.0   0.0   0.0   25.0   0.0   0.0   22.5   0.0   0.0
 20.0   0.0   0.0   15.0   0.0   0.0   12.0   0.0   0.0   10.0   0.0   0.0
  8.0   0.0   0.0    7.0   0.0   0.0    6.0   0.0   0.0    5.0   0.0   0.0
  4.0   0.0   0.0
 
 18. 9.2014  12 Uhr

 99.9   0.0   0.0   90.0   0.0   0.0   80.0   0.0   0.0   70.0   0.0   0.0
 60.0   0.0   0.0   50.0   0.0   0.0   45.0   0.0   0.0   40.0   0.0   0.0
 35.0   0.0   0.0   30.0   0.0   0.0   25.0   0.0   0.0   22.5   0.0   0.0
 20.0   0.0   0.0   15.0   0.0   0.0   12.0   0.0   0.0   10.0   0.0   0.0
  8.0   0.0   0.0    7.0   0.0   0.0    6.0   0.0   0.0    5.0   0.0   0.0
  4.0   0.0   0.0
 
 19. 9.2014   0 Uhr

 99.9  -5.1  -0.9   97.7  -0.7   1.4   96.1  -0.7   2.5   93.2  -1.3  -1.6
 89.0   0.4  -2.5   86.4   7.5  -6.3   79.1   8.2  -3.0   76.8   9.7  -6.8
 72.4   2.7  -3.8   71.4   2.2  -2.2   70.0   4.1   0.7   69.3   4.0   1.1
 68.3   1.5  -0.3   67.3   1.0   0.0   64.0  14.4  -3.9   57.2   7.3  -7.3
 54.7   3.7  -7.9   53.0  -1.1  -2.9   50.6  -6.1  -0.5   50.0  -7.5   2.0
 49.9  -7.7   2.8   46.1  -4.8  10.3   44.7 -10.5  10.5   42.6  -5.9  12.6
 40.6 -11.9   3.2   36.5 -24.1   2.1   32.1 -27.4  -4.8   31.1 -31.8  -2.8
 30.0 -33.3   2.9   24.0 -37.9  -3.3   20.0 -34.5   0.0   17.3 -29.2  -2.6
 14.0 -27.7  -2.4   13.3 -31.4   0.0   10.9 -27.9   4.9   10.1 -33.8   3.0
 10.0 -31.4   5.5    9.1 -25.3   4.5    8.6 -29.8   0.0    7.9 -23.4  -6.3
  7.0 -15.9  -4.3    6.6 -18.0   0.0

 99.9  -5.1  -0.9   90.0   0.0  -2.3   80.0   8.1  -3.4   70.0   4.1   0.7
 60.0  10.3  -5.8   50.0  -7.5   2.0   45.0  -9.3  10.5   40.0 -13.6   3.0
 35.0 -25.2  -0.2   30.0 -33.3   2.9   25.0 -37.1  -2.2   22.5 -36.7  -2.1
 20.0 -34.5   0.0   15.0 -28.2  -2.5   12.0 -29.5   2.6   10.0 -31.4   5.5
  8.0 -24.3  -5.3    7.0 -15.9  -4.3    6.0   0.0   0.0    5.0   0.0   0.0
  4.0   0.0   0.0
 
 19. 9.2014  12 Uhr

 99.9   0.0   0.0   90.0   0.0   0.0   80.0   0.0   0.0   70.0   0.0   0.0
 60.0   0.0   0.0   50.0   0.0   0.0   45.0   0.0   0.0   40.0   0.0   0.0
 35.0   0.0   0.0   30.0   0.0   0.0   25.0   0.0   0.0   22.5   0.0   0.0
 20.0   0.0   0.0   15.0   0.0   0.0   12.0   0.0   0.0   10.0   0.0   0.0
  8.0   0.0   0.0    7.0   0.0   0.0    6.0   0.0   0.0    5.0   0.0   0.0
  4.0   0.0   0.0
 
 20. 9.2014   0 Uhr

 99.9   0.0   0.0   90.0   0.0   0.0   80.0   0.0   0.0   70.0   0.0   0.0
 60.0   0.0   0.0   50.0   0.0   0.0   45.0   0.0   0.0   40.0   0.0   0.0
 35.0   0.0   0.0   30.0   0.0   0.0   25.0   0.0   0.0   22.5   0.0   0.0
 20.0   0.0   0.0   15.0   0.0   0.0   12.0   0.0   0.0   10.0   0.0   0.0
  8.0   0.0   0.0    7.0   0.0   0.0    6.0   0.0   0.0    5.0   0.0   0.0
  4.0   0.0   0.0
 
 20. 9.2014  12 Uhr

 99.9   0.0   0.0   90.0   0.0   0.0   80.0   0.0   0.0   70.0   0.0   0.0
 60.0   0.0   0.0   50.0   0.0   0.0   45.0   0.0   0.0   40.0   0.0   0.0
 35.0   0.0   0.0   30.0   0.0   0.0   25.0   0.0   0.0   22.5   0.0   0.0
 20.0   0.0   0.0   15.0   0.0   0.0   12.0   0.0   0.0   10.0   0.0   0.0
  8.0   0.0   0.0    7.0   0.0   0.0    6.0   0.0   0.0    5.0   0.0   0.0
  4.0   0.0   0.0
 
 21. 9.2014   0 Uhr

 99.9 -14.7  -8.5   97.0 -19.0 -13.3   93.0  -9.2  -3.3   91.1  -5.0   1.3
 89.3  -1.5   0.4   85.8   6.0   1.6   83.0   9.2   0.8   74.2   3.2  -4.6
 70.8   9.2   0.8   70.0  10.6   1.9   68.7  14.0   5.1   64.3  22.3   3.9
 59.3  17.7   3.1   53.6  10.3  -4.8   50.0  16.4   1.4   49.1  15.7   2.8
 45.1   4.4  -1.6   42.8   3.9  -6.7   42.1   0.7  -8.2   41.4  -1.4  -8.1
 39.3  -9.7  -6.8   38.6 -16.4  -6.0   35.6 -27.3   0.0   32.3 -31.8   8.5
 30.6 -32.8  -2.9   30.0 -32.8  -2.9   23.7 -39.1   0.0   23.2 -38.9   3.4
 20.6 -34.8   3.0   20.0 -34.3   3.0   13.0 -32.4   5.7   11.1 -31.8   2.8
  6.5  -5.0   1.3    6.4  -2.2  -2.2    6.2  -5.8  -2.1    5.9  -2.0  -7.5


 99.9 -14.7  -8.5   90.0  -2.8   0.8   80.0   7.2  -1.0   70.0  10.6   1.9
 60.0  18.4   3.2   50.0  16.4   1.4   45.0   4.3  -1.8   40.0  -6.9  -7.2
 35.0 -28.1   1.5   30.0 -32.8  -2.9   25.0 -37.7  -0.6   22.5 -37.9   3.3
 20.0 -34.3   3.0   15.0 -33.0   4.9   12.0 -32.1   4.2   10.0 -26.2   2.5
  8.0 -14.9   1.9    7.0  -8.4   1.5    6.0  -3.3  -5.7    5.0   0.0   0.0
  4.0   0.0   0.0
 
 21. 9.2014  12 Uhr

 99.9   0.0   0.0   90.0   0.0   0.0   80.0   0.0   0.0   70.0   0.0   0.0
 60.0   0.0   0.0   50.0   0.0   0.0   45.0   0.0   0.0   40.0   0.0   0.0
 35.0   0.0   0.0   30.0   0.0   0.0   25.0   0.0   0.0   22.5   0.0   0.0
 20.0   0.0   0.0   15.0   0.0   0.0   12.0   0.0   0.0   10.0   0.0   0.0
  8.0   0.0   0.0    7.0   0.0   0.0    6.0   0.0   0.0    5.0   0.0   0.0
  4.0   0.0   0.0
 
 22. 9.2014   0 Uhr

 99.9 -13.2   2.3   94.4  -6.1  -0.5   90.2  -0.7   4.1   80.2   1.0  -5.6
 76.4   8.7  -0.8   70.0  15.2  -2.7   67.9  19.9  -5.3   65.6  19.1  -8.9
 63.5  20.9 -12.1   61.5  19.4 -13.6   59.5  13.8 -13.8   57.4  11.2 -13.4
 55.5   5.4  -9.4   52.6   3.9   1.4   50.9   7.2   5.0   50.0   7.9   3.7
 49.1   7.3   2.6   48.3   5.8   2.1   46.7   0.2   2.0   44.3  -4.1  -0.7
 39.9 -19.8   7.2   34.4 -30.4   0.0   30.0 -33.8   3.0   23.9 -40.6   0.0
 23.0 -41.5  -3.6   20.0 -36.5   0.0   18.1 -33.4   5.9   14.2 -31.4   0.0
 13.4 -33.4   0.0   11.3 -36.4  -3.2   10.0 -32.8  -2.9    8.9 -29.2   2.6
  7.7 -22.5  -2.0    7.4 -26.8   0.0    6.6 -16.4   1.4    6.0  -9.9  -2.7
  5.5 -14.7   2.6

 99.9 -13.2   2.3   90.0  -0.7   3.9   80.0   1.4  -5.3   70.0  15.2  -2.7
 60.0  15.2 -13.8   50.0   7.9   3.7   45.0  -2.8   0.1   40.0 -19.4   7.0
 35.0 -29.1   0.8   30.0 -33.8   3.0   25.0 -39.3   0.6   22.5 -40.7  -3.1
 20.0 -36.5   0.0   15.0 -31.8   1.3   12.0 -35.4  -2.1   10.0 -32.8  -2.9
  8.0 -24.3  -0.8    7.0 -21.7   0.7    6.0  -9.9  -2.7    5.0   0.0   0.0
  4.0   0.0   0.0
 
 22. 9.2014  12 Uhr

 99.9   0.0   0.0   90.0   0.0   0.0   80.0   0.0   0.0   70.0   0.0   0.0
 60.0   0.0   0.0   50.0   0.0   0.0   45.0   0.0   0.0   40.0   0.0   0.0
 35.0   0.0   0.0   30.0   0.0   0.0   25.0   0.0   0.0   22.5   0.0   0.0
 20.0   0.0   0.0   15.0   0.0   0.0   12.0   0.0   0.0   10.0   0.0   0.0
  8.0   0.0   0.0    7.0   0.0   0.0    6.0   0.0   0.0    5.0   0.0   0.0
  4.0   0.0   0.0
 
 23. 9.2014   0 Uhr

 99.9  -6.5   3.0   95.1   3.1   1.8   90.1   2.0  -0.2   88.5   1.0  -1.2
 84.3   0.6  -3.5   82.9  -3.5  -3.0   79.0   6.7  -3.9   73.8  10.8   0.9
 71.3  15.4  -1.3   70.0  13.8   1.2   62.5   4.4   1.6   60.5   2.0   1.7
 54.6  12.4   3.3   53.6  13.9   0.0   51.7   6.5  -1.7   50.0   6.7  -0.6
 47.6   2.0   0.5   46.1   2.8  -1.3   44.6  -0.9   1.9   43.8  -1.5   0.5
 41.6  -8.3   6.9   37.3 -17.0   0.0   36.1 -21.8   3.8   32.5 -31.9  -5.6
 30.0 -32.8  -2.9   29.2 -35.5   0.0   21.9 -41.5   3.6   20.0 -36.0   6.3
 19.3 -33.3   2.9   18.6 -31.8   2.8   17.9 -30.7   2.7   13.4 -31.4  -5.5
 10.0 -32.3  -2.8    9.0 -26.9  -4.7    7.3 -15.9   1.4    7.1 -17.7   3.1


 99.9  -6.5   3.0   90.0   2.0  -0.2   80.0   4.0  -3.6   70.0  13.8   1.2
 60.0   2.8   1.8   50.0   6.7  -0.6   45.0   0.1   1.0   40.0 -11.4   4.4
 35.0 -24.8   1.0   30.0 -32.8  -2.9   25.0 -38.8   2.0   22.5 -41.0   3.3
 20.0 -36.0   6.3   15.0 -31.2  -2.4   12.0 -31.7  -4.5   10.0 -32.3  -2.8
  8.0 -20.6  -1.2    7.0 -18.7   4.0    6.0   0.0   0.0    5.0   0.0   0.0
  4.0   0.0   0.0
 
 23. 9.2014  12 Uhr

 99.9   0.0   0.0   90.0   0.0   0.0   80.0   0.0   0.0   70.0   0.0   0.0
 60.0   0.0   0.0   50.0   0.0   0.0   45.0   0.0   0.0   40.0   0.0   0.0
 35.0   0.0   0.0   30.0   0.0   0.0   25.0   0.0   0.0   22.5   0.0   0.0
 20.0   0.0   0.0   15.0   0.0   0.0   12.0   0.0   0.0   10.0   0.0   0.0
  8.0   0.0   0.0    7.0   0.0   0.0    6.0   0.0   0.0    5.0   0.0   0.0
  4.0   0.0   0.0
 
 24. 9.2014   0 Uhr

 99.9  -9.1   7.6   97.2  -2.3   6.3   94.0  -0.4   1.5   84.9   0.0  -6.2
 79.7   0.3   1.5   78.5   3.1   0.0   77.3   4.0  -1.1   70.9  13.2   2.3
 70.0  12.7   2.2   65.2   4.2   3.0   54.6  11.0   7.7   50.0   7.7   2.8
 48.6   4.1   0.4   46.2   1.5  -2.7   45.3  -1.0  -1.8   43.7  -6.6  -1.2
 39.4 -16.4  -1.4   36.7 -22.4  -6.0   34.9 -30.9   0.0   30.0 -35.9   3.1
 29.4 -36.5   6.4   28.4 -40.0   7.1   20.0 -35.5   0.0   19.3 -33.3  -2.9
 14.8 -36.0  -6.3   11.2 -41.0  -7.2   10.0 -36.5  -6.4    9.8 -33.8  -3.0
  8.6 -36.5   6.4    8.2 -39.0   6.9    8.0 -37.9   3.3    7.7 -25.6   2.2
  7.6 -23.4   6.3    7.2 -18.4  -1.6    6.3  -6.2  10.7

 99.9  -9.1   7.6   90.0  -0.2  -1.8   80.0   0.3   1.1   70.0  12.7   2.2
 60.0   7.4   5.2   50.0   7.7   2.8   45.0  -2.1  -1.7   40.0 -15.0  -1.4
 35.0 -30.4  -0.3   30.0 -35.9   3.1   25.0 -38.3   4.4   22.5 -37.0   2.3
 20.0 -35.5   0.0   15.0 -35.8  -6.2   12.0 -39.8  -7.0   10.0 -36.5  -6.4
  8.0 -37.9   3.3    7.0 -15.8   1.0    6.0   0.0   0.0    5.0   0.0   0.0
  4.0   0.0   0.0
 
 24. 9.2014  12 Uhr

 99.9   0.0   0.0   90.0   0.0   0.0   80.0   0.0   0.0   70.0   0.0   0.0
 60.0   0.0   0.0   50.0   0.0   0.0   45.0   0.0   0.0   40.0   0.0   0.0
 35.0   0.0   0.0   30.0   0.0   0.0   25.0   0.0   0.0   22.5   0.0   0.0
 20.0   0.0   0.0   15.0   0.0   0.0   12.0   0.0   0.0   10.0   0.0   0.0
  8.0   0.0   0.0    7.0   0.0   0.0    6.0   0.0   0.0    5.0   0.0   0.0
  4.0   0.0   0.0
 
 25. 9.2014   0 Uhr

 99.9  -7.5  -6.3   93.3  -3.9  -1.4   89.2  -9.2  -3.3   75.0  16.4   4.4
 70.0  16.4   1.4   65.9  13.3  -1.2   63.7  11.7   2.1   61.6  11.1   6.4
 59.6  10.1   1.8   57.7   8.9  -2.4   56.7   7.3  -7.3   50.0   5.3  -6.3
 49.5   5.1  -5.1   47.8   6.5  -3.0   47.0   1.7  -3.7   46.3  -0.9  -3.5
 44.2  -6.2   3.6   40.8 -18.4   1.6   35.6 -27.3   7.3   31.6 -31.3   2.7
 30.0 -34.8   3.0   29.4 -36.4  -3.2   26.2 -30.4   0.0   23.4 -32.3  -8.7
 20.0 -30.9  -5.4   19.6 -29.3  -7.9   17.5 -37.4  -3.3   16.0 -30.4   0.0
 14.2 -24.7   0.0   10.0 -26.3   4.6    9.9 -27.4   4.8    9.5 -30.7   2.7
  7.8 -21.3  -7.7    7.5 -18.3 -10.5    6.7 -14.4  -3.9    6.4  -5.9  -5.0
  6.2   1.6  -4.4    5.9   6.3  -7.5    5.7   9.3 -11.0    5.4   1.2 -13.3
  5.1   1.5   0.1    5.0   2.6  -5.6

 99.9  -7.5  -6.3   90.0  -8.1  -3.0   80.0   7.0   1.6   70.0  16.4   1.4
 60.0  10.3   2.7   50.0   5.3  -6.3   45.0  -4.2   0.9   40.0 -19.8   2.5
 35.0 -27.9   6.7   30.0 -34.8   3.0   25.0 -31.2  -3.6   22.5 -31.9  -7.8
 20.0 -30.9  -5.4   15.0 -27.3   0.0   12.0 -25.5   2.3   10.0 -26.3   4.6
  8.0 -22.5  -6.4    7.0 -15.9  -6.4    6.0   4.7  -6.4    5.0   2.6  -5.6
  4.0   0.0   0.0
 
 25. 9.2014  12 Uhr

 99.9   0.0   0.0   90.0   0.0   0.0   80.0   0.0   0.0   70.0   0.0   0.0
 60.0   0.0   0.0   50.0   0.0   0.0   45.0   0.0   0.0   40.0   0.0   0.0
 35.0   0.0   0.0   30.0   0.0   0.0   25.0   0.0   0.0   22.5   0.0   0.0
 20.0   0.0   0.0   15.0   0.0   0.0   12.0   0.0   0.0   10.0   0.0   0.0
  8.0   0.0   0.0    7.0   0.0   0.0    6.0   0.0   0.0    5.0   0.0   0.0
  4.0   0.0   0.0
 
 26. 9.2014   0 Uhr

 99.9 -15.2   2.7   98.7 -16.2   2.9   96.8  -7.2  -0.6   94.5   4.5  -1.2
 92.3   9.7   0.9   88.5  18.4   1.6   84.3  15.0  -5.5   77.8  16.7  -2.9
 74.1  16.7  -2.9   70.0  17.2  -3.0   56.6   3.1 -11.4   55.7   0.0 -10.3
 53.9  -0.4  -4.6   50.0   0.9   5.1   49.6   2.8   6.1   48.8   5.5   5.5
 38.3 -24.2   0.0   33.9 -24.8  -4.4   30.0 -30.9  -5.4   26.5 -28.2   2.5
 25.6 -27.8   0.0   24.7 -27.7   2.4   23.8 -29.7   2.6   23.0 -29.2   2.6
 22.2 -27.7   2.4   20.0 -26.1   2.3   14.0 -28.8   0.0   13.2 -30.9  -5.4
 11.6 -26.1  -2.3   10.2 -30.4   0.0   10.0 -28.3   0.0    9.0 -38.9  -3.4
  8.8 -38.9  -3.4    7.5 -33.4   0.0    7.1 -27.4  -4.8    6.9 -24.7   0.0
  6.6  -9.3   0.0    6.5 -12.3   1.1    6.4  -6.1  -0.5    6.2   0.4  -5.1


 99.9 -15.2   2.7   90.0  15.0   1.3   80.0  16.1  -3.8   70.0  17.2  -3.0
 60.0   6.9  -9.2   50.0   0.9   5.1   45.0  -4.7   3.6   40.0 -19.0   1.0
 35.0 -24.7  -3.2   30.0 -30.9  -5.4   25.0 -27.7   1.6   22.5 -28.3   2.5
 20.0 -26.1   2.3   15.0 -28.3   0.4   12.0 -27.4  -3.1   10.0 -28.3   0.0
  8.0 -35.6  -1.4    7.0 -26.0  -2.4    6.0   0.0   0.0    5.0   0.0   0.0
  4.0   0.0   0.0
 
 26. 9.2014  12 Uhr

 99.9   0.0   0.0   90.0   0.0   0.0   80.0   0.0   0.0   70.0   0.0   0.0
 60.0   0.0   0.0   50.0   0.0   0.0   45.0   0.0   0.0   40.0   0.0   0.0
 35.0   0.0   0.0   30.0   0.0   0.0   25.0   0.0   0.0   22.5   0.0   0.0
 20.0   0.0   0.0   15.0   0.0   0.0   12.0   0.0   0.0   10.0   0.0   0.0
  8.0   0.0   0.0    7.0   0.0   0.0    6.0   0.0   0.0    5.0   0.0   0.0
  4.0   0.0   0.0
 
 27. 9.2014   0 Uhr

 99.9   0.0   0.0   90.0   0.0   0.0   80.0   0.0   0.0   70.0   0.0   0.0
 60.0   0.0   0.0   50.0   0.0   0.0   45.0   0.0   0.0   40.0   0.0   0.0
 35.0   0.0   0.0   30.0   0.0   0.0   25.0   0.0   0.0   22.5   0.0   0.0
 20.0   0.0   0.0   15.0   0.0   0.0   12.0   0.0   0.0   10.0   0.0   0.0
  8.0   0.0   0.0    7.0   0.0   0.0    6.0   0.0   0.0    5.0   0.0   0.0
  4.0   0.0   0.0
 
 27. 9.2014  12 Uhr

 99.9   0.0   0.0   90.0   0.0   0.0   80.0   0.0   0.0   70.0   0.0   0.0
 60.0   0.0   0.0   50.0   0.0   0.0   45.0   0.0   0.0   40.0   0.0   0.0
 35.0   0.0   0.0   30.0   0.0   0.0   25.0   0.0   0.0   22.5   0.0   0.0
 20.0   0.0   0.0   15.0   0.0   0.0   12.0   0.0   0.0   10.0   0.0   0.0
  8.0   0.0   0.0    7.0   0.0   0.0    6.0   0.0   0.0    5.0   0.0   0.0
  4.0   0.0   0.0
 
 28. 9.2014   0 Uhr

 99.9 -14.4  -3.9   97.2  -2.9  -2.9   95.3   4.1  -0.7   92.3  11.6   4.2
 86.8   7.7   0.7   78.6  21.1   0.0   70.2   8.7  -0.8   70.0   8.7  -0.8
 65.8   9.3   4.3   59.5   6.7   0.6   57.6   6.7   3.9   55.7   1.6   6.0
 51.2   3.0   4.2   50.0   2.3   2.8   49.5   1.1   1.1   48.7   0.3  -3.6
 47.9   0.6  -6.7   47.1  -0.8  -9.2   45.6  -2.0  -7.5   43.4  -5.0  -5.9
 40.5 -19.8  -3.5   39.1 -19.5   1.7   33.6 -24.8   6.7   30.2 -27.4   4.8
 30.0 -26.9   4.7   29.2 -27.7   2.4   21.3 -32.9  -5.8   20.0 -33.9  -6.0
 16.0 -37.9  -3.3   13.8 -31.9   0.0   13.4 -35.5   0.0   12.2 -33.8   3.0
 10.0 -34.5   6.1    9.5 -39.0   6.9    8.5 -34.8   3.0

 99.9 -14.4  -3.9   90.0  10.0   2.8   80.0  18.7   0.1   70.0   8.7  -0.8
 60.0   6.9   0.9   50.0   2.3   2.8   45.0  -2.8  -7.0   40.0 -19.7  -1.6
 35.0 -23.4   5.3   30.0 -26.9   4.7   25.0 -30.3  -1.7   22.5 -32.1  -4.4
 20.0 -33.9  -6.0   15.0 -35.3  -1.9   12.0 -33.9   3.2   10.0 -34.5   6.1
  8.0   0.0   0.0    7.0   0.0   0.0    6.0   0.0   0.0    5.0   0.0   0.0
  4.0   0.0   0.0
 
 28. 9.2014  12 Uhr

 99.9   0.0   0.0   90.0   0.0   0.0   80.0   0.0   0.0   70.0   0.0   0.0
 60.0   0.0   0.0   50.0   0.0   0.0   45.0   0.0   0.0   40.0   0.0   0.0
 35.0   0.0   0.0   30.0   0.0   0.0   25.0   0.0   0.0   22.5   0.0   0.0
 20.0   0.0   0.0   15.0   0.0   0.0   12.0   0.0   0.0   10.0   0.0   0.0
  8.0   0.0   0.0    7.0   0.0   0.0    6.0   0.0   0.0    5.0   0.0   0.0
  4.0   0.0   0.0
 
 29. 9.2014   0 Uhr

 99.9 -12.6 -10.6   97.8  -8.9  -5.1   96.1  -2.4  -3.4   94.4   2.1  -2.9
 89.4  -3.0   3.5   86.4   4.3   3.6   82.3  11.7   2.1   79.6  13.9   0.0
 75.7   7.7  -0.7   70.0   8.7   7.3   69.7   8.7   7.3   63.0   8.4   2.3
 60.9   2.9  -2.1   59.0   6.5  -1.7   57.0   1.4  -3.9   55.3   5.3  -1.9
 50.0   1.8  -4.8   49.1  -1.0  -5.6   46.7  -6.6   1.2   44.4  -8.6  -1.5
 42.9 -14.9   4.0   40.7  -9.1   9.1   36.7 -21.3   3.8   35.4 -23.1  -2.0
 31.5 -29.3  -7.9   30.0 -31.8  -2.8   25.4 -32.9  -5.8   22.8 -29.9  -5.3
 20.1 -36.5   0.0   20.0 -36.5   0.0   18.4 -34.5   6.1   14.8 -33.3   2.9
 13.2 -42.1  -7.4   13.0 -38.0  -6.7   11.8 -42.1  -7.4   10.0 -38.9  -3.4
  9.6 -38.1   0.0    8.6 -36.5   0.0    7.7 -19.2  11.1    7.5 -21.9  15.3
  6.9 -21.3   3.8    6.6  -6.8   2.5

 99.9 -12.6 -10.6   90.0  -2.4   2.8   80.0  13.6   0.3   70.0   8.7   7.3
 60.0   4.6  -1.9   50.0   1.8  -4.8   45.0  -8.1  -0.8   40.0 -11.2   8.2
 35.0 -23.7  -2.6   30.0 -31.8  -2.8   25.0 -32.5  -5.7   22.5 -30.6  -4.7
 20.0 -36.5   0.0   15.0 -33.4   3.1   12.0 -41.4  -7.3   10.0 -38.9  -3.4
  8.0 -25.1   7.3    7.0 -21.4   5.7    6.0   0.0   0.0    5.0   0.0   0.0
  4.0   0.0   0.0
 
 29. 9.2014  12 Uhr

 99.9   0.0   0.0   90.0   0.0   0.0   80.0   0.0   0.0   70.0   0.0   0.0
 60.0   0.0   0.0   50.0   0.0   0.0   45.0   0.0   0.0   40.0   0.0   0.0
 35.0   0.0   0.0   30.0   0.0   0.0   25.0   0.0   0.0   22.5   0.0   0.0
 20.0   0.0   0.0   15.0   0.0   0.0   12.0   0.0   0.0   10.0   0.0   0.0
  8.0   0.0   0.0    7.0   0.0   0.0    6.0   0.0   0.0    5.0   0.0   0.0
  4.0   0.0   0.0
 
 30. 9.2014   0 Uhr

 99.9  -5.5   1.5   97.1  -9.2  -3.3   93.5   1.9  -0.9   91.8   4.1   0.7
 90.1   6.2   0.0   77.5   2.2   1.3   74.9   6.3   4.4   72.5   3.9   1.4
 70.0   7.0   1.9   66.2   8.6  -1.5   64.2   3.4  -1.2   63.3   3.9  -1.4
 58.1   1.8   2.5   54.4   7.6   4.4   51.9   8.7  -0.8   50.0   5.6  -1.0
 49.5   5.1  -0.4   47.8   0.0   1.5   47.0  -1.3   5.0   46.2   0.7   7.7
 43.2  -5.9   8.4   40.5 -14.9   1.3   36.4 -19.0   0.0   31.9 -29.2   2.6
 30.8 -32.8   2.9   30.0 -31.8   2.8   21.4 -38.9  -3.4   20.7 -39.6   0.0
 20.3 -36.0   0.0   20.0 -37.0   0.0   17.6 -40.0   3.5   16.9 -37.0   6.5
 14.4 -32.9   5.8   12.3 -35.5   0.0   10.0 -35.9   3.1    9.1 -37.0   6.5
  8.6 -27.5  12.8    8.4 -33.4  19.3    8.1 -26.6   9.7    8.0 -19.3  16.2


 99.9  -5.5   1.5   90.0   6.1   0.0   80.0   3.0   1.0   70.0   7.0   1.9
 60.0   2.6   1.1   50.0   5.6  -1.0   45.0  -1.9   8.0   40.0 -15.4   1.1
 35.0 -22.1   0.8   30.0 -31.8   2.8   25.0 -35.7  -0.6   22.5 -37.9  -2.5
 20.0 -37.0   0.0   15.0 -33.9   6.0   12.0 -35.5   0.4   10.0 -35.9   3.1
  8.0 -19.3  16.2    7.0   0.0   0.0    6.0   0.0   0.0    5.0   0.0   0.0
  4.0   0.0   0.0
 
 30. 9.2014  12 Uhr

 99.9   0.0   0.0   90.0   0.0   0.0   80.0   0.0   0.0   70.0   0.0   0.0
 60.0   0.0   0.0   50.0   0.0   0.0   45.0   0.0   0.0   40.0   0.0   0.0
 35.0   0.0   0.0   30.0   0.0   0.0   25.0   0.0   0.0   22.5   0.0   0.0
 20.0   0.0   0.0   15.0   0.0   0.0   12.0   0.0   0.0   10.0   0.0   0.0
  8.0   0.0   0.0    7.0   0.0   0.0    6.0   0.0   0.0    5.0   0.0   0.0
  4.0   0.0   0.0
 

Monatsmittelwind fuer den  9 2014

Niveau Anzahl     U     V   DD FF
 [hPa]        [m/s] [m/s]     [kn]
  99.9     26  -3.9  -1.8   65  8
  90.0     26   4.3   0.8  260  9
  80.0     26   8.4  -1.0  277 17
  70.0     26  10.9   0.7  266 21
  60.0     26   9.1  -0.9  276 18
  50.0     26   5.3   1.1  258 11
  45.0     26  -2.0   1.0  116  4
  40.0     26 -13.1   0.2   91 25
  35.0     26 -25.8   0.5   91 50
  30.0     26 -31.7   0.1   90 62
  25.0     26 -34.2   0.0   90 67
  22.5     26 -33.8   0.2   90 66
  20.0     26 -32.4   0.6   91 63
  15.0     26 -31.9   0.5   91 62
  12.0     26 -31.9  -0.8   89 62
  10.0     25 -32.0   0.7   91 62
   8.0     24 -26.7  -1.0   88 52
   7.0     22 -17.3  -2.0   83 34
   6.0      8  -3.8  -2.5   57  9
   5.0      2   0.3  -7.8  358 15
   4.0      0   0.0   0.0    0  0
