sing20140417.00
TTAA  67001 48698
99007 27247 07501 00074 27822 35501 92762 22825 25506
85495 18822 33504 70139 09838 33505 50587 05546 10006
40759 14164 13505 30970 30960 09518 25097 41156 11534
20245 53745 11035 15425 64957 14510 10661 80541 21008
88999
77999=
TTCC  67001 48698
70863 767// 22022 50061 669// 26019 30374 579// 30524
20634 571// 07540 10094 435// 07050
88981 81343 20509
77103 08065 42020=
TTDD  6700/ 48698
11993 80942 22981 81343 33925 815// 44841 783// 55783
805// 66747 785// 77668 741// 88542 713// 99516 701//
11492 659// 22395 643// 33365 621// 44314 605// 55301
581// 66269 521// 77249 531// 88230 555// 99222 533//
11197 567// 22194 565// 33188 511// 44180 487// 55145
459// 66134 433// 77124 423// 88112 409// 99100 435//
11094 413// 22086 419//
21212 11849 18514 22773 20001 33719 21024 44607 28532
55517 30022 66469 25022 77456 25019 88442 24521 99429
23522 11416 23026 22404 22535 33393 22537 44381 23537
55370 25033 66359 25027 77349 28032 88339 28033 99328
28532 11318 29525 22281 28007 33270 01504 44266 17505
55258 14010 66236 13034 77189 07543 88176 08062 99146
10045 11103 08065 22099 07049 33086 /////=
