sing20150622.12
TTAA  72121 48698
99006 32059 19006 00066 31059 18007 92759 24857 14513
85496 19220 22515 70146 13267 24010 50588 04958 27014
40759 13957 11521 30971 29357 09038 25098 39737 07550
20247 52341 06052 15427 65557 06572 10665 75757 04517
88103 78757 09528
77161 06580 41413=
TTCC  72121 48698
70870 77575 08023 50068 69577 08547 30389 51582 27530
20654 47183 26039 10114 43384 29013
88999
77999=
TTDD  7212/ 48698
11856 78956 22792 77157 33703 77375 44654 75376 55605
70377 66515 68978 77440 62579 88419 58380 99415 57780
11401 55981 22382 57380 33363 58980 44335 52582 55327
51582 66323 50582 77284 52582 88260 53781 99254 51982
11236 49982 22222 46983 33173 48183 44142 49383 55136
47383 66133 46583 77119 44984 88110 41585 99099 43784
11087 41185 22082 39585 33071 36986 44064 40185 55060
35986 66053 30788
21212 11977 01513 22933 32517 33819 04014 44713 07522
55625 09042 66581 07552 77434 09542 88390 13515 99371
11518 11322 22518 22303 27529 33280 27542 44237 22530
55201 26539 66123 29533 77115 32025 88101 30508 99095
25512 11086 13006 22082 21003 33079 23502 44078 09507
55076 07015 66068 14533 77059 15522 88056 11037 99053
15012=
