sing20220614.00
TTAA  64001 48698
99008 28036 20003 00103 27427 17008 92791 21602 17014
85519 16601 18012 70144 07214 08506 50585 05740 06508
40758 14958 08012 30969 30757 07012 25096 40963 08010
20244 53559 09018 15423 68360 10025 10655 85150 06549
88102 85949 06045
77999=
TTCC  64001 48698
70861 67968 11008 50063 69169 07545 30378 55772 12510
20640 50372 32018 10103 44778 28531
88999
77901 07570 43949=
TTDD  6400/ 48698
11924 84150 22890 77559 33844 73161 44785 73962 55763 68568
66680 67569 77629 70168 88602 66371 99553 68769 11482 69369
22453 66172 33417 67767 44336 58171 55331 55374 66272 57771
77259 55772 88255 52575 99243 47379 11199 50572 22169 50175
33141 42778 44107 44578 55100 44778 66086 41181 77081 37183
88074 37779 99073 38579 11072 39378 22069 35982 33064 33381
44057 32380 55054 33779 66051 33380 77047 31781 88046 31181
99045 27984 11042 27982
21212 11901 07570 22835 10054 33725 08514 44670 15010 55612
12002 66606 35502 77598 34006 88495 07547 99450 10049 11376
09056 22348 09554 33320 09019 44282 13514 55264 11521 66248
10504 77247 05502 88246 34002 99245 32004 11227 30025 22192
32512 33184 27014 44176 25514 55165 26027 66118 27545 77100
28531 88089 24525 99070 31006 11069 24508 22066 22016 33063
25010 44062 29508 55058 03004 66057 02008 77054 03518 88050
01512 99048 05023 11042 33031=
