sing20220616.00
TTAA  66001 48698
99008 26827 00501 00100 26017 28004 92784 21809 24506
85520 18027 34508 70163 08622 09008 50587 06310 10525
40759 15359 09523 30970 30159 09523 25097 40762 09529
20245 53760 10037 15423 68747 08035 10655 79756 06553
88107 82945 06543
77999=
TTCC  66001 48698
70861 73566 32508 50061 68773 10041 30377 48782 10014
20642 49580 26554 10098 45383 25021
88194 50580 26551
77415 09066 42403=
TTDD  6600/ 48698
11947 82139 22885 77759 33835 72762 44732 74764 55685 71568
66587 71569 77552 67773 88424 68774 99408 68974 11376 58980
22340 56178 33302 48982 44276 51778 55246 52179 66228 47583
77194 50580 88137 49781 99104 46183 11094 41784 22079 37585
33069 35185 44053 35983
21212 11920 07053 22871 09033 33777 06004 44762 07002 55753
27502 66710 30008 77695 34008 88549 11037 99415 09066 11345
09064 22296 11008 33288 21006 44266 24021 55248 23018 66212
26051 77169 26547 88156 26027 99151 25521 11139 26545 22102
25525 33085 28027 44081 26016 55072 25512 66070 21006 77069
21504 88067 27006 99066 32002 11065 34004 22064 33504 33063
27506 44060 22510 55059 18004 66058 11006 77056 11516 88053
16016=
