sing20220624.12
TTAA  74111 48698
99005 28650 21504 00077 28045 21004 92767 22417 22006
85501 18426 22508 70140 09210 29006 50586 05149 08008
40759 14948 10512 30970 29359 08518 25098 39570 09519
20246 52763 08521 15425 68757 07519 10657 81357 07551
88105 85149 07033
77999=
TTCC  74111 48698
70864 72967 09023 50065 64177 08029 30381 59584 08516
20646 47587 28039 10110 38789 32006
88085 43588 27004
77999=
TTDD  7411/ 48698
11938 81948 22922 77958 33808 70363 44689 73766 55623 68571
66550 68774 77527 64577 88382 62583 99304 59584 11265 51986
22259 50986 33253 46587 44189 47987 55178 47387 66175 45787
77128 45787 88109 43588 99104 40589 11102 38589 22085 43588
33071 44788 44067 41589
21212 11954 08543 22897 07023 33853 04014 44798 10016 55769
07014 66732 09016 77697 09025 88641 14025 99604 12525 11573
09033 22500 08029 33425 08554 44415 08554 55334 07514 66315
09014 77282 07525 88264 07018 99254 10514 11247 20010 22228
26525 33215 27541 44174 29531 55153 33019 66146 27525 77140
27041 88129 27541 99111 26006 11108 32502 22104 30004 33101
33504 44097 28514 55094 27023 66084 28002 77083 09502 88082
08502 99081 18504 11078 22014 22073 21508 33072 23006 44071
27504 55069 04506 66067 07516=
