sing20220611.00
TTAA  61001 48698
99009 26429 29002 00109 25419 25504 92798 22629 28008
85530 18016 21502 70167 08200 04004 50588 05327 11019
40760 16330 10512 30971 30325 10510 25098 40342 11004
20246 53156 06006 15424 68741 06029 10656 82950 06053
88105 82948 06056
77999=
TTCC  61001 48698
70861 65975 10018 50066 65782 09543 30385 54785 23504
20645 48387 23512 10106 39789 26021
88999
77999=
TTDD  6100/ 48698
11957 83747 22940 81357 33905 82347 44867 82745 55838 78358
66801 78159 77783 76361 88770 70166 99753 66168 11655 67182
22599 66782 33578 63183 44506 65782 55420 64583 66349 57384
77332 52386 88294 55385 99277 53184 11254 55185 22214 53185
33207 52786 44201 49786 55196 47987 66157 50586 77132 49187
88127 48587 99116 40789 11114 38789 22096 40189 33078 39389
44070 38989 55067 38989 66066 39189 77063 35190 88057 31192
99048 29999
21212 11927 08556 22814 10027 33784 08531 44700 10018 55627
07033 66533 10035 77437 09054 88357 08554 99347 08554 11306
08002 22302 24002 33286 25008 44275 30010 55267 31010 66247
29008 77240 33504 88231 29012 99224 28516 11205 22510 22192
26523 33175 30519 44165 26023 55144 24037 66124 23012 77112
28012 88095 24506 99094 29002 11093 36002 22091 04006 33086
06012 44083 03014 55080 33519 66072 02021 77067 35521 88063
05016 99062 04510 11060 34006 22058 05008 33055 00523 44053
01027 55049 31510 66048 32510=
