sing20220608.12
TTAA  58111 48698
99005 28646 01503 00077 28036 35504 92768 23439 31006
85499 17802 03004 70141 08815 05008 50586 04700 09516
40759 14512 06514 30971 28923 09016 25099 39529 10516
20247 51931 10518 15428 67729 09521 10661 81725 08508
88999
77999=
TTCC  58117 48698
70861 75356 07533
88891 84925 07021
77999=
TTDD  5811/ 48698
11891 84925 22853 82944 33788 81545 44766 82531 55742 77957
66700 75356 77664 76736 88615 71556
21212 11949 03508 22825 10525 33734 09531 44663 06541 55617
08545 66615 08545=
