sing20220629.12
TTAA  79111 48698
99003 30659 21504 00067 30058 24006 92757 23441 23512
85489 18856 23518 70137 09422 25516 50586 05721 27510
40758 14930 18010 30970 29733 15019 25097 39756 13025
20245 52350 09533 15425 67764 07053 10659 82962 10018
88999
77140 06560 41938=
TTCC  79111 48698
70864 71766 08016 50064 65179 09547 30387 57784 30019
20650 45588 25027 10113 40789 26527
88985 83761 09519
77999=
TTDD  7911/ 48698
11985 83761 22964 81362 33908 82559 44836 75762 55802 76361
66761 70766 77631 73369 88601 70173 99568 71971 11518 68776
22489 63181 33441 59584 44424 53585 55408 50586 66318 59184
77304 59184 88272 52786 99226 52186 11201 45987 22192 44188
33149 47787 44136 48187 55119 46187 66109 42388 77097 38789
88075 41789 99070 39989 11067 39789 22063 37590 33062 37590
44060 34990 55059 31991 66050 36190 77048 36990 88044 32991
21212 11884 10523 22822 02519 33802 01519 44693 09516 55573
11039 66483 09054 77441 09056 88406 09502 99404 29502 11403
27502 22373 26019 33312 28027 44290 31516 55277 27014 66254
31514 77221 21508 88214 24516 99183 26051 11156 27553 22143
28025 33098 26523 44093 29029 55083 33014 66077 26504 77076
22004 88075 20504 99074 16508 11061 08525 22058 13008 33055
23512 44050 26010 55047 33010 66045 32010 77044 03506=
