sing20220611.12
TTAA  61111 48698
99010 27638 01005 00120 27234 31504 92807 21819 27510
85536 18225 24504 70175 08608 07510 50590 05316 12010
40761 15314 09010 30973 29760 06010 25100 39931 03506
20248 52748 05016 15427 69143 06029 10659 80150 09053
88115 80949 07560
77114 07562 43125=
TTCC  61117 48698
70863 71160 09029
88999
77999=
TTDD  6111/ 48698
11939 81537 22882 78357 33842 79547 44779 78956 55760 78156
66743 72761 77668 69161 88585 70560
21212 11956 09549 22881 07037 33654 08518 44585 10041=
