sing20220606.00
TTAA  56001 48698
99007 27045 27003 00099 26438 24006 92783 22221 19512
85514 18829 21514 70154 08200 30004 50586 06700 04010
40758 15309 07510 30969 30517 07523 25096 41126 09521
20243 54536 10531 15421 68728 08525 10657 79121 31006
88999
77999=
TTCC  56001 48698
70859 70319 09537 50058 69917 07535 30377 55311 06506
20639 54311 27033 10090 47956 34014
88880 84123 36012
77999=
TTDD  5600/ 48698
11880 84123 22801 83123 33777 79127 44740 77921 55714 71732
66672 69317 77577 71518 88509 71318 99482 66516 11361 56512
22340 53928 33325 53912 44314 54511 55311 54724 66298 54511
77277 54711 88271 54136 99249 52312 11230 52125 22221 52715
33183 54112 44174 52332 55155 50536 66152 50730 77147 51728
88143 51932 99140 51556 11139 51558 22131 50548 33119 47750
44105 48145 55098 46758 66079 43563 77076 42960 88062 33970
99060 31771 11059 29374 22056 28372 33046 35369 44040 34172
21212 11926 35010 22876 36012 33758 07529 44723 08539 55663
10523 66607 07031 77555 10529 88521 07533 99419 11058 11354
10053 22333 08033 33303 07508 44294 03008 55270 02506 66263
01006 77249 28516 88225 25031 99216 25541 11198 27031 22176
24008 33168 26019 44153 26012 55140 19008 66137 16010 77129
16516 88123 24016 99101 33014 11095 05510 22093 02004 33091
27004 44089 26504 55088 28504 66087 33504 77083 00508 88082
35508 99075 01006 11074 35504 22073 31002 33072 30004 44064
01516 55058 34014 66056 26016 77053 24033 88046 24514 99044
27010 11040 26535=
