sing20220618.00
TTAA  68001 48698
99009 26227 29002 00113 25420 29004 92797 21826 21006
85526 17632 28006 70167 08625 07010 50588 06704 12018
40759 16326 10516 30970 31157 09023 25096 41160 09029
20244 54129 08531 15422 68760 07539 10656 79160 08516
88102 80359 07018
77999=
TTCC  68001 48698
70860 73964 14012 50059 68574 09051 30379 53180 06508
20643 51181 28027 10102 43782 29021
88224 52578 27025
77383 09062 42048=
TTDD  6800/ 48698
11915 81158 22889 80958 33864 75762 44770 78160 55742 77562
66725 73765 77590 68971 88547 71570 99522 71771 11464 64375
22364 58978 33345 53782 44288 53580 55250 48182 66224 52578
77154 47983 88145 49980 99131 44785 11104 44182 22094 42783
33090 40586 44075 40184 55061 35386
21212 11948 12512 22863 08004 33841 02506 44771 01508 55739
08510 66710 13510 77672 12010 88652 05012 99474 09558 11453
10560 22426 10051 33383 09062 44360 09060 55323 11512 66314
08008 77296 05004 88295 02502 99294 30002 11289 27008 22278
26016 33257 27527 44205 27531 55190 30521 66172 25510 77163
26027 88155 27035 99138 25016 11126 25029 22108 26021 33095
31021 44084 29010 55081 23518 66061 29504=
