sing20220608.00
TTAA  58001 48698
99008 26825 03503 00102 26023 05504 92787 23250 01006
85519 18650 32006 70158 09436 12004 50587 05556 08516
40759 15361 10516 30970 30561 10010 25097 40961 12508
20244 53362 07516 15422 68157 09016 10657 82133 07004
88999
77999=
TTCC  58001 48698
70858 72963 09027 50059 67382 09553 30379 48587 22502
20642 51186 30014 10106 44988 32021
88885 85529 05516
77394 07566 41717=
TTDD  5800/ 48698
11885 85529 22858 82750 33796 81142 44758 76559 55709 72563
66666 73165 77614 67973 88505 67582 99398 62183 11366 56585
22345 56984 33325 54385 44317 49786 55305 48187 66249 54985
77231 51786 88196 51986 99179 50186 11163 44388 22138 44588
33131 42588 44116 42388 55087 49586 66077 41789 77074 37990
88071 33791 99060 31991 11048 33191
21212 11980 13002 22967 23002 33956 26502 44947 32502 55932
00504 66871 06521 77804 08535 88732 11531 99668 06531 11557
10543 22394 07566 33347 08562 44331 09053 55302 09002 66300
22502 77299 24502 88278 26027 99267 26035 11229 29008 22216
27008 33205 29510 44187 31514 55163 13506 66158 13010 77134
24031 88127 23021 99116 25537 11097 34519 22091 34025 33073
06519 44066 11023 55061 11033 66056 15023 77053 19019 88048
21518=
