USSR01 WSSS 071200
TTAA  57111 48698
99006 28447 08004 00082 27636 05010 92771 22617 29010
85506 18256 29019 70143 10262 29527 50586 05320 31006
40758 16109 04010 30967 30935 09029 25094 41350 09041
20242 53557 12054 15420 68548 12070 10653 78358 09551
88110 82156 10076
77107 09580 43288
31313 73508 81030=



UKSR01 WSSS 071200
TTBB  57118 48698
00006 28447 11943 23609 22894 20205 33797 14458 44746 12862
55692 09262 66679 08650 77615 03658 88588 01223 99528 04130
11517 05524 22506 04922 33437 12501 44345 23525 55264 38356
66197 54357 77144 70940 88110 82156 99100 78358
21212 00006 08004 11990 04010 22966 01506 33959 33004 44938
28008 55921 29510 66898 29508 77885 27512 88843 29018 99803
28031 11728 26525 22710 29021 33690 29021 44675 31516 55656
31012 66649 28514 77628 27019 88559 28518 99553 30016 11538
30019 22526 28019 33496 32008 44480 00506 55475 36002 66468
02004 77459 01506 88446 05504 99442 35502 11434 33008 22414
03510 33406 03014 44386 05006 55380 09508 66363 07514 77330
10021 88259 09041 99211 11545 11193 11560 22117 11576 33109
10076 44107 09580 55100 09551
31313 73508 81030
41414 68448=



ULSR01 WSSS 071200
TTCC  57111 48698
70857 74160 03512 50059 67959 28516 30368 61960 21514
20622 55961 30533 10066 48767 04033
88396 71358 30019
77041 09101 43616
31313 73508 81030=



UESR01 WSSS 071200
TTDD  5711/ 48698
11730 78357 22708 74560 33655 72559 44598 65961 55499 68159
66459 65762 77396 71358 88348 63162 99252 60760 11212 55162
22183 56760 33139 54962 44131 52365 55115 53765 66105 49768
77087 47970 88081 49169 99078 49969 11075 46772 22059 43977
33048 44776 44044 42779 55037 35790
21212 11913 11504 22908 21002 33900 24508 44874 22512 55835
23019 66810 25512 77788 23508 88775 26502 99763 34502 11754
15002 22746 19002 33735 16002 44727 34502 55700 03512 66685
09008 77655 11010 88645 14506 99623 11508 11609 06508 22593
31014 33522 30519 44497 28514 55470 24016 66452 30016 77390
29014 88382 23510 99353 18518 11331 21519 22299 21514 33290
24014 44266 26519 55244 27019 66228 32016 77220 31531 88196
31033 99168 26021 11152 25016 22141 27512 33130 02008 44123
06516 55118 07018 66108 02533 77079 11541 88071 09051 99068
08562 11064 05556 22047 09564 33041 09101 44037 09086
31313 73508 81030=
