USSR01 WSSS 140000
TTAA  64001 48698
99008 26026 07505 00103 25617 03010 92786 22428 29010
85516 18024 25512 70150 07624 27518 50588 06117 25021
40760 16540 16006 30970 31756 17512 25096 42157 08516
20243 54365 09543 15421 69559 09058 10655 77963 28006
88119 79556 10582
77121 10584 42583
31313 73508 82339=



UKSR01 WSSS 140000
TTBB  64008 48698
00008 26026 11934 23028 22737 09412 33712 09000 44699 07630
55690 09857 66686 12260 77603 04056 88558 00857 99479 08708
11411 14943 22373 20134 33338 24358 44288 33560 55244 43956
66225 47961 77193 55766 88119 79556 99114 76760 11100 77963
21212 00008 07505 11992 02508 22979 02508 33960 34510 44947
35006 55926 29010 66898 29014 77886 27012 88872 28512 99852
26012 11834 26016 22799 24014 33789 26016 44734 27512 55721
31516 66690 25521 77676 26521 88656 24023 99614 27025 11577
26021 22554 22518 33539 24018 44526 23523 55487 27018 66476
25521 77451 25516 88418 22506 99414 16510 11398 16006 22390
14002 33389 15502 44387 23002 55383 27504 66374 22010 77369
24508 88358 24016 99335 18010 11302 17512 22276 08506 33266
07510 44230 09523 55196 09551 66163 08551 77121 10584 88105
08510 99104 11506 11103 11504 22102 01002 33100 28006
31313 73508 82339
41414 38432=



ULSR01 WSSS 140000
TTCC  64001 48698
70859 72169 27514 50059 67182 24027 30371 63183 30518
20627 55985 23527 10070 50986 05521
88182 60184 22525
77999
31313 73508 82339=



UESR01 WSSS 140000
TTDD  6400/ 48698
11938 79762 22920 77564 33773 80163 44757 75967 55743 76166
66730 72768 77650 73569 88568 68377 99476 65982 11422 68182
22380 66182 33361 62183 44322 60983 55299 63383 66281 64183
77255 55785 88210 55785 99182 60184 11172 59584 22162 55585
33143 52786 44130 54385 55123 51986 66114 52985 77090 48587
88082 49386 99069 41589 11060 40389
21212 11996 27006 22923 29027 33847 27025 44805 28027 55756
28016 66734 26018 77682 29518 88645 28518 99630 25512 11606
24519 22533 26519 33478 22527 44439 24516 55423 23016 66411
24512 77382 24512 88367 22510 99354 31512 11281 32012 22273
27010 33259 25514 44231 29025 55205 23027 66168 23019 77154
17512 88149 19010 99146 15508 11141 15008 22135 09010 33128
03006 44124 05514 55120 01516 66117 04014 77114 09008 88096
05033 99092 08027 11075 14029 22072 13535 33065 11029 44060
10043
31313 73508 82339=
