USSR01 WSSS 061200
TTAA  56111 48698
99005 28659 32004 00077 27257 34010 92763 21225 29508
85492 19463 28527 70138 08611 27018 50585 06112 14004
40757 15305 04521 30968 29750 09027 25096 39163 08031
20245 52764 10539 15424 68760 11545 10654 83357 08553
88107 85150 09564
77106 09066 42872
31313 73508 81045=



UKSR01 WSSS 061200
TTBB  56118 48698
00005 28659 11899 18813 22888 20050 33849 19463 44786 16065
55734 11661 66701 08616 77625 05029 88532 03901 99481 07127
11409 14501 22368 18914 33353 20756 44344 21959 55319 26550
66288 31559 77280 33356 88261 36756 99257 37950 11254 38750
22251 38961 33248 39567 44182 57759 55163 63963 66107 85150
77100 83357
21212 00005 32004 11988 34012 22976 32008 33947 33008 44921
29008 55883 29527 66762 26539 77716 25523 88648 27008 99634
22008 11615 23510 22601 21012 33590 22512 44574 19006 55553
21010 66539 19510 77525 20006 88512 15004 99494 12006 11484
19508 22474 17008 33465 19006 44454 15006 55445 08508 66437
06512 77399 04019 88327 09521 99263 07529 11182 11547 22130
10543 33112 10062 44106 09066 55100 08553
31313 73508 81045
41414 11542=



ULSR01 WSSS 061200
TTCC  56111 48698
70858 74963 19504 50058 66575 30023 30369 60983 26514
20624 54785 26516 10069 48187 04027
88066 49986 11549
77040 09605 45327
31313 73508 81045=



UESR01 WSSS 061200
TTDD  5611/ 48698
11916 77560 22849 79558 33748 78160 44688 73764 55608 73565
66571 67970 77426 65378 88388 67179 99269 60384 11261 57784
22203 54785 33169 56785 44160 56984 55153 53985 66132 54585
77109 48787 88095 48587 99088 44788 11084 43388 22066 49986
33059 44388 44050 41589 55042 41589 66037 38589
21212 11938 10516 22878 22512 33823 25514 44814 24010 55796
16508 66787 16508 77752 29502 88751 28502 99746 21002 11710
22002 22698 19006 33634 19523 44576 15508 55568 22006 66504
29521 77481 30025 88457 26025 99391 30523 11376 29016 22351
23512 33290 27014 44278 30010 55253 27521 66232 29019 77183
26512 88171 31523 99155 33016 11152 30012 22146 30514 33142
25514 44138 23519 55124 22529 66109 09021 77103 06031 88099
02521 99093 05535 11089 03527 22083 10527 33071 10547 44066
11549 55061 09053 66060 09062 77058 08058 88049 07060 99047
07060 11046 07558 22040 09605 33037 08088
31313 73508 81045=
