USSR01 WSSS 060000
TTAA  56001 48698
99007 24821 01503 00099 24212 36004 92778 20613 30512
85506 16809 27014 70150 09224 27010 50587 05132 15504
40759 14758 09016 30970 29560 08019 25098 40360 10523
20245 54333 10019 15424 69157 11051 10654 80357 09035
88106 85948 09574
77106 09574 42491
31313 73508 82349=



UKSR01 WSSS 060000
TTBB  56008 48698
00007 24821 11807 14001 22736 12032 33476 07917 44461 08756
55451 10130 66420 12557 77342 23156 88316 26560 99259 38161
11217 49341 22200 54333 33190 56758 44106 85948 55100 80357
21212 00007 01503 11979 33014 22915 31008 33873 27012 44837
25019 55805 27012 66767 25018 77754 27512 88743 24016 99689
29512 11681 28006 22663 28506 33658 24502 44646 18502 55640
25502 66637 25504 77632 20004 88614 05002 99607 08502 11604
06002 22601 27502 33582 11504 44580 12002 55577 29502 66572
00502 77569 11502 88566 14004 99549 12006 11538 15006 22524
13006 33506 16506 44499 15004 55475 16502 66471 09502 77464
08008 88456 10006 99432 09012 11423 10512 22416 08512 33400
09016 44391 07016 55357 09521 66302 08019 77250 10523 88203
10021 99155 10549 11129 10551 22108 09572 33106 09574 44100
09035
31313 73508 82349
41414 38432=



ULSR01 WSSS 060000
TTCC  56001 48698
70859 73368 33006 50061 65382 23518 30375 61183 25521
20633 51986 31014 10084 46787 05531
88999
66042 09105 44900
31313 73508 82349=



UESR01 WSSS 060000
TTDD  5600/ 48698
11910 77361 22814 80161 33756 73565 44719 74766 55625 69974
66578 64183 77473 65582 88432 64982 99408 61383 11356 63983
22294 61783 33272 56385 44239 53985 55221 55385 66206 52386
77152 49986 88135 51386 99119 51986 11101 47387 22084 43988
33077 45987 44066 45787 55055 38190 66042 31199
21212 11930 12502 22929 14002 33927 23002 44923 26004 55902
26516 66820 30012 77784 34004 88755 25506 99720 26008 11696
34006 22674 34502 33673 36002 44670 10502 55669 12002 66613
15012 77603 18506 88594 18506 99584 21012 11543 22025 22502
23518 33486 26518 44425 25021 55390 30029 66307 25021 77272
26508 88266 30004 99254 28512 11232 32021 22183 30023 33175
31519 44159 32023 55151 28018 66142 27016 77133 23014 88124
21033 99112 15010 11107 07021 22098 06035 33095 06035 44091
01523 55084 10531 66082 07521 77077 10521 88072 10031 99071
12535 11064 12056 22059 09539 33056 09551 44055 10062 55051
10558 66050 10556 77042 09105
31313 73508 82349=
