USSR01 WSSS 120000
TTAA  62001 48698
99008 24213 01508 00103 26056 01502 92787 21419 33510
85523 17823 29514 70164 09024 29023 50588 07515 10002
40759 16158 10016 30969 31132 09033 25096 40158 13029
20243 53744 14547 15422 69750 11047 10656 75962 05004
88119 80956 10576
77117 10082 43477
31313 73508 80008=



UKSR01 WSSS 120000
TTBB  62008 48698
00008 24213 11003 25656 22977 26056 33976 23817 44747 12835
55627 03836 66597 00805 77567 01330 88537 03701 99460 10712
11431 12556 22398 16359 33384 18357 44380 18943 55371 20159
66361 21558 77352 22763 88335 25545 99290 32932 11259 38158
22201 53545 33185 57958 44119 80956 55116 79558 66113 76560
77100 75962
21212 00008 01508 11930 34010 22908 31012 33863 28512 44774
28514 55759 31014 66720 28518 77682 29021 88663 31518 99620
32016 11602 34016 22590 33512 33573 36012 44538 01510 55518
33002 66506 08004 77498 10502 88490 06504 99481 10506 11474
10510 22459 15014 33432 11516 44392 11018 55385 09521 66366
10023 77349 08025 88317 08029 99240 14033 11209 14541 22149
11047 33136 11551 44117 10082 55113 09558 66102 06514 77101
04508 88100 05004
31313 73508 80008
41414 78442=



ULSR01 WSSS 120000
TTCC  62001 48698
70860 74970 21506 50060 67182 26523 30373 60983 24519
20626 58384 01021 10075 50986 12527
88999
77999
31313 73508 80008=



UESR01 WSSS 120000
TTDD  6200/ 48698
11850 79765 22798 75568 33739 76568 44671 75371 55640 70774
66542 65782 77465 69781 88435 68981 99414 62783 11261 60983
22191 58384 33173 52986 44137 49986 55129 52786 66109 51786
77079 46787 88073 46787
21212 11988 11004 22973 10004 33901 14010 44874 18508 55853
24006 66826 34012 77819 34512 88801 30510 99749 33008 11736
30504 22724 22504 33713 19504 44685 23006 55676 28502 66671
03502 77657 14002 88653 13002 99647 03002 11617 30508 22567
29514 33555 27516 44511 26025 55468 28527 66439 25016 77425
21516 88415 23514 99397 21518 11360 25016 22352 23518 33341
24518 44320 23016 55310 24523 66283 22021 77270 24027 88253
20531 99239 19008 11226 36004 22220 34510 33198 01021 44189
00514 55180 02008 66171 14506 77167 07006 88162 05010 99156
07012 11151 11512 22147 07512 33137 13014 44129 12029 55122
10521 66113 12512 77108 10518 88094 12535 99091 11541 11088
11539 22085 08047 33073 07045
31313 73508 80008=
