USSR01 WSSS 220000
TTAA  72001 48698
99009 25837 06507 00112 24827 03512 92794 20833 02023
85520 18250 34510 70163 08822 27516 50587 05545 21010
40759 14771 02516 30970 31363 16016 25096 41958 15023
20243 54729 11035 15422 68335 09521 10653 86324 06031
88999
77999
31313 73508 82335=



UKSR01 WSSS 220000
TTBB  72008 48698
00009 25837 11956 22007 22899 20857 33813 15427 44729 11646
55649 04804 66594 01624 77559 02106 88505 05331 99474 07761
11466 08560 22453 08970 33385 15976 44322 28160 55270 37162
66240 44156 77200 54729 88165 62557 99149 68732 11120 80522
22100 86324
21212 00009 06507 11990 02514 22894 01521 33857 34512 44839
35514 55821 32008 66812 28006 77787 28010 88777 26014 99761
27012 11729 24016 22715 27512 33673 26514 44664 24012 55655
27014 66635 28512 77624 24508 88614 27010 99588 28512 11576
26508 22559 32004 33550 24506 44532 26012 55506 20514 66493
22006 77488 24504 88474 21504 99468 24006 11449 26008 22442
32506 33435 35008 44423 35010 55363 05512 66330 07512 77323
04506 88320 09006 99316 10008 11308 17512 22298 15516 33269
16525 44226 12527 55182 11547 66160 10021 77138 08018 88124
05029 99116 03521 11100 06031
31313 73508 82335
41414 11432=



ULSR01 WSSS 220000
TTCC  72001 48698
70849 84958 03512 50046 64982 23519 30356 63783 28018
20610 54585 31021 10056 49786 09527
88998 86324 06031 88379 68182 29037 88155 57384 21023
77045 09060 41519
31313 73508 82335=



UESR01 WSSS 220000
TTDD  7200/ 48698
11998 86324 22953 85924 33945 84336 44846 85740 55819 85356
66726 85356 77699 84758 88686 81161 99639 80959 11604 75365
22594 71169 33564 67174 44532 67782 55518 64982 66487 63383
77379 68182 88307 65382 99289 60784 11257 58184 22231 59584
33215 59384 44205 55385 55191 55585 66181 52586 77155 57384
88143 57784 99139 57984 11131 52786 22121 53785 33115 50586
44105 49187 55093 52786 66090 52985 77085 48787 88075 44588
99068 44188 11056 38589 22038 32991
21212 11959 05531 22907 10521 33846 10029 44801 10508 55786
13504 66750 04504 77736 33506 88715 33508 99697 04514 11684
06021 22639 05012 33627 10016 44596 11008 55589 08506 66570
05502 77561 26502 88557 24506 99527 22518 11512 24521 22497
23019 33473 26033 44381 29037 55310 26016 66291 30021 77267
26523 88240 29521 99214 29023 11187 31019 22178 23016 33173
21019 44139 22016 55131 16512 66121 13016 77115 03508 88106
05014 99097 10533 11091 11031 22083 07529 33067 07045 44056
09037 55054 09543 66053 09558 77052 09545 88049 08541 99045
09060 11038 09545
31313 73508 82335=
