USSR01 WSSS 261200
TTAA  76111 48698
99008 28057 05011 00099 27250 01521 92788 20814 02523
85518 17223 02018 70154 08639 05010 50587 05944 19004
40760 15711 14508 30971 30137 14527 25098 39956 12033
20246 53356 11035 15425 69150 11051 10659 81359 22012
88999
77126 10570 41967
31313 73508 81056=



UKSR01 WSSS 261200
TTBB  76118 48698
00008 28057 11946 22417 22742 10611 33727 10457 44711 09259
55705 08840 66669 07024 77643 06042 88621 05065 99614 04656
11595 02437 22551 01165 33546 01568 44536 02164 55532 02357
66524 03531 77501 05944 88495 05960 99406 14913 11360 19940
22301 29938 33289 32158 44263 37962 55252 39556 66216 48950
77210 50557 88183 58541 99140 72956 11132 75950 22125 77557
33121 75560 44100 81359
21212 00008 05011 11987 02519 22958 04018 33840 01518 44772
05014 55760 04014 66747 06012 77718 02008 88684 07012 99639
07506 11618 10002 22615 32502 33612 31002 44608 12002 55601
00504 66599 35504 77589 01502 88587 15002 99581 18502 11578
26502 22572 24504 33565 28502 44560 20502 55546 27502 66541
01004 77528 34502 88524 06502 99519 05002 11516 27502 22513
26502 33510 14502 44503 20504 55496 15004 66490 07004 77476
02004 88474 33502 99473 29002 11468 17002 22453 36002 33428
01502 44427 36002 55424 19502 66423 18002 77420 08502 88409
09504 99403 14008 11371 16512 22342 15518 33330 13014 44317
14019 55281 14023 66240 11033 77163 11045 88126 10570 99111
13018 11100 22012
31313 73508 81056
41414 21532=



ULSR01 WSSS 261200
TTCC  76111 48698
70858 78362 00000 50057 67176 28025 30367 59784 27541
20624 55985 28025 10075 46387 09521
88773 85758 15021
77999
31313 73508 81056=



UESR01 WSSS 261200
TTDD  7611/ 48698
11773 85758 22716 82959 33704 78962 44671 78960 55654 77961
66624 68567 77516 71172 88502 67575 99429 67578 11240 55985
22204 56785 33170 51386 44137 52986 55129 52986 66118 49586
77116 47787 88095 45987 99082 49187
21212 11897 24008 22864 20016 33797 16521 44735 13512 55722
10506 66702 34502 77698 22002 88662 14502 99658 34502 11636
06008 22629 03002 33625 30504 44623 28506 55609 27019 66585
27033 77518 25512 88506 27518 99481 28535 11450 29035 22412
26539 33350 26023 44303 27539 55238 26027 66224 28027 77192
27025 88160 32521 99142 30012 11137 26008 22128 32008 33121
31008 44118 28006 55116 20506 66111 16006 77109 10004 88106
11010 99103 08014 11090 13047 22082 10549
31313 73508 81056=
