USSR01 WSSS 111200
TTAA  61111 48698
99006 28456 04007 00089 27850 00516 92771 22025 35516
85504 17211 31516 70139 08819 34012 50586 04756 35508
40758 13770 09508 30970 30362 12006 25096 41357 11521
20244 52557 13033 15423 68556 12551 10656 77559 05506
88112 82541 10578
77115 10580 43973
31313 73508 81045=



UKSR01 WSSS 111200
TTBB  61118 48698
00006 28456 11955 23622 22871 18831 33835 16202 44749 11006
55704 08612 66695 09416 77507 04729 88492 05757 99445 11727
11440 12150 22425 11563 33388 14974 44340 22576 55249 41556
66236 44756 77224 47160 88219 48363 99210 50356 11187 56358
22112 82541 33110 79957 44109 78558 55100 77559
21212 00006 04007 11989 00514 22967 01012 33939 35018 44923
35516 55897 33010 66882 27006 77876 31008 88865 32512 99837
28514 11829 30514 22820 29512 33806 31018 44792 29516 55761
31518 66713 32018 77697 35010 88683 33514 99671 35010 11664
33512 22654 35008 33646 33008 44639 33510 55620 29012 66605
28510 77592 31012 88583 29010 99571 30514 11559 28518 22539
29510 33521 28012 44511 31506 55507 35504 66499 36008 77490
08008 88481 06506 99463 11010 11452 02510 22446 04508 33439
03010 44410 09508 55393 09004 66377 11006 77355 07506 88343
17002 99339 01002 11334 04504 22323 07008 33307 08008 44300
12006 55269 10018 66241 12521 77218 12023 88197 13535 99161
12045 11143 13049 22125 11556 33115 10580 44113 10580 55101
08514 66100 05506
31313 73508 81045
41414 18438=



ULSR01 WSSS 111200
TTCC  61111 48698
70861 73165 35006 50061 67774 30512 30372 60783 22512
20626 57984 31021 10077 46787 12535
88999
77999
31313 73508 81045=



UESR01 WSSS 111200
TTDD  6111/ 48698
11868 79760 22841 79760 33815 75363 44658 73366 55581 68371
66539 69970 77469 64578 88422 67978 99279 58784 11256 60584
22194 58784 33172 55785 44164 56585 55119 45987 66114 44788
77093 47387 88083 47787 99076 44788 11059 43988
21212 11989 36006 22982 36004 33971 08504 44931 17012 55833
23010 66823 32506 77795 35510 88782 04504 99775 01504 11742
03508 22734 06504 33723 18002 44710 23502 55705 33504 66683
35514 77665 34512 88633 00506 99625 31006 11608 29012 22592
30508 33582 28006 44553 30010 55511 29014 66500 30512 77481
30016 88457 31525 99424 32518 11385 27008 22372 18008 33353
19506 44346 18010 55332 21510 66315 19016 77302 22012 88294
21514 99263 24529 11237 24018 22225 25512 33220 28012 44200
31021 55151 02008 66145 07504 77141 02002 88140 03502 99138
11002 11136 01502 22134 02506 33132 00504 44130 06006 55126
00518 66115 03529 77110 07021 88105 11531 99098 12537 11088
11554 22070 07541 33059 10541
31313 73508 81045=
