USSR01 WSSS 171200
TTAA  67111 48698
99007 28056 05507 00094 27242 02508 92780 21223 01516
85509 17013 34508 70139 08601 29514 50587 06550 25518
40759 15362 18508 30970 30550 12018 25096 40358 11027
20245 52964 11056 15426 62373 17019 10663 80159 25539
88999
77180 11064 41357
31313 73508 81101=



UKSR01 WSSS 171200
TTBB  67118 48698
00007 28056 11947 22614 22678 07017 33670 09656 44547 01740
55528 03158 66496 07156 77486 07715 88425 12313 99421 12710
11412 14358 22397 15763 33356 21560 44341 23944 55313 28156
66264 38122 77252 39957 88232 44958 99224 47158 11219 48556
22217 48941 33216 49336 44213 49757 55211 50161 66183 57763
77163 59369 88116 76160 99100 80159
21212 00007 05507 11952 02012 22894 01512 33884 36016 44871
01016 55853 34508 66830 00512 77809 34012 88759 33516 99733
29518 11714 30018 22670 26010 33659 28012 44620 28012 55604
31012 66595 29016 77565 28014 88555 26510 99545 27012 11518
25016 22480 28014 33471 23004 44461 21506 55451 26012 66424
25010 77399 18008 88379 21006 99358 23010 11337 17006 22331
19502 33321 13504 44311 11506 55299 12516 66294 11519 77180
11064 88160 13519 99153 16014 11144 22016 22133 24523 33113
27043 44108 27049 55100 25539
31313 73508 81101
41414 48438=



ULSR01 WSSS 171200
TTCC  67111 48698
70862 83757 19012 50057 67970 02004 30369 61583 28014
20626 55185 27531 10074 46987 10518
88775 86356 23029
77999
31313 73508 81101=



UESR01 WSSS 171200
TTDD  6711/ 48698
11775 86356 22740 83358 33701 83757 44666 77761 55599 78160
66561 72365 77495 66571 88419 65977 99388 62180 11347 63980
22298 61783 33287 57984 44219 54985 55188 56585 66168 54385
77138 56185 88127 52985 99120 47787 11106 45987 22090 49187
33067 48787 44057 40189
21212 11965 25037 22899 28525 33761 23525 44736 19516 55695
18510 66679 13010 77643 06518 88598 07019 99576 09506 11552
05504 22537 35004 33507 04506 44493 35006 55483 35008 66471
06006 77456 07502 88451 13002 99449 12502 11445 34502 22430
25504 33410 23506 44381 27014 55334 21510 66315 24512 77287
32521 88265 33523 99230 30531 11213 27027 22179 27025 33150
23031 44120 25012 55117 18008 66114 20004 77113 18502 88112
36002 99111 00504 11108 09008 22094 10541 33081 08039 44073
10541 55065 10543 66064 09051 77062 07547 88057 10043
31313 73508 81101=
