sing20140602.00
TTAA  52001 48698
99006 27820 08002 00065 26020 08502 92730 13416 24003
85443 12816 25002 70072 10216 18502 50580 04333 13006
40753 14528 04018 30965 28761 05517 25093 39360 06526
20242 51159 05525 15422 66955 04526 10658 73755 04530
88118 78138 06535
77999=
TTCC  52001 48698
70863 701// 27519 50064 679// 31015 30384 575// 07528
20641 523// 09544 10097 445// 11069
88999
77079 09580 41360=
TTDD  5200/ 48698
11898 769// 22862 789// 33814 815// 44763 787// 55709
705// 66706 701// 77701 701// 88643 695// 99635 681//
11606 685// 22548 699// 33522 683// 44443 587// 55394
587// 66351 577// 77265 563// 88208 529// 99192 517//
11175 513// 22162 491// 33146 503// 44138 489// 55120
457// 66116 443// 77114 441// 88094 445// 99071 267//
11067 215// 22064 223//
21212 11884 09506 22837 20005 33801 22011 44776 24505
55764 21504 66753 21507 77719 27513 88697 27520 99644
35510 11624 30021 22597 30032 33520 32022 44512 30519
55487 32004 66472 21014 77451 20018 88438 22017 99417
22031 11383 16016 22366 09516 33354 10529 44287 09026
55277 08538 66268 10536 77234 07538 88219 09544 99185
08553 11163 08550 22149 08057 33117 08070 44114 08579
55103 11067 66094 10072 77091 10066 88079 09580 99077
11066 11075 10062 22070 07028 33066 15503 44064 26510=
