sing20140617.12
TTAA  67121 48698
99005 31859 18506 00060 31060 18504 92754 25041 19508
85493 20045 24010 70140 11665 29028 50587 05346 21013
40760 14558 13522 30971 29745 09033 25099 38349 06037
20248 51156 04543 15429 66150 07545 10664 801// 08058
88102 80750 08054
77999=
TTCC  67121 48698
70871 747// 27524 50071 687// 28008 30385 595// 08549
20646 515// 08554 10106 399// 09560
88999
77998 08059 42864
77087 08077 42528=
TTDD  6712/ 48698
11987 789// 22940 737// 33892 731// 44880 717// 55803
751// 66722 755// 77683 725// 88651 709// 99621 727//
11599 709// 22592 705// 33537 663// 44500 687// 55488
673// 66425 631// 77344 601// 88283 539// 99240 529//
11229 515// 22188 497// 33164 471// 44131 457// 55113
443// 66105 423// 77097 385// 88090 359// 99068 383//
11065 341//
21212 11891 12013 22877 17506 33802 26512 44753 29528
55692 27525 66638 28537 77599 27526 88552 30012 99535
28018 11494 29004 22487 24004 33472 24016 44444 28015
55437 29014 66424 35507 77417 04505 88411 04006 99404
33507 11392 01003 22375 08020 33361 08528 44356 09543
55351 10538 66289 09561 77281 11052 88276 11056 99255
09548 11236 08557 22221 09542 33200 08554 44198 09546
55175 08557 66169 09051 77163 08564 88159 09053 99154
10054 11123 09061 22087 08077 33081 08057 44069 08537
55065 09031=
