sing20140610.12
TTAA  60121 48698
99004 27607 31502 00045 28027 36003 92736 24421 18507
85474 20846 28521 70129 11040 28507 50586 03518 15514
40759 13523 08013 30972 28556 11018 25100 38350 06518
20250 49536 07531 15431 64935 07573 10668 82127 08511
88999
77999=
TTCC  60127 48698
70870 761// 28522
88969 82734 05020
66722 06582=
TTDD  6012/ 48698
11978 82534 22969 82734 33922 809// 44889 815// 55855
789// 66840 787// 77810 799// 88760 755// 99733 755//
11718 763// 22710 755// 33681 765//
21212 11984 06013 22966 05022 33953 05528 44916 06046
55901 06054 66861 07545 77821 08531 88802 09018 99784
19504 11768 25016 22754 26018 33742 26021 44732 26023
55722 06582 66697 28520 77690 28522 88681 33517=
