sing20140623.00
TTAA  73001 48698
99008 29043 20004 00087 28431 21006 92777 23633 23509
85511 18831 26018 70160 10457 28012 50588 04759 25021
40759 17717 17510 30969 30338 06542 25096 40140 05540
20244 52937 05545 15424 64339 09030 10664 74139 33001
88999
77999=
TTCC  73001 48698
70870 715// 24032 50071 671// 34514 30386 573// 09056
20646 533// 09542 10101 443// 08061
88830 79946 35509
77089 08076 41233=
TTDD  7300/ 48698
11870 78741 22830 79946 33816 793// 44776 757// 55753
729// 66730 713// 77727 711// 88639 699// 99584 705//
11577 703// 22539 659// 33499 671// 44476 643// 55454
625// 66338 599// 77297 573// 88269 545// 99246 527//
11227 531// 22181 509// 33147 493// 44121 477// 55116
465// 66109 451// 77105 443// 88082 369// 99079 357//
11072 325// 22066 321//
21212 11916 30517 22896 32016 33840 01010 44787 27512
55750 22509 66727 23528 77632 26038 88612 26533 99592
28032 11546 33023 22519 33017 33511 34519 44479 07507
55464 05517 66434 08516 77419 08026 88373 12032 99326
09549 11289 08558 22220 08047 33202 10042 44141 08560
55129 08571 66115 08060 77107 07564 88089 08076 99080
06539 11078 06048 22070 10041 33068 09038 44066 10025=
