sing20140603.12
TTAA  53121 48698
99002 30657 18005 00034 30657 16505 92723 23839 14510
85461 20237 16010 70114 11634 17504 50586 03350 31505
40759 13748 05509 30972 28756 06011 25100 38740 08519
20248 51950 09011 15428 66957 03518 10665 76955 11007
88113 78348 08038
77999=
TTCC  53121 48698
70868 72356 23520 50068 69157 24028 30382 56762 09539
20640 53968 09057 10102 38183 09066
88999
77078 07590 42853=
TTDD  5312/ 48698
11951 789// 22906 779// 33884 789// 44698 723// 55647
711// 66623 725// 77568 697// 88524 685// 99462 661//
11451 649// 22445 647// 33414 647// 44366 639// 55348
609// 66335 577// 77306 565// 88260 579// 99256 571//
11250 565// 22241 551// 33238 547// 44219 541// 55192
531// 66185 515// 77151 487// 88149 485// 99123 379//
11122 379// 22121 377// 33118 377// 44085 339// 55071
325// 66063 343// 77061 345//
21212 11976 14504 22916 28006 33871 31511 44857 30509
55814 34511 66798 01512 77758 05511 88722 16513 99709
22516 11683 26027 22639 26525 33607 27513 44576 23019
55527 25030 66477 23528 77423 28035 88402 26528 99384
29514 11372 32508 22366 04508 33354 08525 44319 09044
55266 07046 66245 09055 77237 09048 88187 09562 99139
09073 11104 09565 22085 08576 33082 08067 44078 07590
55076 08076 66073 08084 77066 08032 88062 17502 99061
26509=
