sing20140617.00
TTAA  67001 48698
99006 29441 18504 00066 29043 18003 92757 24030 17516
85493 20257 21521 70142 11861 28025 50587 05928 15006
40759 15324 09524 30971 28958 07036 25099 39359 05042
20247 51757 05547 15427 65947 08535 10663 81956 07557
88999
77999=
TTCC  67001 48698
70871 719// 28021 50071 685// 30511 30385 597// 08061
20646 495// 08048 10103 447// 09565
88100 81956 07557
77978 07560 43167
77082 08567 40743=
TTDD  6700/ 48698
11941 743// 22933 735// 33924 731// 44888 713// 55878
701// 66874 697// 77775 745// 88743 745// 99704 725//
11698 717// 22669 685// 33635 701// 44581 719// 55545
707// 66530 701// 77523 693// 88509 681// 99478 661//
11420 645// 22398 615// 33346 593// 44278 567// 55266
547// 66233 501// 77154 487// 88131 475// 99119 463//
11108 451// 22089 429// 33088 427// 44079 399// 55075
385// 66072 399// 77062 355//
21212 11978 07560 22894 06017 33875 04003 44855 31503
55819 27508 66750 27024 77711 26020 88687 28019 99674
28032 11627 28045 22576 26534 33539 27516 44519 29021
55500 30511 66476 21010 77452 23021 88437 22018 99422
17508 11415 14513 22370 08536 33344 09544 44288 08562
55278 09565 66254 09550 77208 08548 88157 08562 99143
10055 11091 08562 22082 08567 33076 07038 44070 06527
55067 02029 66062 05020=
