sing20140615.12
TTAA  65121 48698
99005 31661 28004 00061 31060 26504 92753 24857 25011
85491 20660 27025 70138 11857 26030 50586 04922 01016
40759 13524 09028 30971 28729 10027 25099 38957 10528
20248 51950 08541 15428 66144 08071 10664 81150 10556
88999
77143 08077 42337=
TTCC  65122 48698
70870 715// 25524 50072 687// 27532 30384 573// 09061
20643 485// 09560
88983 81547 10052
77125 08566 40910=
TTDD  6512/ 48698
11983 81547 22970 817// 33926 749// 44887 745// 55793
755// 66745 733// 77714 727// 88703 715// 99685 717//
11613 659// 22557 675// 33504 685// 44468 703// 55427
667// 66402 629// 77377 639// 88353 649// 99339 619//
11302 571// 22279 561// 33217 517// 44199 481// 55178
451// 66140 435// 77115 411// 88101 391//
21212 11951 09547 22867 13005 33852 10002 44762 31013
55749 24511 66709 25026 77669 26521 88644 30512 99633
27514 11612 27533 22566 28541 33480 27026 44464 26532
55440 25516 66425 33511 77412 30503 88405 09007 99386
14513 11373 10518 22330 08051 33297 09062 44267 07557
55245 08561 66232 08553 77196 10059 88181 11060 99144
09057 11127 08565 22125 08566 33113 08552 44106 08064
55101 /////=
