sing20140629.00
TTAA  79001 48698
99007 28036 07002 00077 28025 10502 92766 22210 20507
85500 19032 28512 70145 10046 14502 50587 05741 22515
40759 15345 07508 30969 30956 08523 25095 41350 07540
20243 52748 06563 15422 67737 06554 10660 77527 28511
88104 77329 26025
77195 06564 41206=
TTCC  79005 48698
70867 72576 04006 50071 62177 29520
88999
77999=
TTDD  7900/ 48698
11886 763// 22853 741// 33811 727// 44757 715// 55714
721// 66705 723// 77695 727// 88631 653// 99595 641//
11584 647// 22554 659// 33533 631// 44520 619// 55458
657// 66400 651//
21212 11966 25510 22937 29001 33922 17002 44908 18506
55893 16507 66850 27010 77809 32507 88797 00511 99784
02011 11761 34007 22738 35013 33714 00505 44702 04006
55657 32007 66637 26514 77617 26032 88580 24025 99535
26529 11517 27017 22484 30521 33459 30008 44428 26510
55414 30007=
