D20140601.00
100.0  50 14
 70.0 290  4
 50.0 285 27
 30.0  75 36
 20.0 105 50
 10.0  85 65
 97.2  40  9
 94.3 355  5
 91.2  10 11
 88.4 260  3
 85.6 235  7
 81.6 245 19
 76.6 155  3
 75.5 155  6
 73.1 185 11
 70.9 220  3
 68.7 305  9
 67.6 270 13
 61.5 305 22
 59.7 310 24
 51.9 260 26
 45.9 305 24
 43.7 305 15
 42.3 315  9
 41.0 165  6
 38.6 135 16
 35.5  85 25
 33.2 115 30
 31.2  70 29
 28.8  70 44
 26.9  90 52
 23.8  95 41
 20.8 100 49
 13.2  95 60
 11.7  90 62
 11.6  90 69
 11.2  90 61
  8.6  85 75
  8.3  95 75
  8.1  95 57
  7.8 105 64
  7.6  90 49
  7.3  95 63
  7.1 105 49
  6.6  60 18
  6.5  75 27
D20140601.12
100.0  70 25
 95.6  70 15
 94.1  65 15
 92.6  55 15
 91.1  55 17
 89.5  45 11
 88.0 100  4
 86.5   0  0
 83.6 250 10
 80.8 245 14
 79.4 260 20
 76.7 270 17
 76.0 270 16
D20140602.00
100.0  45 30
 70.0 275 19
 50.0 310 15
 30.0  75 28
 20.0  95 44
 10.0 110 69
 88.4  95  6
 83.7 200  5
 80.1 220 11
 77.6 245  5
 76.4 215  4
 75.3 215  7
 71.9 275 13
 69.7 275 20
 64.4 355 10
 62.4 300 21
 59.7 300 32
 52.0 320 22
 51.2 305 19
 48.7 320  4
 47.2 210 14
 45.1 200 18
 43.8 220 17
 41.7 220 31
 38.3 160 16
 36.6  95 16
 35.4 105 29
 28.7  90 26
 27.7  85 38
 26.8 105 36
 23.4  75 38
 21.9  95 44
 18.5  85 53
 16.3  85 50
 14.9  80 57
 11.7  80 70
 11.4  85 79
 10.3 110 67
  9.4 100 72
  9.1 100 66
  7.9  95 80
  7.7 110 66
  7.5 100 62
  7.0  70 28
  6.6 155  3
  6.4 265 10
D20140602.12
100.0  85 31
 96.6 115 12
 94.8 150  6
 93.1 170  8
 91.5 175  9
 89.9 220  8
 86.9 260 10
 85.3 260 14
 82.4 240 11
 79.1 265  5
D20140603.00
100.0  60 19
 70.0 280 19
 50.0 195 20
 30.0  90 49
 20.0  90 60
 10.0  90 71
 93.9 200  4
 92.3 245  9
 89.6 270  8
 87.0 250 16
 78.0 345 14
 72.4  35  8
 71.4 310  9
 69.5 280 23
 67.4 265 23
 63.3 300 22
 61.4 280 13
 60.6 245 10
 58.1 245 16
 53.0 220 21
 49.9 195 19
 47.7 220 30
 46.3 230 41
 39.8 260 15
 38.5 350  5
 37.9  40 10
 35.7  50 23
 33.1  50 36
 30.6  85 48
 28.2 100 43
 24.4 100 55
 22.5 105 51
 16.6  90 66
 10.9  90 73
  8.7  85 60
  8.4  95 66
  8.2 105 50
  8.0 100 70
  7.6 100 61
  7.5 105 62
  7.0  70 11
  6.9  35 10
  6.8  75  6
  6.7 320  8
  6.2 305 36
  5.6 280 46
  5.4 275 59
  5.1 270 40
  4.7  55 60
D20140603.12
100.0 110  7
 70.0 235 20
 50.0 240 28
 30.0  95 39
 20.0  90 57
 10.0  90 66
 97.6 145  4
 91.6 280  6
 87.1 315 11
 85.7 305  9
 81.4 345 11
 79.8  15 12
 75.8  55 11
 72.2 165 13
 70.9 225 16
 68.3 260 27
 63.9 265 25
 60.7 275 13
 57.6 230 19
 52.7 250 30
 47.7 235 28
 42.3 280 35
 40.2 265 28
 38.4 295 14
 37.2 325  8
 36.6  45  8
 35.4  85 25
 31.9  90 44
 26.6  70 46
 24.5  90 55
 23.7  90 48
 18.7  95 62
 13.9  90 73
 10.4  95 65
  8.5  85 76
  8.2  80 67
  7.8  75 90
  7.6  80 76
  7.3  80 84
  6.6  80 32
  6.2 175  2
  6.1 265  9
D20140604.00
100.0  60 18
 70.0 260 29
 50.0 260 27
 30.0 105 40
 20.0  80 62
 90.0  30 17
 86.2  50 22
 77.3 150 10
 73.5 250 23
 70.5 260 29
 65.0 230  9
 63.9 215 21
 59.9 210 39
 58.2 220 29
 40.9 295 21
 39.7 325 18
 38.5 340 21
 37.9 355 17
 36.4  40 15
 35.3  65 28
 32.9  75 34
 31.9  95 35
 30.9 105 46
 29.7 105 39
 26.0 100 50
 23.4 100 51
 22.7  95 48
 21.6  80 54
 20.2  80 62
 19.4  85 64
D20140604.12
100.0  65 29
 70.0 255 24
 50.0 290 30
 30.0 105 43
 20.0  85 57
 10.0  85 68
 91.2  60  9
 83.5  50 25
 80.2  20  6
 79.1 310  3
 76.9 290 13
 74.3 280 27
 63.6 235 27
 55.9 290 30
 38.4 325 18
 36.6  10  9
 35.4  85 15
 32.4 120 41
 31.4 120 47
 29.4 100 39
 20.9  85 62
 18.0  85 50
 16.8  90 66
 10.9  85 69
  7.6  90 88
  7.1  90 45
  6.7 130 18
  6.3 200 19
  5.9 125 15
  5.6 210 16
  5.4 195  7
  5.3 240  3
  5.2 110  7
  5.1 325 10
  4.9 300 23
  4.7 320 21
D20140605.00
100.0  75 44
 70.0 275 32
 50.0 280 28
 30.0  80 54
 20.0 100 53
 10.0  95 69
 85.0  45  5
 79.3 265 31
 59.0 295 21
 57.4 320 24
 59.1  60 12
 51.0  20 14
 49.2 360 17
 39.6 235  7
 37.7 135 21
 43.4   5 16
 43.0 150  9
 32.1 100 46
 22.7  90 62
 29.3 165  5
 28.6  35  6
 25.7 355 14
 24.5 105  2
 24.0  45  1
 21.3  20 16
 16.1  75 18
 14.8 275 15
  9.7  60 41
  8.3  85 61
  8.0  90 77
  7.5  80 26
  7.9 260 23
  7.2 345  8
  7.0 240  9
  6.8 265 11
 11.2 306  1
  6.2 265 37
  5.5 330 14
  8.5 270 33
D20140605.12
100.0  65 52
 96.7  60 58
 95.6  55 60
 93.4  40 37
 91.0  10 20
 89.8 350 18
 88.4 325 17
 87.2 300 18
 86.0 290 15
 84.7 275 18
D20140606.00
100.0  60 53
 70.0 270 28
 50.0 270 21
 30.0  75 55
 20.0  80 57
 10.0  90 57
 94.4  10  6
 92.5 295  7
 90.8 240 11
 85.5 255 24
 81.8 265 30
 73.7 275 32
 67.3 280 19
 56.8 260  5
 54.5 285 22
 52.9 280 18
 47.0 260 27
 42.3 250 18
 39.8 220 13
 38.5 195 11
 32.3  70 55
 30.5  70 54
 29.6  80 52
 27.4  95 47
 24.3  90 58
 21.5  75 51
 20.4  75 57
 16.1  85 47
 14.5  90 69
 13.5  95 59
 11.3 100 52
  9.4  85 61
  9.0  75 40
  8.6  70 31
  7.6  85 59
  7.0 155 19
  6.7 205 18
  6.5 140 11
  6.3 215 12
  6.1 235 14
  5.9 205 22
  5.8 245 24
  5.6 240 24
D20140606.12
100.0  60 29
 97.9  55 21
 93.1 200  4
 90.1 215 16
 87.4 200 26
 84.7 215 28
 83.5 220 26
 81.0 235 28
 79.1 235 29
D20140607.00
100.0 105  6
 70.0 285 21
 50.0 265 16
 30.0  95 59
 20.0  85 52
 10.0  85 44
 98.6 165  4
 95.7 195  5
 91.3 210 18
 87.1 235 25
 71.7 290 23
 67.4 265 13
 59.7 230 16
 57.1 265 25
 53.1 270 19
 51.5 280 20
 47.8 250 30
 44.4 260 28
 41.6 275 25
 39.6 265 14
 38.4 265  5
 37.2 120 10
 35.5  90 29
 34.4  85 32
 31.7  80 56
 27.9  95 49
 25.9  95 57
 23.1 105 48
 18.6  95 67
 17.4  85 55
 17.2  85 50
 16.1  85 70
 14.3  95 63
 13.5  95 51
 12.7  90 63
 12.3  90 53
  9.9  85 43
  8.5  85 51
  8.2  85 67
  7.5  70 47
  6.8 130  3
  6.6 135  4
  6.4 240 21
  6.3 220 19
  6.1 270 27
  5.7  15  6
  5.5 215 10
  5.4 315  3
  5.2  10  7
  5.0 105  7
D20140607.12
100.0 130 21
 70.0 310 34
 50.0 255 16
 93.2 180  9
 90.6 140  5
 89.3 135  2
 86.8  50  3
 81.0 295 12
 79.1 310 13
 73.3 310 32
 68.0 310 27
 65.2 270 15
 64.4 260 15
 63.1 270 19
 61.6 295 20
 58.6 250 28
 55.4 270 24
 53.7 275 19
 52.2 265 25
 50.6 260 16
 49.0 245 25
 46.8 250 32
 45.5 260 36
 44.1 260 29
 42.9 275 31
 41.6 275 22
D20140608.00
100.0 140 14
 70.0 275 18
 98.5 140 14
 96.1 145 15
 93.8 135 15
 91.5 170 10
 87.3 335  2
 85.3 315 11
 83.4 320 17
 81.5 315 18
 79.7 330 25
 78.0 330 31
 74.8 360 26
 72.3 315 15
 71.2 290 16
 69.0 270 23
 67.9 275 25
 65.7 275 26
D20140608.12
100.0 115  5
 70.0 265  9
 50.0 265 23
 30.0  90 43
 20.0 100 66
 10.0 105 55
 67.3 255 23
 65.2 265 31
 63.1 265 32
 55.3 270 21
 35.6  55 33
 32.4 110 49
 24.2  85 48
 23.4  80 56
 22.6  85 59
 21.8  90 64
 21.0  95 66
 20.3  95 68
 19.6  95 64
 18.9  90 62
 18.3  90 67
 17.7  85 59
 17.2  85 53
 16.6  80 56
 16.1  85 58
 15.5  85 63
 14.9  90 61
 14.4  85 67
 13.9  85 67
 13.5  85 68
 13.0 100 61
 12.2 105 65
 11.3 110 51
 10.8 105 70
 10.2 105 53
  8.0  95 84
  7.3  85 50
  7.1  70 34
  6.7 355 19
  6.4 325 14
  5.9 275 23
  5.5 260 15
  5.1 280 13
  4.7 255 12
D20140609.00
100.0 155  9
 70.0 255 29
 50.0 285 24
 30.0  80 49
 20.0  90 60
 10.0  90 52
 92.6  75 11
 89.6  25 11
 82.2  55 20
 78.2 105 21
 74.4 220 11
 70.8 260 29
 62.3 285 23
 59.4 300 24
 53.8 275 22
 46.4 280 18
 44.0 330  7
 42.5 285  6
 41.1 275 20
 38.4 340  8
 37.7  25  7
 35.8 100 25
 33.8 120 51
 30.4  85 48
 26.9  80 62
 18.6  90 52
 16.2 100 61
 13.5 105 50
  8.2  85 76
  8.0  85 69
  7.8  90 59
  7.7  95 60
D20140609.12
100.0 110 11
 70.0 260 33
 50.0 280 26
 30.0  75 54
 20.0  95 54
 10.0  70 49
 92.6  55 21
 88.4  70 26
 82.9  70 42
 77.5  95 19
 75.8 150 11
 69.7 260 36
 61.7 280 28
 60.5 280 21
 57.3 305 25
 51.7 265 21
 47.6 260 20
 45.3 260 12
 43.0 285 19
 40.2 340 12
 38.8   5  4
 37.5  85  5
 36.9 105  7
 35.7  95 26
 32.9  90 49
 29.9  75 55
 25.9 110 59
 17.3  95 50
 15.9  90 57
 13.5  85 47
 11.4  90 53
 10.1  70 50
  8.8  90 65
  8.7  90 67
  7.8  90 46
  7.2  90 56
  6.8  90 44
  6.7  75 44
  6.5  80 33
  6.3  85 50
D20140610.00
100.0  45 13
 70.0 275 33
 50.0 250 13
 30.0  80 57
 20.0  85 56
 10.0 100 61
 93.3  45 27
 86.9  75 42
 82.3 130 17
 80.8 185 11
 75.8 265 30
 73.4 280 35
 67.5 290 29
 60.9 275 11
 58.9 355  9
 58.0  15 11
 56.2 255  6
 48.4 235 18
 46.8 240 26
 43.7 260 16
 41.5 160  4
 38.9 105 22
 34.9  95 40
 33.7  75 43
 32.5  65 48
 30.2  80 57
 26.7 100 50
 25.7 100 42
 24.0  85 47
 22.0  95 55
 17.5  85 48
 13.2  90 65
  9.9 100 61
  8.1 100 68
  7.8  95 48
  6.8 150 29
  6.6 175 27
  6.3  80 32
D20140610.12
D20140611.00
D20140611.12
100.0  70 27
 70.0 305 23
 98.0  70 32
 92.8  55 44
 91.4  60 43
 90.0  65 41
 88.5  75 37
 87.0  70 33
 82.4  90 11
 81.0 100  6
 79.6  45  2
 78.3 265  4
 76.9 270  7
 74.3 300 23
 73.1 305 24
 70.6 305 24
 69.5 310 22
 68.3 305 22
 66.0 320 12
 63.0 275 23
 62.0 275 27
 60.1 245 19
 59.2 245 27
 56.9 255 36
 55.3 265 30
D20140612.00
100.0  85 39
 70.0 320  9
 50.0 265 35
 30.0  85 48
 20.0  90 50
 10.0  85 64
 95.4  70 31
 87.8  95 27
 84.2 110 22
 81.1 110  9
 80.0 100  6
 74.7 350  8
 69.0 295  8
 67.2 260  3
 65.4 255 21
 61.2 255 36
 56.6 265 37
 47.1 260 19
 44.1 235 13
 41.6 255  7
 40.4 350  4
 39.8  45  5
 38.7  80 13
 38.2  65 19
 35.6  90 43
 33.2 100 50
 29.1  75 48
 26.1  85 38
 25.3  90 46
 17.9  90 57
 16.5  90 49
 11.4  95 61
 10.6  95 60
  9.4  85 74
  7.8  85 83
  7.2  90 64
  7.0  85 80
  6.5  85 32
  6.3 115 26
D20140612.12
100.0 100 43
 70.0 105  3
 50.0 275 32
 96.0  90 39
 91.6  90 30
 86.8  70 22
 83.8  40 22
 82.3  40 19
 78.4  10  6
 77.2   5  7
 75.9  40 12
 73.3  80  7
 72.0  65  8
 69.4 140  2
 67.1 240 10
 66.0 250  9
 64.0 245 26
 62.0 250 28
 60.1 265 38
 59.0 265 40
 55.1 270 32
 53.1 260 35
 51.2 265 40
 49.4 275 34
 45.8 280 36
D20140613.00
100.0  95 53
 70.0 260 30
 50.0 290 25
 30.0  85 47
 20.0 100 46
 10.0  90 73
 91.7 100 28
 90.3  85 23
 86.5 125  3
 84.4 265  4
 78.8 200  8
 75.4 250 25
 65.8 285 29
 54.4 260 20
 49.8 295 23
 42.7 330 11
 42.0 305  7
 40.7  20  4
 36.5  80 29
 33.6 110 36
 30.5  80 45
 28.6  70 52
 23.3 110 38
 21.9 105 55
 17.8  85 45
 10.7  90 81
 10.3  85 68
  9.3  90 90
  7.3 105 64
  6.5  60 13
  6.4  30 11
  6.3 345 12
  6.2 320 13
D20140613.12
D20140614.00
100.0  95 61
 95.5 100 50
 94.0  95 48
 86.5  85 26
 85.0  75 26
 83.6  80 25
 81.0 190  4
 79.7 240  6
 77.4 230 13
D20140614.12
100.0 110 68
 70.0 285 24
 50.0 270 28
 30.0  80 57
 20.0  85 60
 96.3 120 67
 87.0 100 18
 85.7 100 15
 83.1 140  2
 79.3 320  8
 76.9 335  9
 74.3 315 15
 70.9 295 23
 67.6 270 31
 65.4 275 36
 58.2 280 27
 54.2 265 32
 52.3 295 26
 49.9 265 28
 46.8 260 13
 44.5 265 30
 41.6 240 22
 39.5 200  9
 38.2 125 14
 35.7  85 32
 32.7  75 47
 29.1  95 64
 24.2  70 60
 21.3  85 57
 18.8  80 64
 18.2  70 56
 17.9  80 47
 17.3  85 71
 17.0  90 57
 15.7  95 55
 15.2  85 68
D20140615.00
100.0 120 62
 70.0 280 21
 99.1 120 60
 88.7 215 11
 86.8 240  8
 84.9 240 16
 81.1 275 24
 77.5 300 18
 74.4 270 18
 72.9 275 17
 71.3 290 19
 69.7 275 21
 68.1 280 21
 66.6 285 22
 65.2 285 25
 63.8 290 14
 61.2 265 24
 59.1 265 33
 58.1 265 32
 57.2 265 34
 56.3 265 35
 55.2 280 27
D20140615.12
100.0 105 56
 70.0 255 24
 50.0 275 32
 30.0  90 61
 20.0  95 60
 95.1  95 47
 86.7 130  5
 85.2 100  2
 76.2 310 13
 74.9 245 11
 70.9 250 26
 66.9 265 21
 64.4 305 12
 63.3 275 14
 61.2 275 33
 56.6 285 41
 48.0 270 26
 46.4 265 32
 44.0 255 16
 42.5 335 11
 41.2 305  3
 40.5  90  7
 38.6 145 13
 37.3 105 18
 33.0  80 51
 29.7  90 62
 26.7  75 57
 24.5  85 61
 23.2  85 53
 19.6 100 59
 18.1 110 60
 14.4  90 57
 12.7  85 65
 12.5  85 66
 11.3  85 52
 10.6  80 64
D20140616.00
100.0  90 53
 70.0 250 27
 50.0 265 35
 30.0  85 67
 20.0 105 60
 10.0  85 63
 91.0  45 17
 82.2  15 22
 79.6 360 15
 78.0 305  7
 74.9 245 20
 73.6 250 32
 67.3 255 25
 65.4 265 17
 62.5 260 30
 58.7 280 24
 55.4 265 40
 46.5 285 21
 43.9 265  7
 42.6 205  7
 39.9 345  4
 38.6  75  8
 37.4 105  7
 34.4  70 47
 31.4  95 57
 29.4  85 69
 28.5  80 62
 27.1  80 69
 25.9  90 62
 16.5  85 62
 13.8  85 47
 13.4  85 55
 13.2  85 62
 12.6  85 56
  9.5  85 67
  8.1  85 60
  7.8  90 65
  7.3  95 30
  6.9 125 24
  6.7 110 21
  6.5 130  5
  6.3 280 13
  6.0 300 31
  5.8 295 20
  5.7 295  7
  5.6 275 13
  5.4 310  5
  5.3 275 13
D20140616.12
100.0  50 48
 70.0 245 39
 50.0 300 25
 30.0  90 59
 95.9  65 59
 92.7  75 47
 81.6  45  9
 78.6 290  3
 77.1 250  8
 70.8 250 39
 69.4 240 39
 65.6 250 26
 59.9 275 49
 54.8 280 42
 48.4 325 14
 46.7 305 17
 45.1 325  9
 43.5 270  9
 41.9 325  5
 41.1  15 10
 38.2  90 12
 34.9  85 43
 33.7  95 53
 32.5  95 51
 30.3  95 59
 28.2  95 63
 20.2  90 48
D20140617.00
100.0  75 57
 70.0 280 21
 50.0 305 11
 30.0  80 61
 20.0  80 48
 10.0  95 65
 97.8  75 60
 89.4  60 17
 87.5  40  3
 85.5 315  3
 81.9 275  8
 75.0 270 24
 71.1 260 20
 68.7 280 19
 67.4 280 32
 62.7 280 45
 57.6 265 34
 53.9 275 16
 51.9 290 21
 50.0 305 11
 47.6 210 10
 45.2 230 21
 43.7 220 18
 42.2 175  8
 41.5 145 13
 37.0  85 36
 34.4  95 44
 28.8  85 62
 27.8  95 65
 25.4  95 50
 20.8  85 48
 15.7  85 62
 14.3 100 55
  9.1  85 62
  8.2  85 67
  7.6  70 38
  7.0  65 27
  6.7  20 29
  6.2  50 20
D20140617.12
100.0  80 58
 70.0 275 24
 50.0 280  8
 30.0  85 49
 20.0  85 54
 10.0  95 60
 89.1 120 13
 87.7 175  6
 80.2 265 12
 75.3 295 28
 69.2 275 25
 63.8 285 37
 59.9 275 26
 55.2 300 12
 53.5 280 18
 49.4 290  4
 48.7 240  4
 47.2 240 16
 44.4 280 15
 43.7 290 14
 42.4 355  7
 41.7  45  5
 41.1  40  6
 40.4 335  7
 39.2  10  3
 37.5  80 20
 36.1  85 28
 35.6  95 43
 35.1 105 38
 28.9  95 61
 28.1 110 52
 27.6 110 56
 25.5  95 48
 23.6  85 57
 22.1  95 42
 20.0  85 54
 19.8  95 46
 17.5  85 57
 16.9  90 51
 16.3  85 64
 15.9  90 53
 15.4 100 54
 12.3  90 61
  8.7  80 77
  8.1  80 57
  6.9  85 37
  6.5  90 31
D20140618.00
100.0 100 37
 70.0 270 28
 50.0 260 12
 30.0  80 57
 20.0  80 49
 10.0  85 60
 90.0 225  6
 85.4 335  6
 81.3 300 22
 77.6 345 26
 72.1 260 27
 54.9 230 18
 53.3 260 13
 48.8 255 10
 43.2 305  5
 42.6 190  3
 38.6 130 19
 36.1 115 45
 31.8  75 56
 24.0  95 51
 18.0  95 58
  8.9  90 71
  8.1  95 31
  7.3 115 20
  6.4 340  3
  6.0 340 24
  5.8 330 28
  5.3 300 43
  4.9 280 42
  4.7 310 26
D20140618.12
100.0 105 25
 70.0 265 53
 50.0 295 16
 97.4 110 23
 90.5 130  9
 89.1 120  7
 87.5 205  2
 86.0 275  5
 84.5 285  5
 80.2 350 11
 77.6 285 15
 73.6 265 35
 68.3 270 59
 64.7 280 36
 60.3 260 30
 58.3 270 24
 57.3 275 22
 56.4 260 17
 55.4 255 22
 54.5 250 22
 52.7 255 19
 50.2 295 15
 49.3 300 17
 46.7 315 16
 46.0 305 17
 44.9 320 14
D20140619.00
D20140619.12
D20140620.00
100.0  45 33
 70.0 270 37
 50.0 235  8
 30.0  90 46
 20.0  90 55
 10.0  95 54
 96.4  50 45
 89.8  15 13
 87.7 280  7
 85.8 290  9
 83.0 270 18
 76.4 270 42
 68.3 275 37
 62.0 315 31
 59.1 335 21
 57.2 320 12
 56.3 345  4
 55.4 150  5
 53.7 215 14
 52.1 240 20
 49.8 235  7
 48.3 185 10
 45.2 185 16
 43.2 205 16
 40.6 130  6
 39.9  95 10
 36.2  60 32
 35.0  75 35
 33.8  95 38
 30.7  95 50
 29.1  80 47
 26.2  80 63
 25.0  85 49
 22.1  85 66
 20.6  90 53
 15.7  90 65
 11.9  95 53
  8.4  90 73
  7.6  65 11
  7.3 275  9
  7.1 355 16
  6.9 330 12
  6.8   5 20
D20140620.12
D20140621.00
100.0 130  6
 70.0 305 16
 50.0 240 18
 30.0  80 51
 20.0  90 60
 10.0  80 64
 99.1 175  6
 94.8 240 19
 87.8 275 36
 83.8 275 44
 72.3 290 26
 70.1 305 17
 64.6 285  8
 62.5 255  9
 60.6 290  7
 58.7 265  7
 56.9 290 12
 55.0 355  7
 54.1  25 10
 53.2 360  5
 50.7 240 15
 47.5 230 23
 45.2 245 23
 42.2 230 12
 39.3  60 10
 37.3  75 22
 34.4  90 52
 29.0  85 65
 26.2  90 59
 23.6  90 72
 21.6  95 53
 20.5  95 61
 17.0  80 55
 16.4  80 59
 13.8  95 55
 12.8  90 62
 11.9  90 55
  9.9  80 65
  8.6  85 87
  8.0  90 61
  7.2 125  9
  7.0 145  8
  6.8 115 21
  6.6 115 28
  6.4 155 21
  6.3 155 11
  6.1 205 11
  6.0 190 20
  5.8 220 24
  5.6 190 23
D20140621.12
D20140622.00
100.0 185 29
 70.0 295 17
 50.0 275 14
 97.8 200 24
 93.5 235 27
 87.7 300 20
 84.9 295 25
 79.9 310 36
 76.5 325 21
 74.3 340 20
 67.7 265 16
 63.8 255 22
 61.0 270 15
 59.1 255 19
 57.2 255 22
 55.4 260 23
 54.6 260 29
 53.0 260 31
 50.7 275 16
 49.1 270 16
 47.6 280 19
 43.2 360 10
 41.8  10  8
 38.4  70 17
 37.2  85 31
 35.2  90 54
 33.0  85 62
 32.2  75 65
D20140622.12
D20140623.00
100.0 330  1
 70.0 240 32
 50.0 345 14
 30.0  90 56
 20.0  95 42
 10.0  80 61
 91.6 305 17
 89.6 320 16
 84.0  10 10
 78.7 275 12
 75.0 225  9
 72.7 235 28
 63.2 260 38
 61.2 265 33
 59.2 280 32
 54.6 330 23
 51.9 330 17
 51.1 345 19
 47.9  75  7
 46.4  55 17
 43.4  85 16
 41.9  80 26
 37.3 120 32
 32.6  95 49
 28.9  85 58
 22.0  80 47
 20.2 100 42
 14.1  85 60
 12.9  85 71
 11.5  80 60
 10.7  75 64
  8.9  80 76
  8.0  65 39
  7.8  60 48
  7.0 100 41
  6.8  90 38
  6.6 100 25
D20140623.12
D20140624.00
100.0  25 17
 70.0 250 27
 50.0 315  4
 30.0  80 46
 20.0  85 49
 10.0  90 70
 91.0 150  7
 82.9 280 20
 79.8 250 30
 77.5 250 27
 75.4 260 28
 73.3 250 27
 71.3 250 24
 69.1 250 30
 64.9 280 22
 62.8 275 14
 60.8 300 15
 53.3 130  1
 52.4 315  2
 51.6 265  5
 49.9 320  4
 48.4 270 12
 45.5 215  3
 44.1 230 10
 40.9 155 14
 36.7  95 24
 33.9  75 35
 31.2  85 46
 25.0  90 47
 23.1  95 51
 22.2  90 50
 21.1  85 43
 18.6  90 61
 16.7  90 54
 13.0  90 71
 11.6  85 61
  8.7  85 75
  7.9  90 33
  7.5 170 10
  7.4 200 14
  7.3 170 11
  6.5 275 22
  6.2 270 35
  5.9 280 54
  5.3 275 41
  5.0 290 37
  4.6 270 58
D20140624.12
D20140625.00
100.0   5  6
 70.0 280 42
 50.0 285 21
 30.0 105 50
 20.0  80 61
 10.0  85 48
 98.0 310  6
 93.0 275 15
 89.9 265 25
 84.6 300 19
 75.8 280 29
 72.4 280 43
 65.5 260 21
 64.4 265 18
 60.4 105  2
 58.6 275 11
 57.8 255  7
 55.5 240  6
 53.9 275  8
 49.1 285 20
 45.2 260 27
 43.0 275 11
 40.9 350 14
 40.3 355 16
 39.7   5 17
 36.6  70 26
 34.9  90 30
 32.7  90 57
 28.2 100 45
 24.8  90 48
 21.3  80 56
 17.8  85 64
 14.8  80 56
 14.1  85 62
 11.2  95 52
 10.4  90 47
  9.1  80 57
  8.4  70 32
  8.1  85 19
  7.9  40 17
  7.8  20 23
  7.7   5 17
  7.3 335 19
  7.0 310 24
  6.8 310 14
  6.6 270 36
  6.5 295 35
D20140625.12
D20140626.00
D20140626.12
D20140627.00
100.0 250 21
 70.0 190 12
 50.0 255 16
 30.0  90 62
 20.0  90 65
 10.0  80 76
 92.1 290 31
 85.2 295 21
 83.9 300 24
 80.1 320  5
 78.9  60  5
 77.7  95  7
 73.7 100 13
 71.2 180 12
 67.9 150  3
 66.9 360  4
 65.9 330  5
 64.9 330  3
 60.4 165  4
 58.7 240 14
 56.0 250 25
 54.2 255 30
 51.6 280 15
 48.4 250 21
 45.2 270  6
 42.8 250 16
 38.2  70 11
 36.4  95 24
 31.8  80 58
 30.8  85 59
 29.7  90 61
 28.2  95 61
 23.0  85 67
 21.1  90 56
 19.8  90 64
 17.2  95 65
 15.7  95 51
 14.0  90 60
 12.5  90 58
 10.6  75 74
 10.1  75 77
  8.6  85 64
  8.2  85 72
  7.5 105 33
  7.0 100 15
  6.8 100 27
  6.6  95 16
  6.3  95 37
D20140627.12
D20140628.00
100.0 310 25
 70.0  30  7
 97.5 300 26
 94.7 305 22
 93.3 305 18
 90.7 325  7
 89.3  15  5
 88.0  45  7
 86.7  25  5
 85.4 330  6
 82.9 265 13
 81.6 260 17
 80.4 270 15
 79.2 300 13
 76.8 355 16
 74.5 335 17
 73.3 340 23
 72.2 340 19
 70.1  25  7
 67.9 145  9
 66.8 180 10
 64.5 200 13
D20140628.12
D20140629.00
100.0 285 11
 70.0  40  6
 50.0 295 20
 96.6 255 10
 93.7 290  1
 92.2 170  2
 90.8 185  6
 89.3 165  7
 85.0 270 10
 80.9 325  7
 79.7   5 11
 78.4  20 11
 76.1 340  7
 73.8 350 13
 71.4   5  5
 70.2  40  6
 65.7 320  7
 63.7 265 14
 61.7 260 32
 58.0 240 25
 53.5 265 29
 51.7 270 17
 48.4 305 21
 45.9 300  8
 42.8 265 10
 41.4 300  7
D20140629.12
D20140630.00
100.0 205 12
 70.0 275 18
 50.0 270 35
 30.0  85 51
 20.0  85 63
 10.0  85 52
 94.2 145  3
 92.9 200  4
 87.9  65 13
 84.0  15  1
 81.4 340 10
 79.0 355 25
 76.8  20 21
 71.5 320  9
 70.5 275 15
 62.7 275 43
 56.5 275 27
 52.8 255 30
 50.7 270 35
 43.3 295  8
 36.3  90 47
 24.6  85 57
 22.8  95 48
 20.4  80 59
 19.7  85 66
 17.2  90 60
 16.0  90 55
 14.2  95 70
 13.6  95 59
 12.3  95 78
 11.4  95 59
 10.6  75 66
 10.0  85 51
  9.5  85 45
  9.2  90 69
  9.1  85 70
  8.8  85 52
  8.1  80 43
  7.5 150  9
  7.0 255  9
  6.7 270 16
  6.3 230  8
D20140630.12
