USSR01 WSSS 211200
TTAA  71111 48698
99005 28049 07503 00082 27437 02504 92766 23450 32504
85502 19450 34510 70152 11858 27010 50588 04317 25502
40761 14904 12504 30972 29150 08512 25100 39763 11516
20248 52550 11021 15428 67757 11527 10660 84350 09545
88102 84742 09543
77999
31313 73508 81043=



UKSR01 WSSS 211200
TTBB  71118 48698
00005 28049 11876 20448 22836 19457 33787 15649 44734 14458
55627 06458 66583 01822 77504 03920 88479 06901 99464 07524
11442 10702 22414 12914 33373 18902 44312 27529 55277 33761
66261 37161 77254 38763 88246 40557 99192 54749 11177 59358
22102 84742 33100 84350
21212 00005 07503 11988 02506 22946 02506 33931 35504 44922
30504 55918 29506 66908 31006 77877 31512 88839 00506 99819
30006 11776 24006 22771 27006 33728 28516 44675 28002 55669
11502 66667 08502 77658 00502 88657 02502 99654 34502 11651
32502 22646 33004 33642 36002 44629 04004 55624 08004 66608
06506 77597 04004 88585 02004 99576 34504 11568 28004 22548
33004 33528 29006 44508 32502 55504 35502 66503 34002 77501
26502 88497 21502 99479 26004 11475 29002 22467 27502 33462
33502 44461 36002 55457 32502 66450 11502 77445 08502 88440
10002 99434 09004 11417 28502 22415 24502 33412 12502 44410
14002 55406 11502 66391 10506 77374 12004 88363 07006 99347
08508 11308 07010 22282 11016 33144 12027 44118 09529 55100
09545
31313 73508 81043
41414 48438=



ULSR01 WSSS 211200
TTCC  71112 48698
70864 78561 24525 50057 72565 08027 30370 58183 08560
20632 44788 07010
88172 48387 25516
77259 08568 40713
31313 73508 81043=



UESR01 WSSS 211200
TTDD  7111/ 48698
11983 84550 22968 79959 33950 76361 44641 80360 55567 78562
66527 73166 77469 72965 88407 62774 99305 58981 11279 56984
22265 52386 33217 50785 44203 45987 55197 44188 66172 48387
77146 42388 88127 41789 99121 41589 11115 38195
21212 11942 11512 22914 21008 33879 25019 44766 26033 55732
26529 66685 23527 77620 22514 88600 17506 99577 14506 11549
06016 22518 08027 33484 07031 44434 08549 55333 09554 66259
08568 77256 08068 88254 08068 99252 08068 11235 08566 22216
08549 33200 07010 44195 32506 55184 26014 66167 24012 77149
23519 88129 29533 99117 29533 11115 26525
31313 73508 81043=
