sing20200118.12
TTAA 68121 48698
99008 28847 06011 00090 28050 02511 92776 22015 02013
85510 18225 07503 70154 11259 07513 50589 03360 13507
40762 13760 21003 30974 29942 20510 25102 39762 21509
20250 52361 21506 15429 67160 10525 10668 79759 29021
88999
77999=
TTCC 68121 48698
70866 77162 26011 50060 72368 17014 30373 57779 19510
20629 55581 11545 10082 48184 09557
88810 86943 16512
77069 10078 41618=
TTDD 6812/ 48698
11810 86943 22727 83158 33708 77361 44686 76963 55647
79361 66596 77562 77570 72967 88554 73567 99443 70571
11409 62778 22368 59978 33287 56980 44254 60577 55218
54581 66204 56779 77173 50583 88155 51782 99137 46985
11105 48984 22090 42188 33082 43387 44069 40589 55066
35192 66058 33194 77043 34193
21212 11893 32010 22881 32010 33846 23001 44818 16010
55801 16514 66785 16010 77726 27503 88706 26010 99649
26530 11592 30011 22578 36005 33564 05510 44538 11012
55521 12511 66496 17515 77445 12519 88429 07019 99415
06027 11382 05511 22345 00000 33331 21010 44322 21013
55316 21510 66306 21504 77290 19524 88281 20010 99275
25503 11251 11510 22245 13015 33231 09018 44216 13039
55207 13041 66188 09547 77175 09050 88165 08045 99157
09043 11114 09546 22085 08067 33081 08573 44077 08554
55071 09557 66069 10078 77062 09057 88060 10062 99056
08537 11053 09535 22049 10547 33043 12518=
