  1. 1.2020   0 Uhr

 99.9   0.0   0.0   90.0   0.0   0.0   80.0   0.0   0.0   70.0   0.0   0.0
 60.0   0.0   0.0   50.0   0.0   0.0   45.0   0.0   0.0   40.0   0.0   0.0
 35.0   0.0   0.0   30.0   0.0   0.0   25.0   0.0   0.0   22.5   0.0   0.0
 20.0   0.0   0.0   15.0   0.0   0.0   12.0   0.0   0.0   10.0   0.0   0.0
  8.0   0.0   0.0    7.0   0.0   0.0    6.0   0.0   0.0    5.0   0.0   0.0
  4.0   0.0   0.0

  1. 1.2020  12 Uhr

 99.9  -7.3  -2.6   98.1  -7.0  -1.9   95.6  -6.5   1.7   84.0  -8.6  10.2
 80.6 -12.2   8.6   79.8 -12.0   6.9   77.5  -9.9   8.3   71.7  -5.1   3.5
 71.4  -3.6   3.6   70.0   1.0   1.8   69.9   1.0   1.8   66.3   2.6  -4.5
 62.7   6.3  -7.5   60.7   7.6  -5.3   53.6   3.6  -6.2   50.9   0.4  -5.1
 50.0  -0.3  -3.1   48.4  -2.3  -1.1   46.2  -4.8  -1.8   45.5  -5.1   2.4
 43.7 -11.8   9.9   41.5  -8.0  11.4   38.7  -6.9   6.9   37.9  -5.6   2.6
 36.7  -0.7  -1.9   35.7   2.2  -4.7   34.9   3.7  -7.9   33.6   0.9  -5.1
 33.1   2.1  -1.5   32.7   5.1  -0.0   31.1  14.4  -0.0   30.0   9.1  -1.6
 29.7   5.7  -0.0   29.2   0.7   1.9   28.4  -3.9   3.3   27.7  -9.2   0.8
 25.6  -8.8   6.2   23.9 -14.4  -3.9   22.7 -14.3 -10.0   21.0 -19.5   1.7
 20.0 -21.3  -3.8   19.7 -21.4  -5.7   18.3 -28.8   0.0   13.9 -24.6  -2.2
 11.2 -27.8   7.5   10.0 -27.9   4.9    9.4 -26.1   2.3    7.6 -41.2  11.1
  7.3 -39.5   3.5    6.9 -36.3   9.7    5.8 -25.6  -2.2    5.4 -13.8  -1.2


 99.9  -7.3  -2.6   90.0  -7.5   5.7   80.0 -12.1   7.3   70.0   1.0   1.8
 60.0   7.2  -5.4   50.0  -0.3  -3.1   45.0  -7.0   4.5   40.0  -7.4   9.0
 35.0   3.5  -7.5   30.0   9.1  -1.6   25.0 -10.8   2.7   22.5 -14.9  -8.7
 20.0 -21.3  -3.8   15.0 -25.7  -1.6   12.0 -26.8   4.5   10.0 -27.9   4.9
  8.0 -37.7   9.0    7.0 -37.1   8.1    6.0 -27.7   0.0    5.0   0.0   0.0
  4.0   0.0   0.0

  2. 1.2020   0 Uhr

 99.9  -9.9  -2.7   95.2  -8.8   6.2   93.5 -10.2   8.6   89.7 -10.2   5.9
 87.0  -7.5   6.3   84.2  -3.7  10.2   81.9  -4.6   9.8   79.7  -3.6   3.6
 77.9  -2.0   0.2   75.0  -2.6  -4.5   73.8  -3.2  -4.6   71.5   3.5  -5.1
 70.0   5.0  -5.9   69.8   5.0  -5.9   67.0   3.0  -6.5   63.2  10.7  -6.2
 60.6  11.0  -9.3   51.3  -2.3  -6.3   50.0  -7.3  -2.6   49.0  -6.3   2.3
 44.8  -1.6   4.4   44.3  -2.2   4.7   43.7  -5.8   5.8   42.5  -9.5   7.9
 41.0  -7.3   2.6   40.5  -5.1  -0.4   40.0  -2.6  -3.2   39.7  -0.4  -5.1
 37.4   7.1 -10.1   34.1   5.7  -0.0   33.0   7.6   5.3   30.8  17.2   3.0
 30.0  15.9  -0.0   29.8  15.4  -0.0   29.1  12.8   1.1   27.9   6.3   7.5
 26.6   2.8   7.7   26.2   0.0   6.7   25.7  -7.5   3.5   25.1 -10.2  -3.7
 22.9 -25.7   0.0   22.1 -21.9   5.9   20.0 -26.3   4.6   18.9 -31.3   2.7
 16.2 -31.9  -5.6   11.9 -28.3   0.0   11.2 -37.6   0.0   10.0 -23.6  -2.1
  8.8 -34.3   3.0    7.8 -35.0   0.0    7.5 -32.9  -5.8    6.4 -29.2   2.6
  5.7 -23.3 -10.9    5.2 -11.1   2.0    5.1  -6.5  -1.7

 99.9  -9.9  -2.7   90.0 -10.2   6.1   80.0  -3.8   4.5   70.0   5.0  -5.9
 60.0  10.2  -9.1   50.0  -7.3  -2.6   45.0  -1.8   4.2   40.0  -2.6  -3.2
 35.0   6.1  -2.8   30.0  15.9  -0.0   25.0 -10.8  -3.5   22.5 -23.8   2.9
 20.0 -26.3   4.6   15.0 -31.0  -4.2   12.0 -28.4  -0.1   10.0 -23.6  -2.1
  8.0 -34.8   0.6    7.0 -31.3  -2.1    6.0 -25.9  -5.0    5.0  -1.7  -5.5
  4.0   0.0   0.0

  2. 1.2020  12 Uhr

 99.9  -5.8   3.3   96.4  -5.0   7.2   93.7  -6.3   7.5   90.6  -9.2   3.3
 86.6 -11.6   4.2   84.5  -9.7   0.9   82.0  -2.1  -5.8   81.0  -1.1  -6.1
 79.2  -3.5  -5.1   75.5  -0.7  -8.2   72.6  -0.6  -7.2   70.0   3.8  -5.5
 68.5   7.6  -4.4   62.4  10.5  -7.4   59.4   7.6  -7.6   56.4   6.7  -4.7
 52.5   5.1   0.4   50.4   0.9   5.1   50.0   1.0   5.6   49.1  -0.5   5.6
 47.5   3.0   4.2   46.3   0.3  -0.4   45.5  -5.1   0.0   44.2 -11.1   4.0
 39.4  -3.9 -14.4   35.6  -1.3  -7.1   35.2  -0.0  -5.1   34.7   2.0  -2.4
 34.1   5.1  -0.4   33.5   9.2   3.3   32.5  15.9   4.3   30.0   8.7  -0.0
 29.8   7.7  -0.0   27.9  11.4   8.0   27.2   7.3   8.7   25.3  -2.8  10.4
 24.3  -5.7   0.0   24.1  -6.1  -1.1   23.7  -9.9  -2.7   22.7 -12.6   4.6
 20.3 -24.6  -2.2   20.0 -25.6  -2.2   17.1 -25.8  -4.6   16.2 -29.8   0.0
 14.7 -30.4   5.4   12.6 -28.3   0.0   11.8 -30.9  -5.4   10.0 -35.9   3.1
  9.7 -38.5   6.8    8.8 -35.8   9.6    7.6 -33.3  -2.9    6.7 -36.5   6.4
  6.0 -29.0 -10.6    5.6  -7.9  -9.5

 99.9  -5.8   3.3   90.0  -9.5   3.5   80.0  -2.4  -5.5   70.0   3.8  -5.5
 60.0   8.2  -7.6   50.0   1.0   5.6   45.0  -7.4   1.5   40.0  -4.8 -12.0
 35.0   0.8  -4.0   30.0   8.7  -0.0   25.0  -3.6   7.3   22.5 -13.5   4.0
 20.0 -25.6  -2.2   15.0 -30.3   4.3   12.0 -30.2  -4.1   10.0 -35.9   3.1
  8.0 -34.2   1.4    7.0 -35.4   3.2    6.0 -29.0 -10.6    5.0   0.0   0.0
  4.0   0.0   0.0

  3. 1.2020   0 Uhr

 99.9  -2.6   3.2   97.1   0.0   6.2   89.4  -5.1  -0.4   88.2  -2.2  -2.2
 87.0  -0.0  -5.1   84.5   4.3  -9.3   81.1   6.5  -9.3   76.7   5.6  -8.0
 74.9   1.9  -5.3   73.6   4.3  -3.6   70.4   2.2  -4.7   70.0   2.2  -4.7
 68.4   5.9  -4.1   63.1   9.7  -3.5   59.5   5.5  -5.5   58.3   5.1  -4.3
 56.8   7.2  -0.0   52.1   6.1  -0.5   51.8   5.1  -0.4   50.7   3.2   4.6
 50.0   2.6   5.6   49.9   2.6   5.6   49.6   2.6   4.5   48.8   1.5  -0.4
 46.6  -4.8  -1.8   44.6  -7.6   1.3   43.8  -8.7   0.0   42.3  -5.8  -5.8
 40.3  -5.7  -9.8   37.9  -3.9  -3.3   36.9  -1.7   2.0   36.2   1.8   4.8
 34.9  10.9  10.9   33.1  14.7  10.3   31.4  12.7   2.2   30.0   6.6   1.2
 29.5   7.7  -0.0   27.6   8.6   1.5   26.6   4.7   2.2   26.0  -0.1   0.5
 25.5  -3.9  -3.3   24.4  -8.6 -10.2   23.9  -9.3 -11.0   22.7 -14.4   0.0
 20.0 -27.9  -4.9   19.9 -28.4  -5.0   18.2 -25.3  -4.5   16.7 -32.4   0.0
 13.0 -26.6   2.3   11.6 -32.4   5.7   10.6 -37.6   0.0   10.0 -32.9   0.0
  9.8 -30.9   0.0    8.1 -33.3  -2.9    7.3 -24.3  -4.3    6.8 -31.9   5.6
  6.4 -18.5  13.0    5.9 -20.9   5.6    5.7 -11.2   5.2    5.4  -8.0   4.6


 99.9  -2.6   3.2   90.0  -4.7   0.1   80.0   6.3  -9.0   70.0   2.2  -4.7
 60.0   6.1  -5.2   50.0   2.6   5.6   45.0  -7.0   0.7   40.0  -5.4  -9.0
 35.0  10.2  10.4   30.0   6.6   1.2   25.0  -6.0  -6.4   22.5 -15.4  -0.3
 20.0 -27.9  -4.9   15.0 -29.9   1.0   12.0 -30.7   4.7   10.0 -32.9   0.0
  8.0 -32.2  -3.1    7.0 -28.8   1.6    6.0 -20.4   7.1    5.0   0.0   0.0
  4.0   0.0   0.0

  3. 1.2020  12 Uhr

 99.9  10.8   0.9   96.9   7.2   0.6   95.3   4.6  -0.8   93.6   5.8  -3.3
 91.4   7.6  -5.3   88.3   4.6  -5.5   82.4   5.9  -5.0   79.7  -0.0  -6.2
 77.0  -1.8  -4.8   71.0   3.3  -7.0   70.0   3.3  -7.0   68.1   0.4  -5.1
 67.0   1.7  -1.2   66.2   5.1   0.9   64.2  10.8   0.9   59.0   7.0  -3.3
 55.3   6.2  -0.0   51.5   6.5  -3.0   50.3   5.6  -0.5   50.0   6.1  -1.1
 46.0   0.5  -1.5   44.9  -3.3  -3.9   43.8  -3.2  -8.7   42.3  -5.0 -10.7
 41.2  -6.0  -7.1   39.2  -5.1   0.9   38.7  -4.7   2.2   37.4  -0.6   6.7
 35.2   6.8   9.7   33.8   6.7  11.6   31.3  10.3   4.8   30.0   5.9   4.1
 29.8   5.1   3.5   28.9   7.0   1.9   26.3   4.8   1.8   25.6   1.2  -1.0
 25.0  -1.3  -5.0   24.1 -10.5  -7.4   23.5 -11.1  -2.0   20.0 -21.4  -5.7
 18.7 -26.1  -9.5   17.1 -28.9  -5.1   14.0 -25.1   9.1   12.1 -22.0   1.9
 10.0 -34.8   3.0    8.9 -37.4  -3.3    7.9 -29.3  -7.9    7.2 -38.9  -3.4
  6.4 -30.7  -2.7    6.2 -30.9   5.4    5.7 -13.9   9.7

 99.9  10.8   0.9   90.0   6.3  -5.4   80.0   0.7  -6.0   70.0   3.3  -7.0
 60.0   7.7  -2.4   50.0   6.1  -1.1   45.0  -3.0  -3.7   40.0  -5.4  -2.3
 35.0   6.8  10.0   30.0   5.9   4.1   25.0  -1.3  -5.0   22.5 -13.9  -3.0
 20.0 -21.4  -5.7   15.0 -26.4   4.3   12.0 -22.6   2.0   10.0 -34.8   3.0
  8.0 -30.2  -7.4    7.0 -37.0  -3.2    6.0 -24.2   7.1    5.0   0.0   0.0
  4.0   0.0   0.0

  4. 1.2020   0 Uhr

 99.9  10.3  12.2   92.4   4.6   5.5   91.2   3.9   3.3   85.6   0.7  -2.5
 83.4  -0.4  -5.1   79.3  -2.2  -4.7   77.2   3.6  -4.3   72.3   4.1  -8.9
 70.0   4.1  -7.1   67.0   2.8  -6.1   62.0   3.9  -3.3   50.0   3.1  -0.0
 48.7  -0.0  -0.0   47.2  -5.1   0.9   44.4  -8.8  -6.2   42.5  -7.6  -1.3
 41.2  -5.5   4.6   39.7  -2.3   6.3   39.4  -0.5   6.1   38.5   4.7   6.7
 37.1  10.7   6.2   36.0   8.8   6.2   33.7  16.9   1.5   32.4  15.7  -2.8
 30.0  13.7  -2.4   29.1  12.4  -3.3   27.1   6.9  -6.9   26.1  -1.6  -6.0
 24.9 -11.3   1.0   24.1  -9.7   6.8   21.8 -14.2   2.5   20.0 -26.1   2.3
 19.7 -27.4   4.8   18.1 -24.1   2.1   15.5 -32.8   2.9   14.1 -28.8   0.0
 12.7 -29.8  -8.0   11.0 -37.6   0.0   10.0 -34.3  -3.0    7.6 -30.9   5.4
  7.2 -37.6   0.0    6.2 -34.8   3.0    5.8 -20.6   0.0    5.7 -21.5   1.9


 99.9  10.3  12.2   90.0   3.3   2.1   80.0  -1.9  -4.7   70.0   4.1  -7.1
 60.0   3.8  -2.8   50.0   3.1  -0.0   45.0  -8.0  -4.7   40.0  -2.9   5.9
 35.0  12.3   4.2   30.0  13.7  -2.4   25.0 -10.5   0.4   22.5 -12.8   3.8
 20.0 -26.1   2.3   15.0 -31.4   1.9   12.0 -32.9  -4.8   10.0 -34.3  -3.0
  8.0 -31.5   3.9    7.0 -37.0   0.6    6.0 -27.8   1.5    5.0   0.0   0.0
  4.0   0.0   0.0

  4. 1.2020  12 Uhr

 99.9   7.1  10.1   92.6   1.7   6.5   91.6   1.3   5.0   88.9   0.5  -0.0
 83.3  -0.9  -5.1   78.9  -2.7  -9.9   73.0   0.4  -5.1   70.0  -1.5  -3.3
 66.2  -4.2  -3.0   61.8   5.0   1.3   56.6  -0.3   0.4   53.9   0.4   5.1
 53.1   1.6   6.0   52.2   2.2   4.7   50.0   1.5   2.7   47.6   0.0   1.0
 45.2  -4.8  -1.8   43.3 -10.3  -4.8   41.9 -12.8  -1.1   40.9  -7.6   1.3
 40.6  -5.0   1.3   40.0  -0.7   2.5   39.4   3.6   3.6   35.1  17.4  -1.5
 33.7  20.4  -5.5   31.3  16.2  -2.9   30.0  14.7   2.6   29.4  13.7   2.4
 27.6  12.8   1.1   26.9  12.8  -1.1   26.2   9.4  -2.5   25.3   3.9  -3.3
 24.8  -0.2  -2.6   24.4  -4.8  -1.8   23.8  -9.9   2.7   22.9  -8.3   6.9
 21.7 -14.3  -1.3   20.3 -23.3  -4.1   20.0 -26.1  -2.3   19.8 -26.8   0.0
 16.7 -29.9   5.3   13.7 -28.9  -5.1   10.0 -36.0   6.3    9.0 -32.8   8.8
  7.5 -42.0   3.7    6.2 -38.9   3.4

 99.9   7.1  10.1   90.0   0.8   2.0   80.0  -2.2  -8.7   70.0  -1.5  -3.3
 60.0   3.2   1.0   50.0   1.5   2.7   45.0  -5.4  -2.1   40.0  -0.7   2.5
 35.0  17.6  -1.8   30.0  14.7   2.6   25.0   1.4  -2.9   22.5 -10.3   4.2
 20.0 -26.1  -2.3   15.0 -29.3  -0.4   12.0 -31.9  -0.2   10.0 -36.0   6.3
  8.0 -38.8   5.5    7.0 -40.9   3.6    6.0   0.0   0.0    5.0   0.0   0.0
  4.0   0.0   0.0

  5. 1.2020   0 Uhr

 99.9   9.6   1.7   97.5   6.1   0.5   94.0   2.0  -1.7   89.3  -1.9  -7.0
 80.3  -4.6 -12.6   77.7  -2.8 -10.4   70.0  -6.3  -2.3   68.1  -0.7  -0.8
 57.0   0.4   5.1   56.0   0.0   7.2   54.7   0.6   6.7   51.8   3.6   3.6
 50.8   6.1   0.5   50.0   6.1   0.5   48.6   5.1   0.9   46.8  -0.3   1.5
 46.0  -4.7   2.2   44.6  -9.1   9.1   41.7   0.0   9.8   38.8   8.9   2.4
 37.8   6.1  -0.5   34.2  16.3  -7.6   31.2  11.8   1.0   30.0  13.3   1.2
 28.4   9.7   0.9   27.9   6.7  -0.6   27.0  -0.0  -3.6   26.4  -4.5  -2.6
 25.4 -10.4   2.8   23.6 -12.7  12.7   21.6 -15.9   0.0   20.1 -28.4   5.0
 20.0 -28.4   5.0   19.5 -27.8   7.5   16.9 -33.4   5.9   14.8 -31.4  -5.5
 12.7 -31.4   0.0   11.4 -32.3   2.8   10.0 -32.8  -2.9    7.7 -32.8  -8.8
  7.1 -42.7   0.0    6.7 -32.9   0.0    6.3 -37.9   3.3    5.2 -20.5   1.8


 99.9   9.6   1.7   90.0  -1.3  -6.2   80.0  -4.4 -12.3   70.0  -6.3  -2.3
 60.0   0.1   3.5   50.0   6.1   0.5   45.0  -7.8   7.1   40.0   5.2   5.5
 35.0  14.0  -6.0   30.0  13.3   1.2   25.0 -10.9   5.0   22.5 -14.5   5.8
 20.0 -28.4   5.0   15.0 -31.6  -4.4   12.0 -31.9   1.5   10.0 -32.8  -2.9
  8.0 -32.8  -7.9    7.0 -40.3   0.0    6.0 -33.4   2.9    5.0   0.0   0.0
  4.0   0.0   0.0

  5. 1.2020  12 Uhr

 99.9   4.3  -5.1   93.8   4.8  -1.8   91.6   4.5  -2.6   88.9   1.2  -3.4
 86.4  -3.3  -5.8   81.9  -5.1 -14.0   78.7 -11.6 -13.8   73.7  -9.8  -5.7
 70.0  -8.9   4.1   69.4  -8.0   5.6   66.0  -4.2   3.0   62.5  -1.0   0.3
 59.9   0.4   5.1   58.2   0.0   7.2   56.2   4.9   2.8   53.4   6.5  -1.7
 51.9   8.7  -3.2   50.8   7.6  -1.3   50.0   6.8  -2.5   49.4   5.1  -2.4
 48.6   3.3  -3.9   47.0  -2.5  -1.8   46.4  -5.1   0.9   44.5 -10.1   7.1
 42.7  -1.3   7.6   39.0   9.4   2.5   37.2  11.8  -0.0   36.0  11.7   2.1
 32.6  10.1  -1.8   30.0  12.2  -2.1   29.6  12.7  -2.2   26.8   6.7  -0.0
 26.3   5.6  -0.5   26.2   5.1  -0.9   25.2  -0.5  -0.9   24.2  -3.9   3.3
 23.5  -8.5   4.9   22.6 -15.2  -2.7   21.4 -21.9  -5.9   20.0 -26.1  -2.3
 18.7 -28.2  -2.5   10.0 -37.5   6.6    9.1 -37.5   6.6    8.3 -32.3   2.8
  7.6 -43.2   0.0    6.4 -37.0   6.5    6.1 -26.3   7.1    6.0 -23.6   2.1
  5.7 -18.9  -5.1    5.3 -16.5   0.0    5.2 -14.2  -2.5    5.0 -13.8  -8.0
  4.9 -16.3  -7.6

 99.9   4.3  -5.1   90.0   2.6  -3.1   80.0  -8.9 -13.9   70.0  -8.9   4.1
 60.0   0.4   4.9   50.0   6.8  -2.5   45.0  -8.8   5.4   40.0   6.5   3.9
 35.0  11.2   1.0   30.0  12.2  -2.1   25.0  -1.2  -0.1   22.5 -15.7  -2.9
 20.0 -26.1  -2.3   15.0 -31.7   0.9   12.0 -35.0   4.1   10.0 -37.5   6.6
  8.0 -36.9   1.6    7.0 -40.2   3.2    6.0 -23.6   2.1    5.0 -13.8  -8.0
  4.0   0.0   0.0

  6. 1.2020   0 Uhr

 99.9  -3.0  -4.2   97.1  -2.2  -4.7   87.4 -17.7 -12.4   84.1 -24.3  -6.5
 79.1 -13.1   4.8   73.5  -7.3   8.7   70.6  -3.0   6.5   70.0  -2.1   5.8
 64.0   3.5   0.9   62.7   4.8   1.8   60.1   8.2   0.7   57.1   9.3   4.3
 53.3   8.4  -2.3   50.6   4.5  -2.6   50.0   2.1  -1.5   49.6   1.1  -1.1
 47.4  -1.5  -5.5   42.6  -5.1   0.9   40.2   2.6   4.5   38.6   4.2   3.0
 37.6   7.2  -0.0   36.6   5.3  -1.9   35.3   6.8   2.5   33.2   6.7   4.7
 32.1   9.3   4.3   30.5   8.7  -0.0   30.0   8.1   1.4   29.1   5.1   3.5
 28.3   7.2  -0.6   27.4   5.8  -2.1   26.2  -1.5  -3.3   25.7  -5.0  -1.3
 25.1 -10.8   0.9   24.3 -17.5   0.0   22.7 -16.0  -9.3   21.0 -27.8   0.0
 20.0 -26.1   2.3   18.2 -31.3  -2.7   16.6 -30.4  -5.4   14.8 -30.2  -2.6
 13.8 -32.9   5.8   11.7 -34.3   3.0   10.8 -42.7   0.0   10.0 -35.0   0.0
  8.4 -30.9   0.0    7.0 -34.8  -3.0    6.1 -26.3  -4.6    5.8 -13.1  -4.8
  5.7 -14.9  -4.0

 99.9  -3.0  -4.2   90.0 -13.4 -10.3   80.0 -15.1   2.7   70.0  -2.1   5.8
 60.0   8.2   0.8   50.0   2.1  -1.5   45.0  -3.2  -2.3   40.0   2.8   4.3
 35.0   6.8   2.8   30.0   8.1   1.4   25.0 -11.6   0.8   22.5 -17.4  -8.2
 20.0 -26.1   2.3   15.0 -30.3  -3.0   12.0 -34.1   3.4   10.0 -35.0   0.0
  8.0 -32.0  -0.8    7.0 -34.8  -3.0    6.0 -22.0  -4.7    5.0   0.0   0.0
  4.0   0.0   0.0

  6. 1.2020  12 Uhr

 99.9  -6.3  -2.3   91.3 -14.5  -5.3   84.3 -12.1  -4.4   77.6  -8.0  11.4
 76.5  -5.7  12.1   71.1  -3.6   3.6   70.0   0.1   1.0   69.9   0.1   1.0
 61.5   1.5  -1.5   54.3   9.3 -11.0   51.2   3.0  -8.2   50.0  -0.5  -3.0
 49.4  -1.8  -1.0   47.0  -5.0  -1.3   44.2  -4.0   2.3   43.7  -5.1   4.3
 42.1  -8.3  11.8   39.0  -1.6   6.0   36.1   0.5   0.1   35.2   3.9   3.3
 33.3   9.5   7.9   32.3   7.9   6.6   30.2   9.7  -0.9   30.0   9.7  -0.9
 28.9   6.7   0.6   27.3   5.9  -5.0   26.4  -1.2  -4.5   26.0  -3.6  -4.3
 24.8  -8.2  -0.7   24.1 -11.8  -1.0   22.8  -8.3  -6.9   21.5 -21.0   1.8
 20.0 -23.2   0.0   17.3 -27.4  -4.8   16.6 -34.5   0.0   15.1 -28.7   2.5
 14.1 -28.8   7.7   10.7 -35.9  -3.1   10.1 -27.4  -4.8   10.0 -27.9  -4.9
  9.0 -39.5  -3.5

 99.9  -6.3  -2.3   90.0 -14.1  -5.1   80.0  -9.5   5.6   70.0   0.1   1.0
 60.0   3.0  -3.4   50.0  -0.5  -3.0   45.0  -4.3   1.3   40.0  -3.8   7.9
 35.0   4.5   3.8   30.0   9.7  -0.9   25.0  -7.4  -1.3   22.5 -11.2  -4.9
 20.0 -23.2   0.0   15.0 -28.7   3.0   12.0 -33.0   1.3   10.0 -27.9  -4.9
  8.0   0.0   0.0    7.0   0.0   0.0    6.0   0.0   0.0    5.0   0.0   0.0
  4.0   0.0   0.0

  7. 1.2020   0 Uhr

 99.9 -18.4   1.6   92.0 -13.5   6.3   84.1 -12.3   1.1   79.8  -8.0   4.6
 75.4  -6.5   3.0   73.7  -5.6  -1.0   73.0  -5.0  -1.3   70.0  -2.0  -0.2
 69.2  -1.9  -0.9   64.5   2.2   4.7   61.6   8.9   2.4   57.9  12.8   1.1
 56.1  10.8  -0.9   53.7   7.9  -6.6   51.9   5.8  -5.8   50.6   0.9  -5.1
 50.0   0.6  -3.5   48.4   1.5  -0.0   47.3   1.8   4.8   43.2  -1.8   4.8
 42.3  -5.9   5.0   41.5  -5.0   1.3   39.9   0.1   0.5   36.6   5.1  -0.0
 31.6   9.8  -5.7   30.1   6.3  -5.3   30.0   5.5  -5.5   29.2   3.0  -4.2
 28.2  -0.7  -0.8   27.8  -4.7   2.2   26.6  -6.5   9.3   26.0  -7.3   8.7
 24.8 -14.2   2.5   23.1 -25.6   9.3   22.4 -23.2  13.4   20.8 -31.3   2.7
 20.0 -30.9   0.0   18.5 -32.8   2.9   17.4 -25.8  -6.9   15.0 -27.2   2.4
 13.5 -25.6  -2.2   12.1 -33.4  -5.9   11.7 -30.9 -11.3   10.0 -31.3  -8.4
  8.8 -28.9  -5.1    7.8 -26.9   4.7    7.4 -25.6  12.0    6.8 -38.9   3.4
  6.3 -22.5  -2.0    5.7 -22.2  -8.1

 99.9 -18.4   1.6   90.0 -13.2   5.0   80.0  -8.2   4.5   70.0  -2.0  -0.2
 60.0  10.6   1.9   50.0   0.6  -3.5   45.0  -0.2   4.8   40.0  -0.2   0.5
 35.0   6.6  -1.7   30.0   5.5  -5.5   25.0 -13.0   3.5   22.5 -23.5  12.8
 20.0 -30.9   0.0   15.0 -27.2   2.4   12.0 -32.8  -7.2   10.0 -31.3  -8.4
  8.0 -27.3   2.7    7.0 -34.4   6.3    6.0 -22.4  -5.0    5.0   0.0   0.0
  4.0   0.0   0.0

  7. 1.2020  12 Uhr

 99.9 -17.0   0.0   93.0 -19.4   5.2   87.0 -14.7  10.3   83.8 -13.8   8.0
 80.0 -11.4  -3.1   77.8  -5.4  -9.4   74.9  -4.6 -12.6   70.0  -6.6  -7.9
 66.6  -6.1  -2.8   65.7  -5.1  -0.9   64.0  -1.7   3.7   63.3   2.2   4.7
 62.1   7.2   5.0   59.5   8.7  -0.0   55.6  11.1   4.0   50.5   5.0   1.3
 50.0   2.2   1.3   49.3   0.4   0.4   43.0  -0.0  -2.1

 99.9 -17.0   0.0   90.0 -17.1   7.7   80.0 -11.4  -3.1   70.0  -6.6  -7.9
 60.0   8.4   1.0   50.0   2.2   1.3   45.0   0.1  -1.3   40.0   0.0   0.0
 35.0   0.0   0.0   30.0   0.0   0.0   25.0   0.0   0.0   22.5   0.0   0.0
 20.0   0.0   0.0   15.0   0.0   0.0   12.0   0.0   0.0   10.0   0.0   0.0
  8.0   0.0   0.0    7.0   0.0   0.0    6.0   0.0   0.0    5.0   0.0   0.0
  4.0   0.0   0.0

  8. 1.2020   0 Uhr

 99.9 -16.4  -4.4   91.0 -14.9   4.0   88.4 -15.9   1.4   82.4  -5.7 -12.1
 75.8  -7.9  -9.5   71.0 -15.0  -5.5   70.0 -12.4  -3.3   68.7  -7.1  -1.3
 67.9  -5.1   0.0   66.8  -2.0   2.4   65.4   1.3   5.0   63.2   8.0   5.6
 61.0  13.5   6.3   57.2   8.6   1.5   54.1  11.1   4.0   50.0   4.5   1.2
 48.1   5.1  -3.5   46.7   3.9  -3.3   45.5   0.9   0.4   43.6  -5.1   0.9
 42.9  -7.3  -2.6   42.3  -8.9  -4.1   39.4  -3.0  -4.2   36.5   1.0   0.2
 35.4   3.9   3.3   34.6   4.7   4.0   31.6   5.8  -5.8   30.8   3.0  -4.2
 30.0  -0.4  -0.9   29.9  -0.5  -0.1   29.2  -2.2   4.7   27.5   0.7   8.2
 27.0   0.0   7.7   26.1  -7.2   0.6   25.6  -8.0  -2.1   24.0 -13.8   8.0
 21.7 -28.2  -2.5   20.5 -30.7  -2.7   20.0 -28.2  -2.5   19.3 -27.3  -7.3
 17.6 -29.7   2.6   13.9 -20.0 -11.6   12.7 -20.8  -7.6   10.6 -31.8   8.5
 10.0 -25.3   4.5    9.6 -23.1   2.0    8.5 -22.4  -6.0    7.5 -21.1   0.0
  6.7 -34.8  12.7    6.6 -35.3   9.5

 99.9 -16.4  -4.4   90.0 -15.3   3.0   80.0  -6.5 -11.2   70.0 -12.4  -3.3
 60.0  12.3   5.1   50.0   4.5   1.2   45.0  -0.6   0.6   40.0  -4.2  -4.2
 35.0   4.3   3.6   30.0  -0.4  -0.9   25.0 -10.1   1.6   22.5 -23.1   1.3
 20.0 -28.2  -2.5   15.0 -23.1  -7.1   12.0 -24.3  -2.4   10.0 -25.3   4.5
  8.0 -21.7  -3.1    7.0 -29.5   7.8    6.0   0.0   0.0    5.0   0.0   0.0
  4.0   0.0   0.0

  8. 1.2020  12 Uhr

 99.9 -10.4  -2.8   91.0  -6.8   9.7   85.7  -6.5   9.3   84.3  -7.6   7.6
 83.1  -8.9   2.4   82.0  -9.4  -2.5   80.0  -9.8  -5.7   74.0 -16.2  -2.9
 70.6  -9.2   3.3   70.0  -5.5   4.6   67.4   1.7   3.7   66.4   5.3   1.9
 65.0   8.2  -0.0   62.5   8.0   2.1   59.9   8.0  -2.1   56.1   5.6  -1.0
 55.4   4.1  -0.0   53.8   7.5   3.5   52.5   5.8   2.1   50.4   2.4   5.1
 50.0   2.2   4.7   47.3   1.3   7.1   46.5   1.9   5.3   45.1  -0.0  -0.0
 38.5  -4.2  -3.0   37.6  -4.2  -3.0   36.2   4.7  -2.2   35.2   8.0  -5.6
 34.0   8.0  -2.1   32.9   7.5  -2.0   32.4   6.1   0.5   31.8   3.3   5.8
 30.7   2.9  10.9   30.0   3.2   8.7   29.7   3.3   7.0   29.0   4.6   3.2
 28.1   3.9   3.3   26.4  -3.0  -0.5   25.4  -2.2  -4.7   24.0 -11.3  -1.0
 23.1 -11.3   1.0   21.4 -21.3  -3.8   20.6 -26.6  -2.3   20.0 -24.6  -2.2
 19.3 -25.3  -4.5   18.2 -24.8   4.4   17.3 -22.5   2.0   15.2 -28.4   5.0
 14.2 -21.0   1.8   12.1 -21.9   5.9   11.7 -19.0   1.7   10.5 -29.3   0.0
 10.0 -25.1  -2.2    8.0 -21.3   3.8    7.1 -35.9  -3.1    6.5 -32.3  -8.7
  5.5 -19.8  -7.2    4.9 -14.9   4.0

 99.9 -10.4  -2.8   90.0  -6.7   9.6   80.0  -9.8  -5.7   70.0  -5.5   4.6
 60.0   8.0  -2.0   50.0   2.2   4.7   45.0  -0.1  -0.0   40.0  -3.2  -2.3
 35.0   8.0  -5.0   30.0   3.2   8.7   25.0  -4.7  -3.6   22.5 -14.7  -0.7
 20.0 -24.6  -2.2   15.0 -26.9   4.4   12.0 -21.1   4.8   10.0 -25.1  -2.2
  8.0 -21.3   3.8    7.0 -35.3  -4.0    6.0 -26.2  -8.0    5.0 -15.8   2.1
  4.0   0.0   0.0

  9. 1.2020   0 Uhr

 99.9  -6.1   1.1   90.9   0.6   7.2   88.2   0.0   9.3   86.3  -4.1   5.9
 84.4 -11.3   1.0   80.0 -14.9  -4.0   76.7 -18.7  -3.3   74.2 -13.9   0.0
 72.9  -6.1   2.8   72.3  -2.0   4.2   71.7   1.6   6.0   70.6   5.6   6.7
 70.0   6.9   6.9   64.6  11.1   2.0   54.4   9.5   7.9   51.7  13.5   4.9
 50.0  11.1   2.0   48.3   9.2  -3.3   45.3   6.0  -1.6   42.1  -4.7  -2.2
 41.5  -6.1  -1.1   40.3  -2.2   4.7   37.9   0.2   0.5   34.7   4.5  -2.6
 32.9   4.0  -4.7   32.7   3.3  -3.9   31.7   2.4   0.9   31.2   3.3   3.9
 30.2   5.9   8.4   30.0   5.9   8.4   27.5   3.2   4.6   27.3   2.2   4.7
 26.2  -3.6   2.1   25.9  -5.6  -0.5   23.5 -11.3  -1.0   22.2 -16.4  -6.0
 21.0 -24.3  -4.3   20.2 -25.1   2.2   20.0 -24.6   2.2   17.9 -23.8   4.2
 17.0 -25.7   0.0   15.7 -32.4   0.0   14.9 -21.8  -3.8   14.1 -21.0   1.8
 13.8 -20.9   5.6   10.3 -34.3  -3.0   10.0 -28.7  -2.5    9.8 -25.6  -2.2
  8.0 -20.8   3.7    7.0 -29.9   5.3    5.7 -20.5   9.6

 99.9  -6.1   1.1   90.0   0.4   7.9   80.0 -14.9  -4.0   70.0   6.9   6.9
 60.0  10.4   4.6   50.0  11.1   2.0   45.0   5.0  -1.7   40.0  -1.9   4.1
 35.0   4.0  -2.3   30.0   5.9   8.4   25.0  -7.7  -0.7   22.5 -15.2  -4.8
 20.0 -24.6   2.2   15.0 -23.1  -3.4   12.0 -27.4   1.4   10.0 -28.7  -2.5
  8.0 -20.8   3.7    7.0 -29.9   5.3    6.0 -22.8   8.5    5.0   0.0   0.0
  4.0   0.0   0.0

  9. 1.2020  12 Uhr

 99.9 -17.2   3.0   90.5  -9.9   2.7   82.0 -17.9   4.8   79.2 -15.9   1.4
 71.8  -1.5   8.6   70.0   3.1   5.3   69.6   3.5   5.1   68.9   5.1   4.3
 58.9  10.8  -0.0   51.7  13.5   4.9   50.0  11.3   1.0   48.5   7.6   1.3
 45.0   3.0  -4.2   40.4  -6.7   0.6   35.6  -0.0  -0.0   31.1   4.7   2.2
 30.0   5.3   3.1   29.8   4.2   3.0   28.7   2.2  -4.7   28.2   2.8  -4.9
 26.9  -2.5  -6.8   26.0  -1.3  -7.6   25.7  -2.8  -6.1   25.0  -8.7   0.8
 24.5 -10.2   3.7   23.9  -8.7   3.2   22.8 -14.7  -2.6   21.3 -25.8   4.6
 20.1 -22.3   3.9   20.0 -22.3   3.9   17.2 -25.6   9.3   15.9 -30.4   5.4
 15.0 -21.0   1.8   13.4 -20.0   1.7   10.8 -28.4  -5.0   10.3 -22.2  -8.1
 10.0 -25.6  -2.2    9.8 -27.2   2.4    8.9 -23.7   8.6    7.5 -28.4  -5.0
  6.7 -32.3  -2.8    6.0 -28.8   0.0

 99.9 -17.2   3.0   90.0 -10.4   2.8   80.0 -16.5   2.4   70.0   3.1   5.3
 60.0  10.1   0.5   50.0  11.3   1.0   45.0   3.0  -4.2   40.0  -6.1   0.5
 35.0   0.6   0.3   30.0   5.3   3.1   25.0  -8.7   0.8   22.5 -16.9  -1.2
 20.0 -22.3   3.9   15.0 -21.0   1.8   12.0 -24.3  -1.8   10.0 -25.6  -2.2
  8.0 -26.6   0.1    7.0 -30.8  -3.7    6.0 -28.8   0.0    5.0   0.0   0.0
  4.0   0.0   0.0

 10. 1.2020   0 Uhr

 99.9 -33.4   5.9   86.9 -24.3  -4.3   83.9 -25.6  -2.2   81.8 -15.4   4.1
 78.7   1.7   3.7   77.8   3.9   3.3   76.2   8.9   4.1   70.0  20.0   9.3
 61.2   8.4  -5.9   57.5   9.7  -3.5   53.9   7.5   3.5   52.2   6.7  -0.0
 51.2   5.1   0.4   50.0   3.0  -0.5   48.1   1.5   0.4   42.5  -5.0  -1.3
 41.5  -6.5  -3.0   41.1  -6.5  -1.7   40.0  -4.2   3.0   36.1   5.0   1.3
 35.4   6.7   0.6   31.9   7.5   3.5   31.0   5.0   1.3   30.4   1.9  -0.9
 30.0   3.2  -2.6   29.9   3.9  -3.3   27.9   4.4  -7.6   27.2   2.4  -5.1
 26.7  -1.8  -2.5   26.4  -5.1  -0.9   25.4  -9.3   4.3   23.9 -14.2  -2.5
 20.6 -29.8   8.0   20.0 -26.3   4.6   19.0 -24.8   4.4   17.2 -34.5   0.0
 16.2 -31.3  -8.4   12.7 -24.1  -2.1   10.0 -30.7   2.7    9.8 -28.7   2.5
  8.3 -27.7  -2.4    8.1 -28.9  -5.1    7.7 -35.0   0.0    5.8 -27.4   4.8
  5.3 -16.9   1.5    5.1  -6.2   3.6    4.8 -13.4  -3.6    4.7 -15.9   0.0
  4.5 -16.4  -1.4

 99.9 -33.4   5.9   90.0 -26.6  -1.8   80.0  -5.5   3.9   70.0  20.0   9.3
 60.0   8.8  -5.1   50.0   3.0  -0.5   45.0  -2.0  -0.5   40.0  -4.2   3.0
 35.0   6.8   0.9   30.0   3.2  -2.6   25.0 -10.6   2.6   22.5 -20.6   1.8
 20.0 -26.3   4.6   15.0 -29.0  -6.4   12.0 -25.7  -0.9   10.0 -30.7   2.7
  8.0 -30.4  -3.8    7.0 -32.3   1.7    6.0 -28.2   4.3    5.0  -8.6   1.2
  4.0   0.0   0.0

 10. 1.2020  12 Uhr

 99.9 -39.3  10.5   98.7 -41.0   7.2   90.2 -22.5  -2.0   87.6 -23.2   0.0
 85.5 -11.9   3.2   83.9  -3.6   6.2   83.3  -1.3   7.6   78.2   7.6   7.6
 72.8  17.4   6.3   70.7  16.4   1.4   70.0  15.4   1.3   68.1  12.2   2.1


 99.9 -39.3  10.5   90.0 -22.6  -1.8   80.0   4.4   7.6   70.0  15.4   1.3
 60.0   0.0   0.0   50.0   0.0   0.0   45.0   0.0   0.0   40.0   0.0   0.0
 35.0   0.0   0.0   30.0   0.0   0.0   25.0   0.0   0.0   22.5   0.0   0.0
 20.0   0.0   0.0   15.0   0.0   0.0   12.0   0.0   0.0   10.0   0.0   0.0
  8.0   0.0   0.0    7.0   0.0   0.0    6.0   0.0   0.0    5.0   0.0   0.0
  4.0   0.0   0.0

 11. 1.2020   0 Uhr

 99.9 -27.8   0.0   95.4 -23.2   0.0   90.3 -13.4  -7.7   85.2  -6.7  -4.7
 83.4  -2.2  -4.7   82.5   0.6  -3.5   81.6   4.2  -3.0   80.3   7.0  -1.9
 75.0  20.6  -0.0   72.7  17.2   3.0

 99.9 -27.8   0.0   90.0 -13.0  -7.5   80.0   7.7  -1.8   70.0   0.0   0.0
 60.0   0.0   0.0   50.0   0.0   0.0   45.0   0.0   0.0   40.0   0.0   0.0
 35.0   0.0   0.0   30.0   0.0   0.0   25.0   0.0   0.0   22.5   0.0   0.0
 20.0   0.0   0.0   15.0   0.0   0.0   12.0   0.0   0.0   10.0   0.0   0.0
  8.0   0.0   0.0    7.0   0.0   0.0    6.0   0.0   0.0    5.0   0.0   0.0
  4.0   0.0   0.0

 11. 1.2020  12 Uhr

 99.9 -44.6   3.9   89.7  -7.0  -1.9   89.2  -4.7  -2.2   88.1  -1.3  -2.8
 86.7   2.2  -4.7   84.3   7.0  -3.3   79.2  22.1  -0.0   73.3  22.3   3.9
 70.0  19.0   1.7   67.6  15.2   2.7   63.5  17.0  -0.0   61.0  13.1   4.8
 55.8  11.3  -1.0   53.4  10.7  -6.2   50.0   3.6  -6.2   49.9   3.0  -6.5
 48.5   2.2  -4.7   47.1   0.8   0.6   44.8   0.0   5.1   43.9   0.4   5.1
 42.6  -4.3   3.6   41.9  -7.5   3.5   40.4  -6.1   0.5   39.4  -0.0  -0.0
 37.5   4.2   3.0   33.3   7.2   5.0   32.2   8.0  -2.1   30.0  11.8  -8.3
 29.8  11.0  -9.3   28.9   8.0  -8.0   28.3   3.0  -4.2   27.7  -0.8  -0.7
 26.6  -3.3   3.9   26.0  -1.5   5.5   25.2  -1.9   7.0   24.3  -9.7   3.5
 23.3 -13.7  -2.4   21.9 -22.5   2.0   21.0 -22.4   6.0   20.0 -26.2   0.0
 19.7 -25.6  -2.2   15.9 -30.9   0.0   11.8 -31.8   2.8   10.0 -31.3  -8.4
  9.6 -32.3  -8.7    7.3 -41.7   0.0    6.3 -40.5   7.1    5.8 -26.8  -7.2
  5.1 -22.5   2.0

 99.9 -44.6   3.9   90.0  -8.1  -1.7   80.0  19.7  -0.5   70.0  19.0   1.7
 60.0  12.7   3.7   50.0   3.6  -6.2   45.0   0.1   4.7   40.0  -3.7   0.3
 35.0   5.9   4.2   30.0  11.8  -8.3   25.0  -3.6   6.2   22.5 -18.7   0.1
 20.0 -26.2   0.0   15.0 -31.1   0.6   12.0 -31.7   2.6   10.0 -31.3  -8.4
  8.0 -38.6  -2.8    7.0 -41.3   2.1    6.0 -32.4  -1.4    5.0 -21.9   3.4
  4.0   0.0   0.0

 12. 1.2020   0 Uhr

 99.9 -19.8   7.2   96.1  -8.9   2.4   93.7  -4.8  -1.8   90.9  -0.5  -2.0
 89.4   4.2  -3.0   82.3  27.2  -2.4   70.6  18.4  -1.6   70.0  17.7  -3.1
 64.4  14.7  -8.5   60.7  15.9  -0.0   56.4  14.9   4.0   52.2   9.1  -1.6
 50.1   7.7  -0.0   50.0   7.7  -0.0   48.2   3.8   2.7   47.5   3.8   5.5
 45.7   2.6   5.6   44.6  -1.5   5.5   42.7  -3.3   7.0   42.3  -3.9   6.7
 41.5  -3.9   3.3   40.6   0.3   0.4   39.3   4.7  -2.2   37.5   5.1   0.4
 35.2   2.5  -0.7   34.4   4.7  -4.0   31.8  10.2 -10.2   30.0   5.3  -6.3
 29.8   4.1  -5.9   29.7   2.6  -4.5   29.3  -1.0  -1.8   28.7  -4.7   2.2
 27.9  -1.8   4.8   25.9  -2.4   3.4   25.7  -4.2   3.0   24.7 -12.8   1.1
 22.7 -19.9   5.3   21.2 -29.8   0.0   20.0 -28.8   0.0   18.3 -32.3   2.8
 11.3 -37.4   3.3   10.0 -35.5   0.0    9.9 -35.0   0.0

 99.9 -19.8   7.2   90.0   2.3  -2.6   80.0  25.5  -2.2   70.0  17.7  -3.1
 60.0  15.8   0.6   50.0   7.7  -0.0   45.0   0.0   5.5   40.0   2.3  -0.8
 35.0   3.0  -1.5   30.0   5.3  -6.3   25.0 -10.2   1.7   22.5 -21.2   4.6
 20.0 -28.8   0.0   15.0 -34.5   3.0   12.0 -36.8   3.2   10.0 -35.5   0.0
  8.0   0.0   0.0    7.0   0.0   0.0    6.0   0.0   0.0    5.0   0.0   0.0
  4.0   0.0   0.0

 12. 1.2020  12 Uhr

 99.9 -11.4   3.1   96.9  -5.1   3.5   95.4   0.3   3.1   93.6   3.3   3.9
 89.9   8.2   3.0   83.1  22.9   6.1   75.3  20.8   3.7   70.0  15.4  -1.3
 67.7  14.9  -4.0   62.7  14.9  -1.3   58.7  17.4  -1.5   55.8  13.9  -3.7
 50.1   8.2  -0.7   50.0   7.7  -0.7   49.4   5.1  -0.9   48.8   0.3  -1.5
 48.3  -4.8  -1.8   48.2  -6.8  -2.5   47.2   1.5   0.5   43.9  -5.0   1.3
 41.3  -5.1  -5.1   40.0   1.9  -5.3   33.4   9.9 -11.8   30.5   4.6  -3.2
 30.0   1.5   0.1   29.9   1.3   0.9   29.3   0.0   5.1   27.4   2.8   7.7
 26.7   1.7   6.5   26.4   0.0   5.1   25.7  -3.1   1.8   25.4  -5.1   0.4
 24.5  -9.7  -3.5   23.2 -18.4  -4.9   22.1 -19.5  -1.7   20.7 -26.3  -4.6
 20.0 -26.9  -4.7   16.9 -34.8   3.0   13.8 -32.8   8.8   12.4 -31.8   2.8
 10.7 -34.8  -9.3   10.0 -36.9  -3.2    8.2 -41.7   0.0    6.6 -34.3  -9.2
  6.3 -43.6  -3.8    5.6 -20.8  -3.7    5.5 -25.3  -4.5    5.2 -14.7  -8.5
  4.9 -15.6 -10.9    4.7  -9.9  -8.3    4.5  -3.1   0.3    4.4  -4.2   3.0
  4.3  -5.5   1.5    4.1  -6.7   5.6    4.0 -10.3   4.8

 99.9 -11.4   3.1   90.0   8.1   3.0   80.0  22.0   5.2   70.0  15.4  -1.3
 60.0  16.6  -1.5   50.0   7.7  -0.7   45.0  -2.8   1.1   40.0   1.9  -5.3
 35.0   7.9 -10.2   30.0   1.5   0.1   25.0  -7.1  -1.3   22.5 -19.1  -2.9
 20.0 -26.9  -4.7   15.0 -33.6   6.5   12.0 -32.5   0.0   10.0 -36.9  -3.2
  8.0 -40.8  -1.1    7.0 -36.2  -6.8    6.0 -34.0  -3.7    5.0 -15.3 -10.1
  4.0 -10.3   4.8

 13. 1.2020   0 Uhr

 99.9 -13.5   6.3   97.1  -9.4   5.4   94.9  -2.2   4.7   90.8   0.7   0.7
 89.2   4.7  -2.2   77.7  25.3   4.5   70.0  18.2  -3.2   67.7  17.9  -6.5
 56.2  15.7   2.8   54.0  13.2  -2.3   53.9  14.2   2.5   53.5  13.7   2.4
 51.2   7.7   0.7   50.0   6.6  -1.2   47.3   1.0  -1.8   43.0  -2.6  -5.6
 42.4  -3.3  -5.8   40.9  -2.6  -4.5   37.6  -0.3  -0.4   30.2  -1.3   7.1
 30.0  -1.3   7.1   28.0   0.8   8.7   27.3  -0.8   8.7   26.2  -3.6   3.6
 25.7  -3.6   0.3   25.3  -4.8  -1.8   23.5 -17.9  -1.6   20.2 -29.8  -8.0
 20.0 -29.8  -8.0   19.1 -26.6  -9.7   17.6 -36.9   3.2   13.1 -40.5  -3.5
 11.3 -34.8  -9.3   10.0 -36.5   6.4    9.6 -34.8   9.3    9.0 -41.0   7.2
  8.2 -36.4  -3.2    7.4 -31.8  -2.8    6.5 -37.9   3.3

 99.9 -13.5   6.3   90.0   2.7  -0.7   80.0  21.0   3.1   70.0  18.2  -3.2
 60.0  16.5  -0.4   50.0   6.6  -1.2   45.0  -0.9  -3.8   40.0  -2.0  -3.4
 35.0  -0.6   2.1   30.0  -1.3   7.1   25.0  -7.0  -1.7   22.5 -21.4  -3.4
 20.0 -29.8  -8.0   15.0 -38.9  -0.5   12.0 -37.1  -7.0   10.0 -36.5   6.4
  8.0 -35.3  -3.1    7.0 -34.4  -0.1    6.0   0.0   0.0    5.0   0.0   0.0
  4.0   0.0   0.0

 13. 1.2020  12 Uhr

 99.9  -7.5   2.0   98.2  -5.1  -0.4   95.7  -1.0  -1.8   89.1   5.1  -0.0
 83.1  18.4   1.6   74.4  10.9 -10.9   73.1  10.2  -8.6   71.0  12.8  -1.1
 53.3   9.3  -0.0   50.0   6.1  -0.5   47.9   3.3   1.5

 99.9  -7.5   2.0   90.0   4.3  -0.2   80.0  15.8  -2.7   70.0  12.6  -1.1
 60.0  10.7  -0.5   50.0   6.1  -0.5   45.0   0.0   0.0   40.0   0.0   0.0
 35.0   0.0   0.0   30.0   0.0   0.0   25.0   0.0   0.0   22.5   0.0   0.0
 20.0   0.0   0.0   15.0   0.0   0.0   12.0   0.0   0.0   10.0   0.0   0.0
  8.0   0.0   0.0    7.0   0.0   0.0    6.0   0.0   0.0    5.0   0.0   0.0
  4.0   0.0   0.0

 14. 1.2020   0 Uhr

 99.9  -6.5   1.7   98.9  -5.1   0.9   97.2  -2.3  -1.1   93.5  -0.5  -6.1
 91.3   1.2  -6.6   88.2   8.0  -4.6   82.9  13.9  -0.0   81.5  12.7   2.2
 77.5   9.2   3.3   74.9  10.8  -0.9   72.9   8.6   1.5   70.8  10.9   2.9
 70.0  11.7   2.1   67.2  19.5  -1.7   62.5  19.0  -0.0   61.1  19.8  -3.5
 59.2  16.4  -6.0   52.6   9.7   0.9   51.0   5.8   3.3   50.0   4.6   5.5
 49.3   3.7   7.9   47.3   2.9  10.9   45.5  -0.7   8.2   42.2  -6.2   0.0
 41.2  -4.8  -1.8   40.0  -0.2  -1.0   36.4   5.1  -0.4   34.9   7.1  -4.1
 31.2  -0.0  -0.0   30.3   0.4   5.1   30.0   1.0   5.6   29.8   0.5   6.1
 25.9 -10.3  -4.8   25.3 -11.4  -8.0   23.5 -20.0  -1.7   21.9 -23.4  -6.3
 21.0 -31.8  -2.8   20.0 -29.4   5.2   18.7 -35.8   9.6   17.0 -37.9   3.3
 16.3 -37.9  -3.3   13.6 -36.3  -9.7   10.4 -28.7   2.5   10.0 -30.7   2.7
  9.0 -37.4  -3.3    7.5 -31.4 -11.4    7.1 -33.4  -5.9    6.6 -23.6   2.1
  6.2 -23.2   8.4    5.6 -19.4  -5.2    5.1 -12.4   3.3    5.0 -14.7  10.3
  4.7  -6.6   7.9

 99.9  -6.5   1.7   90.0   4.0  -5.8   80.0  11.4   2.6   70.0  11.7   2.1
 60.0  17.8  -4.9   50.0   4.6   5.5   45.0  -1.5   7.0   40.0  -0.2  -1.0
 35.0   7.0  -3.9   30.0   1.0   5.6   25.0 -12.8  -7.0   22.5 -22.1  -4.5
 20.0 -29.4   5.2   15.0 -37.2  -6.3   12.0 -32.7  -3.9   10.0 -30.7   2.7
  8.0 -33.5  -8.6    7.0 -31.5  -4.3    6.0 -22.0   4.0    5.0 -14.7  10.3
  4.0   0.0   0.0

 14. 1.2020  12 Uhr

 99.9 -12.1   5.7   92.9  -5.1  -0.9   85.6  -0.1   0.5   83.6   4.8   1.8
 81.9   8.6   1.5   79.8   4.4   4.4   76.8  10.2   0.9   70.0  18.7  -3.3
 67.9  19.9  -5.3   64.5  16.9  -6.2   61.6  17.5  -0.0   55.2  15.2  -2.7
 50.0   9.7   0.9   49.1   7.6   1.3   46.0   5.6  -0.5   45.2   1.1  -2.3
 44.5  -1.8  -4.8   42.6  -1.7  -9.6   40.7 -11.1  -6.4   38.6  -6.3  -2.3
 37.1  -5.5   1.5   34.4  -5.1   0.9   33.0  -3.3  -3.9   30.6  -2.5   2.5
 30.0  -4.8   1.8   29.8  -5.6   2.6   29.1  -3.9   6.7   28.6  -5.0   7.2
 27.3  -9.6  -1.7   26.6 -10.2  -5.9   25.4 -17.5   0.0   24.5 -17.0   0.0
 23.6 -22.9  -6.1   22.6 -31.3  -2.7   20.9 -26.1  -2.3   20.0 -29.8   0.0
 16.7 -32.9  -5.8   11.6 -29.9   5.3   10.5 -22.8   4.0   10.0 -26.6   2.3
  9.5 -27.7  -2.4    7.6 -31.3   2.7    7.0 -28.8  -7.7    6.2 -30.9   0.0
  5.8 -18.0   0.0    4.9 -10.4  -2.8    4.7 -14.7  -2.6    4.6  -4.5  -1.2


 99.9 -12.1   5.7   90.0  -3.1  -0.4   80.0   4.8   4.1   70.0  18.7  -3.3
 60.0  16.9  -0.7   50.0   9.7   0.9   45.0   0.3  -3.0   40.0  -9.5  -5.1
 35.0  -5.2   1.0   30.0  -4.8   1.8   25.0 -17.3   0.0   22.5 -31.0  -2.7
 20.0 -29.8   0.0   15.0 -32.0  -2.4   12.0 -30.2   4.3   10.0 -26.6   2.3
  8.0 -30.5   1.6    7.0 -28.8  -7.7    6.0 -24.5   0.0    5.0 -11.3  -2.5
  4.0   0.0   0.0

 15. 1.2020   0 Uhr

 99.9  -9.2  -3.3   93.7  -3.6  -3.6   90.9   0.2  -2.0   89.2   4.9  -2.8
 86.3  12.4  -3.3   79.4   9.1  -7.6   71.8  16.9  -6.2   70.0  18.2  -8.5
 68.9  18.3 -10.5   65.6  10.5  -7.4   64.9   9.8  -5.7   63.2  13.9  -0.0
 60.8  16.9   1.5   52.0   7.7   2.8   50.1   3.9   3.3   50.0   3.9   3.3
 46.6  -0.7   1.4   45.6  -4.7  -2.2   44.8  -6.2  -6.2   43.4  -5.4  -9.4
 41.2 -11.1  -4.0   38.3  -7.6  -1.3   36.8  -5.0   1.3   34.2  -5.1  -0.9
 32.3  -3.1   0.0   31.3  -4.8   1.8   30.8  -4.0   4.0   30.0  -4.6   5.5
 29.8  -5.0   5.9   28.0  -6.1  -2.8   27.3  -6.8  -2.5   26.5 -14.9   4.0
 24.7 -21.1   0.0   23.4 -30.9   5.4   22.6 -28.0  10.2   20.9 -31.8   8.5
 20.0 -31.8   2.8   17.3 -33.8  -3.0   12.2 -25.6  -2.2   10.2 -19.1  -8.9
 10.0 -19.1  -8.9    8.3 -17.4   1.5    7.9 -17.9   4.8    6.2 -25.3   4.5
  5.8 -20.1   0.0    5.5 -14.9   4.0

 99.9  -9.2  -3.3   90.0   2.7  -2.5   80.0   9.4  -7.2   70.0  18.2  -8.5
 60.0  16.1   1.6   50.0   3.9   3.3   45.0  -5.8  -5.2   40.0  -9.7  -2.9
 35.0  -5.0  -0.2   30.0  -4.6   5.5   25.0 -20.0   0.7   22.5 -28.3  10.1
 20.0 -31.8   2.8   15.0 -30.4  -2.7   12.0 -25.0  -2.9   10.0 -19.1  -8.9
  8.0 -17.8   4.0    7.0 -21.7   4.6    6.0 -22.7   2.3    5.0   0.0   0.0
  4.0   0.0   0.0

 15. 1.2020  12 Uhr

 99.9  -1.2  -4.5   96.8   1.2  -1.7   94.5   6.1   1.1   88.2  16.9  -4.5
 83.8  11.7  -2.1   77.5  14.6 -12.2   73.6   9.1 -13.1   71.5   5.9  -8.4
 70.0   3.5  -9.7   68.1   0.7  -8.2   67.3   0.4  -5.1   66.2   1.9  -0.9
 64.9   4.2   3.0   61.1  11.6   6.7   58.2  11.2   5.2   54.6   5.3   7.6
 52.2   6.3   5.3   50.2   3.6   3.6   50.0   3.3   3.3   47.4  -0.0  -0.0
 45.7  -4.2  -3.0   44.2  -9.5  -9.5   41.4 -13.9  -3.7   39.8 -11.7   5.4
 36.1  -5.7   0.0   34.4  -5.0   1.3   30.2  -1.5   0.3   30.0  -2.0   0.2
 29.1  -4.2  -3.0   28.4  -1.9  -7.0   26.6 -11.1  -4.0   25.5  -8.1   1.4
 23.4 -24.2  11.3   22.4 -21.1  14.8   20.6 -23.7   0.0   20.0 -23.7   0.0
 17.5 -28.2  -2.5   11.6 -18.5   0.0   11.0 -19.3  -3.4   10.0 -20.0  -1.7
  8.5 -23.2   0.0    7.1 -20.9  -5.6    6.3 -32.8  -2.9    6.0 -26.8  -7.2
  5.3 -23.6   2.1

 99.9  -1.2  -4.5   90.0  13.8  -2.9   80.0  13.4  -8.1   70.0   3.5  -9.7
 60.0  11.4   6.1   50.0   3.3   3.3   45.0  -6.6  -6.0   40.0 -11.9   4.3
 35.0  -5.2   0.9   30.0  -2.0   0.2   25.0 -11.9   3.7   22.5 -21.4  14.4
 20.0 -23.7   0.0   15.0 -24.4  -1.5   12.0 -19.3  -0.2   10.0 -20.0  -1.7
  8.0 -22.4  -1.9    7.0 -22.3  -5.3    6.0 -26.8  -7.2    5.0   0.0   0.0
  4.0   0.0   0.0

 16. 1.2020   0 Uhr

 99.9  -8.9  -5.1   95.3  -6.2  -3.6   94.0  -5.1  -3.5   92.6  -1.2  -4.5
 91.6   1.9  -5.3   86.1   8.9 -12.6   72.6   3.3  -3.9   70.0   1.7  -1.2
 67.3   3.6   3.6   63.4  14.5   5.3   56.7   5.9   4.1   55.8   4.1  -0.0
 55.0   4.2  -3.0   50.0   0.4  -4.1   47.0  -4.9  -8.5   45.5 -10.2  -5.9
 41.5 -13.9   0.0   40.3 -13.2   2.3   38.3  -8.2   0.0   36.5  -4.0  -4.0
 35.1  -0.7  -0.7   31.2   0.9  -0.4   30.1  -5.1   0.0   30.0  -5.6   0.5
 28.2  -5.9  12.6   27.3  -2.8  15.7   26.5  -3.7  13.9   25.5  -9.3   6.5
 24.9 -10.2   3.7   24.5 -13.2   2.3   23.5 -15.0   5.5   21.6 -20.5 -11.8
 20.0 -23.3 -10.9   19.3 -28.5 -10.4   17.8 -26.8  -7.2   16.6 -27.8   7.5
 12.3 -21.3   3.8   10.8 -24.6  -2.2   10.0 -26.2   0.0    7.4 -28.3   0.0
  7.2 -35.5   0.0

 99.9  -8.9  -5.1   90.0   3.9  -7.4   80.0   6.4  -8.8   70.0   1.7  -1.2
 60.0  10.2   4.7   50.0   0.4  -4.1   45.0 -10.7  -5.2   40.0 -12.4   2.0
 35.0  -0.7  -0.7   30.0  -5.6   0.5   25.0 -10.0   4.2   22.5 -17.8  -3.5
 20.0 -23.3 -10.9   15.0 -25.6   6.2   12.0 -21.9   2.6   10.0 -26.2   0.0
  8.0 -27.8   0.0    7.0 -42.8   0.0    6.0   0.0   0.0    5.0   0.0   0.0
  4.0   0.0   0.0

 16. 1.2020  12 Uhr

 99.9  -4.6   0.0   93.8  -0.5  -2.0   90.0   3.3  -5.8   87.8   4.1  -8.9
 86.1   2.5  -6.8   84.3   5.5  -3.8   74.3   6.2  -0.0   71.8   1.8   3.1
 70.7   2.2   4.7   70.0   3.3   5.8   66.3   9.3   6.5   64.2   9.1   1.6
 61.3   7.9   6.6   59.6   7.7   0.7   57.1   4.5   2.6   55.9   0.5  -0.2
 55.3   1.4  -0.7   54.6   0.9  -5.1   50.4  -1.3  -7.1   50.0  -2.3  -6.3
 48.9  -5.1  -3.5   48.5  -5.3  -3.1   47.8  -5.8  -3.3   46.2 -10.1  -7.1


 99.9  -4.6   0.0   90.0   3.3  -5.8   80.0   5.8  -2.2   70.0   3.3   5.8
 60.0   7.7   2.1   50.0  -2.3  -6.3   45.0 -13.4  -9.9   40.0   0.0   0.0
 35.0   0.0   0.0   30.0   0.0   0.0   25.0   0.0   0.0   22.5   0.0   0.0
 20.0   0.0   0.0   15.0   0.0   0.0   12.0   0.0   0.0   10.0   0.0   0.0
  8.0   0.0   0.0    7.0   0.0   0.0    6.0   0.0   0.0    5.0   0.0   0.0
  4.0   0.0   0.0

 17. 1.2020   0 Uhr

 99.9  -2.7   1.5   98.0   0.4   1.5   90.6   5.3  -1.9   85.6   3.3  -3.9
 83.5   2.0  -0.4   82.2   4.2   3.0   79.6  10.6   3.9   74.9   5.9  10.2
 71.8   6.5  14.0   70.0   7.4  10.5   68.3   7.3   8.7   65.5   8.7   3.2
 63.8   6.7   3.9   62.1   2.6   4.5   61.2   2.8   1.3   60.4   4.7  -2.2
 58.7   5.0  -7.2   51.1   2.0 -11.1   50.0  -0.7  -8.2   43.7  -6.7   3.9
 41.8  -5.0   1.3   40.1  -1.3   2.2   37.9   2.6   4.5   35.6   2.1   5.8
 34.4   6.3   2.3   30.2  10.2  -5.9   30.0   9.8  -5.7   28.3   1.9  -5.3
 27.1  -4.7   2.2   26.2  -1.3   1.6   25.7  -5.0   1.3   24.7  -7.3  -2.6
 23.7 -12.3   0.0   22.2 -16.0 -11.2   21.2 -19.2 -11.1   20.0 -26.9   4.7
 19.7 -28.3   7.6   16.3 -30.4   5.4   13.4 -30.7   2.7   11.5 -27.1  -9.9
 10.8 -25.8  -4.6   10.0 -32.8   2.9    9.7 -35.9   3.1    9.1 -32.8   8.8
  7.5 -32.4   0.0    6.7 -45.1   8.0    6.4 -41.5   3.6

 99.9  -2.7   1.5   90.0   5.1  -2.2   80.0   9.6   3.7   70.0   7.4  10.5
 60.0   4.7  -3.3   50.0  -0.7  -8.2   45.0  -5.4   1.3   40.0  -1.1   2.3
 35.0   4.2   4.1   30.0   9.8  -5.7   25.0  -6.6  -1.4   22.5 -15.3  -8.9
 20.0 -26.9   4.7   15.0 -30.5   4.2   12.0 -28.1  -6.4   10.0 -32.8   2.9
  8.0 -32.5   2.9    7.0 -40.2   4.9    6.0   0.0   0.0    5.0   0.0   0.0
  4.0   0.0   0.0

 17. 1.2020  12 Uhr

 99.9   5.1   4.3   92.0   9.1  -1.6   87.6   5.3  -3.1   86.6   4.5  -2.6
 84.7   1.5  -0.4   83.2   4.5   2.6   81.6   7.0   1.9   76.6   5.9   8.4
 70.2  -1.3   7.6   70.0  -1.3   7.1   69.4  -0.5   6.1   67.8   4.6   3.2
 65.6   8.2  -0.0   57.6   3.8  -5.5   53.3   4.0  -4.7   51.1  -0.5  -5.6
 50.0  -2.8  -2.3   49.8  -3.3  -1.5   48.9  -5.1   0.9   44.9  -7.3   8.7
 43.7  -7.3   8.7   42.0 -11.6   4.2   40.4  -7.5  -3.5   39.4  -4.8  -1.8
 37.2  -0.1   0.5   35.6   4.5   2.6   33.5   7.3  -2.6   31.8   7.5  -2.0
 30.5   8.0  -5.6   30.1   6.3  -5.3   30.0   5.1  -5.1   29.8   3.6  -4.3
 29.3  -1.0  -1.2   28.9  -4.7   2.2   27.9  -4.0   4.0   26.8  -4.7   4.0
 25.0  -9.8  -5.7   24.5 -11.0  -7.7   23.4 -14.9   0.0   22.2 -17.4  -4.7
 20.0 -28.8   7.7   19.2 -29.0  10.6   18.4 -26.6  12.4   14.0 -21.8  -7.9
 11.7 -18.4   1.6   10.1 -20.0   1.7   10.0 -21.0   1.8    9.6 -27.7   2.4
  8.6 -20.8  -3.7    7.1 -27.1  -9.9    6.1 -37.4   3.3    5.7 -25.2   0.0
  5.6 -25.3   4.5    5.4 -22.5   2.0

 99.9   5.1   4.3   90.0   7.4  -2.3   80.0   6.6   3.9   70.0  -1.3   7.1
 60.0   5.2  -3.8   50.0  -2.8  -2.3   45.0  -7.2   8.5   40.0  -6.4  -2.8
 35.0   5.2   1.1   30.0   5.1  -5.1   25.0  -9.8  -5.7   22.5 -16.8  -3.5
 20.0 -28.8   7.7   15.0 -22.9  -2.9   12.0 -18.9   0.3   10.0 -21.0   1.8
  8.0 -23.2  -6.0    7.0 -28.1  -8.6    6.0 -34.4   2.5    5.0   0.0   0.0
  4.0   0.0   0.0

 18. 1.2020   0 Uhr

 99.9   7.7  -2.8   92.0   8.2  -3.0   88.8   6.2  -0.0   84.9   2.6   5.6
 80.3   2.8   6.1   76.8   7.7  -0.0   70.7   3.1  -1.8   70.0   4.2  -3.0
 62.8  11.1  -4.0   61.5  10.3  -4.8   56.9  -1.9  -7.0   55.7  -4.7  -2.2
 55.1  -5.7   0.0   53.2  -5.8   5.8   51.0  -3.5   7.5   50.0  -3.3   5.8
 48.0  -5.1   5.1   45.8  -4.2  11.6   44.9  -5.1   8.9   43.6  -9.6   1.7
 38.5  -2.6  -4.5   32.6   0.5   0.0   31.4   0.0   5.1   30.0   0.5   3.0
 28.5  -3.1   5.3   27.6  -2.7   9.9   27.2  -1.6   9.1   26.8  -1.9   5.3
 25.6  -3.5  -0.6   25.3  -4.8  -1.8   24.0 -10.2   3.7   23.4 -11.6   4.2
 22.5 -15.9  -1.4   21.0 -22.4  10.4   20.0 -25.8  14.9   19.5 -28.5  10.4
 16.7 -22.7  -8.3   15.0 -22.0  -1.9   11.8 -23.6   2.1   10.2 -24.3  -4.3
 10.0 -26.3  -4.6    8.1 -37.4   3.3    7.6 -30.7   2.7

 99.9   7.7  -2.8   90.0   6.9  -1.1   80.0   3.2   5.5   70.0   4.2  -3.0
 60.0   6.4  -5.5   50.0  -3.3   5.8   45.0  -5.0   9.2   40.0  -4.7  -2.6
 35.0  -0.8  -1.9   30.0   0.5   3.0   25.0  -6.0  -0.5   22.5 -15.9  -1.4
 20.0 -25.8  14.9   15.0 -22.0  -1.9   12.0 -23.5   1.8   10.0 -26.3  -4.6
  8.0 -36.1   3.2    7.0   0.0   0.0    6.0   0.0   0.0    5.0   0.0   0.0
  4.0   0.0   0.0

 18. 1.2020  12 Uhr

 99.9  10.2  -3.7   89.3   3.3  -3.9   88.1   3.3  -3.9   84.6   0.4   0.3
 81.8  -1.8   4.8   80.1  -1.9   7.0   78.5  -1.8   4.8   72.6   1.5  -0.1
 70.6   5.1   0.9   70.0   5.6   1.0   64.9  15.4   1.3   59.2   4.9  -2.8
 57.8  -0.0  -2.6   56.4  -4.2  -3.0   53.8  -5.8   2.1   52.1  -4.6   3.2
 50.0  -1.3   7.1   49.6  -0.7   7.7   44.5  -8.0   5.6   42.9  -9.2  -3.3
 41.5 -12.0  -6.9   38.2  -4.6  -3.2   34.5  -0.0  -0.0   33.1   2.6   4.5
 32.2   3.3   5.8   31.6   3.0   4.2   30.6   1.2   1.7   30.0   1.3   5.0
 29.0   3.2  11.9   28.1   1.8   4.8   27.5   1.5   0.4   25.1  -4.7   2.2
 24.5  -5.9   5.0   23.1  -9.3   0.0   21.6 -15.4  12.9   20.7 -16.2  13.6
 20.0 -21.0   9.8   18.8 -24.1   2.1   17.5 -25.7   0.0   16.5 -22.8  -4.0
 15.7 -22.1   0.0   11.4 -23.6   2.1   10.0 -29.2   2.6    8.5 -33.9  -6.0
  8.1 -37.4  -3.3    7.7 -27.7  -2.4    7.1 -29.2   2.6    6.9 -39.5   7.0
  6.2 -29.3   0.0    6.0 -31.4   5.5    5.6 -19.0  -1.7    5.3 -17.9   1.6
  4.9 -23.4   6.3    4.3  -7.6   5.3

 99.9  10.2  -3.7   90.0   3.8  -3.9   80.0  -1.9   6.8   70.0   5.6   1.0
 60.0   6.4  -2.2   50.0  -1.3   7.1   45.0  -7.3   5.8   40.0  -8.7  -5.3
 35.0  -0.6  -0.5   30.0   1.3   5.0   25.0  -4.9   2.6   22.5 -11.7   5.1
 20.0 -21.0   9.8   15.0 -22.3   0.3   12.0 -23.4   1.7   10.0 -29.2   2.6
  8.0 -35.0  -3.1    7.0 -34.3   4.8    6.0 -31.4   5.5    5.0 -22.0   5.1
  4.0   0.0   0.0

 19. 1.2020   0 Uhr

 99.9   4.9   2.8   98.9   4.5   2.6   90.6  -1.8  -4.8   84.8  -4.8   1.8
 81.5  -4.9   2.8   81.0  -4.5   2.6   77.9   0.5  -1.5   76.8   5.1   0.4
 74.0  14.4  -0.0   70.0  12.8   1.1   66.3  13.4  -0.0   64.9  10.6  -1.9
 62.5   3.9  -3.3   61.2  -0.8  -1.3   60.1  -5.0   1.3   58.8  -4.6   5.5
 56.7  -2.7   9.9   55.1  -2.0   7.5   53.8  -3.8   5.5   50.1  -1.3   5.0
 50.0  -1.3   5.0   47.9  -3.6   0.3   47.0  -5.3  -3.1   44.8  -7.7 -11.0
 40.8  -9.7  -6.8   38.5  -7.3   2.6   37.3   0.4   4.1   36.7   1.8   4.8
 31.7  13.9   9.7   30.3   9.4   5.4   30.0   7.6   5.3   28.3   7.4  10.5
 26.6  -3.6   6.2   25.6  -1.5   1.5   24.2 -10.2   5.9   23.5 -12.9   0.0
 21.7 -16.8   7.8   20.2 -28.2   2.5   20.0 -28.3   0.0   19.2 -22.7  -8.3
 17.4 -29.4  -5.2   16.1 -25.1  -2.2   13.5 -25.8   4.6   10.0 -30.2   2.6
  9.3 -29.8   0.0    8.7 -38.1   0.0    7.6 -25.3  -6.8    6.7 -46.8   0.0
  6.4 -40.5  -3.5

 99.9   4.9   2.8   90.0  -2.1  -4.2   80.0  -2.9   1.3   70.0  12.8   1.1
 60.0  -4.9   1.7   50.0  -1.3   5.0   45.0  -7.5 -10.2   40.0  -8.9  -3.6
 35.0   5.7   6.4   30.0   7.6   5.3   25.0  -5.2   3.3   22.5 -15.0   4.3
 20.0 -28.3   0.0   15.0 -25.4   0.6   12.0 -27.6   3.8   10.0 -30.2   2.6
  8.0 -30.1  -4.2    7.0 -39.4  -2.3    6.0   0.0   0.0    5.0   0.0   0.0
  4.0   0.0   0.0

 19. 1.2020  12 Uhr

 99.9   3.7   7.9   91.9  -6.7   3.9   87.6  -4.1   5.9   85.4  -5.5   5.5
 82.7  -4.3   9.3   80.9  -2.8   4.9   79.1   0.1  -0.5   76.0   4.5  -2.6
 73.5   5.8  -2.1   71.6   8.6   1.5   70.2   7.7   0.7

 99.9   3.7   7.9   90.0  -5.6   4.8   80.0  -1.4   2.2   70.0   7.6   0.6
 60.0   0.0   0.0   50.0   0.0   0.0   45.0   0.0   0.0   40.0   0.0   0.0
 35.0   0.0   0.0   30.0   0.0   0.0   25.0   0.0   0.0   22.5   0.0   0.0
 20.0   0.0   0.0   15.0   0.0   0.0   12.0   0.0   0.0   10.0   0.0   0.0
  8.0   0.0   0.0    7.0   0.0   0.0    6.0   0.0   0.0    5.0   0.0   0.0
  4.0   0.0   0.0

 20. 1.2020   0 Uhr

 99.9  -0.9   9.7   97.3   0.0   8.2   95.5  -0.4   5.1   89.1  -5.1  -0.4
 87.2  -7.7  -0.7   84.8  -5.3   1.9   82.1  -5.0   1.3   79.6  -0.0  -0.0
 75.1   4.8  -1.8   70.0  10.1  -7.1   69.9  10.1  -7.1   65.2   2.8  -4.9
 62.7   0.3   0.4   52.1  -5.1  -0.9   50.0  -3.2  -2.6   47.7  -2.5  -2.5
 47.0  -4.5  -2.6   44.9  -8.2   0.7   41.6 -30.2   2.6   39.9 -19.4   5.2
 39.0  -5.6   6.7   38.8  -3.0   6.5   37.3   3.1   1.8   36.5   5.0  -1.3
 32.5   9.4   2.5   30.9   8.9  -4.1   30.0  11.1  -6.4   29.7  12.0  -6.9
 28.6   7.6  -9.1   25.5  -7.9  -3.7   23.9 -12.9   0.0   20.5 -22.8  -4.0
 20.0 -24.8  -4.4   17.4 -31.3   8.4   15.9 -29.0  10.6   14.5 -33.4   5.9
 14.2 -32.4   5.7   13.4 -41.5   3.6   12.5 -31.9  -5.6   10.8 -31.4  -5.5
 10.0 -34.5  -6.1    9.5 -36.0  -6.3    8.9 -43.0  -3.8    8.0 -34.3   3.0
  6.6 -49.1   8.7    5.9 -36.9   3.2    5.6 -22.0  -1.9    5.4 -18.9  -6.9
  5.2 -19.8  -3.5    5.0 -22.5  -2.0

 99.9  -0.9   9.7   90.0  -4.5   0.4   80.0  -0.8   0.2   70.0  10.1  -7.1
 60.0  -1.0   0.1   50.0  -3.2  -2.6   45.0  -8.0   0.6   40.0 -20.0   5.0
 35.0   6.6   0.1   30.0  11.1  -6.4   25.0  -9.4  -2.6   22.5 -16.8  -1.6
 20.0 -24.8  -4.4   15.0 -31.8   7.6   12.0 -31.8  -5.6   10.0 -34.5  -6.1
  8.0 -34.3   3.0    7.0 -44.7   7.0    6.0 -38.7   4.0    5.0 -22.5  -2.0
  4.0   0.0   0.0

 20. 1.2020  12 Uhr

 99.9   0.0   0.0   90.0   0.0   0.0   80.0   0.0   0.0   70.0   0.0   0.0
 60.0   0.0   0.0   50.0   0.0   0.0   45.0   0.0   0.0   40.0   0.0   0.0
 35.0   0.0   0.0   30.0   0.0   0.0   25.0   0.0   0.0   22.5   0.0   0.0
 20.0   0.0   0.0   15.0   0.0   0.0   12.0   0.0   0.0   10.0   0.0   0.0
  8.0   0.0   0.0    7.0   0.0   0.0    6.0   0.0   0.0    5.0   0.0   0.0
  4.0   0.0   0.0

 21. 1.2020   0 Uhr

 99.9 -10.2  -3.7   97.0 -10.7  -6.2   94.0 -13.1  -6.1   89.3 -10.6  -3.9
 83.9  -0.9 -10.8   81.2   0.9 -10.2   79.3   5.9 -10.2   75.9   6.4 -11.1
 72.0   7.5  -6.3   70.2   4.6  -5.5   70.0   3.6  -4.3   68.4   5.1  -0.0
 66.0   7.5   2.0   63.0   4.8  -1.8   50.0   0.8   0.7   49.8  -0.1   0.5
 45.9  -3.3   3.9   43.2  -9.2   3.3   41.3 -11.1   6.4   39.0  -6.1   2.8
 38.8  -4.8   1.8   38.0  -0.8  -1.3   37.3   3.3  -3.9   36.3   9.3  -4.3
 33.7  15.6  -9.0   32.2  12.0 -12.0   30.8  10.2  -8.6   30.0   8.4  -3.9
 29.2   6.6  -1.2   27.2   4.9  -2.8   26.9   3.9  -3.3   26.2  -0.3  -0.4
 25.5  -5.1   0.4   24.6 -10.2   8.6   23.6 -12.7  12.7   22.5 -15.9   7.4
 20.0 -25.8   4.6   18.3 -31.9   5.6   14.2 -45.3   0.0   13.4 -37.4  -3.3
 10.2 -37.8 -10.1   10.0 -40.0  -7.1    9.5 -46.8   0.0    7.5 -38.5  -6.8
  7.0 -47.1   4.1    6.5 -23.8  -4.2    6.2 -26.1   2.3    6.1 -17.2   3.0
  5.9 -13.2  -2.3    5.8  -0.9 -10.8    5.6  13.4 -23.2    5.5  -1.5 -16.9


 99.9 -10.2  -3.7   90.0 -11.0  -4.2   80.0   4.1 -10.2   70.0   3.6  -4.3
 60.0   4.0  -1.2   50.0   0.8   0.7   45.0  -5.2   3.7   40.0  -8.3   4.4
 35.0  12.4  -6.6   30.0   8.4  -3.9   25.0  -8.0   4.9   22.5 -15.9   7.4
 20.0 -25.8   4.6   15.0 -42.5   1.2   12.0 -37.6  -6.1   10.0 -40.0  -7.1
  8.0 -40.7  -5.0    7.0 -47.1   4.1    6.0 -15.2   0.4    5.0   0.0   0.0
  4.0   0.0   0.0

 21. 1.2020  12 Uhr

 99.9  -3.3  -3.9   96.6  -3.9  -3.3   93.3  -7.2   0.0   90.7  -6.7   0.6
 89.7  -5.1  -0.4   85.3  -0.0  -5.1   79.3   0.8  -8.7   75.5   1.8  -4.8
 74.2  -0.3  -0.4   70.0   1.9   0.7   65.9   3.2   4.6   65.1   3.0   4.2
 62.9  -0.0  -0.0   57.1   1.3  -5.0   52.9   8.4  -8.4   50.3   4.6  -5.5
 50.0   4.3  -5.1   49.3   3.0  -4.2   48.3  -0.0  -0.0   47.0  -2.2   4.7
 43.2  -7.4  10.5   41.4  -6.5   6.5   38.2  -4.9  -2.8   37.2  -0.5  -6.1
 33.1   4.1  -7.1   32.4   1.9  -7.0   31.5  -4.4  -6.3   30.0  -3.2  -4.6
 29.8  -3.0  -4.2   28.5   0.5  -0.2   26.4  -1.0   0.2   25.8  -6.6  -1.2
 24.7  -6.5   6.5   24.3  -6.9   6.9   23.3 -12.3   0.0   21.8 -24.1  -2.1
 21.1 -23.4  -6.3   20.0 -28.3   0.0   18.9 -31.8   2.8   16.2 -37.5  -6.6
 15.5 -34.8 -12.7   14.1 -39.5  -3.5   11.2 -32.3  -2.8   10.0 -37.0   0.0
  9.2 -33.4   5.9    8.7 -40.3  10.8    8.2 -32.4   5.7    7.1 -31.9   5.6
  6.6 -38.4   3.4    6.2 -23.2   0.0    5.8 -14.7  -8.5    5.5 -15.4  -1.3
  5.3 -21.3   3.8

 99.9  -3.3  -3.9   90.0  -5.6  -0.1   80.0   0.7  -8.3   70.0   1.9   0.7
 60.0   0.7  -2.4   50.0   4.3  -5.1   45.0  -4.9   7.7   40.0  -5.8   2.5
 35.0   1.9  -6.7   30.0  -3.2  -4.6   25.0  -6.6   4.4   22.5 -18.5  -1.1
 20.0 -28.3   0.0   15.0 -36.4  -9.4   12.0 -34.4  -3.0   10.0 -37.0   0.0
  8.0 -32.3   5.7    7.0 -33.2   5.2    6.0 -19.0  -4.2    5.0   0.0   0.0
  4.0   0.0   0.0

 22. 1.2020   0 Uhr

 99.9  -3.5  -9.7   91.8  -3.7 -13.9   83.8  -2.3  -6.3   80.1  -4.0  -4.7
 75.3   3.3  -3.9   71.2   0.4   0.3   70.0  -1.3   2.8   58.2   2.6  -4.5
 50.0   2.8   1.3   47.6  -0.9   5.1   45.4   0.7   8.2   43.3   0.0   9.8
 37.3  -2.8  -7.7   35.4  -2.1 -12.2   33.6  -1.7  -9.6   32.3  -3.1  -5.3
 30.5  -2.1   1.5   30.0  -3.0   3.5   29.9  -3.3   3.9   29.2  -2.2   4.7
 27.8  -2.5   2.5   27.3  -5.8   2.1   25.8  -8.3   9.9   25.4  -9.9   8.3
 24.6 -13.3  -1.2   23.5 -22.6   0.0   21.5 -26.8  -7.2   20.0 -32.3   2.8
 19.6 -31.3   2.7   17.7 -37.4  -3.3   16.4 -32.8  -8.8   14.9 -39.6   0.0
 13.2 -33.8  -9.1   10.4 -31.9  11.6   10.0 -34.8   9.3    9.0 -32.8   8.8
  8.4 -37.6   0.0    7.6 -27.3  -7.3    6.2 -37.0   0.0    5.7 -21.0  -1.8


 99.9  -3.5  -9.7   90.0  -3.4 -12.2   80.0  -3.8  -4.7   70.0  -1.3   2.8
 60.0   1.9  -3.3   50.0   2.8   1.3   45.0   0.6   8.5   40.0  -1.5   0.4
 35.0  -2.0 -11.6   30.0  -3.0   3.5   25.0 -11.6   3.6   22.5 -24.7  -3.5
 20.0 -32.3   2.8   15.0 -39.1  -0.6   12.0 -33.0  -0.6   10.0 -34.8   9.3
  8.0 -32.5  -3.6    7.0 -31.3  -4.3    6.0 -30.7  -0.7    5.0   0.0   0.0
  4.0   0.0   0.0

 22. 1.2020  12 Uhr

 99.9  -2.9  -1.1   85.4  -8.2   0.7   80.1  -6.1   0.5   79.6  -5.0   1.3
 72.8   5.1  -0.9   70.0   5.7  -0.0   68.9   5.6   0.5   67.3   3.6   3.6
 64.6   4.0   4.7   63.1   5.1   0.9   61.1   7.0   1.9   55.5   8.7  -3.2
 53.1  10.4  -2.8   51.5   8.6  -1.5   50.1   3.9  -3.3   50.0   3.9  -3.3
 49.0  -0.0  -0.0   44.6  -4.8   1.8   43.6  -5.9   4.1   41.7  -7.5   2.0
 38.6 -18.9  -5.1   36.8  -9.3 -11.0   34.2  -7.6  -4.4   33.2  -5.5   1.5
 32.9  -5.5   3.8   31.5  -3.3   5.8   30.0  -5.9   8.4   25.4 -11.4   8.0
 23.9 -14.4  -3.9   22.5 -16.9  -1.5   21.7 -16.9  -4.5   20.1 -24.1   2.1
 20.0 -24.1   2.1   18.1 -34.3  -3.0   16.8 -29.7  -2.6   15.1 -35.5   0.0
 11.5 -29.4   5.2   10.0 -32.8   2.9    8.6 -35.9  -3.1    8.2 -44.2   0.0
  6.7 -33.4 -12.1    6.3 -41.5  -3.6    6.0 -33.4  -5.9

 99.9  -2.9  -1.1   90.0  -6.5   0.1   80.0  -5.9   0.7   70.0   5.7  -0.0
 60.0   7.3   0.9   50.0   3.9  -3.3   45.0  -4.4   1.6   40.0 -13.6  -1.8
 35.0  -8.1  -6.5   30.0  -5.9   8.4   25.0 -12.2   4.9   22.5 -16.9  -1.5
 20.0 -24.1   2.1   15.0 -35.3   0.1   12.0 -30.3   4.4   10.0 -32.8   2.9
  8.0 -42.9  -1.5    7.0 -35.7  -9.6    6.0 -33.4  -5.9    5.0   0.0   0.0
  4.0   0.0   0.0

 23. 1.2020   0 Uhr

 99.9  -3.8  -5.5   94.5  -4.9  -2.8   90.3   1.3  -5.0   85.8  -0.0  -2.1
 83.9   4.8  -1.8   80.6   8.2  -3.0   75.7  14.7   2.6   71.1   8.2   0.7
 70.0   6.8   2.5   68.7   5.5   5.5   66.4   9.7   6.8   62.9   5.9   8.4
 60.9   4.2   3.0   55.4   1.0   0.1   52.0   2.2   4.7   50.0   0.9  10.8
 49.8   1.0  11.3   45.8  -3.7   7.9   43.5  -6.5   3.0   42.7  -8.7   0.8
 40.1 -14.5  -6.7   38.2 -11.7  -5.4   35.2  -4.4   7.6   33.2  -1.4   8.1
 30.9  -3.9   3.3   30.0  -6.1   1.1   29.6  -6.1  -0.5   28.6  -2.9  -2.1
 27.7  -5.1   0.4   27.0  -7.0  -1.9   25.6  -9.7  -0.9   24.8 -11.1  -4.0
 23.5 -18.9  -6.9   22.4 -20.5   1.8   20.0 -26.3  -4.6   18.4 -32.4   0.0
 15.5 -27.8   0.0   14.5 -36.0   0.0   10.6 -33.3  -2.9   10.0 -35.0  -6.2
  8.6 -45.6  -4.0    7.1 -39.0  -6.9    6.7 -46.8   0.0    5.8 -27.4  -4.8


 99.9  -3.8  -5.5   90.0   1.2  -4.8   80.0   9.0  -2.3   70.0   6.8   2.5
 60.0   3.7   2.5   50.0   0.9  10.8   45.0  -4.7   6.2   40.0 -14.3  -6.7
 35.0  -4.1   7.6   30.0  -6.1   1.1   25.0 -10.8  -3.2   22.5 -20.3   1.0
 20.0 -26.3  -4.6   15.0 -31.8   0.0   12.0 -34.4  -1.8   10.0 -35.0  -6.2
  8.0 -43.1  -5.1    7.0 -40.9  -5.2    6.0 -31.9  -3.7    5.0   0.0   0.0
  4.0   0.0   0.0

 23. 1.2020  12 Uhr

 99.9  -2.0  -0.2   93.1  -3.5   5.1   90.9  -3.6   6.2   87.5   0.9   5.1
 79.2   0.7   1.4   76.2   0.9   5.1   70.0   6.5   3.0   69.9   6.5   3.0
 66.9   6.9   6.9   65.7   4.7   4.7   64.3   6.2  -0.0   61.8   6.0  -1.6
 59.9   4.0   1.1   58.9   5.1   4.3   55.4   8.4   8.4   50.3   2.6   7.3
 50.0   2.5   6.8   49.0   2.6   4.5   47.5  -1.3   0.9   46.3  -3.9  -3.3
 44.1  -6.6  -7.9   40.2 -17.9  -6.5   37.2 -15.9   1.4   35.3 -10.1   7.1
 33.6 -10.6   8.9   30.3  -9.6  -1.7   30.0  -8.2  -3.0   28.7  -4.1  -5.9
 28.3  -1.7  -6.5   27.8   1.4  -8.1   25.6  -0.9 -10.8   23.5 -17.5   0.0
 21.1 -23.3   4.1   20.4 -27.8   0.0   20.0 -26.3  -4.6   19.6 -25.8  -4.6
 14.3 -36.4   3.2   11.0 -30.9   5.4   10.0 -34.3   3.0    9.1 -41.7   0.0
  7.3 -33.3  -2.9    6.8 -41.5  -3.6    6.6 -38.9  -3.4

 99.9  -2.0  -0.2   90.0  -2.4   5.9   80.0   0.7   1.8   70.0   6.5   3.0
 60.0   4.1   0.9   50.0   2.5   6.8   45.0  -5.5  -6.0   40.0 -17.8  -6.0
 35.0 -10.2   7.4   30.0  -8.2  -3.0   25.0  -5.6  -7.8   22.5 -19.9   1.7
 20.0 -26.3  -4.6   15.0 -34.8   2.1   12.0 -32.7   4.7   10.0 -34.3   3.0
  8.0 -36.7  -1.7    7.0 -38.2  -3.3    6.0   0.0   0.0    5.0   0.0   0.0
  4.0   0.0   0.0

 24. 1.2020   0 Uhr

 99.9   0.0   5.1   92.2   0.0  13.9   81.4   0.3   3.6   78.3   0.6   7.2
 76.4  -2.0   7.5   70.3   1.7   9.6   70.0   2.4   8.9   68.7   8.4   5.9
 64.1  16.9   4.5   57.2   8.4   2.3   54.9   7.5  -2.0   53.6   6.6  -1.2
 50.0   3.9  -6.7   48.3   0.5  -6.1   47.8  -1.0  -5.6   46.9  -4.4  -6.3
 43.7 -17.7  -3.1   41.7 -20.6   0.0   38.3 -18.4   1.6   36.8  -9.8   5.7
 34.8  -3.3   3.9   33.6  -1.3   0.8   31.2   4.2  -3.0   30.0  10.6  -3.9
 29.8  10.6  -3.9   28.4   3.9  -3.3   27.9   0.8  -3.0   27.5  -2.2  -4.7
 26.1  -4.0 -11.1   25.3  -6.8  -9.7   24.5 -12.9  -3.5   23.8 -19.5  -1.7
 23.1 -18.4   1.6   21.7 -18.4   6.7   20.0 -23.7   0.0   19.6 -27.2  -2.4
 18.5 -30.9   5.4   15.3 -39.1   0.0   10.9 -31.3  -2.7   10.0 -32.4   0.0
  9.2 -38.1   0.0    7.6 -34.3   3.0    7.0 -41.0   7.2    6.6 -39.5   3.5
  6.2 -21.0   1.8    5.7 -13.1   6.1    5.5 -13.0  10.9

 99.9   0.0   5.1   90.0   0.1  11.9   80.0   0.5   5.2   70.0   2.4   8.9
 60.0  12.0   3.2   50.0   3.9  -6.7   45.0 -12.2  -4.4   40.0 -19.5   0.8
 35.0  -4.0   4.1   30.0  10.6  -3.9   25.0  -9.1  -7.4   22.5 -18.4   3.8
 20.0 -23.7   0.0   15.0 -38.6  -0.2   12.0 -33.4  -2.0   10.0 -32.4   0.0
  8.0 -35.3   2.2    7.0 -41.0   7.2    6.0 -17.9   3.5    5.0   0.0   0.0
  4.0   0.0   0.0

 24. 1.2020  12 Uhr

 99.9   4.1   8.9   96.3  -2.8  10.4   90.1  -5.5  15.0   87.6  -2.5   9.4
 86.3   1.2   6.6   85.4   2.8   6.1   80.5   0.9   5.1   79.3   2.5   6.8
 78.1   0.5   5.6   76.3   1.8   1.8   70.1   3.9  -3.3   70.0   3.9  -3.3
 66.0  11.7  -2.1   62.7  15.9  -4.3   60.4  14.7  -2.6   56.0   4.5   2.6
 50.9  -0.5  -2.0   50.0  -4.0  -1.1   49.6  -5.1  -0.9   48.3  -7.6  -4.4
 44.7 -15.9  -4.3   43.1 -15.2  -2.7   39.1 -12.2   8.6   35.5  -0.9   5.1
 34.1   0.5   0.1   33.3   3.3  -3.9   30.5   9.8  -9.8   30.0   9.6 -11.4
 29.8   9.9 -11.8   29.4   8.3 -11.8   27.8  -4.7  -6.7   27.0  -5.5  -5.5
 26.0  -4.1  -0.7   25.0  -7.9   3.7   24.1  -8.3   6.9   23.4 -10.6   3.9
 22.2 -13.8   8.0   21.2 -19.5   0.0   20.0 -26.6  -2.3   19.5 -29.7   2.6
 14.6 -36.4   3.2   11.2 -29.8   0.0   10.0 -32.4   0.0    7.6 -32.3   2.8
  6.6 -41.0   3.6    6.4 -36.9   3.2

 99.9   4.1   8.9   90.0  -5.3  14.8   80.0   1.5   5.8   70.0   3.9  -3.3
 60.0  13.8  -2.1   50.0  -4.0  -1.1   45.0 -15.2  -4.3   40.0 -12.9   6.0
 35.0  -0.4   3.3   30.0   9.6 -11.4   25.0  -7.9   3.7   22.5 -13.0   6.9
 20.0 -26.6  -2.3   15.0 -35.8   3.1   12.0 -31.5   0.8   10.0 -32.4   0.0
  8.0 -32.3   2.3    7.0 -37.4   3.3    6.0   0.0   0.0    5.0   0.0   0.0
  4.0   0.0   0.0

 25. 1.2020   0 Uhr

 99.9   3.1  -0.3   94.2   0.0   6.7   90.9   3.3   9.2   86.9   1.3   7.6
 84.7   6.5   3.0   79.6   7.2  -0.0   77.4   8.0  -4.6   71.7   5.8  -5.8
 70.0   8.2  -3.0   69.4   9.4  -2.5   65.0  11.3  -0.0   62.9   9.6   1.7
 61.2   4.2   3.0   59.6   1.5  -0.1   57.9   2.2  -4.7   56.5   2.3  -8.4
 52.7  -0.4  -5.1   51.1  -1.3  -0.9   50.0  -3.0   0.5   48.8  -5.1   0.9
 46.4  -7.6   5.3   42.3 -13.3  -1.2   40.9 -11.3   1.0   39.8  -6.3   7.5
 38.2  -3.9   8.4   36.6  -3.9   3.3   34.6  -0.6  -0.8   33.5   4.5  -2.6
 32.3   5.3  -6.3   30.0  -1.3  -5.0   29.0  -1.5   0.4   28.6  -1.3   5.0
 27.6   0.9  10.2   26.4  -1.4   8.1   23.3 -12.9   7.5   20.1 -25.8  -4.6
 20.0 -26.3  -4.6   17.1 -36.0   0.0   16.4 -34.5   6.1   11.9 -29.9  -5.3
 10.0 -31.3  -8.4    9.4 -31.3  -8.4    6.9 -38.9   3.4    6.7 -37.9   3.3


 99.9   3.1  -0.3   90.0   2.9   8.8   80.0   7.1   0.2   70.0   8.2  -3.0
 60.0   2.2   0.6   50.0  -3.0   0.5   45.0  -9.5   3.1   40.0  -7.2   6.3
 35.0  -1.3   0.0   30.0  -1.3  -5.0   25.0  -6.5   7.8   22.5 -16.0   4.6
 20.0 -26.3  -4.6   15.0 -33.1   2.8   12.0 -30.0  -5.0   10.0 -31.3  -8.4
  8.0 -35.4  -2.1    7.0 -38.6   2.9    6.0   0.0   0.0    5.0   0.0   0.0
  4.0   0.0   0.0

 25. 1.2020  12 Uhr

 99.9   7.5   3.5   96.9   8.4   8.4   90.6   6.3   4.4   87.8   4.7   4.7
 84.2   6.7  -0.6   80.7   9.7  -3.5   78.1  12.2  -2.1   76.2  10.8  -0.0
 73.7   6.2  -3.6   71.5   3.9  -3.3   70.4   1.8  -2.5   70.0   2.0  -1.7
 65.9   6.7  -3.9   63.9   5.1  -3.5   62.4   5.0  -1.3   55.5  -0.0  -0.0
 50.3  -5.1  -0.4   50.0  -5.7   0.0   47.6  -7.3   2.6   45.9  -7.0   1.9
 43.4  -5.0   7.2   41.5  -9.1   9.1   40.4  -9.8   5.7   37.9  -7.6   5.3
 37.0  -8.9   4.1   35.2  -2.8  -6.1   34.4  -0.9  -9.7   31.5  -0.0  -8.2
 30.0  -2.7  -3.8   29.6  -2.5  -2.5   28.6  -5.1  -0.9   27.4  -1.1   6.1
 26.5   0.6   7.2   25.9  -1.3   5.0   25.5  -3.3   3.9   24.9  -7.0   1.9
 23.8 -10.4  -2.8   22.2 -21.0  -9.8   20.0 -29.7   2.6   19.7 -30.7   2.7
 11.9 -28.2  -2.5   10.0 -29.9   5.3    8.4 -25.8   4.6    6.5 -37.0   0.0
  4.9 -21.8  -3.8

 99.9   7.5   3.5   90.0   6.0   4.5   80.0  10.3  -3.2   70.0   2.0  -1.7
 60.0   3.3  -0.9   50.0  -5.7   0.0   45.0  -6.3   3.7   40.0  -9.5   5.6
 35.0  -2.3  -7.0   30.0  -2.7  -3.8   25.0  -6.3   2.2   22.5 -19.0  -8.4
 20.0 -29.7   2.6   15.0 -29.3  -0.2   12.0 -28.2  -2.4   10.0 -29.9   5.3
  8.0 -28.0   3.7    7.0 -33.9   1.3    6.0 -32.6  -1.1    5.0 -22.8  -3.6
  4.0   0.0   0.0

 26. 1.2020   0 Uhr

 99.9   7.5  -3.5   83.7   4.2  -3.0   78.6   6.5  -3.0   76.0   6.8   2.5
 74.7   6.5   3.0   71.6   5.1  -0.0   70.9   5.1  -0.0   70.0   3.4   1.2
 68.1   0.9   5.1   67.2   1.8   4.8   61.0  -1.5   5.5   59.6  -3.9   3.3
 50.0   0.5   0.2   49.1  -0.0  -0.0   44.4  -9.5   9.5   41.2  -8.9   2.4
 40.0  -5.3  -1.9   39.6  -3.5  -3.0   39.1  -1.3  -7.1   35.2  -0.0 -14.4
 33.2   0.6  -7.2   31.6  -0.0  -1.5   30.0  -1.8  -1.8   28.7   5.6   2.6
 28.4   4.7   2.2   27.6  -0.4   0.3   26.9  -4.2  -3.0   26.1  -5.1  -3.5
 25.2  -8.7  -0.8   23.8 -12.6  -5.9   20.8 -18.2  -3.2   20.0 -24.1  -2.1
 18.4 -34.0   0.0   17.3 -29.9   5.3   11.1 -25.6   2.2   10.0 -28.2   2.5
  8.7 -33.3   2.9

 99.9   7.5  -3.5   90.0   5.5  -3.2   80.0   5.9  -3.0   70.0   3.4   1.2
 60.0  -3.2   3.9   50.0   0.5   0.2   45.0  -8.2   8.2   40.0  -5.3  -1.9
 35.0   0.1 -13.7   30.0  -1.8  -1.8   25.0  -9.3  -1.5   22.5 -15.0  -4.8
 20.0 -24.1  -2.1   15.0 -28.5   4.3   12.0 -26.3   2.7   10.0 -28.2   2.5
  8.0   0.0   0.0    7.0   0.0   0.0    6.0   0.0   0.0    5.0   0.0   0.0
  4.0   0.0   0.0

 26. 1.2020  12 Uhr

 99.9   5.8  -3.3   70.0  -3.0   0.5   64.0  -1.6  -6.0   62.1  -3.6  -3.6
 51.9   0.4  -0.3   50.2   0.9  -5.1   50.0   1.0  -5.6   45.5  -1.7  -6.5
 44.9  -2.2  -4.7   42.9  -6.1   0.5   42.2  -7.6   1.3   39.7 -11.6  -4.2
 38.7 -10.3  -4.8   36.5  -2.5  -9.4   35.6  -2.7  -9.9   33.3  -5.6  -2.6
 33.1  -5.0  -1.3   32.5  -1.8   1.8   31.7   0.9   5.1   30.0   5.4   9.4
 29.0   7.7  11.0   28.2   6.2   8.8   27.2   0.4   5.1   26.7  -1.8   1.8
 25.8  -4.5  -2.6   25.2  -4.8  -1.8   24.6  -5.1  -5.1   23.4  -8.0  -5.6
 22.2 -13.5  -9.4   21.0 -27.2  -2.4   20.0 -26.6   2.3   18.2 -31.9   5.6
 12.0 -29.2   2.6   10.5 -33.9   6.0   10.0 -36.0   0.0    8.6 -29.5 -10.7
  6.8 -39.5  -3.5    5.7 -22.3   3.9

 99.9   5.8  -3.3   90.0   3.1  -2.2   80.0   0.2  -0.9   70.0  -3.0   0.5
 60.0  -2.8  -3.0   50.0   1.0  -5.6   45.0  -2.1  -5.0   40.0 -11.1  -3.5
 35.0  -3.4  -8.1   30.0   5.4   9.4   25.0  -4.9  -2.9   22.5 -12.1  -8.5
 20.0 -26.6   2.3   15.0 -30.6   4.2   12.0 -29.2   2.6   10.0 -36.0   0.0
  8.0 -32.6  -8.4    7.0 -38.3  -4.3    6.0 -27.2   1.8    5.0   0.0   0.0
  4.0   0.0   0.0

 27. 1.2020   0 Uhr

 99.9   0.0   0.0   90.0   0.0   0.0   80.0   0.0   0.0   70.0   0.0   0.0
 60.0   0.0   0.0   50.0   0.0   0.0   45.0   0.0   0.0   40.0   0.0   0.0
 35.0   0.0   0.0   30.0   0.0   0.0   25.0   0.0   0.0   22.5   0.0   0.0
 20.0   0.0   0.0   15.0   0.0   0.0   12.0   0.0   0.0   10.0   0.0   0.0
  8.0   0.0   0.0    7.0   0.0   0.0    6.0   0.0   0.0    5.0   0.0   0.0
  4.0   0.0   0.0

 27. 1.2020  12 Uhr

 99.9  -5.1  -5.1   88.2 -12.2  -8.6   79.1  -9.1  -9.1   76.4 -10.5  -7.4
 72.3 -11.9   3.2   70.0 -10.3   4.8   69.3  -9.8   5.7   66.9  -9.8   0.0
 64.9 -13.4   3.6   61.6  -2.3   1.1   61.2  -1.7   1.2

 99.9  -5.1  -5.1   90.0 -11.1  -8.0   80.0  -9.4  -9.0   70.0 -10.3   4.8
 60.0   0.3   1.5   50.0   0.0   0.0   45.0   0.0   0.0   40.0   0.0   0.0
 35.0   0.0   0.0   30.0   0.0   0.0   25.0   0.0   0.0   22.5   0.0   0.0
 20.0   0.0   0.0   15.0   0.0   0.0   12.0   0.0   0.0   10.0   0.0   0.0
  8.0   0.0   0.0    7.0   0.0   0.0    6.0   0.0   0.0    5.0   0.0   0.0
  4.0   0.0   0.0

 28. 1.2020   0 Uhr

 99.9  -6.0  -7.1   93.1 -12.9  -3.5   81.4 -16.8  -7.8   71.9 -13.7   2.4
 70.0 -12.3  -1.1   69.1 -10.4  -2.8   67.3 -10.8  -0.9   65.9  -8.0  -2.1


 99.9  -6.0  -7.1   90.0 -13.9  -4.6   80.0 -16.3  -6.4   70.0 -12.3  -1.1
 60.0   0.0   0.0   50.0   0.0   0.0   45.0   0.0   0.0   40.0   0.0   0.0
 35.0   0.0   0.0   30.0   0.0   0.0   25.0   0.0   0.0   22.5   0.0   0.0
 20.0   0.0   0.0   15.0   0.0   0.0   12.0   0.0   0.0   10.0   0.0   0.0
  8.0   0.0   0.0    7.0   0.0   0.0    6.0   0.0   0.0    5.0   0.0   0.0
  4.0   0.0   0.0

 28. 1.2020  12 Uhr

 99.9 -15.7  -2.8   84.6 -21.5   1.9   79.1 -21.9  10.2   76.1 -16.9  11.8
 70.9 -11.3   0.0   70.0  -9.8   0.0   67.7  -6.2   0.0   66.4  -1.3  -2.8
 63.6   1.8  -4.8   60.8   2.4  -5.1   59.3   5.1  -0.0   56.8   9.8   5.7
 56.0   8.4   5.9   55.5   7.6   4.4   54.0   8.4  -3.9   52.7   6.7  -5.6
 50.0   7.1  -6.0   48.2   7.2  -5.0   45.1   3.0  -3.5   44.6   1.8  -4.8
 43.8  -1.6  -9.1   41.3  -8.4  -8.4   39.8  -6.9  -6.9   37.4  -9.3   0.0
 35.1  -4.7   2.2   33.9  -1.0   0.1   31.7  -1.8  -4.8   30.9  -4.6  -5.5
 30.0  -1.9  -7.0   29.4   0.8  -8.7   28.3   2.7  -9.9   27.3   0.9 -10.2
 25.2  -9.4   2.5   24.5 -11.8   8.3   23.7 -18.7   3.3   22.9 -23.2   0.0
 21.8 -21.9   5.9   20.9 -27.3   0.0   20.0 -28.2   2.5   15.3 -29.9   5.3
 13.1 -25.8   6.9   10.0 -20.3  -3.6    8.5 -31.3  -2.7    7.0 -25.6  -2.2
  5.7 -35.4   3.1    5.0 -15.2  -2.7

 99.9 -15.7  -2.8   90.0 -19.4   0.2   80.0 -21.8   8.8   70.0  -9.8   0.0
 60.0   3.9  -2.4   50.0   7.1  -6.0   45.0   2.7  -3.8   40.0  -7.1  -7.1
 35.0  -4.4   2.0   30.0  -1.9  -7.0   25.0 -10.1   4.2   22.5 -22.7   2.1
 20.0 -28.2   2.5   15.0 -29.4   5.5   12.0 -24.0   3.4   10.0 -20.3  -3.6
  8.0 -29.5  -2.6    7.0 -25.6  -2.2    6.0 -33.0   1.8    5.0 -15.2  -2.7
  4.0   0.0   0.0

 29. 1.2020   0 Uhr

 99.9 -13.4  -3.6   89.9 -19.8   3.5   78.7 -19.4   5.2   76.2 -19.5  -1.7
 73.8  -8.0  -5.6   72.8  -4.6  -5.5   70.0   3.7  -7.9   69.5   5.3  -7.6
 66.6   9.7  -3.5   63.4  11.4  -3.1   60.1   7.2  -0.6   59.2   6.0  -1.6
 58.0   6.5  -6.5   53.6   8.3 -11.8   50.0   1.9  -7.0   48.2   0.5  -6.1
 44.2  -1.3  -0.8   42.4  -4.7  -4.0   40.9  -6.3  -2.3   39.5  -8.4   3.9
 38.7  -9.4   5.4   36.0  -3.0   4.2   33.3   0.2  -1.0   30.0  -1.7  -3.7
 29.8  -2.6  -4.5   27.7 -10.8   0.0   26.7 -11.8   0.0   25.6  -6.1   1.1
 24.6 -10.8   0.9   23.6 -14.5  -5.3   22.3 -20.3   3.6   20.2 -28.7   2.5
 20.0 -28.8   0.0   18.0 -29.7  -2.6   11.3 -24.8  -6.7   10.0 -24.1   2.1
  9.6 -23.2   0.0    8.9 -32.8  -2.9    6.9 -20.8   3.7    6.3 -21.3   3.8
  5.9 -32.4  11.8    5.4 -13.9   9.7

 99.9 -13.4  -3.6   90.0 -19.7   3.4   80.0 -19.4   5.0   70.0   3.7  -7.9
 60.0   7.0  -0.7   50.0   1.9  -7.0   45.0  -1.0  -1.9   40.0  -7.6   1.7
 35.0  -1.8   2.3   30.0  -1.7  -3.7   25.0  -8.9   1.0   22.5 -19.4   2.2
 20.0 -28.8   0.0   15.0 -27.7  -4.3   12.0 -25.4  -6.2   10.0 -24.1   2.1
  8.0 -27.7  -0.1    7.0 -21.4   3.3    6.0 -29.6   9.7    5.0   0.0   0.0
  4.0   0.0   0.0

 29. 1.2020  12 Uhr

 99.9 -19.0  -1.7   93.7 -23.2   0.0   85.9 -20.3   3.6   82.7 -20.6   0.0
 80.8 -14.7  -2.6   76.6   0.5  -5.6   76.0   1.9  -5.3   72.0   8.9  -4.1
 70.0   9.7  -6.8   67.7   8.9 -10.6   65.3   8.0  -8.0   61.4   3.0  -8.2
 58.2   5.5  -3.8   55.4   3.3  -3.9   52.1  -0.6  -3.5

 99.9 -19.0  -1.7   90.0 -21.8   1.7   80.0 -11.8  -3.2   70.0   9.7  -6.8
 60.0   4.1  -6.3   50.0   0.0   0.0   45.0   0.0   0.0   40.0   0.0   0.0
 35.0   0.0   0.0   30.0   0.0   0.0   25.0   0.0   0.0   22.5   0.0   0.0
 20.0   0.0   0.0   15.0   0.0   0.0   12.0   0.0   0.0   10.0   0.0   0.0
  8.0   0.0   0.0    7.0   0.0   0.0    6.0   0.0   0.0    5.0   0.0   0.0
  4.0   0.0   0.0

 30. 1.2020   0 Uhr

 99.9 -15.9   1.4   89.0 -23.1  -2.0   84.7 -20.0  -1.7   81.6 -14.0  -6.5
 79.5  -2.3  -8.4   78.2   2.7  -9.9   74.2   9.9 -11.8   70.4  13.1 -13.1
 70.0  13.1 -13.1   67.5   7.1 -10.1   65.5   0.7  -8.2   63.6   2.3  -4.0
 61.2   4.5  -2.6   55.8  -0.0  -6.2   55.2  -0.9  -5.1   53.3  -0.9   0.4
 52.3   0.9   5.1   50.4   2.4   8.9   50.0   2.4   8.9   46.9   1.4   8.1
 45.8   0.0   5.1   44.3  -2.3   2.8   43.5  -4.8   1.8   42.3  -7.2   0.6
 39.0  -8.2  -0.7   38.2  -9.2   0.8   37.1  -6.3   4.4   34.7   1.0   0.2
 30.9   0.4   5.1   30.0   1.0  11.8   28.9   0.0  12.3   28.2   1.0  11.3
 26.4  -5.8   5.8   24.9  -8.4   2.3   24.0  -7.9  -3.7   22.9 -15.9  -1.4
 20.1 -27.4  -4.8   20.0 -27.4  -4.8   17.7 -24.7   0.0   14.0 -24.3  -6.5
 11.8 -22.4   6.0   10.2 -19.8   7.2   10.0 -21.4   5.7    9.2 -32.4   0.0
  8.5 -23.4  -6.3    7.7 -32.8   2.9    6.9 -33.4   5.9    6.6 -31.4   5.5


 99.9 -15.9   1.4   90.0 -22.4  -1.7   80.0  -5.1  -8.0   70.0  13.1 -13.1
 60.0   3.5  -3.4   50.0   2.4   8.9   45.0  -1.2   3.9   40.0  -7.9  -0.3
 35.0   0.1   0.7   30.0   1.0  11.8   25.0  -8.3   2.5   22.5 -17.5  -1.9
 20.0 -27.4  -4.8   15.0 -24.4  -4.7   12.0 -22.6   4.8   10.0 -21.4   5.7
  8.0 -29.2  -0.6    7.0 -33.4   5.5    6.0   0.0   0.0    5.0   0.0   0.0
  4.0   0.0   0.0

 30. 1.2020  12 Uhr

 99.9 -16.9   1.5   90.1 -24.1   2.1   85.9 -23.1  -2.0   82.2  -6.3  -5.3
 80.0   1.3  -2.8   78.2   4.7  -2.2   75.5   5.0  -7.2   70.7   2.9 -10.9
 70.0   2.0 -11.1   63.9  -3.9  -3.3   61.5  -2.2  -4.7   58.9  -1.2  -1.0
 52.3  -3.6   3.6   50.8  -0.6   7.2   50.0   0.0   8.2   48.2  -1.2   6.6
 46.6  -6.1   2.8   43.2 -10.1  -1.8   40.6 -13.3   1.2   38.3 -12.8   1.1
 37.4  -7.7  -0.7   36.0  -0.4  -5.1   34.2   2.8  -4.9   33.4   1.3  -5.0
 32.5   2.2  -2.2   31.5   4.8   1.8   30.5   5.8   5.8   30.0   7.9   6.6
 29.5   9.5   7.9   28.3   5.3   3.1   27.5   1.3  -1.6   26.7   3.3  -3.9
 25.2  -0.9  -5.1   23.4  -1.0 -11.8   22.1 -12.4  -3.3   21.6 -17.5   0.0
 20.1 -16.4  -4.4   20.0 -16.9  -4.5   18.7 -26.6   2.3   17.9 -25.3   6.8
 16.0 -27.8   0.0   14.0 -29.7   2.6   12.0 -24.1   2.1   10.3 -31.3   2.7
 10.0 -30.4   0.0    9.2 -20.8  -7.6    9.0 -20.9  -5.6    8.5 -24.8   6.7
  7.7 -31.4   5.5    7.1 -24.3   4.3    6.1 -30.0  10.9    5.5 -30.3   8.1
  5.3 -22.4   6.0

 99.9 -16.9   1.5   90.0 -24.1   2.0   80.0   1.3  -2.8   70.0   2.0 -11.1
 60.0  -1.6  -2.6   50.0   0.0   8.2   45.0  -7.9   0.7   40.0 -13.2   1.2
 35.0   1.4  -5.0   30.0   7.9   6.6   25.0  -0.9  -5.8   22.5  -8.9  -6.0
 20.0 -16.9  -4.5   15.0 -28.7   1.3   12.0 -24.1   2.1   10.0 -30.4   0.0
  8.0 -28.9   6.0    7.0 -24.9   4.9    6.0 -30.0  10.5    5.0   0.0   0.0
  4.0   0.0   0.0

 31. 1.2020   0 Uhr

 99.9 -14.4   0.0   86.9 -21.6   0.0   82.6  -3.5   0.6   70.0  -3.7  -1.7
 68.9  -5.1   0.9   67.0  -5.8   3.3   64.8  -7.5   2.0   59.6   0.5   5.6
 57.9  -0.5   5.6   54.0   4.1   8.9   52.4   4.7   6.7   50.6   3.1   5.3
 50.0   1.5   5.5   48.7  -3.4   2.4   48.0  -4.7   2.2   47.0  -4.7   2.2
 45.5  -6.7  -0.6   42.0 -12.4   3.3   39.8  -6.9  -8.3   37.4  -3.2 -11.9
 36.6  -5.0 -10.7   35.0  -4.4  -6.3   34.4  -3.0  -4.2   33.6   1.0  -1.8
 32.8   3.9   3.3   31.5   6.3   7.5   30.0   4.7   4.7   29.4   4.2   3.0
 27.9   4.7  -2.2   27.3   4.7  -2.2   24.8   0.4   0.4   23.4  -4.5   2.6
 22.7 -10.1   7.1   21.4 -17.7   3.1   20.5 -23.7   8.6   20.0 -25.1   9.1
 18.6 -27.4   4.8   16.9 -26.8   0.0   15.0 -34.5   0.0   10.6 -35.4   3.1
 10.1 -36.5   0.0   10.0 -35.9  -3.1    9.0 -27.8  -7.5    8.1 -27.8   0.0
  6.3 -48.1   8.5    6.0 -46.7  12.5    5.6 -33.3   8.9

 99.9 -14.4   0.0   90.0 -19.8   0.0   80.0  -3.6   0.2   70.0  -3.7  -1.7
 60.0  -0.1   5.3   50.0   1.5   5.5   45.0  -7.5  -0.0   40.0  -7.5  -7.2
 35.0  -4.4  -6.3   30.0   4.7   4.7   25.0   0.7   0.2   22.5 -11.3   6.5
 20.0 -25.1   9.1   15.0 -34.5   0.0   12.0 -35.1   2.0   10.0 -35.9  -3.1
  8.0 -28.8   0.4    7.0 -39.8   5.0    6.0 -46.7  12.5    5.0   0.0   0.0
  4.0   0.0   0.0

 31. 1.2020  12 Uhr

 99.9 -19.0   0.0   97.2 -21.5   1.9   95.4 -17.2   3.0   92.9  -8.5   4.9
 91.1  -3.0   6.5   88.0   3.5   9.7   83.6  10.6  12.6   72.2   6.7   4.7
 70.0   2.1   2.9   66.4  -1.8   4.8   65.1  -5.1   0.4   64.1  -5.1  -0.9
 62.5  -0.2   0.5   60.8   3.9   3.3   58.5   8.0   5.6   54.8   5.1   5.1
 53.5   3.9   3.3   51.6   3.5  -0.9   50.9   3.3  -3.9   50.0   2.1  -5.8
 48.9  -2.4  -5.1   47.3  -1.1  -6.1   45.0  -5.8  -2.1   40.6 -11.4  -3.1
 39.2 -10.6  -8.9   37.3  -9.4  -5.4   35.3  -6.2   3.6   34.8  -2.4   5.1
 34.6  -1.1   6.1   33.2   3.5   9.7   32.1   2.7   9.9   30.2  -5.6   8.0
 30.0  -5.0   7.2   29.7  -3.6   6.2   28.7   0.4   0.3   27.5   3.9  -3.3
 24.8  -0.5  -0.2   24.0  -5.1  -0.4   22.7 -10.6   3.9   21.2 -15.2  -2.7
 20.0 -24.3   6.5   18.1 -27.3   7.3   16.6 -25.6   2.2   11.8 -30.2   2.6
 11.4 -37.0   6.5   10.0 -34.5   6.1    9.2 -33.3   2.9    7.1 -49.2  -4.3
  5.9 -38.3 -10.3    5.6 -49.4   0.0    5.0 -24.6  -2.2

 99.9 -19.0   0.0   90.0  -0.7   7.6   80.0   9.4  10.2   70.0   2.1   2.9
 60.0   5.3   4.1   50.0   2.1  -5.8   45.0  -5.8  -2.1   40.0 -11.1  -5.6
 35.0  -3.9   4.5   30.0  -5.0   7.2   25.0  -0.1  -0.4   22.5 -11.2   3.0
 20.0 -24.3   6.5   15.0 -27.0   2.4   12.0 -30.0   2.6   10.0 -34.5   6.1
  8.0 -42.0  -1.0    7.0 -48.3  -4.8    6.0 -39.2  -9.7    5.0 -24.6  -2.2
  4.0   0.0   0.0


Monatsmittelwind fuer den  1 2020

Niveau Anzahl     U     V   DD FF
 [hPa]        [m/s] [m/s]     [kn]
  99.9     59  -7.0   0.6   95 14
  90.0     59  -5.0  -0.0   90 10
  80.0     59   0.1  -1.1  354  2
  70.0     58   4.1  -0.8  281  8
  60.0     55   6.6  -0.5  274 13
  50.0     53   2.2   0.1  266  4
  45.0     52  -4.6   0.6   97  9
  40.0     50  -6.3  -0.3   87 12
  35.0     50   2.3  -0.7  286  5
  30.0     50   3.7   0.4  263  7
  25.0     50  -7.9   0.3   92 15
  22.5     50 -17.4   0.2   91 34
  20.0     50 -26.2   0.4   91 51
  15.0     50 -30.1   0.2   90 59
  12.0     50 -29.1   0.1   90 57
  10.0     50 -30.7  -0.0   90 60
   8.0     47 -32.0  -0.5   89 62
   7.0     46 -35.0   0.5   91 68
   6.0     36 -28.2   0.6   91 55
   5.0     13 -16.2  -1.1   86 32
   4.0      1 -10.3   4.8  115 22
