sing20181116.12
TTAA 66121 48698
99006 29850 06002 00080 28850 10508 92770 23435 15511
85506 19856 16517 70153 10856 19029 50589 03949 14011
40761 14517 13017 30973 29723 10013 25100 39944 08513
20248 52758 08527 15428 67558 09539 10664 81358 26531
88999
77999=
TTCC 66121 48698
70861 83150 09008 50054 71572 08563 30374 51382 27040
20638 49785 25548 10095 39991 26566
88837 86946 26022
77087 26073 40906 77460 09069 42245=
TTDD 6612/ 48698
11837 86946 22700 83150 33677 84541 44657 84956 55646
84158 66635 76962 77613 74568 88547 77363 99460 67576
11438 60779 22422 61977 33357 53982 44288 51383 55154
50984 66088 38791 77080 41190 88061 35393 99050 36992
11045 32794
21212 11939 25536 22864 27526 33826 25518 44787 18514
55711 10507 66687 09510 77653 08017 88629 09528 99607
08036 11564 09539 22494 08559 33460 09069 44425 09555
55384 06031 66373 06012 77372 05510 88367 36003 99362
28010 11332 27055 22307 27537 33264 25541 44224 28048
55199 25550 66117 27061 77087 26073 88045 24039=
