sing20181111.00
TTAA 61001 48698
99008 26810 09001 00092 26625 36005 92779 22832 01509
85513 17411 32507 70154 09630 00507 50588 04739 07011
40760 14759 06511 30973 28957 10016 25100 39950 11519
20248 52758 09019 15427 68150 06019 10659 84950 08034
88999
77999=
TTCC 61001 48698
70861 77160 00513 50055 69372 09046 30376 55380 28016
20640 44786 26525 10100 48185 25061
88941 86749 07038
77114 25567 40910=
TTDD 6100/ 48698
11941 86749 22824 77161 33795 78360 44755 74763 55679
78559 66567 76763 77436 58179 88350 58179 99321 54581
11319 54581 22262 57579 33243 49784 44200 44786 55095
48785 66081 46387 77073 40391 88070 39590 99064 40990
21212 11948 07037 22894 09053 33791 12006 44758 07003
55732 35011 66690 36015 77633 13016 88623 13518 99600
11017 11576 07524 22566 07526 33544 09048 44527 10048
55511 09049 66474 10543 77455 08546 88438 08548 99373
14013 11369 15510 22358 24503 33349 33010 44337 33013
55323 27510 66311 26519 77292 29015 88281 29013 99263
25512 11249 21517 22240 21024 33230 25018 44216 25015
55203 27025 66194 26522 77190 25521 88185 24029 99159
25542 11114 25567 22059 24557=
