sing20181108.12
TTAA 58121 48698
99005 27637 06504 00065 26637 04505 92754 23639 29510
85488 19650 33509 70135 09632 13504 50587 03935 18004
40760 13541 22504 30972 29342 17507 25100 38939 05508
20249 51737 12017 15429 68343 10530 10661 86150 08536
88999
77999=
TTCC 58127 48698
70861 75362 07517 50058 ///// /////
88956 87350 09043
77999=
TTDD 5812/ 48698
11956 87350 22943 87350 33899 87356 44875 84158 55865
79159 66821 76561 77728 79159 88709 75362 99666 74364
11618 74364
21212 11911 08547 22858 09514 33841 13005 44785 20002
55743 12010 66709 08017 77673 08520 88651 05524 99618
06033=
