sing20181108.00
TTAA 58001 48698
99006 25202 36002 00078 25017 30505 92764 23241 25512
85498 19037 25516 70143 09429 21007 50587 04529 23008
40760 13946 12006 30972 29528 01505 25099 39958 13504
20247 53158 13014 15426 67963 09526 10658 85941 09531
88999
77999=
TTCC 58001 48698
70859 73166 05022 50058 68173 10543 30379 51983 26021
20640 48786 29534 10102 45589 28533
88927 87750 10544 88260 55981 28520
77999=
TTDD 5800/ 48698
11927 87750 22907 86357 33894 79960 44868 77760 55758
80757 66718 77961 77684 71170 88648 69371 99567 72168
11444 65776 22413 57382 33378 52983 44338 57580 55308
51184 66260 55981 77228 54783 88206 49386 99171 45788
11125 44389 22091 46788 33079 39991 44075 40791
21212 11916 10546 22868 08017 33853 06010 44841 03510
55815 02516 66770 03006 77721 05522 88685 03524 99621
11029 11596 12028 22531 09540 33496 11044 44459 08544
55429 10050 66404 09521 77385 14010 88363 18006 99338
15510 11329 16515 22321 20519 33313 20514 44302 25518
55281 27527 66274 28526 77260 28520 88235 26018 99215
27017 11198 29535 22176 28020 33134 29024 44124 27521
55113 29531 66099 28033 77075 30543=
