sing20181120.00
TTAA 70001 48698
99010 24800 00502 00114 25434 35001 92798 22047 31011
85529 17837 30017 70167 09229 30015 50588 05903 07014
40760 15347 07512 30972 30158 08510 25098 40358 07016
20246 52957 10021 15425 68741 09043 10659 83337 09020
88999
77999=
TTCC 70001 48698
70861 72565 25511 50057 71970 09550 30376 53981 28035
20639 49984 28531 10098 44189 26545
88883 87139 10525 88564 76563 05519
77999=
TTDD 7000/ 48698
11883 87139 22862 86756 33797 72966 44779 72568 55661
71167 66564 76563 77450 69373 88431 59981 99413 57580
11374 59179 22326 52383 33286 55181 44234 49585 55212
51583 66107 43589 77097 44189 88084 39392 99067 42190
11043 30995
21212 11923 11524 22851 10530 33800 07015 44780 08010
55765 36001 66705 26010 77700 25511 88694 25010 99666
12501 11618 04010 22571 04520 33557 07019 44551 08522
55503 09050 66453 10553 77426 11014 88395 12504 99360
14003 11343 18510 22332 25515 33320 28024 44278 27538
55226 28025 66205 28527 77161 26035 88110 25543 99105
26048 11076 28535 22061 27039 33058 28024 44054 26025
55053 24521 66052 23021 77050 25529 88047 24523 99046
26030 11043 25028=
