sing20181107.12
TTAA 57121 48698
99005 29644 07503 00068 28849 08005 92758 23016 33507
85492 18008 30009 70139 11056 20007 50587 04122 18009
40759 14530 32502 30972 28336 12510 25100 39134 07015
20248 52124 08021 15428 68350 05517 10660 86132 09543
88999
77999=
TTCC 57121 48698
70859 80557 11021 50057 67773 08047 30378 54382 28006
20641 50984 24524 10109 38392 28536
88938 88140 09546 88323 59178 33506
77999=
TTDD 5712/ 48698
11938 88140 22863 79158 33713 80957 44679 80358 55592
69572 66565 70570 77468 66175 88382 53582 99323 59178
11291 51583 22268 52782 33236 49384 44196 51184 55139
43788 66120 35993 77066 41391
21212 11916 10049 22861 10014 33848 08511 44822 02510
55777 11007 66762 13010 77726 13019 88654 07521 99640
05021 11618 06022 22603 08527 33568 09035 44514 07547
55456 09557 66426 09053 77407 09527 88403 10023 99390
13018 11376 13510 22366 06502 33354 35510 44346 34014
55307 36002 66297 28010 77274 27532 88249 27013 99215
23528 11203 24025 22187 27023 33166 29519 44161 28517
55150 28020 66139 29520 77128 27025 88096 28537 99085
29033 11072 26029 22066 27026=
