sing20181105.00
TTAA 55001 48698
99007 26610 03501 00089 25613 34003 92775 22428 04504
85508 18234 08504 70147 09014 07515 50587 04318 09014
40760 14317 09517 30972 29526 08511 25099 39933 07514
20247 52539 04019 15427 67945 07028 10659 87340 08535
88999
77999=
TTCC 55001 48698
70858 77959 08530 50056 65174 08553 30379 51981 27044
20642 49383 28542 10102 41987 26541
88960 88744 09040 88288 53380 27549
77999=
TTDD 5500/ 48698
11960 88744 22905 79957 33785 82950 44757 78958 55705
77759 66683 78159 77634 71767 88622 71968 99539 71169
11500 65174 22460 63774 33449 64374 44404 56179 55385
57178 66333 49783 77288 53380 88266 53980 99228 48983
11216 50782 22143 48183 33133 44785 44103 43186 55093
38789 66088 39788 77078 39788 88066 33992 99059 35391
11051 28595 22047 27996
21212 11962 09040 22905 09514 33866 06507 44770 06530
55768 07030 66732 09534 77703 08530 88641 12537 99559
09049 11510 08553 22468 08049 33431 10043 44374 05536
55357 05523 66348 04510 77342 32002 88337 26510 99287
27549 11264 25530 22235 27033 33221 25539 44210 27030
55193 29045 66162 27534 77146 25040 88128 26031 99090
27037 11079 25541 22070 27035 33065 30045 44047 29035=
