sing20181128.12
TTAA 78121 48698
99007 29856 06504 00090 28856 02510 92777 22415 03007
85511 19035 01005 70157 10242 00000 50589 04319 33505
40762 14761 08006 30973 29163 09511 25100 39964 09512
20249 52762 10030 15428 66550 00507 10663 83348 28502
88999
77999=
TTCC 78121 48698
70858 76162 05521 50051 74167 07551 30372 59179 27525
20634 50783 27051 10093 41989 27543
88788 89325 12535 88302 59578 27023
77480 09069 44849=
TTDD 7812/ 48698
11788 89325 22753 87143 33697 75962 44570 79360 55513
76964 66482 71175 77477 63782 88426 59779 99395 53981
11302 59578 22285 58180 33253 48985 44170 51783 55087
39990
21212 11933 12512 22910 10518 33771 12540 44724 09036
55712 08525 66706 07021 77694 04523 88682 04022 99648
08026 11603 09017 22580 09021 33553 05529 44522 08034
55502 07551 66480 09069 77458 09542 88437 11540 99420
10536 11403 12012 22394 18506 33387 24510 44371 27520
55339 26542 66305 27022 77295 27531 88283 26526 99272
23537 11246 23540 22229 26542 33195 27052 44136 28551
55108 27032 66087 27044=
