USSR01 WSSS 061200
TTAA  56111 48698
99003 30857 21003 00057 30456 10002 92747 24230 16510
85486 19219 21508 70134 10829 32508 50587 03338 10510
40761 12359 19504 30975 27570 06508 25103 38172 09008
20252 50150 03008 15433 66538 35004 10666 86947 05518
88999
77999
31313 73508 81045=



UKSR01 WSSS 061200
TTBB  56118 48698
00003 30857 11949 25621 22803 15218 33796 16430 44766 15649
55674 08414 66582 03060 77562 01659 88551 00648 99548 00458
11539 00330 22480 04932 33471 05157 44457 06550 55450 07347
66442 07760 77397 12758 88371 15759 99356 17570 11251 38172
22217 45971 33207 48570 44203 49758 55197 50944 66152 65737
77141 69556 88100 86947
21212 00003 21003 11988 15004 22913 17008 33900 19508 44815
22510 55782 26014 66715 26508 77692 34508 88680 01004 99676
35004 11661 03504 22627 04012 33576 10010 44445 10002 55431
17004 66404 18504 77377 27004 88361 29004 99352 32002 11346
35002 22342 02502 33340 07002 44321 05006 55292 07506 66285
06508 77240 09508 88220 05010 99208 05010 11197 02006 22184
29506 33170 34008 44161 30506 55157 30506 66147 01504 77138
35006 88126 02514 99100 05518
31313 73508 81045
41414 21438=



ULSR01 WSSS 061200
TTCC  56111 48698
70865 78158 24512 50060 69366 08537 30374 56784 08551
20636 46387 05512 10105 36990 30514
88977 87546 06521
77248 07560 41144
31313 73508 81045=



UESR01 WSSS 061200
TTDD  5611/ 48698
11977 87546 22906 84956 33858 85946 44842 83357 55748 76959
66646 78958 77611 78559 88576 73962 99507 71364 11485 67568
22448 69368 33432 65572 44403 65172 55369 60177 66273 52986
77244 53985 88225 53385 99201 46987 11171 43588 22116 41189
33103 37990 44085 36190 55079 38389 66068 36796
21212 11896 08043 22826 07543 33770 08519 44759 10012 55735
18508 66695 25014 77652 27514 88609 35016 99550 06019 11426
11045 22393 09051 33364 10053 44248 07560 55205 07514 66185
02016 77181 04014 88174 10510 99170 18510 11157 18518 22148
24027 33133 29025 44122 27519 55118 29527 66107 02012 77101
31014 88094 28516 99082 28035 11068 27537
31313 73508 81045=
