USSR01 WSSS 121200
TTAA  62111 48698
99005 31660 30505 00077 31260 29008 92770 24850 30512
85510 19219 30016 70159 11450 27510 50589 04323 18010
40762 14723 10516 30974 28166 10018 25102 37542 07533
20252 50146 05521 15433 66560 07525 10666 83342 10029
88104 84328 08527
77999
31313 73508 81056=



UKSR01 WSSS 121200
TTBB  62118 48698
00005 31660 11939 25650 22885 22457 33842 18409 44711 12456
55662 07821 66529 01543 77514 03321 88479 06147 99445 09750
11414 14504 22406 13936 33368 17757 44308 26965 55294 29167
66282 31766 77277 32767 88274 33167 99271 33558 11269 33750
22253 36944 33247 38356 44246 38558 55244 38956 66243 39145
77240 39957 88237 40563 99235 41165 11232 41959 22224 43956
33178 56948 44160 63160 55127 75135 66104 84328 77100 83342
21212 00005 30505 11989 29010 22937 30510 33757 29014 44720
30512 55694 27010 66646 32012 77627 32006 88603 23504 99593
26502 11585 26502 22583 28002 33573 26004 44566 29504 55552
30504 66545 27004 77533 17004 88515 19508 99447 14006 11437
15010 22397 10516 33376 12014 44337 09019 55308 10516 66266
07533 77217 08029 88193 05023 99160 07527 11106 08027 22100
10029
31313 73508 81056
41414 39432=



ULSR01 WSSS 121200
TTCC  62111 48698
70866 79158 07008 50065 68369 07531 30378 59382 10554
20639 40789 04019 10109 39989 28019
88111 44988 25033
77999
31313 73508 81056=



UESR01 WSSS 121200
TTDD  6211/ 48698
11915 81556 22872 83346 33835 83750 44799 79758 55752 77159
66703 79158 77648 73962 88637 70365 99597 68365 11557 70565
22482 65971 33336 64976 44323 61580 55281 59384 66259 53785
77225 52186 88210 48187 99204 43188 11203 41589 22187 42588
33183 42988 44180 40389 55136 39789 66111 44988 77104 41389
88097 41189 99094 41389 11092 41589 22090 40389 33089 36990
44083 36790
21212 11940 09527 22883 06518 33825 06512 44801 05521 55722
11002 66709 08004 77690 06510 88657 08510 99611 07514 11570
09519 22495 07533 33467 09535 44350 07547 55320 10051 66273
11058 77254 10053 88221 12035 99215 11027 11190 00512 22182
00510 33177 30010 44170 25516 55161 25529 66144 28039 77117
25547 88107 25533 99099 28518 11092 35012 22088 32527 33083
33523
31313 73508 81056=
