sing20171124.00
TTAA 74001 48698
99007 25214 31002 00086 24620 31010 92768 20600 35519
85498 17823 31010 70138 09206 01006 50586 04127 12507
40759 14730 12015 30971 28942 08511 25099 39356 07517
20247 52750 10020 15426 68756 10530 10657 87133 08553
88999
77999=
TTCC 74001 48698
70859 74963 29013 50058 67173 22021 30368 56980 07560
20627 52982 09570 10091 38391 05520
88979 87933 08553
77203 09571 40609=
TTDD 7400/ 48698
11979 87933 22900 86147 33833 74364 44807 72967 55739
76362 66500 67173 77419 70770 88355 65576 99307 56781
11247 53382 22233 53981 33191 53982 44159 45786 55112
38591 66102 38392 77086 39191 88063 35793
21212 11969 09054 22923 11550 33889 11043 44863 10524
55849 08510 66838 36002 77825 29010 88779 27527 99747
27026 11703 29013 22614 26535 33576 27526 44526 23523
55486 21521 66466 20510 77450 00000 88438 03010 99424
03017 11388 11023 22377 10529 33368 09026 44328 09059
55317 09562 66302 07560 77292 08564 88284 09061 99203
09571 11120 09569 22111 07053 33103 07032 44095 04012
55092 00509 66090 33512 77082 30018 88077 29024 99069
28555 11063 27037=
