sing20171112.00
TTAA 62001 48698
99007 26209 26001 00086 26632 24503 92774 21810 25515
85505 17212 25017 70145 09625 19513 50587 05114 11017
40759 14956 09019 30971 30309 10018 25098 39958 13019
20246 52956 11024 15425 69113 11038 10657 85350 08035
88999
77999=
TTCC 62001 48698
70862 74164 25513 50059 72369 23023 30369 60178 08057
20630 47984 09059 10088 46785 09063
88980 85956 08532
77115 10068 41010=
TTDD 6200/ 48698
11980 85956 22957 78960 33754 73364 44706 74564 55690
71966 66540 73367 77465 71570 88420 64976 99389 67773
11328 59579 22302 60178 33280 55980 44228 53581 55200
47984 66160 50183 77123 45385 88101 46985 99084 30794
11081 29195 22068 34992 33060 23997
21212 11970 09027 22950 11514 33930 18008 44919 22010
55884 25023 66823 27014 77807 23509 88802 23010 99729
27519 11686 25510 22655 23522 33604 25034 44552 26026
55457 20029 66434 13523 77426 10019 88423 08519 99401
03523 11393 03025 22382 06027 33358 09531 44325 08559
55291 09060 66214 09053 77154 08055 88115 10068 99096
09061 11091 07539 22085 09014 33084 10010 44082 15506
55081 21510 66076 24510 77073 30010 88072 31511 99071
31010 11069 25004 22068 19010 33066 19518 44065 24517
55063 25530 66060 25525=
