sing20171111.00
TTAA 61001 48698
99007 25814 19001 00084 25221 26001 92771 22633 23509
85503 18013 22505 70147 10037 16506 50587 04325 13516
40760 15129 13508 30972 29557 11514 25099 40556 06014
20247 53356 09020 15426 68742 09047 10658 85341 07038
88999
77999=
TTCC 61001 48698
70862 72566 27521 50061 72568 28531 30371 59979 09565
20629 51984 08569 10090 39592 09065
88931 87550 08031 88474 74567 28520
77185 09076 42008=
TTDD 6100/ 48698
11931 87550 22913 80358 33813 73963 44720 72166 55616
71368 66570 67772 77474 74567 88441 66575 99416 69172
11401 65576 22378 65376 33363 66175 44317 58380 55302
60179 66151 45787 77127 44988 88079 33594 99074 28595
11068 31994 22058 27396 33056 27796
21212 11970 07038 22939 07536 33902 10510 44885 18502
55872 27510 66846 29523 77762 31011 88753 29508 99745
27011 11695 27521 22665 25521 33590 27020 44540 27038
55473 28520 66465 27511 77455 21506 88449 16510 99422
18025 11398 10021 22349 08545 33330 10049 44306 10063
55293 09067 66278 08063 77263 09058 88218 07564 99185
09076 11152 10072 22110 09575 33101 09069 44086 11032
55084 10022 66080 03510 77078 34006 88077 29010 99072
31030 11068 33028 22066 33028 33063 28020 44057 25545
55056 25541=
