sing20171114.00
TTAA 64001 48698
99008 24200 27004 00095 23410 27511 92776 20413 29012
85506 17824 31514 70146 09226 28502 50586 04503 06507
40759 14508 10024 30971 29357 07521 25099 39539 06518
20247 52933 07012 15426 68527 08034 10658 81950 34004
88112 82348 08544
77999=
TTCC 64001 48698
70865 72163 28025 50061 72767 27024 30372 57179 09555
20630 54181 09074 10094 32794 08046
88666 74762 28518
77186 09079 41504=
TTDD 6400/ 48698
11910 80759 22857 74963 33737 69967 44666 74762 55588
75162 66525 70969 77463 71967 88426 64376 99396 63175
11353 65374 22295 55979 33271 57777 44244 54781 55209
56180 66130 43388 77119 37392 88107 36393 99101 32594
11093 34193
21212 11979 30515 22949 29020 33911 25017 44859 32502
55806 24015 66748 25527 77663 28517 88642 25525 99618
25028 11583 26021 22557 29016 33536 26520 44499 27024
55483 30021 66464 30522 77450 34521 88432 09013 99428
11515 11418 14020 22384 11042 33354 07538 44302 09553
55272 08561 66186 09079 77132 10074 88107 08075 99102
08048 11093 08541=
