sing20171113.00
TTAA 63001 48698
99006 25810 16001 00078 25621 15004 92764 23657 30508
85500 20056 25514 70149 10047 26010 50587 06100 29501
40758 15515 15006 30970 30332 11517 25096 40342 09520
20244 53140 09530 15423 68358 10533 10657 77562 30502
88110 80158 08551
77999=
TTCC 63001 48698
70862 74164 24520 50060 70171 27521 30370 61978 08550
20627 52184 09570 10087 40591 10067
88999
77169 09581 41109=
TTDD 6300/ 48698
11903 76562 22822 79359 33679 72166 44601 73766 55422
68973 66397 63777 77367 65775 88325 60778 99301 61977
11289 57381 22259 57780 33221 55781 44177 48185 55149
49784 66088 37992 77082 38792 88071 26796 99060 29195
11058 25596 22053 24597 33050 24797
21212 11978 25011 22918 24028 33899 24530 44855 26522
55826 29517 66805 27518 77773 27517 88749 30012 99737
27509 11730 26011 22710 24017 33656 27531 44606 26525
55492 27021 66470 27510 77461 30504 88444 35510 99427
34523 11419 00521 22404 07527 33385 11029 44373 11529
55350 08538 66325 07543 77278 10059 88264 09054 99169
09581 11127 08065 22102 10071 33086 07525 44082 09017
55080 13007 66077 16510 77074 17510 88067 34001 99064
27514 11060 29028 22058 26525 33052 25552 44050 25043=
