sing20201011.12
TTAA 61121 48698
99004 28856 28005 00061 28256 21005 92749 23857 22017
85484 19658 24516 70132 10034 26516 50586 04508 26014
40758 15106 11010 30970 28937 11030 25098 39157 09532
20247 52157 08036 15426 67945 06550 10658 85926 08559
88999
77999=
TTCC 61121 48698
70864 72167 21503 50066 67573 25030 30383 57580 26038
20642 51584 27024 10105 38392 08042
88927 88149 08063
77924 08064 40380=
TTDD 6112/ 48698
11955 86922 22927 88149 33915 85159 44904 78160 55878
72364 66819 69570 77706 72766 88622 69970 99570 64576
11487 67573 22410 58780 33368 61378 44286 56581 55257
58980 66242 55982 77238 52184 88218 51584 99207 52183
11146 45587 22136 46587 33121 39991 44108 40391 55092
35593 66064 38992 77052 33194 88045 33794
21212 11924 08064 22882 09525 33863 11010 44849 19001
55835 27010 66798 29019 77738 29010 88627 00000 99617
34010 11590 31018 22574 27519 33537 26535 44473 24031
55435 28023 66428 29027 77397 31543 88338 28531 99333
28028 11317 25534 22284 26545 33266 26538 44252 25025
55234 22534 66205 25524 77193 29025 88158 27511 99148
31018 11134 04021 22131 05520 33122 08546 44115 09038
55108 08554 66105 07549 77097 08045 88090 09021 99085
11012 11080 10014 22076 06511 33071 12010 44067 19503
55051 04510 66049 06012 77048 04510 88047 08010 99046
09011 11045 06513=
