sing20201015.00
TTAA 65001 48698
99007 28049 29004 00083 27256 23505 92773 23029 20017
85506 18223 22018 70150 11259 27009 50587 05902 26517
40758 15923 10007 30970 29926 07037 25097 40356 07040
20245 53147 06551 15423 68740 08059 10655 85736 07568
88101 85935 07568
77116 08070 409//=
TTCC 65001 48698
70864 70568 27512 50067 63974 24026 30381 56979 28521
20642 48784 25024 10101 39590 07038
88752 73963 26508
77999=
TTDD 6500/ 48698
11967 84156 22945 74161 33925 70166 44870 68568 55752
73963 66716 73764 77690 68370 88632 67970 99630 67971
11480 62975 22354 62176 33334 62975 44301 56979 55263
56779 66251 53581 77181 46785 88129 51183 99109 39990
11102 38791 22088 42788 33068 35793
21212 11969 08065 22931 10032 33884 12512 44880 12010
55853 35501 66826 26510 77705 26010 88687 29514 99655
28023 11596 27522 22578 29517 33570 28515 44556 26519
55529 25533 66503 24026 77479 24022 88456 28520 99425
29515 11409 28512 22398 27015 33357 31520 44338 31020
55326 28519 66283 29019 77275 28514 88268 27010 99261
19503 11252 17010 22248 20015 33236 22029 44208 25523
55188 25021 66179 27520 77169 34512 88166 35010 99155
07006 11151 11512 22144 11017 33137 14519 44129 12519
55120 13039 66115 10542 77110 10056 88100 07037 99085
10523 11080 10022 22077 07515 33074 08016 44072 06010
55068 12004=
