sing20201028.12
TTAA 78121 48698
99006 28226 31504 00076 27833 10001 92764 23256 23506
85498 18832 26010 70147 10457 24516 50586 04359 28024
40759 14540 18507 30970 30157 11024 25097 40532 08531
20244 53338 06030 15423 68347 05559 10659 75562 12015
88113 78156 07069
77128 07076 42538=
TTCC 78122 48698
70863 73365 21006 50065 65374 26046 30382 55180 29536
20640 54781 27031
88883 79759 24036
77999=
TTDD 7812/ 48698
11883 79759 22812 80757 33782 76760 44680 72367 55651
73566 66572 64975 77519 64175 88482 66773 99426 62977
11376 64576 22338 55381 33316 54581 44220 56380 55189
54581 66167 47985 77146 45586 88137 46985 99130 42788
11115 46386 22113 43388
21212 11975 17010 22967 18511 33913 23524 44879 24037
55811 23524 66780 20020 77754 20511 88718 22004 99656
32510 11632 32512 22619 30518 33604 26516 44550 26525
55531 27036 66502 26546 77466 25033 88425 27031 99380
27026 11353 30028 22280 30038 33236 27038 44222 27541
55186 28029 66173 25523 77170 24521 88168 23023 99157
22027 11150 23510 22148 29504 33139 07510 44134 12515
55116 10028 66111 08036 77103 09042=
