sing20141213.12
TTAA  63121 48698
99007 25611 25002 00074 26431 31501 92762 22618 04015
85495 19025 00508 70143 11442 32011 50587 04148 13009
40760 14159 09517 30972 28963 11026 25099 39762 10028
20248 52356 12033 15427 67347 13051 10661 83756 07525
88999
77116 10561 42743=
TTCC  63122 48698
70862 73956 23011 50057 69377 04536 30365 63779 08561
20622 49583 08570
88915 86357 07533
88574 79375 22510
77218 09075 41711=
TTDD  6312/ 48698
11983 84157 22952 85156 33915 86357 44880 85543 55855
82356 66829 79558 77818 79358 88780 78156 99683 73556
11650 75361 22631 76376 33574 79375 44545 73177 55495
69177 66421 67978 77379 66778 88346 65378 99299 63779
11262 58780 22259 58380 33199 49583 44169 43184 55154
39385 66130 43384 77118 38186 88106 37986
21212 11966 07024 22900 08035 33868 09531 44820 15031
55772 15020 66754 17009 77720 29009 88704 23009 99674
23020 11619 20021 22597 21522 33549 35003 44540 36011
55531 00518 66523 01534 77514 01538 88475 08041 99416
10051 11368 08553 22338 10554 33320 10564 44298 08061
55233 09572 66218 09075 77189 09572 88180 11063 99174
10567 11155 06531 22142 03010 33140 35508 44135 33511
55132 00512 66126 11505 77123 19503 88121 28011 99106
27055=
