sing20181225.12
TTAA 75121 48698
99006 30056 31503 00079 29256 30503 92769 23641 29014
85503 18232 29022 70142 08617 28521 50586 04956 33008
40759 14746 07007 30970 30557 09513 25097 40161 10528
20245 53348 09547 15423 68925 09564 10661 80757 24518
88999
77145 09576 41866=
TTCC 75121 48698
70859 81561 02513 50053 70373 10035 30369 56984 27027
20628 53186 26033 10079 48189 26546
88840 85556 02008
77999=
TTDD 7512/ 48698
11840 85556 22581 76165 33543 76765 44492 68575 55457
67575 66443 68176 77434 63780 88401 58983 99368 61381
11332 55585 22286 57982 33272 54785 44250 56584 55237
52987 66185 53586 77102 47989 88085 48588 99061 40791
11049 45589 22044 43790
21212 11936 24010 22873 29503 33835 02010 44806 01518
55765 10511 66759 11010 77727 10001 88705 03010 99679
02018 11651 01013 22643 03010 33632 07014 44593 07522
55576 05020 66552 07530 77532 08539 88490 10536 99448
08029 11435 10010 22418 20502 33411 25010 44396 25525
55365 25017 66351 26517 77346 25013 88342 24015 99317
28036 11300 27027 22281 26538 33269 27545 44258 28542
55211 27536 66203 25533 77190 26531 88163 27043 99149
26548 11124 26045 22111 27544 33098 26546 44084 25532
55075 28016 66073 29526 77066 31029 88061 31010 99059
02501 11053 01510 22051 01010 33045 29510 44044 31511=
