sing20181203.00
TTAA 53001 48698
99007 25807 27502 00088 25217 30006 92773 22629 02509
85506 18426 04504 70149 09821 06013 50587 04746 07020
40760 14539 09017 30972 29556 11516 25099 39758 11016
20248 52757 11022 15428 65166 07513 10663 82157 05019
88999
77999=
TTCC 53001 48698
70858 77761 09035 50052 74767 09553 30370 56179 27038
20632 51382 26042 10091 48384 28539
88773 91540 09028 88102 48184 28042
77473 09562 44243=
TTDD 5300/ 48698
11802 90330 22773 91540 33754 90756 44701 77761 55674
74766 66549 77762 77501 74967 88456 65776 99405 59378
11353 57979 22330 52981 33300 56179 44254 55380 55241
51383 66220 50583 77190 51182 88169 45586 99151 44386
11102 48184 22077 46985 33061 39990
21212 11930 02520 22791 09022 33729 10538 44677 08024
55621 13013 66608 13014 77582 10018 88568 10018 99543
11531 11514 10052 22473 09562 33422 09029 44409 07521
55399 07521 66385 04520 77372 05020 88351 01014 99344
35515 11334 29015 22325 27522 33299 27038 44279 27536
55258 25526 66253 24527 77215 24545 88191 27540 99177
27532 11162 26023 22151 24526 33132 26031 44124 29040
55069 28555 66061 27546=
