sing20181223.00
TTAA 73001 48698
99009 26221 31502 00101 25625 30005 92785 21850 36015
85516 17012 29512 70154 09660 28015 50587 07306 23512
40759 14957 10506 30970 30358 18008 25097 40759 13021
20245 53561 11040 15423 68958 11055 10658 79161 31514
88999
77128 09576 42965=
TTCC 73001 48698
70858 79361 23514 50053 70971 09036 30373 52587 30040
20632 55586 28543 10082 47989 28540
88799 83759 30028
77999=
TTDD 7300/ 48698
11799 83759 22485 71771 33469 69375 44439 58385 55381
55985 66348 58983 77307 52387 88188 56185 99167 52387
11135 53587 22126 49988 33100 47989 44090 50988 55072
49588 66060 42391 77053 41191 88047 43990 99044 41791
21212 11973 29022 22922 29534 33816 29527 44794 30528
55736 34013 66730 33510 77721 29506 88709 24510 99684
23017 11669 23010 22657 15003 33642 08010 44569 12531
55550 10034 66514 08536 77488 09039 88469 09034 99454
05523 11430 06510 22396 29001 33384 26510 44374 27517
55356 26020 66329 25524 77300 30040 88240 27530 99216
27546 11193 29042 22176 28039 33168 30052 44167 28042
55133 26048 66119 26037 77108 28537 88072 27024 99069
28030 11067 28528 22062 27515 33058 29520 44056 28524
55052 24525 66049 25028 77047 24513 88045 29025 99044
28526=
