sing20181212.12
TTAA 62121 48698
99007 27842 08002 00088 27245 04004 92774 22634 01006
85508 18218 33003 70154 10436 03503 50588 05700 07010
40760 14131 08506 30972 28559 08509 25100 38944 09510
20249 51341 12519 15429 67542 10514 10661 87138 10036
88999
77999=
TTCC 62127 48698
70857 69973 08534
88835 91533 09551
77789 10067 42542=
TTDD 6212/ 48698
11835 91533 22767 86359 33751 77563 44715 71172 55677
69771 66500 68172
21212 11848 09048 22789 10067 33679 07523 44641 08020
55596 10538 66566 11036 77501 08546 88500 08546=
