sing20181206.00
TTAA 56001 48698
99006 26005 32002 00078 25614 30502 92764 22020 03009
85496 17610 33503 70135 09625 08012 50586 04560 09515
40758 13758 09013 30971 28763 13512 25098 38967 12013
20247 51960 11517 15426 67939 10522 10659 85940 09518
88999
77999=
TTCC 56001 48698
70854 78362 09530 50051 71170 09035 30367 54782 20519
20630 51184 27532 10084 42989 27045
88880 90939 09024 88232 52983 26542
77999=
TTDD 5600/ 48698
11880 90939 22827 91150 33791 83159 44753 78961 55726
80161 66633 72967 77550 69971 88499 71170 99483 66575
11447 66175 22407 61178 33368 63177 44254 48785 55232
52983 66185 52384 77163 48185 88128 50184 99109 49385
11099 42989 22084 48185 33075 44788 44069 37592 55052
31594 66046 36593 77039 26796
21212 11915 07021 22838 09525 33786 08043 44744 06536
55698 09529 66676 09024 77660 08526 88615 12023 99585
07522 11542 10029 22497 09035 33473 05032 44460 05532
55435 05513 66428 34505 77420 28510 88399 27525 99359
27519 11336 24514 22322 22020 33301 20019 44292 24021
55274 27525 66235 26544 77210 26038 88193 29032 99172
27524 11154 26033 22117 28544 33088 25552 44071 25538
55064 25047 66060 25032 77058 25545 88055 25535 99052
22529 11049 22523 22048 24025 33045 22514 44045 21511
55044 18008 66044 13511 77042 10527 88041 12025 99040
11513 11039 21005=
