sing20181226.00
TTAA 76001 48698
99008 25825 33003 00095 25229 31507 92780 21616 29019
85511 17210 28519 70149 09850 26017 50587 05934 32007
40758 16122 02511 30969 30356 10012 25096 40958 11525
20243 54157 10539 15422 67761 09573 10660 79759 36016
88999
77148 09576 42757=
TTCC 76001 48698
70858 81960 05521 50050 66980 09532 30372 59983 27539
20627 56586 26029 10075 50988 28542
88830 86156 03008 88305 59783 28043
77999=
TTDD 7600/ 48698
11830 86156 22737 81761 33674 83160 44632 79162 55599
81360 66537 77565 77521 70772 88484 65779 99461 57186
11438 55186 22344 55386 33305 59783 44284 57186 55246
60583 66199 56586 77175 49188 88123 54986 99082 47989
11075 49988 22055 46989 33053 47989 44050 44390
21212 11952 33012 22916 36010 33841 06505 44800 02520
55772 04027 66756 05022 77732 02513 88727 02013 99679
07026 11668 07520 22652 05016 33632 09515 44604 11026
55570 07024 66530 08037 77508 10034 88483 09029 99471
10017 11467 11510 22453 22507 33446 26510 44435 30013
55419 27015 66408 28015 77396 25519 88375 26030 99362
24528 11346 27036 22330 28046 33192 25027 44174 27534
55112 27542 66105 28547 77091 28536 88082 29048 99077
30034 11070 29551 22050 28018=
