sing20181217.12
TTAA 67121 48698
99008 29257 20004 00097 28257 13506 92785 23057 13008
85517 18015 19002 70165 11256 18518 50589 04722 12016
40761 14156 12516 30973 29958 09522 25100 40156 08530
20249 52750 10529 15428 68150 07543 10661 83158 08062
88999
77999=
TTCC 67121 48698
70864 76762 27518 50057 73367 09036 30375 58377 26538
20635 54180 28049 10089 45186 26037
88928 84760 09063 88300 58377 26539
77937 08566 40189=
TTDD 6712/ 48698
11928 84760 22902 77563 33883 75763 44753 79761 55702
76762 66643 78561 77550 74165 88509 75565 99445 70371
11425 66175 22405 53781 33300 58377 44259 57378 55244
51181 66197 54380 77185 50183 88135 47384 99113 49383
11082 42987 22074 42587 33073 42587 44072 43587 55070
40389 66063 40788
21212 11937 08566 22863 11011 33849 17503 44826 25010
55798 27018 66751 26536 77689 28016 88650 34011 99634
32510 11628 33508 22602 04511 33566 07020 44548 10525
55513 10541 66494 08533 77455 09028 88428 13011 99413
12524 11406 13514 22401 20006 33396 24011 44387 26521
55361 27045 66306 26042 77281 28538 88254 28529 99232
27053 11206 28555 22179 26048 33168 27038 44158 28048
55137 27558 66098 26037 77086 23015 88082 28036 99082
27525 11080 28528 22076 27023 33073 23515 44072 20011
55072 19012 66070 21515 77067 19016 88063 24520=
