sing20181228.00
TTAA 78001 48698
99008 27431 30502 00093 26638 28506 92780 23056 28517
85512 17820 27513 70150 08415 27018 50587 05156 23010
40759 15744 23007 30969 31737 14513 25096 41540 08520
20243 53940 10049 15422 67358 10579 10657 82356 17512
88999
77140 09588 42247=
TTCC 78001 48698
70855 84158 07014 50052 61376 07013 30369 60977 26541
20623 54980 26543 10067 51782 28565
88842 86956 17519
77099 28565 41927=
TTDD 7800/ 48698
11939 85143 22842 86956 33815 83357 44770 84558 55663
82759 66626 77162 77608 78362 88583 76364 99548 62179
11513 60577 22454 65574 33415 58778 44234 62776 55223
57380 66196 54380 77195 54380 88179 55979 99170 52782
11146 52781 22125 55779 33085 47584 44063 48383 55056
41987 66050 44385 77046 40588
21212 11943 21010 22918 21507 33900 18011 44857 19021
55815 14023 66786 12527 77770 11523 88750 08512 99743
07010 11732 04512 22719 04014 33682 11012 44670 11013
55630 05526 66613 05025 77578 08034 88529 10528 99501
07013 11478 05517 22459 07018 33451 09012 44441 16504
55432 20010 66422 23020 77402 24037 88371 26041 99311
25539 11276 27544 22219 28036 33209 26039 44167 27059
55129 26057 66114 27547 77099 28565 88088 28558 99084
26538 11080 28054 22070 26541 33064 23028 44061 23018
55060 25027 66057 22017 77055 24527 88054 25034 99051
20018 11050 18518 22046 20025=
