sing20181205.00
TTAA 55001 48698
99007 27012 35502 00083 26218 35504 92769 22014 05004
85503 19036 12001 70147 09831 03507 50587 05123 10516
40760 14349 11015 30972 28960 10519 25099 39164 09517
20248 51962 10020 15427 67356 10032 10660 85746 06517
88999
77999=
TTCC 55001 48698
70854 79161 09535 50050 65977 09548 30370 59979 29525
20634 48386 25047 10088 46187 27040
88791 92750 12530 88305 61178 29531
77999=
TTDD 5500/ 48698
11850 90538 22791 92750 33729 78761 44661 80959 55614
78762 66592 72169 77567 73967 88522 70371 99477 57781
11439 61377 22386 56581 33305 61178 44290 55782 55250
49185 66207 47786 77158 50784 88062 41991 99052 38592
11050 34793
21212 11861 10027 22814 13031 33788 12030 44754 09546
55639 07524 66619 08029 77592 11040 88519 09050 99496
09046 11474 07025 22441 08027 33430 10015 44427 10510
55422 17505 66415 24010 77378 27052 88326 28522 99308
29032 11293 29019 22290 28016 33279 24520 44267 24024
55247 27521 66196 25048 77128 26526 88119 25029 99079
29052 11065 27043 22062 25545 33053 26543 44047 22036=
