sing20181202.00
TTAA 52001 48698
99008 25806 33002 00090 25016 31010 92775 22231 02515
85508 18439 33503 70148 09225 05505 50587 05507 06507
40759 14530 10009 30971 29558 10009 25098 39958 05518
20246 52763 05020 15425 68535 08024 10660 83157 10021
88999
77999=
TTCC 52001 48698
70859 74964 10024 50053 74567 09046 30370 53982 28528
20631 49385 24035 10090 44789 27043
88875 87156 04517
77472 09559 44266=
TTDD 5200/ 48698
11875 87156 22833 83358 33800 85158 44767 78161 55640
74964 66548 77962 77479 71971 88440 60981 99415 58380
11368 61178 22351 58180 33326 59379 44296 53982 55265
56181 66226 54382 77208 48386 88166 47786 99091 43390
11079 44589 22052 38192 33050 39192
21212 11939 04515 22888 04018 33807 07028 44756 13032
55730 13527 66704 10023 77642 08020 88594 08513 99565
06020 11538 09534 22472 09559 33461 08554 44445 09534
55428 13515 66419 17509 77416 18510 88401 21513 99384
19011 11372 21013 22366 19010 33351 23001 44325 30010
55271 27046 66230 28532 77218 27020 88202 24035 99163
27033 11139 26025 22126 25037 33082 28551 44059 25531
55056 28539 66050 25525=
