USSR01 WSSS 290000
TTAA  79001 48698
99006 24210 01006 00085 23803 00000 92771 22224 16512
85505 17608 21010 70145 09832 29510 50586 05304 19010
40759 15158 09018 30970 29940 06018 25097 40720 05014
20245 53350 06033 15423 68960 07547 10655 81357 07533
88107 83157 07049
77999
31313 73508 82346=



UKSR01 WSSS 290000
TTBB  79008 48698
00006 24210 11992 23803 22988 24818 33898 21226 44834 16604
55762 12637 66706 10436 77552 02505 88503 04902 99443 10711
11404 14558 22380 17739 33330 25118 44323 26515 55317 27749
66244 42116 77226 46343 88190 56735 99155 67360 11107 83157
22100 81357
21212 00006 01006 11989 33002 22986 27502 33980 22502 44977
24002 55927 17012 66838 21510 77812 25008 88776 25514 99745
28012 11716 28010 22685 30514 33575 26010 44542 19008 55524
22512 66491 16508 77485 12508 88473 09008 99449 10510 11421
09014 22364 10016 33313 06016 44260 06018 55243 03516 66161
07543 77125 06553 88123 06053 99100 07533
31313 73508 82346
41414 29478=



ULSR01 WSSS 290000
TTCC  7900/ 48698
88999
77999
31313 73508 82346=



UESR01 WSSS 290000
TTDD  7900/ 48698
11951 83349 22940 83547 33927 79358 44838 72960
21212 11838 11523
31313 73508 82346=
