USSR01 WSSS 210000
TTAA  71001 48698
99008 27432 22002 00102 26622 16002 92789 22857 18510
85522 18445 21510 70160 09456 31518 50587 06901 15510
40759 15557 08016 30969 31561 08029 25095 41938 09043
20241 54726 08045 15419 69757 07562 10655 74763 18512
88120 78958 08560
77141 08072 41516
31313 73508 82332=



UKSR01 WSSS 210000
TTBB  71008 48698
00008 27432 11947 22809 22931 23056 33872 19432 44683 08258
55575 00513 66476 09111 77467 08550 88422 15510 99416 13757
11372 19360 22330 26756 33308 30160 44299 31561 55288 33756
66203 53922 77197 55540 88186 58931 99147 70757 11120 78958
22113 73362 33100 74763
21212 00008 22002 11990 17004 22901 20512 33874 20012 44834
22506 55807 27006 66715 31018 77651 31016 88597 25008 99579
27004 11552 23008 22526 15508 33507 16008 44456 09006 55436
09004 66428 05504 77406 08516 88366 07019 99257 09041 11189
08041 22141 08072 33137 08072 44124 08066 55112 09523 66100
18512
31313 73508 82332
41414 11442=



ULSR01 WSSS 210000
TTCC  71001 48698
70862 69173 09537 50069 59584 30508 30387 57184 26012
20647 51986 25545 10102 43988 25010
88955 76764 21014 88373 63183 25043
77999
31313 73508 82332=



UESR01 WSSS 210000
TTDD  7100/ 48698
11955 76764 22860 77562 33766 75764 44755 72967 55675 69175
66662 67981 77654 63783 88555 63783 99529 59584 11434 59784
22373 63183 33276 54385 44139 50986 55114 45587 66075 42988
77056 40189 88053 37990 99052 37990 11051 37790 22050 33391
33047 31991
21212 11925 20508 22893 10506 33878 09010 44797 11523 55691
09037 66645 08529 77594 12508 88586 11506 99572 06506 11540
01004 22515 35508 33495 29010 44439 23525 55417 25525 66384
25541 77318 28519 88251 22519 99218 23041 11199 25547 22166
26551 33121 29021 44092 25014 55090 23506 66089 21002 77088
12504 88083 11008 99081 17508 11079 19512 22075 18016 33070
23519 44067 20518 55065 23518 66060 23008 77059 21006 88057
10508 99051 12541 11050 11549 22047 11041
31313 73508 82332=
