USSR01 WSSS 030000
TTAA  53001 48698
99008 27231 20503 00100 26622 20002 92785 22844 24516
85517 17422 23521 70157 08630 19010 50587 05728 11510
40759 15745 08521 30970 30748 11525 25097 40758 10529
20245 52746 10533 15424 68357 09545 10656 83956 07584
88999
77104 07093 42952
31313 73508 82330=



UKSR01 WSSS 030000
TTBB  53008 48698
00008 27231 11894 20845 22825 15211 33804 13806 44793 14835
55652 05215 66602 02017 77569 00457 88562 00263 99551 00950
11514 04529 22509 04550 33500 05728 44478 07956 55465 09523
66401 15548 77385 17161 88370 19560 99353 21174 11342 22962
22332 24963 33315 28160 44307 29744 55284 33159 66272 35956
77261 38159 88244 41960 99232 44950 11151 68157 22100 83956
21212 00008 20503 11941 24014 22896 22518 33816 23018 44755
19014 55697 19008 66675 17012 77638 17012 88598 11510 99499
12010 11466 09019 22391 08021 33313 11023 44146 09047 55104
07093 66100 07584
31313 73508 82330
41414 38432=



ULSR01 WSSS 030000
TTCC  53001 48698
70864 68771 08523 50069 62183 34006 30392 55385 25543
20652 51386 26527 10108 48387 28523
88995 84356 07580 88290 56585 26043
77999
31313 73508 82330=



UESR01 WSSS 030000
TTDD  5300/ 48698
11995 84356 22980 79560 33898 75359 44851 75959 55832 72363
66776 68567 77733 69968 88669 66174 99595 66178 11549 61783
22429 61983 33406 60783 44399 57984 55383 58584 66372 54985
77326 52186 88290 56585 99226 54185 11208 50986 22181 53185
33164 47187 44099 48187 55091 48587 66086 48187 77083 46187
88067 41989 99063 39389
21212 11955 08560 22903 09047 33839 09049 44766 11029 55706
08523 66643 08539 77577 12014 88554 10508 99545 08006 11526
34508 22517 33008 33492 33506 44478 29504 55466 29502 66462
32502 77457 33502 88449 26502 99437 24008 11430 25010 22411
31508 33378 33012 44351 31523 55312 25535 66236 29019 77220
26523 88165 27035 99119 29539 11106 30027 22093 26508 33092
24504 44091 15004 55090 12508 66086 13018 77076 19521 88073
20031 99069 21014 11068 19510 22067 13508 33063 08027
31313 73508 82330=
