USSR01 WSSS 291200
TTAA  79111 48698
99004 29056 22003 00068 28856 26002 92757 23247 16008
85491 19030 18006 70141 09417 29004 50587 03756 12008
40760 13358 07016 30972 29938 05533 25100 39941 06539
20248 53150 07537 15427 68957 06041 10659 80358 08525
88103 82156 12033
77999
31313 73508 81043=



UKSR01 WSSS 291200
TTBB  79118 48698
00004 29056 11942 23413 22919 23050 33715 10212 44589 03036
55575 02657 66511 02747 77484 05158 88458 08346 99444 08758
11429 10359 22415 12357 33410 12729 44406 12359 55372 17757
66365 16963 77316 26948 88242 41941 99223 46558 11204 52156
22169 62361 33143 71557 44124 78357 55103 82156 66100 80358
21212 00004 22003 11001 26502 22994 22502 33989 17504 44940
17508 55912 14010 66888 14010 77860 19506 88825 15508 99794
20006 11779 21004 22771 25504 33766 25502 44762 30002 55755
27002 66746 29502 77737 22002 88731 31002 99726 29002 11705
28004 22689 31006 33668 28510 44639 28008 55599 25002 66590
00502 77588 02002 88575 35504 99561 00502 11543 14004 22526
13508 33518 11508 44500 12008 55473 09008 66454 15008 77444
14508 88427 09004 99422 11504 11417 09004 22406 07010 33385
07521 44362 05029 55276 05533 66239 07539 77173 07033 88142
05543 99123 07051 11103 12033 22100 08525
31313 73508 81043
41414 11438=



ULSR01 WSSS 291200
TTCC  79111 48698
70866 71765 10016 50068 63578 24021 30389 56785 25553
20648 51386 27047 10111 40189 25031
88999
77999
31313 73508 81043=



UESR01 WSSS 291200
TTDD  7911/ 48698
11989 77959 22835 77758 33789 72562 44740 74162 55674 68568
66600 68771 77567 65774 88522 66975 99499 63178 11453 64380
22409 57184 33334 53985 44290 57184 55210 53585 66121 43988
77110 39989 88093 38789 99084 40389 11068 39389 22062 39789
33059 40589 44054 39389 55053 39789 66051 39589 77050 39389
88049 39389 99048 38589 11047 37790 22046 33191 33043 32191
21212 11965 05533 22899 09521 33846 09529 44801 09518 55764
03512 66702 10016 77685 09518 88662 06016 99634 05012 11605
02010 22580 04002 33577 00502 44573 20502 55572 22502 66548
21008 77488 25021 88423 23012 99402 26023 11298 25554 22220
25043 33167 29041 44145 27019 55139 25525 66114 25037 77105
24523 88080 28527 99074 02012 11068 07016 22066 10510 33062
25006 44061 25010 55056 35014 66054 01027 77049 05043 88045
04027 99043 09019
31313 73508 81043=
