sing20200515.12
TTAA 65121 48698
99003 31250 28005 00049 30650 15503 92741 24227 13514
85480 19810 17507 70137 12656 29506 50589 02358 35507
40763 12158 24509 30977 27360 26504 25105 37534 32515
20255 50550 33017 15436 65546 02020 10672 81956 20009
88999
77999=
TTCC 65121 48698
70868 76162 11519 50065 70171 08032 30381 55981 28024
20639 53383 13515 10102 35993 35011
88812 88741 03516
77125 10065 43562=
TTDD 6512/ 48698
11812 88741 22744 85156 33712 75961 44667 76364 55533
72569 66424 64176 77388 65376 88343 53383 99269 58180
11252 54982 22226 57580 33211 53584 44149 45787 55135
46786 66127 46188 77122 40191 88114 38192 99108 39392
11079 27396 22075 29995
21212 11876 26003 22828 02013 33795 05021 44763 04514
55720 08020 66694 12020 77652 10024 88604 08018 99587
05518 11572 08015 22533 09523 33486 07537 44461 07545
55446 08554 66427 11050 77387 10052 88360 10539 99347
10514 11345 11010 22338 18502 33331 25510 44318 25523
55304 27025 66295 28525 77274 27513 88263 32015 99248
35021 11234 33522 22229 34524 33227 35523 44210 13507
55206 14510 66202 13014 77196 17515 88189 15017 99177
18522 11169 15010 22167 14507 33163 10013 44155 06515
55125 10065 66117 08522 77114 06013 88110 04503 99104
08020 11103 06514 22101 02509 33100 34512 44097 31019
55089 27526 66086 29514 77084 28510 88080 25020 99075
27037=
