sing20200501.00
TTAA 51001 48698
99008 25813 30003 00095 25212 26004 92780 22013 24006
85513 18814 24509 70160 10634 28506 50590 03910 35010
40763 13916 35508 30975 28125 32510 25104 38522 33010
20253 51336 26004 15432 68137 21503 10666 77560 03517
88108 82344 09025
77999=
TTCC 51001 48698
70868 81158 09012 50063 63975 06040 30382 57579 23526
20639 56180 08017 10099 34592 11518
88708 84757 12012
77121 09574 42256=
TTDD 5100/ 48698
11932 75563 22708 84757 33699 81158 44675 82558 55611
80761 66545 70372 77539 66975 88439 57579 99387 60777
11243 56379 22214 57779 33194 54181 44174 56180 55155
48184 66094 32194 77078 36591 88075 33794 99063 35792
11057 29395 22046 25996
21212 11948 00513 22916 31007 33884 29010 44831 27512
55767 18510 66749 19012 77722 16511 88701 09512 99684
07014 11662 09517 22634 08023 33591 11023 44576 08519
55535 08532 66509 05541 77480 08044 88442 09029 99409
06530 11381 07035 22356 08527 33337 13014 44331 17012
55325 20514 66310 24023 77301 24026 88288 22020 99270
26021 11261 26011 22237 03002 33212 12510 44205 08514
55200 08017 66194 10018 77185 08519 88173 09029 99162
06534 11121 09574 22115 10569 33108 10534 44106 11026
55103 13519 66099 11011 77097 05001 88095 29510 99086
30046 11073 30037 22069 26530 33067 27035 44065 27531
55062 23017 66057 26039 77053 26029 88049 24018 99046
25041=
