sing20200514.12
TTAA 64121 48698
99005 30250 35004 00069 29256 07506 92759 23230 10509
85494 18809 12504 70145 11231 22507 50589 02358 18514
40762 12958 25009 30976 26361 30508 25105 37159 31010
20255 50338 26513 15435 65950 36013 10670 83337 32017
88999
77999=
TTCC 64121 48698
70866 82356 07526 50067 65374 07535 30380 53381 19525
20638 53382 35510 10100 37991 07029
88862 88330 27006 88293 54780 19023
77125 09059 43646=
TTDD 6412/ 48698
11862 88330 22805 85945 33733 88734 44710 82956 55647
75364 66538 65174 77537 64974 88429 66974 99357 64576
11327 59379 22310 51583 33293 54780 44235 56779 55213
56380 66164 44587 77146 47984 88126 47985 99109 38190
11104 39589 22091 36392 33086 31394 44078 33194
21212 11984 31013 22950 25510 33919 24013 44870 25010
55857 30504 66841 01010 77827 04013 88785 08023 99769
09524 11733 11024 22703 08026 33658 10028 44617 08025
55550 10029 66460 06038 77443 04538 88405 08036 99346
08037 11328 10525 22323 12520 33315 18519 44308 19524
55283 19523 66267 23017 77260 21012 88248 23518 99236
23517 11223 30015 22211 31510 33193 02005 44189 05510
55185 06018 66173 04010 77157 11519 88148 08023 99141
08027 11138 08526 22125 09059 33111 07014 44107 04521
55103 06031 66096 07010 77094 00000 88091 19010 99088
23531 11078 26050=
