sing20200513.00
TTAA 63001 48698
99009 25811 27008 00100 25226 24510 92783 21621 23521
85516 17800 29505 70162 10000 13503 50589 04700 11512
40762 13713 12522 30976 27760 06017 25104 37927 23507
20253 51132 21506 15433 67750 25511 10668 81156 26517
88999
77999=
TTCC 63001 48698
70867 77761 07023 50066 65573 12536 30383 50382 28515
20644 51582 14007 10103 39588 31019
88846 86943 06011 88258 57178 28008
77123 09569 42762=
TTDD 6300/ 48698
11846 86943 22810 87350 33792 86357 44778 79959 55753
77960 66750 77961 77717 79160 88600 73966 99581 69970
11516 65174 22471 63974 33425 66373 44389 65374 55342
52981 66319 54580 77297 50182 88258 57178 99241 54180
11225 55380 22212 50982 33165 51981 44127 47984 55119
40988 66107 38389 77100 39588 88086 33792 99074 35991
11056 30395 22053 24397
21212 11960 29513 22913 04001 33859 06010 44825 06012
55780 10023 66745 10025 77675 04013 88668 03514 99621
04026 11606 06024 22592 10027 33560 08530 44515 13037
55454 12044 66381 08050 77345 07016 88339 07016 99322
03018 11310 04012 22309 03510 33307 35506 44303 30010
55296 27016 66284 25518 77261 28513 88259 28510 99255
23504 11246 18510 22234 19512 33228 15512 44224 15516
55217 19517 66213 20017 77207 20011 88195 05504 99190
02010 11184 00516 22171 04522 33156 06036 44147 08547
55123 09569 66115 10025 77112 10026 88108 07014 99105
01509 11102 32013 22097 28019 33092 29017 44089 27018
55084 29025 66078 25525 77073 25535 88071 26523 99069
31515 11067 31511 22066 28011 33064 26509 44063 25511
55058 30540 66056 32028 77055 34023 88054 34524 99053
33533=
