sing20200511.00
TTAA 61001 48698
99008 29421 27004 00093 28833 13008 92784 23413 15515
85520 19427 18512 70168 10831 04005 50590 05110 28508
40763 14150 18003 30975 28766 11512 25103 37973 12023
20253 50770 11514 15433 66343 09510 10668 79956 07006
88106 82345 06516
77999=
TTCC 61001 48698
70868 76364 09027 50066 69172 07538 30380 55581 09019
20641 54381 10022 10102 37991 20502
88800 85356 02528
77126 09560 42263=
TTDD 6100/ 48698
11800 85356 22756 79159 33736 79960 44668 72369 55628
74167 66482 69572 77433 63776 88379 64575 99259 50383
11198 54581 22131 45786 33127 45986 44121 39591 55112
36792 66103 39390 77092 35393 88083 38790 99076 37792
11072 33394 22065 35793 33060 35393 44052 24597 55047
26796
21212 11922 30011 22894 30513 33835 01021 44778 04530
55686 10527 66649 12028 77605 12516 88590 10516 99583
09517 11553 11522 22519 09538 33490 06538 44407 09549
55390 10545 66330 09528 77325 08024 88321 07026 99311
07535 11295 10013 22289 15506 33284 21010 44271 14505
55216 08510 66202 10022 77187 12517 88182 11016 99171
12511 11157 12528 22152 09533 33126 09560 44121 09034
55118 07525 66109 36013 77107 34014 88105 31516 99103
31010 11101 25001 22098 23510 33096 23015 44089 26524
55083 30017 66074 00000 77065 17510 88063 23012 99061
23518 11058 27031 22056 28019 33055 29017 44054 32018
55053 31018 66052 27520 77051 25534 88047 26549=
