sing20200529.00
TTAA 79001 48698
99009 29214 03003 00099 28434 10505 92789 23636 12507
85526 19856 16503 70172 10456 19503 50590 03757 10008
40763 14956 07517 30974 29764 08014 25102 39963 09526
20250 52558 07521 15430 67147 04036 10664 78357 07053
88107 82147 05535
77999=
TTCC 79001 48698
70869 80359 35016 50061 78364 09533 30379 50782 27504
20641 51981 08506 10101 38389 18510
88729 81159 31523
77440 10073 44647=
TTDD 7900/ 48698
11896 72766 22729 81159 33571 74566 44500 78364 55432
70371 66410 65775 77380 51983 88367 50382 99316 54179
11294 49982 22243 55379 33227 50382 44172 53380 55151
48383 66140 48783 77125 41787 88115 42186 99075 32192
11063 32792 22052 37189 33047 36990
21212 11948 08519 22934 10011 33921 19003 44909 25010
55875 25016 66831 28520 77768 29526 88748 30022 99719
32019 11639 12014 22611 12511 33574 08020 44554 07522
55498 10034 66486 10539 77440 10073 88400 10066 99380
09039 11374 07532 22363 04533 33351 03528 44340 05526
55322 03521 66315 04519 77310 07014 88308 07010 99302
34502 11296 27010 22287 27020 33273 25022 44242 29510
55229 00000 66187 18010 77180 22518 88168 20511 99160
17503 11149 08010 22146 07513 33139 09533 44136 10526
55133 09016 66132 07513 77130 05516 88128 05022 99126
04517 11122 34514 22114 31010 33112 02501 44106 18010
55104 20011 66100 18511 77098 23510 88090 33518 99088
33018 11085 29025 22070 28045 33065 27040 44060 29036
55051 29018 66047 28530=
