sing20200527.00
TTAA 77001 48698
99009 27208 01504 00104 26620 34002 92792 24257 26514
85530 20656 25508 70183 10431 28018 50590 05509 04506
40763 14730 12014 30975 29128 09014 25102 39333 09028
20251 52132 09549 15430 68548 09045 10663 83337 07549
88999
77999=
TTCC 77001 48698
70869 71967 15002 50068 70170 08021 30382 56778 08514
20644 46784 08523 10108 40587 30542
88919 85139 06552 88060 38789 29510
77878 07567 41371=
TTDD 7700/ 48698
11919 85139 22874 81356 33833 73165 44783 69373 55779
69373 66686 72767 77460 69771 88360 58778 99307 55580
11286 57378 22249 55779 33229 48783 44211 47983 55208
47983 66197 46584 77148 49183 88135 41387 99124 43586
11112 38789 22094 42586 33085 35591 44073 33991 55060
38789 66050 30794 77044 28795
21212 11927 06051 22878 07567 33845 08550 44817 10525
55808 12018 66795 14015 77779 15510 88705 19502 99672
14510 11652 16513 22636 13515 33628 13514 44607 17510
55569 10003 66535 05013 77507 08021 88401 08045 99371
07542 11335 11525 22315 10018 33308 08017 44294 08010
55276 13506 66257 12010 77236 09519 88228 10527 99185
07523 11165 10015 22162 11016 33152 09517 44149 09522
55140 07041 66130 03010 77126 31005 88123 24511 99121
24018 11115 29033 22110 31033 33102 30545 44090 32519
55086 29514 66079 27533 77075 29514 88068 28016 99066
30012 11063 30021 22061 30012 33057 17505 44056 22510
55055 24519 66052 27041 77051 28035 88050 30528 99047
29511 11046 29011 22045 26518 33044 26023=
