sing20200503.00
TTAA 53001 48698
99007 26200 30503 00087 25614 00000 92775 23230 29011
85510 18822 29517 70156 10637 30029 50589 04120 23518
40762 14312 29512 30974 28324 15011 25102 38730 17011
20251 52349 17014 15431 67932 09527 10665 77761 11506
88999
77999=
TTCC 53001 48698
70866 76763 09525 50064 67372 07023 30378 59178 07025
20641 44785 11018 10103 42586 06030
88838 84950 32010 88154 47983 11027
77112 08076 42361=
TTDD 5300/ 48698
11838 84950 22785 81357 33740 82558 44661 72168 55630
71369 66343 62775 77262 56579 88221 45784 99200 44985
11194 41787 22154 47983 33134 44785 44112 47983 55105
42987 66095 42186 77086 45984 88083 41987 99077 41587
11074 38389 22072 38589 33066 30194 44062 29594 55059
24397
21212 11864 30506 22838 32010 33810 00512 44785 00522
55746 04027 66717 09029 77666 10521 88631 14013 99580
11008 11555 08018 22523 06528 33480 08020 44440 08542
55385 08547 66343 09534 77310 06518 88286 07525 99269
09538 11247 11521 22233 11014 33226 13011 44215 08001
55200 11018 66194 15515 77179 18025 88158 11024 99145
10530 11138 10041 22128 08054 33112 08076 44106 08557
55094 03519 66085 07533 77082 09020 88080 12510 99079
14509 11078 13010 22077 10016 33075 08533 44071 07518
55070 06013 66069 02509 77068 34511 88065 31522 99063
31511 11062 30008 22061 27013 33059 24525=
