sing20230313.12
TTAA  63111 48698
99006 28860 07013 00085 27859 01023 92774 21649 01021
85499 17056 01019 70138 10257 27004 50586 04556 21002
40758 13959 16512 30970 29769 19519 25097 40165 22006
20245 53360 25519 15424 66162 26523 10660 82156 18512
88999
77999=
TTCC  63111 48698
70859 80160 13516 50059 62578 26521 30376 60983 26035
20631 56185 27523 10086 41789 10529
88875 85556 15527
77999=
TTDD  6311/ 48698
11875 85556 22841 81959 33783 79160 44721 82158 55678 76762
66632 76362 77585 66770 88530 67173 99511 63378 11483 61180
22365 62383 33182 56385 44167 55185 55144 48587 66135 48387
77127 47387 88121 41789 99109 42988 11083 36390 22075 37590
33065 35990 44060 32791 55052 32991
21212 11914 17525 22881 15527 33833 16010 44799 17010 55795
18506 66784 27004 77767 30004 88724 36002 99722 05002 11720
12502 22713 15010 33674 14004 44667 24504 55653 27510 66588
21008 77578 27510 88531 28519 99484 24512 11471 28516 22440
30521 33414 28533 44367 29039 55317 26033 66249 25539 77172
29521 88159 27514 99151 30006 11148 28504 22140 00510 33138
35004 44136 25502 55135 22504 66126 18506 77124 09012 88119
09035 99108 07531 11101 10031 22082 10556 33062 09545 44061
09554 55052 07537=
