sing20230316.12
TTAA  66111 48698
99008 28458 06010 00100 27456 03016 92785 21011 03014
85516 18032 00000 70161 11459 11502 50589 04360 08006
40761 15763 33506 30972 32157 10516 25098 40566 09021
20246 53966 07016 15425 67558 28514 10660 83558 14521
88999
77999=
TTCC  66111 48698
70858 75562 14537 50061 68976 28537 30372 60784 27512
20631 54985 28521 10085 40789 08527
88923 86557 13029
77999=
TTDD  6611/ 48698
11923 86557 22769 86156 33746 79561 44687 75362 55670 71165
66596 63174 77483 69776 88382 61983 99325 63183 11292 58384
22250 56984 33237 53985 44205 54785 55165 49586 66138 52186
77122 46787 88110 45787 99098 39589 11058 39189
21212 11963 14523 22851 11035 33805 14033 44736 12527 55710
14533 66687 14033 77647 09502 88643 34502 99639 32006 11618
30021 22505 28535 33467 28031 44422 30033 55370 28519 66351
25012 77300 27512 88294 24508 99257 29516 11211 27519 22184
31523 33168 30512 44158 27510 55137 29006 66135 24502 77132
24002 88130 22002 99129 25502 11128 35502 22127 05002 33124
14002 44122 13006 55120 15010 66113 09016 77112 10014 88110
17012 99108 12519 11102 06021 22096 12027 33087 08529 44076
09029 55074 05529 66073 08031 77070 10049 88068 08043 99058
10035=
