sing20230309.12
TTAA  59111 48698
99007 28056 06508 00097 27242 05510 92786 21221 03519
85514 18030 03012 70156 09231 11510 50587 04559 16506
40761 13574 30004 30972 29580 15006 25099 40168 17016
20247 52761 22533 15427 64970 22537 10663 82757 31019
88999
77999=
TTCC  59111 48698
70860 82958 19508 50055 68971 28012 30369 59184 27033
20626 52386 27045 10077 46387 07531
88860 87156 13021
77063 08566 42705=
TTDD  5911/ 48698
11860 87156 22713 83958 33686 78962 44634 74163 55548 74166
66513 72168 77489 66373 88425 65778 99383 61183 11280 59984
22225 54185 33201 52386 44174 55785 55149 51186 66132 51186
77125 48387 88114 50586 99102 46387 11099 46987 22098 47387
33096 43788 44095 41988 55061 39389 66045 35190
21212 11937 00502 22931 09502 33920 13504 44910 14506 55858
13021 66820 16012 77801 18516 88774 18525 99732 18016 11694
18502 22691 03502 33672 03006 44661 31008 55639 30521 66613
27021 77576 26023 88521 29021 99502 28512 11489 26014 22426
21512 33402 28508 44394 29010 55371 26514 66327 28023 77289
26533 88257 28033 99141 26535 11133 22016 22128 24512 33127
23508 44125 13008 55115 09525 66110 06014 77105 04519 88102
07027 99087 09049 11079 10541 22072 08039 33063 08566 44045
09549=
