sing20230329.00
TTAA  79001 48698
99008 26834 07503 00107 26227 01010 92790 22225 04012
85521 18245 07002 70156 08656 10502 50588 04776 06016
40759 14965 06014 30970 31159 05016 25097 40571 09023
20245 53767 11037 15423 68958 11039 10656 78159 28510
88111 82342 10541
77999=
TTCC  79001 48698
70859 77166 28006 50059 62583 25539 30372 58584 24512
20632 51386 25523 10088 44388 10054
88411 68182 26543
77999=
TTDD  7900/ 48698
11885 80960 22760 76165 33679 77366 44587 72370 55535 62981
66411 68182 77378 67782 88362 66582 99346 61183 11326 58184
22280 58384 33260 53185 44218 53385 55191 48387 66179 48987
77166 45787 88129 51586 99121 48587 11112 49586 22109 50386
33107 49986 44100 44388 55096 41189 66086 41389
21212 11963 28519 22907 25521 33858 27021 44821 31016 55789
32012 66769 01006 77749 29006 88714 27012 99695 29006 11679
00504 22671 35004 33663 27004 44635 30008 55626 35004 66616
31006 77577 02510 88560 01004 99551 31504 11544 31002 22540
24504 33538 23006 44501 25537 55472 27545 66409 26543 77321
27516 88307 24014 99299 24012 11291 27514 22268 28019 33255
24021 44233 26025 55208 25025 66192 26527 77178 22512 88167
28516 99140 02510 11137 09006 22127 18516 33119 10021 44115
09027 55100 10054 66098 09054 77086 08539=
