sing20230328.12
TTAA  78111 48698
99006 30658 08504 00085 29657 04510 92777 23226 00510
85514 19056 01010 70154 10050 05512 50587 04567 08018
40760 13763 06510 30972 29961 11516 25099 40967 10025
20247 53368 12529 15426 67767 11545 10660 80160 19502
88106 82358 10029
77999=
TTCC  78111 48698
70862 77163 21018 50063 62979 27514 30377 58584 29025
20635 53985 21021 10092 43588 10553
88999
77055 09062 41412=
TTDD  7811/ 48698
11890 78160 22814 80160 33690 76964 44675 73566 55578 71569
66515 63178 77367 64383 88315 59184 99277 58584 11247 53385
22210 54985 33188 51786 44149 51986 55140 50786 66135 49986
77128 44188 88105 44988 99094 39389 11065 36790 22059 36790
33058 36790 44052 30792
21212 11986 24004 22952 23010 33909 26521 44857 26014 55798
26518 66764 22512 77738 22025 88721 22525 99682 18508 11667
26506 22651 02006 33634 02006 44622 25506 55617 25006 66599
31510 77560 34512 88538 33014 99519 35512 11501 27514 22494
26019 33435 27543 44378 27045 55334 27027 66291 29527 77257
29529 88248 27018 99224 25019 11210 21012 22197 21025 33183
25521 44172 19514 55164 08506 66163 05504 77162 05006 88158
07512 99150 06014 11145 35514 22137 34010 33136 35506 44134
10006 55133 13010 66129 16021 77118 09535 88104 10051 99074
08049 11066 08553 22061 10545 33055 09062 44052 08054=
