sing20230303.12
TTAA  53111 48698
99010 24815 03506 00121 24411 02010 92802 20812 02525
85528 16805 03019 70169 09427 04019 50589 05130 36016
40760 15714 32006 30971 31135 32008 25098 41743 32004
20245 53958 12512 15423 70730 08519 10655 78557 07027
88111 81937 09574
77116 10074 43665=
TTCC  53112 48698
70856 70963 11525 50058 69366 26525 30372 57569 26043
20623 61170 30525
88845 84356 05529 88232 64166 28527
77999=
TTDD  5311/ 48698
11845 84356 22812 81159 33737 79558 44705 71563 55678 66965
66542 70165 77448 67967 88401 63369 99351 64769 11329 57773
22311 56572 33232 64166 44211 63168 55200 61170 66180 51577
77161 51381
21212 11974 04519 22882 03527 33767 10525 44716 11029 55678
13010 66665 22008 77651 25516 88597 26539 99562 27045 11491
25521 22420 24514 33386 28021 44301 26045 55259 26535 66204
31025 77182 29012 88177 21510 99176 22008 11172 28004 22165
27006 33161 22504=
