sing20230310.00
TTAA  60001 48698
99009 25622 06506 00108 24811 02510 92791 20815 04021
85523 17627 07514 70157 09438 11510 50587 04762 15508
40759 15169 01502 30971 30370 12508 25098 40167 19518
20246 53558 21521 15425 66366 25041 10658 85934 32010
88999
77999=
TTCC  60001 48698
70851 81357 05018 50047 66975 23518 30362 61183 27541
20620 53585 25039 10072 47587 06541
88835 94128 12519
77068 09060 41806=
TTDD  6000/ 48698
11835 94128 22758 89926 33743 88527 44718 82956 55695 81157
66684 77561 77645 77761 88631 75165 99602 76365 11507 67375
22464 68777 33358 59384 44304 61183 55270 56185 66244 53585
77186 54785 88156 49986 99135 47787 11123 50386 22097 47187
33087 42988 44066 39789
21212 11976 35512 22940 01016 33898 07012 44834 12519 55793
14006 66778 19506 77746 22008 88739 25504 99730 35004 11723
01506 22703 04516 33674 07502 44668 33002 55664 32004 66638
34506 77630 25006 88601 24516 99561 27021 11493 23519 22477
25518 33430 26512 44419 28512 55389 30527 66352 28029 77276
27543 88256 25043 99213 25041 11181 26539 22154 27523 33147
28025 44138 27504 55137 36002 66136 02004 77133 34006 88129
02502 99128 08002 11125 09512 22119 08527 33113 03031 44105
03537 55096 09051 66083 09547 77071 08547 88068 09060 99066
09054=
