sing20230305.00
TTAA  55001 48698
99012 23811 32004 00135 23613 28006 92814 19404 03019
85539 15801 04018 70168 07830 02027 50588 05735 28029
40759 16916 26516 30970 32714 33518 25095 43136 36018
20241 55942 09021 15418 71550 09554 10652 75372 25021
88122 80550 09576
77123 09578 41987=
TTCC  55001 48698
70858 75967 27514 50055 71362 28019 30368 64367 27539
20623 52386 27014 10072 50786 08010
88912 78368 28523
77999=
TTDD  5500/ 48698
11912 78368 22787 73968 33728 77366 44659 73965 55563 73961
66521 73161 77490 70762 88448 60770 99291 65368 11265 63374
22253 58577 33229 55385 44224 52386 55168 54385 66154 54785
77130 50386 88113 51586 99099 50986 11088 49586 22085 46787
33077 46587 44067 44788 55046 31591
21212 11954 25527 22895 28512 33864 26508 44848 32510 55798
03008 66792 02506 77775 33508 88737 33014 99700 27514 11640
24531 22581 27533 33495 27519 44482 29019 55414 28535 66383
26539 77282 27539 88262 28023 99239 24016 11213 24519 22206
27518 33157 25521 44142 26519 55130 21512 66125 17012 77122
12006 88120 12504 99118 31002 11115 05506 22111 07014 33106
36010 44103 01010 55100 08010 66097 08018 77093 12523 88084
08029 99076 10021 11071 10543 22066 04533 33064 07041 44063
08047 55061 08043 66057 07033 77053 07039 88046 08531=
