sing20230325.12
TTAA  75111 48698
99007 25028 03003 00097 24822 36008 92779 22222 34504
85510 18629 27502 70152 09019 23502 50587 05522 10516
40759 15156 11523 30971 29337 11018 25098 40121 08019
20246 52948 08521 15425 68956 08023 10657 85548 11543
88999
77999=
TTCC  75111 48698
70862 77761 33512 50059 66570 31504 30376 60384 28025
20631 56785 29516 10089 41589 08543
88990 86148 11547
77108 11060 45228=
TTDD  7511/ 48698
11990 86148 22959 85750 33950 85156 44935 78960 55925 75362
66902 72162 77713 77761 88647 77162 99634 73165 11564 73163
22518 70366 33483 62573 44446 59776 55340 62179 66274 57984
77250 59184 88235 56585 99213 57784 11183 56984 22170 51986
33147 46787 44133 44588 55126 46387 66119 43388 77093 42588
88074 35990
21212 11957 11549 22893 11506 33888 10504 44864 32004 55844
28512 66790 27529 77695 34010 88654 26502 99649 18002 11646
17002 22623 24510 33606 23514 44511 27508 55487 36006 66479
34506 77461 25012 88430 27529 99343 27533 11308 28518 22254
24531 33215 25527 44197 31516 55184 31014 66175 34014 77161
33518 88153 31008 99147 22014 11142 17519 22131 16504 33120
07018 44108 11060 55097 08541 66091 09541 77081 07531 88074
09535=
