sing20210709.00
TTAA 59001 48698
99006 28434 30505 00077 27836 11505 92765 22428 13511
85497 18229 19005 70137 08611 30509 50586 05328 09021
40759 15543 04511 30970 30356 08027 25097 40167 05536
20245 52938 02540 15424 69143 05535 10657 77157 06534
88105 81746 06516
77999=
TTCC 59001 48698
70866 68770 19015 50071 62176 27532 30386 59777 09552
20643 52181 09070 10104 38590 18014
88406 65774 26527
77150 09081 41223=
TTDD 5900/ 48698
11920 71366 22802 75762 33592 61976 44521 61576 55406
65774 66392 65574 77383 61977 88328 60977 99275 57979
11260 59777 22214 52382 33194 52781 44143 44386 55125
45785 66097 37991 77089 40589 88078 39990 99072 33794
11062 36593 22058 31794
21212 11974 06524 22953 05017 33935 04519 44855 04536
55743 06510 66726 10001 77710 17010 88675 22517 99649
20015 11633 23023 22624 24028 33595 26517 44583 27519
55530 26026 66513 27036 77466 28515 88456 26521 99417
26033 11394 27016 22381 29511 33376 31510 44367 02013
55344 07532 66318 09539 77285 09065 88253 08061 99216
09575 11150 09081 22132 09559 33122 09572 44112 09032
55110 10023 66105 11521 77101 16514 88099 19517 99093
21034 11085 19011 22079 22525 33067 26544 44066 27540
55058 27539=
