sing20210723.00
TTAA 73001 48698
99008 28623 32005 00094 27829 16003 92783 23240 19012
85518 19256 25010 70160 09660 22511 50587 07127 31006
40759 15360 07018 30970 31944 10026 25096 42935 08030
20243 52541 07067 15423 66359 06582 10662 73365 04023
88104 75762 07512
77150 06582 42229=
TTCC 73001 48698
70871 66974 28028 50075 62179 26524 30390 62379 08543
20648 52385 09566 10109 39592 02020
88999
77141 09073 40840=
TTDD 7300/ 48698
11833 77561 22694 66774 33575 68773 44502 62179 55374
60979 66338 64377 77303 63178 88277 55183 99254 55982
11094 38392 22080 38192 33079 38192 44073 40191
21212 11976 04513 22962 36006 33899 23505 44872 27510
55839 28514 66793 27040 77740 27020 88730 28516 99724
30017 11697 27531 22669 27543 33638 27529 44600 27538
55573 28023 66557 30017 77550 29016 88540 28020 99500
26525 11488 27032 22447 29025 33433 30523 44414 35015
55408 35010 66398 05002 77382 08510 88343 08023 99328
10035 11287 08552 22280 09058 33267 09557 44256 08565
55234 08566 66141 09073 77134 09069 88121 08532 99112
05015 11110 03016 22101 03024 33097 35018 44094 34527
55084 29037 66081 28040 77077 26522 88073 27016=
