sing20210706.00
TTAA 56001 48698
99006 28242 32505 00080 27647 22002 92768 22840 20014
85501 17833 19515 70139 09842 20013 50586 05356 19502
40758 15158 08508 30969 31159 11016 25096 40338 06034
20244 52741 05053 15423 68741 05062 10657 76357 08541
88110 79956 06043
77144 05065 40905=
TTCC 56001 48698
70867 73167 33517 50070 64175 24509 30387 56180 11042
20646 53381 09046 10107 40789 06034
88756 74165 30530
77180 08567 42206 77050 24566=
TTDD 5600/ 48698
11985 76758 22953 75161 33942 69566 44918 67370 55756
74165 66709 74165 77600 63775 88548 67372 99515 66973
11467 61177 22409 62775 33365 59578 44344 61776 55309
59978 66279 57179 77181 52382 88124 43987 99111 38790
11090 42588 22073 35793 33068 38791 44056 24197
21212 11932 06010 22918 33002 33888 27510 44855 25524
55807 26523 66756 30530 77738 32027 88703 33018 99678
03512 11668 03511 22652 34011 33632 35009 44610 29512
55600 29014 66566 33016 77552 33514 88533 28017 99524
27520 11477 31502 22434 30010 33390 19004 44375 14012
55360 15517 66341 12517 77318 10532 88298 11041 99284
08539 11246 09057 22219 10051 33201 09046 44180 08567
55138 08053 66121 09066 77115 08540 88104 06532 99101
06033 11095 06540 22090 06039 33082 08039 44077 09010
55076 02501 66073 27010 77068 26033 88062 26523 99061
27514 11059 08504 22056 20510 33054 24027 44053 24540
55050 24566 66048 26042 77046
26552=
