sing20210729.00
TTAA 79001 48698
99009 29049 29506 00113 28245 17512 92798 22218 18516
85529 17841 23016 70173 09450 26010 50588 06750 08512
40760 15165 10529 30970 32759 08037 25096 40950 05549
20244 52742 06568 15424 65762 08591 10660 78962 06554
88103 80760 05564
77176 07593 43511=
TTCC 79001 48698
70867 70181 07510 50073 61583 26533 30389 58184 07541
20645 56385 09556 10104 40389 04521
88357 63983 35019 88092 42188 07025
77160 08568 41805=
TTDD 7900/ 48698
11875 77961 22838 75963 33821 72366 44712 71578 55654 
64183 66608 65182 77579 62383 88432 62783 99414 60184 
11357 63983 22321 61383 33315 58584 44274 59384 55202 
56185 66171 50586 77146 49786 88123 45188 99118 41389 
11115 38390 22092 42188 33089 37590 44078 34591 55063 
33191 66050 37390
21212 11933 11033 22858 14018 33793 24510 44771 29508 
55749 03506 66665 09506 77648 17504 88617 18510 99592 
15008 11566 22514 22485 27533 33460 24519 44434 24527 
55408 25014 66394 29510 77352 36018 88327 08023 99300 
07541 11261 09056 22193 10058 33160 08568 44125 10054 
55112 06023 66099 04021 77091 08027 88084 11008 99083 
14004 11082 12002 22081 15002 33080 09002 44079 17504 
55073 24516 66067 20016 77064 21019 88062 21021 99058 
19510 11056 25012 22054 28023 33050 30519=
