sing20210718.00
TTAA 68001 48698
99008 28429 30505 00087 27835 15004 92779 22016 18513
85511 18031 23513 70149 09660 27510 50587 03361 07006
40760 14960 33507 30970 31757 09026 25096 42524 08539
20243 53748 07061 15421 67561 06576 10659 80556 35514
88999
77151 06577 40750=
TTCC 68001 48698
70868 67172 29008 50073 64775 28534 30388 59378 09551
20646 50982 09561 10103 44186 04007
88987 81156 36019
77133 09578 40856=
TTDD 6800/ 48698
11987 81156 22937 75560 33896 76760 44714 68371 55669
63175 66623 66173 77589 62975 88508 65974 99488 62576
11454 61776 22346 64974 33307 59178 44283 60177 55245
58178 66228 52781 77191 50782 88176 52181 99135 48583
11124 42387 22108 44785 33089 39189 44084 40788 55080
36791 66074 39189
21212 11984 00520 22978 01021 33962 04015 44949 09008
55937 12510 66910 18015 77872 21517 88809 15502 99728
26510 11700 29008 22669 26031 33661 26033 44636 25535
55530 29029 66509 28538 77465 28526 88427 31013 99422
30010 11415 23505 22374 24003 33353 12505 44348 09010
55342 08019 66328 10038 77306 09553 88297 09550 99279
08553 11213 09068 22203 10059 33177 09057 44167 08565
55133 09578 66118 11529 77114 12025 88108 11014 99103
05506 11099 03010 22095 02514 33092 07520 44090 08510
55088 00000 66085 25510 77079 26543 88071 28555 99067
29027 11065 32020 22064 31019 33063 30024=
