sing20220510.00
TTAA  60001 48698
99006 28424 05501 00084 27818 10002 92773 23628 12516
85514 21056 16516 70166 11050 25510 50590 04528 33504
40762 14744 09006 30973 30926 08523 25100 39550 07541
20249 51759 09041 15430 65371 07529 10664 84360 09031
88999
77999=
TTCC  60001 48698
70866 79963 30010 50060 72973 08543 30377 52985 09570
20642 49786 28518 10102 40189 14516
88949 85160 07535 88167 53585 22519
77385 09570 42107=
TTDD  6000/ 48698
11949 85160 22921 78565 33801 76764 44692 80563 55619 77965
66600 74168 77554 74368 88537 70972 99505 72772 11431 67180
22414 62583 33355 59984 44293 51786 55268 51186 66255 47787
77228 46987 88167 53585 99161 52986 11154 47187 22147 43788
33125 43988 44108 39789 55082 39789 66051 32791
21212 11926 08029 22855 13014 33820 14004 44809 24004 55741
32014 66702 30010 77673 32006 88660 00502 99654 07002 11649
09004 22638 10006 33614 06010 44576 06023 55542 08031 66473
10551 77385 09570 88383 09570 99362 10070 11301 09570 22273
10066 33241 06008 44235 30510 55224 28525 66209 30019 77170
22519 88164 22516 99149 29010 11143 00508 22123 35018 33110
08012 44092 21021 55084 18019 66078 24527 77072 25508 88071
30504 99070 04006 11065 10002 22064 16004 33062 10510 44057
06514 55051 09512=
