sing20220526.12
TTAA  76111 48698
99005 31059 29003 00079 29856 27506 92770 24030 33506
85511 21060 31010 70161 10257 32018 50588 06327 32514
40759 16325 04523 30970 30128 10027 25097 40558 09529
20245 52974 10537 15424 67562 07547 10660 77561 14025
88114 78960 06554
77999=
TTCC  76111 48698
70862 73964 06539 50065 65382 08039 30381 60184 10554
20644 42788 30514 10110 40789 28019
88863 81560 18519
77999=
TTDD  7611/ 48698
11975 76163 22863 81560 33787 82160 44750 81759 55733 81160
66717 75564 77603 69770 88578 64775 99501 65182 11472 62583
22413 63983 33349 58584 44307 60584 55264 53185 66246 53585
77232 52786 88230 52786 99228 52386 11224 46587 22211 46387
33208 44188 44195 44188 55190 40989 66186 39389 77151 45587
88137 43188 99118 44588 11101 41789 22083 42588 33064 37590
44061 35190 55049 32191
21212 11964 17523 22897 20025 33865 18521 44807 09018 55739
09021 66678 06539 77627 09037 88562 09027 99371 08547 11289
10558 22255 11025 33227 12010 44224 10504 55220 00506 66210
00514 77187 26027 88160 26045 99151 27535 11139 26025 22130
27023 33120 27043 44105 30523 55094 25512 66092 28008 77087
28516 88084 32510 99076 29514 11070 34518 22064 32523 33061
00512 44058 31008 55057 31006 66056 34508 77055 35008 88054
33010 99051 00514 11049 36016=
