sing20220517.12
TTAA  67111 48698
99006 31461 20504 00085 30660 23508 92778 24039 15006
85514 20256 22508 70163 11660 23010 50590 04350 31004
40763 13956 04006 30975 29564 05518 25103 38962 05519
20251 50960 09531 15432 66759 05549 10666 79758 06535
88112 81550 05539
77999=
TTCC  67111 48698
70867 79359 25523 50061 69569 09041 30372 53785 09074
20640 45388 25541 10110 39189 27023
88844 83158 10031
77310 09074 41146=
TTDD  6711/ 48698
11946 77960 22844 83158 33763 82358 44744 78162 55677 80759
66580 75164 77535 75565 88520 70769 99442 70171 11393 67574
22361 61379 33322 58383 44290 54185 55278 48187 66267 45587
77228 46987 88176 42188 99138 42988 11116 39189 22080 41789
33073 41589 44053 34599
21212 11968 06537 22914 09031 33844 10031 44812 11021 55763
11004 66755 21002 77749 23506 88738 25014 99667 26523 11619
28510 22612 31006 33594 07004 44573 13510 55523 09529 66417
08556 77310 09074 88291 09074 99251 11506 11245 22504 22237
25010 33221 23531 44212 23543 55175 28521 66160 30519 77153
27514 88138 23514 99126 25519 11112 25516 22091 29014 33085
33508 44083 28504 55081 13502 66077 09006 77075 30004 88070
33010 99067 30014 11064 33008 22062 33514 33061 35016 44057
02506 55055 19004 66053 14508=
