sing20160905.12
TTAA 55121 48698
99007 30258 27004 00089 29057 25505 92779 23241 26006
85513 19046 15504 70154 08820 23502 50587 05934 07505
40760 13964 08509 30972 29557 06007 25099 40348 10013
20247 52757 07054 15427 66559 06581 10662 81350 10047
88999
77145 07083 41538=
TTCC 55121 48698
70866 67373 07528 50068 63978 24510 30387 57382 28513
20645 51387 25019 10101 44190 25509
88889 85335 08043 88613 70770 07525
77821 08565 42238=
TTDD 5512/ 48698
11889 85335 22854 84350 33844 80158 44816 76560 55808
76761 66792 71367 77743 68772 88677 66773 99613 70770
11591 70970 22486 63577 33429 64977 44402 58982 55353
56183 66282 57982 77234 57383 88219 51587 99195 50987
11108 46989 22102 43790 33081 46989 44070 44590 55067
37192 66062 36593 77054 33394 88048 34993
21212 11898 08542 22821 08565 33761 09039 44717 07027
55681 08526 66644 07031 77559 10533 88522 13510 99510
20003 11500 24510 22472 26023 33442 28524 44417 28518
55400 27016 66382 22518 77364 21017 88355 23519 99298
28012 11289 24519 22261 26520 33236 26027 44221 26016
55210 24514 66196 25520 77182 30523 88163 31032 99150
29026 11122 29522 22094 34002 33092 04010 44088 04012
55083 07510 66077 10015 77071 10017 88067 08536 99061
10031 11057 09040 22053 11042 33048 10544=
