sing20160918.00
TTAA 68001 48698
99008 25214 30002 00090 25019 27003 92776 23450 26011
85510 19245 25513 70156 09856 27515 50587 05709 16009
40759 15357 10035 30970 30350 08029 25097 40560 08539
20245 53528 07551 15423 68917 07063 10657 83147 10557
88102 83142 10560
77123 08580 42329=
TTCC 68001 48698
70862 72767 10515 50064 62977 29003 30382 56581 26542
20641 51584 26528 10096 46187 36009
88999
77999=
TTDD 6800/ 48698
11897 74762 22855 77161 33734 76163 44689 71568 55646
70769 66634 71170 77612 66374 88557 67373 99505 62778
11451 62577 22434 64176 33365 56781 44323 60778 55308
56581 66270 57180 77198 51384 88179 53382 99156 52583
11143 50385 22134 43989 33119 47586 44094 47586 55072
43788 66058 30995 77057 31194
21212 11959 10544 22914 06521 33907 05520 44864 05018
55820 11009 66813 12511 77789 13513 88726 09515 99706
11014 11676 07016 22637 08530 33621 09023 44586 05519
55543 07016 66533 09010 77517 07502 88487 28010 99475
29511 11460 25510 22441 25512 33423 29021 44408 29518
55399 26526 66386 25533 77356 27544 88330 29038 99300
26542 11275 28543 22246 29031 33216 26525 44180 24538
55142 26521 66133 32520 77127 33014 88117 03016 99111
01510 11108 03018 22103 01510 33095 07510 44093 07510
55089 12002 66077 21010 77076 21510 88071 30504 99068
01010 11067 04516 22066 06024 33064 04520 44062 06022
55060 04527 66059 03525 77057 04527=
