sing20160929.12
TTAA 79121 48698
99005 30862 28004 00070 29861 27009 92759 23650 30013
85494 20061 30025 70140 10057 28020 50587 03959 17504
40760 14756 09526 30971 30142 07025 25099 39759 08017
20247 52339 06526 15426 68549 07033 10658 82940 12056
88110 82522 11048
77999=
TTCC 79123 48698
70865 78361 12019 50064 59179 28519 30381 59578 25540
20641 /////
88715 78560 09526
77999=
TTDD 7912/ 48698
11963 81157 22903 69168 33715 78560 44635 78962 55618
76565 66615 72368 77609 70170 88596 68772 99569 70570
11494 58779 22429 62376 33401 63176 44335 61177 55325
58180 66300 59578 77249 51982 88229 53981
21212 11937 12036 22904 11017 33829 08514 44778 07022
55727 08531 66690 13518 77618 09019 88611 08012 99606
05509 11601 03511 22591 02014 33571 03020 44563 04012
55554 32001 66515 24504 77508 27510 88488 29529 99475
30033 11440 29043 22386 26041 33344 27533 44333 25525
55323 24535 66298 25540 77229 26531=
