sing20160905.00
TTAA 55001 48698
99010 27033 29002 00109 26234 19002 92795 22013 20510
85528 18445 31001 70169 09025 01008 50589 05556 08507
40760 15360 12509 30972 30957 11007 25098 41956 10021
20245 54140 08538 15424 67156 07080 10660 79958 10534
88999
77142 07581 41934=
TTCC 55001 48698
70864 70769 07533 50069 59980 28514 30387 58582 28521
20644 50987 28014 10100 46789 31504
88933 81556 08537
77999=
TTDD 5500/ 48698
11933 81556 22869 81757 33730 70170 44677 71769 55654
67773 66605 68373 77510 59181 88415 62978 99388 59981
11345 60780 22238 57983 33222 51987 44204 50588 55187
52187 66147 46589 77115 48788 88101 46389 99084 47989
11077 43990 22072 46189 33066 44590 44062 39791 55058
40391 66054 34993
21212 11904 07536 22840 06540 33780 08051 44729 07530
55587 09035 66548 10012 77532 21504 88519 26010 99497
28513 11478 25022 22452 25031 33384 26024 44348 22012
55334 25522 66311 28025 77292 29518 88288 28515 99279
23016 11274 22016 22256 25015 33247 23515 44229 25017
55212 30009 66190 27517 77176 29516 88148 26525 99133
26020 11119 27517 22111 26511 33098 30002 44091 00510
55086 06510 66081 09006 77080 11010 88067 12037 99061
13535 11055 10526 22054 12021=
