sing20160927.12
TTAA 77121 48698
99005 30657 24003 00071 29656 22008 92762 23632 28014
85497 19047 28020 70143 10259 29514 50587 04339 14008
40760 13943 13018 30972 28559 10016 25100 39156 09521
20248 52156 08515 15428 67750 06543 10662 79557 08067
88999
77109 07601 444//=
TTCC 77121 48698
70862 76561 08554 50065 64974 26015 30383 57979 28044
20643 51782 25532 10102 42588 12505
88882 83941 09524 88455 68772 12504
77685 08561 43245=
TTDD 7712/ 48698
11882 83941 22745 80557 33695 76762 44682 72965 55656
72768 66647 68571 77586 64375 88551 63176 99455 68772
11438 67375 22429 59381 33422 58380 44387 59778 55352
56780 66287 57779 77173 46785 88139 49983 99082 35991
11074 39389 22065 37791
21212 11889 10028 22856 08518 33753 10036 44723 09540
55685 08561 66644 10043 77583 05519 88558 06512 99555
06010 11538 33504 22527 26510 33504 25515 44486 27510
55465 00000 66423 25525 77397 27532 88381 28032 99345
26035 11299 28044 22283 26041 33231 25044 44181 26518
55165 26523 66155 28526 77146 32520 88140 02015 99139
02514 11137 35510 22131 32503 33128 28510 44124 28515
55122 29512 66121 30010 77116 11510 88096 00000 99086
10513 11084 12010 22079 19510 33078 20010 44070 05010
55066 04515 66065 06018=
