sing20150309.00
TTAA  59001 48698
99009 26426 06007 00092 26433 04511 92776 21625 02517
85508 18023 32010 70147 09249 30508 50586 06150 10508
40758 14561 10520 30969 30762 08020 25096 41359 11029
20243 54150 13035 15421 69338 09541 10656 75938 09008
88116 79547 09070
77115 09072 42783=
TTCC  59001 48698
70860 78175 35024 50058 71375 11022 30369 59978 08563
20630 44982 07024 10097 38984 23511
88999
77230 09577 42257=
TTDD  5900/ 48698
11986 76537 22977 76738 33924 77956 44910 78350 55871
75356 66820 75770 77681 77174 88658 75175 99615 71575
11556 70376 22522 71975 33461 68176 44367 61178 55298
59978 66276 58379 77248 54980 88213 46182 99194 42983
11173 45182 22170 45182 33166 45582 44160 44182 55152
45582 66138 46782 77132 44782 88129 43982 99116 40983
11107 38384 22093 40983 33071 37184 44066 35585 55059
32986
21212 11971 24008 22931 25021 33747 31533 44698 35523
55686 01021 66656 03017 77646 05509 88608 19011 99598
19509 11569 15517 22550 15525 33506 11017 44450 10041
55428 10552 66332 07551 77294 08063 88230 09577 99215
09047 11201 06525 22194 08515 33191 10507 44178 21513
55166 20020 66158 25016 77147 31018 88137 32511 99132
27510 11127 28010 22123 32013 33113 33501 44103 23011
55101 21011 66098 25009 77093 22009 88090 28011 99077
33509 11076 33513 22075 29005 33068 34511 44065 29017
55064 31522 66059 34015=
