sing20150331.12
TTAA  81121 48698
99006 28641 06505 00071 28634 08006 92760 23639 07012
85495 19031 08008 70143 10429 09519 50587 04927 11015
40759 15342 05017 30972 29557 09012 25099 39148 17504
20248 51757 14005 15428 67546 23007 10662 82930 15019
88999
77999=
TTCC  81121 48698
70861 70356 01505 50060 69777 06040 30369 59980 09574
20631 43584 01514 10097 38785 28025
88884 86157 10034
88580 73376 10021
77269 09083 41011=
TTDD  8112/ 48698
11994 83134 22981 83536 33884 86157 44852 84350 55795
82758 66695 70150 77685 69956 88663 71557 99649 72358
11618 72977 22580 73376 33529 71577 44485 70177 55456
71377 66440 70177 77403 66378 88363 64579 99321 60580
11267 57980 22210 41985 33194 45184 44182 42584 55166
46183 66160 44384 77158 44184 88154 45184 99146 46383
11130 42185 22111 40985 33105 39785 44098 38786 55076
35986 66066 34587 77063 35586 88058 31588 99052 24390
11051 25189
21212 11948 12032 22858 09037 33794 12037 44744 08026
55705 03005 66694 00507 77684 34509 88635 02009 99615
06511 11574 10523 22554 13017 33501 06040 44477 05044
55418 09053 66405 09068 77269 09083 88195 01012 99188
32506 11181 26522 22168 26035 33157 25548 44139 25527
55110 24530 66087 29012 77085 24519 88080 30016 99079
27028 11076 29012 22074 32019 33071 27012 44064 29005
55059 34502 66056 05509 77051 06039=
