sing20150320.12
TTAA  70121 48698
99006 30858 13002 00068 29850 04006 92758 23014 07008
85493 19220 29503 70137 10050 26013 50587 03362 13513
40760 12771 14017 30972 29368 10515 25100 39563 13516
20248 51759 16020 15428 67358 16012 10662 86350 07018
88999
77999=
TTCC  70121 48698
70859 79375 16011 50053 70777 11037 30365 56381 09558
20628 50582 09553 10099 37986 31017
88996 86350 07019
77221 08569 41238=
TTDD  7012/ 48698
11944 84356 22788 85164 33731 82505 44701 79375 55689
78975 66589 74976 77515 71777 88508 71377 99463 68378
11423 66178 22397 64579 33382 63179 44337 61180 55315
57580 66302 56381 77279 54181 88259 52382 99219 49183
11187 47383 22173 39985 33159 43184 44144 39585 55137
38386 66136 37386 77111 38985 88097 37786 99086 40185
11085 40385 22074 30588 33066 33787 44062 35986 55061
35187
21212 11939 08033 22833 07518 33768 13014 44720 10005
55660 10510 66628 14511 77616 14515 88583 06019 99525
10031 11505 11536 22470 09542 33455 09543 44432 09054
55417 07050 66404 08055 77296 09558 88221 08569 99199
09554 11189 07529 22179 05020 33170 12505 44164 24007
55156 29005 66150 12503 77147 10510 88142 19016 99126
27012 11122 25013 22099 31516 33088 26515 44080 35009
55079 03005 66078 13003 77076 10005 88075 18011 99074
21509 11073 15508 22067 14504 33063 09508 44062 13008
55061 11009=
