sing20150317.00
TTAA  67001 48698
99009 26216 07004 00097 26020 04510 92782 22218 06007
85515 18424 29502 70160 10258 34006 50588 04763 02506
40760 15368 08017 30972 29566 08011 25099 40560 07518
20247 52161 11023 15429 64961 11014 10664 83357 04525
88999
77999=
TTCC  67001 48698
70863 77359 12022 50059 70576 10040 30372 56979 09073
20634 45182 01017 10099 38584 28007
88927 85550 05030
77302 09073 40813=
TTDD  6700/ 48698
11990 83357 22927 85550 33867 82157 44818 82559 55790
83159 66704 77960 77686 75359 88677 75560 99667 76175
11649 76376 22633 77775 33600 76176 44531 71975 55516
72175 66490 69376 77429 68576 88407 64977 99357 62778
11325 58579 22305 57179 33267 53180 44256 54380 55236
52380 66215 48581 77203 45182 88157 46382 99144 48181
11138 46582 22121 41783 33108 38784 44067 35985 55066
35985
21212 11918 05031 22854 10018 33825 14021 44796 12028
55719 14523 66695 11021 77683 09013 88647 03523 99636
03524 11563 11531 22484 08538 33406 08554 44359 08067
55302 09073 66277 10065 77196 35023 88190 35525 99183
00522 11176 00517 22173 34515 33167 29014 44144 25006
55141 25505 66139 23507 77133 26501 88131 01502 99120
01006 11116 25502 22114 23509 33106 34509 44103 32504
55099 27508 66093 29515 77085 27509 88082 23014 99077
21517 11074 23019 22069 19511 33066 21017=
