sing20150308.12
TTAA  58121 48698
99007 29656 07007 00079 29057 03506 92768 22827 01011
85502 19239 35007 70147 09841 29012 50586 06520 33006
40758 15361 08525 30969 30958 06520 25095 41144 11028
20243 54356 12027 15420 69150 11552 10655 75550 11507
88117 78750 09070
77117 09071 42468=
TTCC  58121 48698
70861 77975 33023 50056 72977 10012 30366 60380 09058
20625 46983 09537 10095 35986 28512
88999
77263 08570 41614=
TTDD  5812/ 48698
11986 75150 22916 77557 33836 74558 44768 77376 55708
78175 66603 72577 77480 70377 88445 68178 99387 65378
11353 63579 22329 61180 33281 59180 44246 56781 55222
53382 66203 47383 77188 43184 88181 40785 99162 39185
11136 45184 22128 42984 33118 41985 44111 39185 55096
34387
21212 11982 16509 22932 21520 33913 21022 44754 29520
55722 31016 66664 34030 77631 01508 88612 00503 99593
24507 11583 25510 22499 10012 33482 10527 44467 10532
55459 09530 66444 10045 77415 10052 88401 09049 99381
08560 11355 08553 22268 08569 33263 08570 44236 08563
55190 10521 66187 11515 77163 24526 88158 26529 99143
26538 11134 28028 22121 29521 33108 32514 44104 30515
55099 28007 66096 25515=
