sing20150325.00
TTAA  75001 48698
99009 27440 08004 00094 26834 07007 92778 21218 05019
85510 18225 03006 70151 08830 19006 50587 04957 13006
40759 14366 05504 30971 29959 14016 25098 40744 15021
20246 51360 22502 15426 66358 27008 10661 83934 25019
88999
77999=
TTCC  75001 48698
70858 77359 21016 50056 70176 09527 30368 57379 09054
20626 49981 12521 10086 42783 27531
88821 87748 33506
77999=
TTDD  7500/ 48698
11975 84956 22878 86561 33821 87748 44802 86313 55780
83556 66740 80763 77717 78359 88713 77959 99634 71357
11614 72158 22566 71977 33495 69376 44471 68176 55424
66777 66374 63377 77350 61778 88289 56979 99233 55779
11195 49181 22171 45582 33152 47182 44146 48181 55133
44382 66118 48181 77111 46582 88106 42783 99091 39784
11075 36984
21212 11955 25511 22914 34011 33854 34007 44835 36007
55797 27507 66764 31508 77734 20509 88691 21519 99645
12518 11590 05511 22567 09019 33539 06514 44522 09013
55497 09529 66465 08036 77419 09540 88379 08555 99341
10051 11298 09055 22200 12521 33196 10515 44183 02017
55174 00513 66171 33517 77162 29017 88154 23016 99143
26524 11141 25521 22136 27018 33132 28021 44127 29530
55114 27523 66087 25543 77077 26547 88075 26043=
