sing20150322.00
TTAA  72001 48698
99010 26432 09002 00102 26631 02502 92788 22433 31003
85520 18449 34507 70159 09229 25012 50588 04758 07009
40760 16165 04008 30971 29360 18513 25098 40957 18012
20246 52161 08021 15426 67157 00515 10660 84346 09521
88999
77999=
TTCC  72001 48698
70858 80567 09511 50054 68976 10031 30369 58779 07551
20632 48181 09013 10091 44782 27521
88961 85142 11021
77999=
TTDD  7200/ 48698
11995 84344 22961 85142 33934 84737 44855 82356 55838
81956 66788 83157 77710 81158 88705 80561 99700 80567
11634 76176 22561 70576 33502 68976 44478 65977 55437
63977 66411 61978 77356 60378 88304 58979 99273 54980
11256 53180 22240 50781 33226 46382 44217 46782 55177
52180 66156 48981 77148 45382 88146 42183 99142 40383
11120 45982 22112 47981 33107 46782 44099 43783
21212 11946 12022 22925 09019 33884 08512 44844 16503
55809 21518 66766 18026 77706 10010 88635 02529 99615
03527 11576 09524 22531 11027 33514 09527 44482 10033
55450 08032 66435 09539 77330 07043 88288 08554 99277
09049 11268 09057 22250 10048 33226 12039 44215 12025
55195 06511 66188 08511 77174 17514 88156 30507 99145
28023 11140 31526 22135 28521 33128 26032 44118 25537
55112 27014 66108 25524 77104 24018 88099 27521=
