sing20150302.00
TTAA  52001 48698
99008 26234 02505 00087 26039 01508 92770 20820 02023
85499 18461 34514 70132 08668 33508 50584 05356 12018
40756 14364 08528 30967 30963 09008 25094 41144 12025
20241 53732 13027 15420 69126 16002 10652 84525 08548
88100 84526 08547
77999=
TTCC  52001 48698
70856 76576 23503 50052 69776 13025 30362 60778 08556
20623 47582 09047 10085 43783 26025
88999
77226 08572 41928=
TTDD  5200/ 48698
11985 83916 22969 82929 33938 83556 44914 84358 55879
82925 66860 76759 77847 76360 88827 74941 99800 72340
11796 72340 22713 76364 33706 76576 44659 73376 55591
75576 66551 73575 77519 71376 88506 69576 99465 67976
11421 69776 22391 67176 33350 62178 44297 60778 55282
57979 66264 55379 77239 50981 88236 50781 99222 49781
11211 48581 22205 47582 33183 46582 44176 44782 55158
47382 66142 43783 77132 45382 88124 42783 99114 45582
11103 42983 22094 39784 33070 35585 44063 34985
21212 11883 08541 22843 06530 33816 05022 44776 29004
55598 36024 66570 04013 77510 13525 88387 10046 99375
09043 11362 08549 22350 10058 33338 10060 44327 10059
55281 09067 66267 09052 77226 08572 88194 09545 99181
06016 11169 35012 22152 25008 33142 28022 44137 29526
55113 26531 66086 23527 77084 29026 88081 24516 99074
27516 11071 25020 22063 31006=
