sing20150314.00
TTAA  64001 48698
99011 25632 06005 00114 25229 02510 92795 21230 04514
85526 18447 24503 70168 11058 13509 50589 05360 06011
40761 16543 07010 30971 31950 11513 25097 42559 11524
20243 54950 11037 15422 66757 08549 10661 78357 29523
88999
77999=
TTCC  64001 48698
70863 78758 35506 50057 72776 09036 30373 54780 09552
20636 48381 08525 10099 40383 29008
88828 82757 30018
77232 09561 42038=
TTDD  6400/ 48698
11955 79756 22873 81558 33828 82757 44775 76358 55596
77963 66588 77164 77573 75374 88516 72177 99509 72377
11430 65377 22379 59778 33346 57379 44333 55180 55321
53580 66304 54780 77257 53580 88231 51580 99216 46982
11203 48181 22186 50381 33181 51580 44138 43783 55127
40383 66111 42383 77100 40383 88088 38384 99075 35585
11069 37184 22064 36185
21212 11942 27521 22895 26021 33777 32522 44751 32520
55690 06507 66667 17510 77588 15021 88520 10032 99423
09560 11345 09048 22232 09561 33220 06034 44191 09015
55176 05013 66156 04022 77148 02010 88145 32009 99142
30009 11137 34508 22128 27023 33115 31020 44107 28006
55105 35005 66099 28507 77096 33510 88087 23509 99081
27007 11078 23508 22075 26511 33072 18002 44064 10005=
