sing20150323.12
TTAA  73121 48698
99006 29657 07009 00065 29256 05512 92753 23023 02010
85488 18610 32002 70134 10842 27508 50586 03761 04505
40759 15160 34504 30970 30361 08504 25097 40162 14505
20245 52163 14511 15425 66559 24505 10660 83557 19516
88999
77999=
TTCC  73121 48698
70860 75962 11001 50056 67378 05017 30368 59380 08546
20625 51382 10039 10087 43184 25027
88981 84157 19013
77243 09561 41213=
TTDD  7312/ 48698
11981 84157 22939 84357 33928 82957 44751 78359 55708
75959 66649 77375 77610 74376 88596 73376 99504 67178
11449 65378 22418 66578 33380 64779 44336 62979 55299
59380 66276 57580 77252 59580 88234 57780 99201 51182
11180 47183 22169 43184 33158 44984 44154 42984 55153
42384 66126 47183 77122 45984 88117 44584 99106 43184
11096 41385
21212 11935 15007 22919 16003 33903 01006 44855 01515
55821 35508 66804 33010 77761 02507 88748 04503 99734
11005 11703 09502 22672 23004 33641 08505 44615 15508
55586 11517 66575 10516 77552 03506 88520 03511 99489
07019 11482 07513 22444 08023 33428 10025 44412 08535
55397 08029 66384 09545 77338 07545 88284 09049 99243
09561 11204 10543 22193 12026 33186 15524 44183 15528
55179 13030 66167 18010 77164 22010 88159 26508 99156
24012 11154 25019 22149 26517 33134 27038 44123 28547
55120 28540 66103 26534 77098 25024 88096 24532=
