sing20150326.00
TTAA  76001 48698
99010 26826 04504 00100 26626 03509 92785 21822 04520
85516 17416 04515 70158 09630 08009 50588 05530 15007
40761 15161 11505 30971 29961 14514 25099 39959 16020
20247 52350 16522 15426 66944 28011 10662 82724 23011
88999
77999=
TTCC  76001 48698
70861 79357 08008 50058 66577 11032 30371 57379 09056
20631 49981 10036 10096 42183 26030
88943 84923 25005
77213 08064 40950=
TTDD  7600/ 48698
11943 84923 22933 84316 33919 83728 44908 83938 55837
84957 66824 85156 77813 85146 88772 82557 99768 82557
11740 80158 22730 79758 33710 80157 44681 77156 55657
74964 66651 74772 77612 73776 88575 70177 99527 68976
11507 66377 22442 64577 33415 65977 44374 64577 55328
60178 66308 58379 77288 55979 88270 54780 99213 53980
11199 49981 22178 45982 33174 45182 44164 46782 55152
42983 66144 43982 77142 43982 88138 43383 99129 39984
11118 42583 22114 41383 33107 42583 44077 37384 55070
38984 66069 38984
21212 11922 28503 22891 16504 33859 15011 44799 18509
55770 00000 66756 07008 77742 09519 88702 09010 99689
33011 11667 30009 22626 34515 33587 06515 44559 10518
55550 09523 66522 11531 77513 11537 88480 10529 99442
09039 11393 09049 22386 09055 33288 09056 44260 08057
55213 08064 66192 10524 77185 08520 88178 04004 99172
31515 11166 28514 22160 19505 33157 27513 44152 29534
55139 28022 66131 23027 77124 23537 88112 26531 99110
26025 11102 27035 22100 26029 33079 29030 44078 29024
55075 26538 66071 27546 77069 25536=
