sing20150321.12
TTAA  71121 48698
99008 29456 06005 00083 28456 32503 92771 22210 08006
85506 19046 35008 70148 09408 25006 50588 04160 07509
40760 15149 10008 30971 30533 09509 25098 39343 13010
20247 52335 11517 15427 66541 03004 10661 83920 08021
88999
77999=
TTCC  71121 48698
70859 80146 15020 50056 68178 07525 30369 59780 08557
20629 48383 09525 10097 40385 20516
88835 86956 12515
77999=
TTDD  7112/ 48698
11896 83945 22882 84547 33835 86956 44823 87136 55819
86727 66800 85341 77795 84943 88757 80750 99738 80957
11694 79542 22682 79350 33575 68556 44564 69177 55532
70377 66483 67178 77457 65978 88415 64379 99352 62779
11334 60180 22285 58180 33259 52382 44241 54181 55211
51782 66206 50582 77197 47783 88180 41385 99169 43184
11167 43784 22157 45584 33139 40785 44134 42185 55125
39185 66117 40985 77111 39185 88104 40585 99097 39185
11092 35786 22089 33187 33085 35186 44079 36186 55072
37586
21212 11928 10027 22848 11016 33772 18024 44714 16018
55619 04020 66549 10519 77490 06526 88456 09031 99343
09554 11299 08558 22200 09525 33194 07517 44181 13005
55177 23010 66168 25026 77155 25015 88147 34011 99142
29515 11135 29528 22117 26512 33110 22008 44096 20524
55089 27516 66075 25020 77072 25017=
