sing20150305.12
TTAA  55121 48698
99007 29459 07507 00075 28857 05015 92762 23438 35508
85498 20057 35516 70140 08820 29015 50586 05357 09503
40758 15158 15515 30969 30959 10520 25095 41759 11028
20243 53758 12544 15421 69157 10546 10657 76957 10028
88999
77999=
TTCC  55121 48698
70860 71557 32520 50056 72977 08028 30367 61379 08073
20624 49383 09069 10097 39985 24542
88851 82357 11018
88573 75176 08001
77211 08580 41555=
TTDD  5512/ 48698
11878 81956 22851 82357 33814 79558 44771 81358 55756
80959 66698 71557 77692 71557 88617 74358 99608 74359
11589 74576 22573 75176 33483 72177 44451 67378 55418
65778 66397 62979 77370 61579 88355 62779 99332 63979
11302 61379 22282 60180 33232 53182 44206 51982 55186
43784 66176 45584 77162 42784 88152 39185 99141 36186
11132 37586 22119 39385 33113 38186 44094 41385 55081
42584 66080 42384
21212 11910 11022 22749 09509 33735 01008 44721 33518
55695 32520 66670 30519 77634 32519 88587 35005 99554
15507 11523 07012 22495 08532 33460 10542 44435 08549
55359 11066 66340 09565 77310 08064 88300 08073 99259
08067 11211 08580 22199 09065 33183 13044 44174 12535
55168 10521 66162 09511 77159 00507 88156 33014 99136
25527 11121 27029 22112 25541 33092 25531 44088 27042
55080 24519=
