sing20150316.12
TTAA  66121 48698
99008 28845 00503 00087 28232 36003 92774 22214 04509
85507 18210 27003 70155 10644 01009 50588 04357 04004
40760 14173 08008 30972 29564 12512 25099 40363 11022
20247 52363 11533 15429 62366 10513 10667 81359 05010=
TTCC  66122 48698
70866 82360 15512 50060 73563 10041 30369 57569 08577
20633 46383 11526
88756 85559 14508
77297 08079 40421=
TTDD  6612/ 48698
11793 84359 22756 85559 33640 78160 44611 76161 55556
73762 66532 72162 77510 73362 88489 73163 99465 70963
11435 69764 22373 66365 33349 63166 44324 61368 55295
56570 66279 55172 77236 48981 88229 48983 99211 45584
11184 43184 22156 45584 33139 42984 44119 39185 55111
40185 66106 38985 77101 38586
21212 11962 02513 22941 04013 33879 33502 44806 12005
55774 16006 66723 12511 77676 15020 88648 09508 99622
03520 11568 06031 22517 10038 33489 10547 44456 08047
55433 09549 66409 08057 77353 08577 88308 08571 99297
08079 11246 09559 22233 09565 33215 11535 44204 13028
55194 08016 66191 04007 77188 29009 88176 28034 99157
28529 11142 22508 22135 25519 33119 28513 44113 24513=
