sing20230721.00
TTAA  71001 48698
99008 27225 24503 00101 26613 20508 92786 22844 21516
85520 18435 25527 70167 10050 30021 50588 04721 22516
40760 15327 12014 30971 29956 08023 25099 39761 07035
20247 53157 05539 15425 69150 06039 10663 75361 28058
88999
77999=
TTCC  71001 48698
70870 70967 27518 50072 59982 26508 30389 62383 12014
20641 58584 09060 10086 46984 10060
88881 79558 28553
77147 09086 41611=
TTDD  7100/ 48698
11881 79558 22824 78559 33798 74762 44763 75561 55722 70767
66659 70768 77649 68371 88602 69971 99539 65975 11498 59382
22448 58384 33352 62783 44326 63783 55317 61583 66292 63183
77280 60184 88246 61383 99193 57584 11162 59381 22154 56184
33127 53383 44109 49583 55096 44984 66094 42187 77092 39788
88077 44382 99072 39587 11060 34786 22057 32588 33052 32385
21212 11824 28041 22728 30016 33701 27518 44658 28012 55634
24514 66607 24510 77580 28512 88566 27002 99563 01502 11557
03508 22544 02010 33532 35012 44511 33510 55498 25508 66494
24512 77480 28006 88472 25008 99448 24021 11393 25527 22363
26518 33350 23510 44312 17512 55304 13510 66279 09033 77243
07547 88158 09068 99147 09086 11122 10086 22114 10086 33108
10086 44105 10574 55103 10064 66100 10060 77096 10076 88095
09584 99092 09068 11086 09053 22081 08053 33076 07570 44068
08545 55065 08535 66062 10039 77061 10045 88058 08018 99055
11510 11054 19008 22052 24506=
