sing20230701.00
TTAA  51001 48698
99009 25230 31503 00112 24415 28008 92797 22037 26523
85529 18841 25521 70171 09819 25506 50589 04758 08023
40762 14166 11531 30973 30150 08533 25100 39960 08033
20249 51565 07049 15429 66562 07041 10663 81150 05533
88103 83333 03529
77999=
TTCC  51001 48698
70870 68169 28043 50072 65774 27033 30388 61576 09023
20644 54378 08568 10097 42985 09086
88049 32383 30029
77102 09086 41414=
TTDD  5100/ 48698
11945 76958 22888 74760 33820 77160 44788 76161 55750 70367
66727 68168 77608 70370 88562 70370 99482 62376 11407 65374
22377 60778 33342 59178 44305 61775 55266 61576 66230 57378
77220 53781 88186 54778 99115 47382 11094 41584 22087 36388
33068 35385 44061 29989 55059 27789 66049 32383 77047 30584
88042 31783
21212 11966 06041 22897 06506 33887 33004 44883 31004 55862
28010 66828 27023 77759 25014 88739 27521 99709 28039 11625
27539 22564 25051 33475 27031 44428 29535 55392 34502 66385
25002 77383 13002 88377 06502 99374 31502 11351 14004 22344
14006 33337 20004 44323 18008 55316 10506 66308 07514 77276
10543 88213 09068 99156 09054 11137 09072 22102 09086 33090
09580 44085 08064 55077 08047 66071 08551 77066 10027 88063
07025 99060 06016 11058 33016 22057 31525 33056 31531 44055
32037 55053 31535 66048 30519 77047 28023 88042 25543=
