sing20230726.00
TTAA  76001 48698
99009 28435 20003 00116 27822 11506 92802 23238 17518
85534 18011 23518 70181 10058 27012 50591 05356 15516
40762 16558 10021 30973 30760 09021 25100 40740 06535
20247 53350 05539 15426 66960 07566 10664 79358 17512
88999
77146 07574 42644=
TTCC  76001 48698
70874 71968 26539 50075 65773 29014 30384 64375 07537
20641 53183 09060 10094 46187 10062
88967 80757 16012 88710 71968 27039
77999=
TTDD  7600/ 48698
11967 80757 22909 78558 33880 69366 44863 67166 55710 71968
66607 72368 77588 71569 88577 68172 99536 64774 11467 68372
22386 64175 33305 65574 44288 59979 55235 55182 66220 56380
77188 51184 88133 50984 99083 42188 11074 44186 22072 44985
33070 46184 44068 45786 55067 42788 66062 44187 77058 42788
88052 39788 99048 36789 11047 33591 22044 34987
21212 11984 17510 22927 13006 33910 18002 44905 07502 55898
11002 66888 24504 77877 28516 88865 29521 99793 25537 11759
27035 22560 26535 33533 31021 44520 29016 55439 27018 66413
29510 77397 33506 88385 31504 99368 34010 11357 03010 22328
09512 33314 06025 44289 08551 55257 09562 66233 11058 77158
08056 88134 08068 99123 09560 11113 10566 22089 08568 33087
08570 44072 10031 55067 08533 66062 04539 77057 05047 88056
03541 99049 07045 11044 12514=
