sing20230705.12
TTAA  55111 48698
99006 26443 30505 00088 25627 25004 92778 23220 03516
85509 19037 00518 70152 08815 01518 50587 06714 06018
40760 13713 13519 30973 28561 09519 25100 39557 10023
20249 52156 11029 15429 66562 07033 10663 76157 13010
88113 80550 08021
77999=
TTCC  55111 48698
70872 69562 26049 50073 66563 27537 30390 62159 11012
20645 56363 09058 10100 43387 08574
88289 62959 08523
77092 09580 41418 77063 10560 42426=
TTDD  5511/ 48698
11932 79544 22917 79944 33901 76158 44858 72360 55744 72959
66701 69562 77640 70960 88606 68562 99541 70961 11455 61763
22366 57564 33289 62959 44277 59163 55209 58561 66177 54165
77171 51166 88146 49965 99128 45374 11110 45780 22090 39989
33076 37590 44067 38989 55056 35990 66054 34791 77041 37390
88037 35598
21212 11987 16002 22953 14502 33946 16002 44931 24502 55924
35002 66921 01504 77894 09502 88889 18502 99877 23510 11816
26543 22732 25551 33665 27049 44628 29029 55575 28021 66539
27535 77499 27537 88466 27019 99454 24519 11429 24537 22402
26531 33369 31529 44342 31014 55333 34508 66325 04004 77308
12506 88285 08025 99246 06537 11232 08537 22223 08029 33218
07035 44202 09056 55170 09062 66158 09549 77142 08566 88132
08560 99092 09580 11084 10070 22071 13539 33064 10554 44063
10560 55057 14033 66054 11535 77053 14025 88052 17023 99046
27031 11040 00527 22037 04037=
