sing20230723.00
TTAA  73001 48698
99009 28439 21004 00113 27825 17004 92803 22410 17518
85537 18817 23519 70181 10457 29514 50590 05358 24512
40761 15357 10012 30972 30150 06025 25099 40347 05025
20247 53535 05539 15426 68356 07047 10662 80757 12514
88105 80556 22512
77999=
TTCC  73001 48698
70871 62975 25523 50074 67576 26525 30387 60779 09527
20640 57980 09058 10087 47585 09076
88578 68375 25551
77129 09086 41209=
TTDD  7300/ 48698
11862 76959 22754 66370 33727 66770 44710 63175 55578 68375
66564 66577 77526 69174 88432 61378 99352 65776 11331 66175
22304 61579 33289 59580 44254 63577 55240 60179 66156 53382
77137 53782 88116 49385 99095 48185 11078 44188 22072 38789
33064 34589 44057 33788 55052 34587 66050 33787 77047 33986
88045 32188 99034 30986
21212 11957 06504 22942 34504 33900 33506 44885 25006 55860
21502 66859 19502 77856 10002 88852 10002 99844 20004 11833
22008 22826 20506 33802 09004 44788 05508 55774 35006 66770
34506 77742 03002 88733 31002 99712 26016 11643 25047 22580
25551 33544 27537 44493 26525 55474 26031 66433 27016 77419
29018 88341 32519 99333 34016 11316 09514 22312 10516 33281
09545 44245 11049 55230 09054 66215 10054 77129 09086 88114
09074 99085 08580 11079 09558 22075 09056 33070 09535 44064
08025 55060 12516 66058 10018 77055 10519 88051 14527 99050
13519 11045 27023 22042 28008 33040 24006 44039 26514 55034
25045=
