sing20160617.00
TTAA 67001 48698
99006 26816 20001 00080 27028 16003 92767 22826 13510
85500 18216 10503 70144 09829 07514 50587 04546 11512
40760 14562 08012 30972 28963 08005 25099 39150 32010
20248 51959 32516 15427 68350 32019 10659 84547 05518
88999
77999=
TTCC 67007 48698
70860 74765 05523
88932 86740 06525
77999=
TTDD 6700/ 48698
11932 86740 22838 83549 33794 77161 44703 74765 55649
77563 66633 77164 77602 68972 88602 68772
21212 11951 05524 22890 09534 33858 11030 44800 06533
55755 11529 66738 11526 77709 06520 88705 06020 99645
05529 11602 09046=
