sing20160609.12
TTAA 59121 48698
99008 29228 14002 00099 29050 15006 92789 23424 20507
85524 19038 24507 70169 09213 29005 50590 05122 04512
40762 14756 10014 30974 29156 09530 25101 39535 10528
20250 51559 11525 15430 66957 11522 10666 79559 12518
88999
77999=
TTCC 59121 48698
70867 82958 09507 50062 64578 09046 30379 59981 10516
20644 43789 25529 10101 46789 25520
88800 82957 08508 88339 64377 02024
77999=
TTDD 5912/ 48698
11940 77361 22800 82957 33718 83556 44684 81760 55664
76963 66617 78763 77560 71571 88540 72173 99531 67176
11470 61579 22455 62978 33400 58780 44339 64377 55316
63578 66265 50586 77241 49186 88222 48387 99206 43590
11170 47987 22107 50386 33087 40191 44079 38992 55073
40391
21212 11980 13016 22955 11518 33841 07503 44780 07513
55733 10516 66724 11514 77704 10505 88684 07021 99666
06034 11599 05034 22538 09543 33516 09038 44479 10053
55445 10041 66425 08539 77400 08010 88393 01503 99369
30510 11334 03528 22315 07030 33307 08021 44294 14012
55279 13010 66273 11505 77250 19510 88247 18010 99238
16005 11232 21510 22227 24014 33211 26015 44200 25529
55185 28021 66172 27522 77166 26022 88160 27016 99153
24013 11144 25525 22135 25010 33132 00000 44121 21010
55118 24511 66117 25010 77110 17010 88105 21511 99103
25014 11099 26520 22096 29010 33092 21001 44090 11510
55085 13029 66081 12019 77079 13010 88077 12004 99075
08010 11073 08016=
