sing20160613.00
TTAA 63001 48698
99009 27839 27502 00108 27235 23506 92795 23037 16506
85529 18446 18509 70171 08603 18504 50589 04757 13522
40761 14361 09512 30973 29358 07512 25101 40557 07015
20249 53138 06529 15427 68143 07058 10663 80750 07002
88999
77142 07066 41725=
TTCC 63001 48698
70866 73767 02518 50063 70771 08542 30382 49782 27040
20644 51182 28529 10096 44586 16505
88885 84732 07036 88251 55779 26549
77424 09571 43139=
TTDD 6300/ 48698
11885 84732 22806 74765 33721 75365 44663 71369 55559
76365 66516 74368 77469 66574 88436 67173 99371 56180
11359 56978 22346 55580 33335 48783 44251 55779 55184
49583 66155 53381 77110 49583 88105 44586 99089 43187
11083 44186 22057 34393 33055 34792
21212 11931 08514 22896 06531 33868 07542 44832 09533
55782 08518 66763 06012 77754 04513 88711 01018 99666
08518 11594 13018 22546 12026 33516 09531 44502 08541
55481 09556 66424 09571 77389 09539 88360 07536 99349
08036 11346 08532 22338 11010 33331 18004 44326 25510
55314 28026 66291 27049 77274 26552 88225 27040 99212
29031 11203 28535 22190 27016 33183 26020 44168 27524
55156 28015 66149 32015 77145 35513 88140 33511 99136
36010 11125 01020 22120 05022 33118 06019 44115 06010
55107 11510 66105 17502 77095 32010 88093 35513 99089
36012 11084 02530 22081 04520 33078 04016 44076 05518
55074 04010 66069 08010 77065 00000 88061 03010 99058
06525 11057 06020 22056 03012 33055 05013=
