sing20180205.00
TTAA 55001 48698
99011 25627 07003 00121 24628 03508 92801 19827 02529
85527 15411 03021 70163 09229 34009 50588 04957 17005
40760 14961 17513 30971 30762 10011 25098 41758 09519
20245 53758 10525 15425 65763 25021 10661 81758 20517
88999
77999=
TTCC 55001 48698
70860 75366 33009 50056 72369 27009 30362 62177 09555
20621 52582 08065 10075 45586 09536
88860 85757 19016 88576 76763 27024
77135 09579 41826=
TTDD 5500/ 48698
11860 85757 22819 86156 33697 74767 44660 75766 55645
72368 66576 76763 77453 68772 88393 71170 99351 66375
11328 67174 22254 54181 33238 55180 44209 52382 55168
54381 66123 44986 77103 46186 88067 39590 99056 43588
21212 11876 18010 22795 23010 33757 21511 44726 30512
55705 33011 66686 31004 77650 28014 88614 26522 99597
27525 11566 27021 22546 28516 33511 27013 44502 27010
55485 29001 66446 04510 77415 11520 88402 12528 99382
08528 11250 10074 22230 09563 33217 08064 44143 09567
55135 09579 66127 10557 77105 08543 88094 11530 99091
11030 11085 06518 22082 05030 33079 05013 44078 02014
55066 31001 66063 26010 77058 23518 88056 24519=
