sing20180209.12
TTAA 59121 48698
99008 27857 06507 00093 26457 04011 92775 20214 01013
85502 16209 28016 70144 10664 29507 50586 06362 09521
40758 13565 09023 30970 29762 11537 25097 40559 13521
20245 53162 00513 15424 65762 31518 10661 82750 29002
88999
77999=
TTCC 59121 48698
70857 72971 07521 50056 72967 28018 30362 62578 09058
20616 53583 08562 10072 40789 10053
88807 88536 13018
77131 07581 41826=
TTDD 5912/ 48698
11807 88536 22784 88741 33759 88557 44732 78561 55670
71371 66501 72967 77375 68972 88366 69572 99227 56581
11209 57780 22200 53583 33179 49984 44159 51783 55135
46186 66112 45387 77109 45387 88102 40790 99077 40390
11070 35193 22064 34393 33059 37392 44056 35193 55048
37392
21212 11894 15013 22831 15016 33798 13020 44770 14022
55744 08522 66725 08026 77685 08512 88681 09510 99652
19005 11550 27510 22505 28019 33477 29514 44467 28010
55456 22504 66447 17010 77420 15515 88382 08023 99359
09032 11344 07541 22322 09547 33297 09060 44234 09066
55178 08058 66131 07581 77119 09059 88109 08553 99105
10061 11102 10557 22096 07547 33082 11518 44076 09520
55072 11013 66066 11524 77062 08517 88059 09526 99057
05021 11053 03021 22050 05527 33048 04521=
