sing20180224.00
TTAA 74001 48698
99009 25225 06004 00106 24223 03005 92788 21630 01011
85520 17824 34006 70159 08820 14501 50587 06100 10508
40759 15909 06518 30969 30330 08021 25096 41134 07026
20244 53558 07029 15422 69156 08519 10653 83942 09549
88105 83940 09043
77999=
TTCC 74001 48698
70853 79363 25003 50048 72968 24517 30351 66175 08566
20602 56581 09571 10054 43987 08059
88999
77114 09584 41726=
TTDD 7400/ 48698
11943 84950 22868 83160 33852 78162 44751 81960 55705
80762 66685 74766 77657 73168 88584 77163 99482 72368
11449 75365 22402 73968 33352 67174 44329 68173 55275
62777 66242 63177 77187 53782 88142 49984 99136 50983
11112 49585 22105 43788 33091 43788
21212 11924 09546 22883 07539 33831 05511 44811 34004
55790 26510 66730 29010 77701 26003 88688 23510 99619
26539 11560 28031 22541 26028 33508 25520 44483 21018
55447 20016 66429 19507 77394 13013 88383 09527 99364
06543 11334 09054 22292 09072 33224 08579 44171 10066
55114 09584 66091 08052=
