sing20180203.12
TTAA 53121 48698
99008 28256 06510 00094 27050 02517 92778 20817 03027
85507 17442 03518 70144 09256 02508 50587 04741 03007
40759 13759 06015 30971 29565 08009 25098 40363 10522
20245 53750 15023 15424 66365 12524 10660 81760 34011
88999
77999=
TTCC 53121 48698
70860 78563 22518 50056 70770 31011 30361 63177 09055
20617 52982 10064 10078 42988 07045
88875 86757 00512
77138 09076 41622=
TTDD 5312/ 48698
11875 86757 22830 79562 33797 78163 44752 80361 55686
77163 66655 79362 77631 74566 88452 69971 99378 72170
11350 66176 22272 59579 33262 60178 44189 50383 55169
50783 66151 45786 77139 46586 88130 42189 99123 43388
11106 40590 22100 42988 33082 34993 44047 45187 55046
45188
21212 11915 36012 22886 35012 33849 06514 44820 16008
55811 18510 66792 20517 77753 21028 88697 22518 99660
21513 11653 22010 22650 22509 33629 29015 44615 30514
55607 30011 66593 25515 77572 25019 88548 26521 99527
28012 11514 30513 22501 31011 33488 34510 44445 09002
55425 05010 66418 04015 77399 09524 88378 11533 99356
08548 11332 08050 22292 09560 33260 08057 44213 10563
55196 09566 66187 09055 77165 10565 88138 09076 99124
07056 11118 09054 22107 08036 33100 07045 44092 06010
55089 14001 66085 20510 77075 26014 88072 25019 99068
27027 11066 25021 22064 20514 33063 21513 44062 24016
55057 24031 66053 30515 77052 31016 88050 26019 99050
29017 11047 25510 22046 04502=
