sing20180217.12
TTAA 67121 48698
99007 28650 07506 00084 27650 05012 92770 22008 01509
85503 17604 35009 70145 08606 31510 50586 04360 31012
40759 14964 04510 30969 30762 11029 25096 40766 13036
20243 53162 12555 15424 65562 16009 10659 82946 12508
88999
77999=
TTCC 67121 48698
70855 77563 05509 50051 75564 25525 30354 67374 10046
20605 58979 10564 10056 39990 10023
88895 86349 12515 88479 76564 26021
77121 09086 41053=
TTDD 6712/ 48698
11895 86349 22775 86756 33723 85359 44710 78563 55566
72368 66479 76564 77464 76764 88430 69373 99426 69173
11369 71170 22306 66775 33281 67575 44235 58380 55203
59378 66128 47985 77121 49783 88108 41790 99096 39591
11074 36193 22062 42988 33054 35793 44053 31194 55052
30795 66049 32794
21212 11966 08012 22930 08019 33857 17510 44835 21006
55819 21510 66777 20021 77751 19018 88720 12011 99691
01510 11679 36014 22658 01010 33649 32505 44639 27010
55612 27524 66570 25023 77533 26023 88514 24526 99485
26022 11445 25010 22428 30502 33406 06510 44380 09523
55362 08036 66325 07045 77300 10046 88279 08052 99235
09074 11202 10563 22177 10081 33150 08570 44128 08076
55121 09086 66107 08544 77102 10025 88096 07016 99091
07516 11089 06013 22088 36013 33083 33532 44077 31528
55068 30051 66063 29542 77062 29526 88060 31011 99060
31510 11059 27012 22057 21504 33055 23510 44054 29514
55050 29535 66049 30531=
