sing20180206.00
TTAA 56001 48698
99011 25235 04504 00119 24437 01012 92798 19018 01525
85523 16650 33513 70158 10057 27008 50588 04357 03013
40760 15959 04503 30971 31159 10513 25097 41360 09531
20245 51963 09512 15425 65763 25024 10661 80759 25027
88999
77999=
TTCC 56001 48698
70859 81762 02517 50054 74566 29514 30363 59779 08557
20623 52582 09050 10074 44387 06541
88835 86356 29012
77127 09064 40918=
TTDD 5600/ 48698
11835 86356 22778 86956 33702 82361 44689 76166 55670
72771 66601 76564 77514 73167 88491 75165 99422 67174
11401 68173 22354 62577 33335 63975 44253 55580 55228
49783 66195 52582 77112 50583 88099 44187 99092 46585
11085 42788 22075 45187
21212 11944 28524 22839 29512 33828 28010 44783 27004
55760 35016 66711 02023 77694 02012 88676 33002 99630
23010 11621 22010 22582 29011 33538 30016 44521 28512
55489 30010 66475 22503 77439 11008 88414 07032 99414
07033 11384 10042 22340 10056 33331 09558 44305 08055
55180 09549 66157 10052 77143 08560 88127 09064 99110
10052 11098 05539 22093 04538 33089 08530 44086 10010
55085 09504 66076 31003 77075 26504=
