sing20180228.12
TTAA 78121 48698
99006 27014 35002 00072 26009 28004 92759 22006 02012
85493 18411 34007 70136 09641 26503 50587 05156 27006
40759 13958 33507 30970 30108 30008 25097 40730 27503
20245 53728 13507 15423 68557 10523 10655 81556 11030
88105 83936 10554
77116 10558 427//=
TTCC 78127 48698
70855 76561 23008 50051 ///// /////
88999
77999=
TTDD 7812/ 48698
11880 84350 22849 80958 33789 80559 44744 81758 55667
73762 66555 76161 77533 73364
21212 11949 14513 22920 17512 33889 17511 44851 09013
55837 08012 66818 11015 77781 12519 88753 13517 99735
12510 11713 17002 22695 23510 33670 24523 44632 26526
55599 24528 66533 23020=
