sing20180226.12
TTAA 76121 48698
99006 28857 06008 00079 28056 04012 92765 21616 01014
85496 17850 02507 70136 10658 02505 50586 04765 32014
40758 15556 28508 30969 30533 14011 25096 40962 11516
20243 54142 11522 15421 69756 10539 10655 80759 06030
88999
77119 10061 41642=
TTCC 76121 48698
70854 80362 21008 50047 72769 10501 30353 64177 08054
20605 56781 09050 10056 39791 10567
88774 86557 22505
77118 09586 41820=
TTDD 7612/ 48698
11774 86557 22765 86757 33728 78763 44693 80562 55599
79562 66544 73568 77466 70570 88429 72968 99405 71571
11390 67175 22291 64777 33195 54982 44171 54582 55143
51384 66133 52783 77114 48186 88098 38392 99093 39991
11077 35193 22072 29795 33069 30795
21212 11959 06021 22932 03512 33911 00506 44873 28010
55847 25513 66793 25010 77725 29002 88646 31016 99609
31022 11584 31020 22567 29013 33541 31011 44519 31010
55501 00000 66486 14010 77478 16514 88469 16512 99452
13010 11433 16515 22421 16515 33377 12041 44358 10543
55292 08556 66221 09546 77181 07551 88163 08563 99151
08554 11118 09586 22108 09073 33098 11063 44090 10554
55080 07538 66075 08541 77072 06022 88069 06027=
