sing20180210.12
TTAA 60121 48698
99008 27656 06508 00095 26456 02513 92777 20216 36015
85507 19858 30511 70150 10267 24007 50587 06739 13014
40759 13964 10517 30970 29169 13016 25098 40357 12529
20245 53166 13544 15426 64760 15519 10662 82950 34017
88999
77999=
TTCC 60121 48698
70858 74967 11015 50056 70570 25004 30362 61578 09046
20615 59379 08063 10068 43388 09544
88835 89336 15518
77135 09574 40519=
TTDD 6012/ 48698
11835 89336 22752 87356 33710 79963 44702 75166 55679
72572 66640 74567 77577 69970 88396 72569 99355 68375
11346 64378 22294 61378 33247 57580 44192 60978 55168
52983 66155 53182 77113 41990 88110 41989 99107 41789
11098 44388 22095 40991 33094 40991 44094 40991 55094
40791 66093 40791 77082 40191 88077 33394 99043 38392
21212 11966 34517 22933 36010 33893 09501 44865 17010
55840 16017 66812 12518 77746 09544 88716 10030 99694
11511 11683 19003 22667 27010 33652 28010 44608 22510
55571 25514 66543 26016 77528 25511 88522 26010 99462
04001 11441 11010 22432 13013 33387 07019 44370 10523
55356 09028 66339 10035 77323 07539 88286 09553 99191
08066 11135 09574 22115 11055 33106 08043 44102 09041
55096 11054 66092 11031 77090 10029 88085 11033 99080
13008 11077 17018 22075 18013 33071 16014 44068 26002
55066 30510 66064 31515 77050 06005 88048 05510 99044
03024 11043 05517=
