  1. 2.2018   0 Uhr

 99.9   0.3   3.1   85.9   3.1  -5.3   84.4  -0.0  -5.7   83.5  -1.8  -4.8
 81.8  -0.0  -0.0   79.9  -0.4   5.1   78.8  -1.3   5.0   70.0   4.6  -0.0
 69.6   5.1   0.4   68.5   4.7   2.2   66.1   6.1  -0.5   58.0  11.9  -3.2
 51.9  12.9   3.5   50.0   9.7   3.5   49.9   9.2   3.3   47.9   3.0   6.5
 45.6   1.4   8.1   42.8  -6.7  -0.6   42.4  -6.5  -1.7   41.1  -8.0  -8.0
 40.0  -8.6 -10.2   37.3 -17.4  -1.5   32.1 -30.7  -2.7   30.0 -30.7   2.7
 26.0 -34.3   3.0   20.0 -35.0   0.0   13.4 -38.4  -3.4   12.6 -31.4  -5.5
 11.6 -25.3   6.8   10.3 -24.6   2.2   10.0 -23.3  -4.1    9.1 -11.6 -13.8
  8.7 -10.2 -10.2    8.3 -15.9   0.0    7.9  -9.4  -5.4

 99.9   0.3   3.1   90.0   2.2  -2.8   80.0  -0.4   4.9   70.0   4.6  -0.0
 60.0  10.4  -2.5   50.0   9.7   3.5   45.0  -0.3   6.3   40.0  -8.6 -10.2
 35.0 -23.1  -2.0   30.0 -30.7   2.7   25.0 -34.4   2.5   22.5 -34.7   1.3
 20.0 -35.0   0.0   15.0 -37.5  -2.5   12.0 -27.8   1.8   10.0 -23.3  -4.1
  8.0 -11.0  -4.0    7.0   0.0   0.0    6.0   0.0   0.0    5.0   0.0   0.0
  4.0   0.0   0.0

  1. 2.2018  12 Uhr

 99.9   0.9  -5.1   94.8   2.4  -5.1   89.5   2.1  -5.8   88.4   2.2  -4.7
 85.8   0.5   0.0   83.1   1.8   4.8   70.0   3.6  -0.0   61.3   7.0   1.9
 59.5   7.0  -1.9   56.3   6.2  -3.6   52.9  10.4   2.8   50.0  13.1   6.1
 49.7  13.5   6.3   47.0   9.8   4.6   44.1   6.3   7.5   40.5  -0.8  -0.6
 39.2  -3.3  -3.9   38.3  -8.9  -2.4   37.1 -13.8   1.2   35.6 -23.1   2.0
 33.1 -26.3   4.6   30.5 -30.4   0.0   30.0 -29.7   2.6   29.7 -29.2   2.6
 20.0 -30.9  -5.4   15.0 -33.4  -5.9   13.3 -44.6   3.9   11.2 -30.4  -5.4
 10.2 -23.3   4.1   10.0 -21.8   3.8    9.7 -22.3   3.9    8.8 -14.3 -10.0
  7.9 -10.2  -3.7    7.4  -2.0  -7.5    6.8   0.9  -5.1    6.6   0.2   0.5
  6.4  -3.9   3.3    6.2  -6.0   7.1    6.0   0.0   9.8    5.5   4.7   6.7
  5.3   3.9  10.6    5.1  -3.2   8.7    5.0  -4.3   9.3    4.9  -5.8   3.3
  4.8  -4.7   4.7

 99.9   0.9  -5.1   90.0   2.1  -5.7   80.0   2.2   3.7   70.0   3.6  -0.0
 60.0   7.0  -0.8   50.0  13.1   6.1   45.0   7.4   6.6   40.0  -1.8  -1.9
 35.0 -23.8   2.6   30.0 -29.7   2.6   25.0 -30.0  -1.0   22.5 -30.4  -3.2
 20.0 -30.9  -5.4   15.0 -33.4  -5.9   12.0 -36.0  -1.7   10.0 -21.8   3.8
  8.0 -10.6  -4.4    7.0  -0.1  -5.9    6.0   0.0   9.8    5.0  -4.3   9.3
  4.0   0.0   0.0

  2. 2.2018   0 Uhr

 99.9  -2.5  -9.4   96.9  -0.9 -10.8   89.2  -3.9  -6.7   86.0  -4.2  -3.0
 77.3   0.7  -0.8   75.9   5.1  -0.9   73.2   9.2  -0.8   70.0   9.7  -0.9
 69.9   9.7  -0.9   66.9  10.7   5.0   60.0   9.6   1.7   59.0   7.7   2.8
 57.4   8.8   6.2   53.2  16.9   6.2   50.0  13.3   1.2   49.6  12.3   1.1
 47.0   7.6   5.3   44.5  -1.3   7.1   43.2  -5.0   1.3   42.3  -5.3  -3.1
 41.4  -5.0  -7.2   37.9 -16.9   1.5   35.3 -21.9   5.9   30.0 -31.3  -2.7
 27.3 -35.4  -3.1   20.0 -36.0   0.0   18.4 -35.4   3.1   15.2 -36.9  -3.2
 13.4 -38.9   3.4   12.9 -39.6   0.0   11.6 -28.4  -5.0   10.0 -35.4   3.1
  9.8 -37.0   0.0    9.0 -20.3  -3.6    8.5 -15.5  -5.6    8.0 -13.3   1.2
  7.7  -7.2  -0.6    7.4  -2.7   3.8    7.3  -1.8   4.8    7.0   0.0   7.2
  6.7  -3.1  11.4    6.4  -8.3   6.9    6.3  -5.1   4.3    6.1   0.2   2.0
  5.9   0.9   5.1    5.7  -3.0   4.2    5.3  -3.2   4.6

 99.9  -2.5  -9.4   90.0  -3.5  -7.1   80.0  -0.9  -1.5   70.0   9.7  -0.9
 60.0   9.6   1.7   50.0  13.3   1.2   45.0   0.5   6.7   40.0  -9.7  -3.8
 35.0 -22.4   5.4   30.0 -31.3  -2.7   25.0 -35.6  -2.2   22.5 -35.8  -1.1
 20.0 -36.0   0.0   15.0 -37.1  -2.5   12.0 -31.9  -3.4   10.0 -35.4   3.1
  8.0 -13.3   1.2    7.0   0.0   7.2    6.0   0.5   3.5    5.0   0.0   0.0
  4.0   0.0   0.0

  2. 2.2018  12 Uhr

 99.9   2.1  -3.6   93.4   1.3  -5.0   85.3   4.5  -2.6   81.6  -0.0  -6.2
 80.9  -1.0  -5.6   80.4  -1.8  -4.8   78.3  -0.3   0.4   75.9   3.9   3.3
 74.9   6.3   2.3   71.0   6.7  -0.0

 99.9   2.1  -3.6   90.0   2.6  -4.0   80.0  -1.5  -3.8   70.0   6.8  -0.6
 60.0   0.0   0.0   50.0   0.0   0.0   45.0   0.0   0.0   40.0   0.0   0.0
 35.0   0.0   0.0   30.0   0.0   0.0   25.0   0.0   0.0   22.5   0.0   0.0
 20.0   0.0   0.0   15.0   0.0   0.0   12.0   0.0   0.0   10.0   0.0   0.0
  8.0   0.0   0.0    7.0   0.0   0.0    6.0   0.0   0.0    5.0   0.0   0.0
  4.0   0.0   0.0

  3. 2.2018   0 Uhr

 99.9  -0.0  -4.1   89.2   3.2 -11.9   87.7   2.0 -11.1   79.8  -1.8  -4.8
 77.9  -0.0  -0.0   76.6   2.6   4.5   72.5   9.4  13.5   70.0   7.9   9.5
 68.2   8.3   6.9   65.0   4.8  10.3   61.7   7.1   1.3   60.6   6.6   1.2
 58.3   9.2   3.3   52.4  15.7  -2.8   50.0  12.2  -2.1   48.5   9.7  -3.5
 46.4   5.0  -1.3   42.8  -1.5   0.4   41.7  -3.6  -3.6   41.1  -5.1  -5.1
 39.2 -13.7   2.4   38.2 -15.4   7.2   35.7 -25.6   2.2   32.0 -29.9  -5.3
 30.0 -30.2  -2.6   29.1 -28.8   0.0   26.8 -30.4  -5.4   23.9 -34.0   0.0
 20.0 -34.5   0.0   16.2 -34.8  -3.0   15.5 -35.0   6.2   13.9 -36.4   3.2
 13.3 -42.6   7.5   11.9 -26.8   7.2   10.1 -16.2 -13.6   10.0 -16.2 -13.6
  9.8 -16.5  -9.5    9.6 -17.9  -6.5    9.4 -13.3  -1.2    9.1  -4.8   1.8
  9.0  -4.0   2.3    8.8  -2.4   5.1    8.4  -2.6   7.3    7.8   0.0   7.2
  7.5   2.6   4.5    7.1   6.7  -0.0

 99.9  -0.0  -4.1   90.0   2.9 -11.3   80.0  -1.7  -5.0   70.0   7.9   9.5
 60.0   7.3   1.7   50.0  12.2  -2.1   45.0   2.5  -0.7   40.0 -10.0  -0.8
 35.0 -26.4   0.9   30.0 -30.2  -2.6   25.0 -32.6  -2.1   22.5 -34.1   0.0
 20.0 -34.5   0.0   15.0 -35.4   5.3   12.0 -28.0   7.2   10.0 -16.2 -13.6
  8.0  -0.9   7.2    7.0   7.7  -1.1    6.0   0.0   0.0    5.0   0.0   0.0
  4.0   0.0   0.0

  3. 2.2018  12 Uhr

 99.9   1.9  -5.3   91.5  -0.0  -6.2   88.6   1.1  -6.1   84.9  -6.5  -3.0
 82.0  -1.4   3.9   81.1   0.4   5.1   79.2   3.7   7.9   75.3   7.2  12.5
 70.0   6.5   6.5   69.7   6.5   6.5   66.0   3.8   5.5   65.3   3.3   3.9
 65.0   3.3   3.3   62.9   7.3  -2.6   61.5   5.9  -4.1   60.7   4.9  -2.8
 59.3   7.5   2.0   57.2   9.2   3.3   54.8  10.8   0.9   52.7   6.1  -1.1
 51.4   5.5  -3.8   50.1   4.3  -3.6   50.0   4.3  -3.6   48.8   1.3  -5.0
 44.5  -1.0   0.0   42.5  -3.9  -3.3   41.8  -5.0  -5.9   39.9 -12.3   1.1
 37.8 -15.4   7.2   35.6 -24.6  -2.2   33.2 -25.3  -4.5   30.0 -28.3   0.0
 29.2 -30.7   2.7   26.0 -28.9  -5.1   21.3 -31.3   8.4   20.0 -32.4   5.7
 19.6 -33.8   3.0   18.7 -28.3   0.0   16.5 -32.3   8.7   13.8 -39.1   0.0
 12.4 -27.1  -9.9   11.8 -27.8   0.0   10.7 -18.2  -3.2   10.0 -21.8  -7.9
  9.2  -4.5  -2.6    8.9  -0.3   0.4    8.5   2.2   4.7    7.5   7.1   1.3
  7.2   9.2   3.3    6.8  13.9  -0.0    6.6  10.2   3.7    6.4   3.0   6.5
  6.3   3.8   5.5    6.2   7.1   4.1    5.7  13.8   8.0    5.3   6.3  -4.4
  5.2   6.3  -5.3    5.0   9.6   1.7    4.7   5.0   1.3    4.6  -0.7  -0.7


 99.9   1.9  -5.3   90.0   0.6  -6.1   80.0   2.3   6.7   70.0   6.5   6.5
 60.0   6.2  -0.4   50.0   4.3  -3.6   45.0  -0.7  -0.6   40.0 -11.9   0.7
 35.0 -24.8  -2.7   30.0 -28.3   0.0   25.0 -29.4  -2.4   22.5 -30.7   4.8
 20.0 -32.4   5.7   15.0 -36.0   4.0   12.0 -27.5  -3.3   10.0 -21.8  -7.9
  8.0   4.6   3.0    7.0  11.5   1.7    6.0   9.8   5.6    5.0   9.6   1.7
  4.0   0.0   0.0

  4. 2.2018   0 Uhr

 99.9   4.0  -1.1   91.6   0.5   0.1   88.3  -0.7   7.7   81.9   3.9  14.4
 74.6   6.0   7.1   70.0   5.1  -3.5   69.5   4.7  -4.0   67.4   1.8  -2.5
 66.6   1.3  -5.0   64.3   2.8 -10.4   62.6   1.7  -6.5   61.8   3.3  -3.3
 61.3   4.8  -1.8   60.1   8.2  -0.0   56.5  12.3  -0.0   54.1   9.8  -0.0
 51.0   7.3  -2.6   50.0   7.0  -1.9   49.5   6.5  -1.7   47.1   2.0  -0.5
 43.3   1.3  -1.6   42.4  -2.6  -4.5   40.8  -9.3   0.0   40.0 -14.4   3.9
 38.2 -21.5   1.9   36.7 -22.5  -2.0   30.0 -30.2   2.6   29.7 -30.4   5.4
 26.0 -29.4   5.2   20.0 -34.8  -3.0   18.6 -31.4  -5.5   17.1 -33.8   3.0
 13.2 -39.6   0.0   11.6 -24.8  -6.7   10.2 -16.4   6.0   10.0 -17.3   8.0
  9.7 -18.2   8.5    9.2 -13.9  -3.7    8.9  -9.6  -1.7    8.5  -6.1  -2.8
  8.0  -0.7  -2.5    7.5   4.4  -4.4    7.3   5.4 -11.7    6.9   7.8 -16.8
  6.7   7.0 -14.9

 99.9   4.0  -1.1   90.0  -0.1   3.8   80.0   4.4  12.6   70.0   5.1  -3.5
 60.0   8.3  -0.0   50.0   7.0  -1.9   45.0   1.6  -1.1   40.0 -14.4   3.9
 35.0 -24.4  -0.9   30.0 -30.2   2.6   25.0 -30.2   3.9   22.5 -32.4   0.6
 20.0 -34.8  -3.0   15.0 -36.8   1.4   12.0 -28.7  -4.9   10.0 -17.3   8.0
  8.0  -0.7  -2.5    7.0   7.2 -15.5    6.0   0.0   0.0    5.0   0.0   0.0
  4.0   0.0   0.0

  4. 2.2018  12 Uhr

 99.9   0.0   0.0   90.0   0.0   0.0   80.0   0.0   0.0   70.0   0.0   0.0
 60.0   0.0   0.0   50.0   0.0   0.0   45.0   0.0   0.0   40.0   0.0   0.0
 35.0   0.0   0.0   30.0   0.0   0.0   25.0   0.0   0.0   22.5   0.0   0.0
 20.0   0.0   0.0   15.0   0.0   0.0   12.0   0.0   0.0   10.0   0.0   0.0
  8.0   0.0   0.0    7.0   0.0   0.0    6.0   0.0   0.0    5.0   0.0   0.0
  4.0   0.0   0.0

  5. 2.2018   0 Uhr

 99.9   3.7   7.9   87.6   0.0   5.1   79.5   3.9   3.3   75.7   3.2   4.6
 72.6   5.1  -3.5   70.5   2.8  -4.9   70.0   2.3  -4.0   68.6   1.6  -1.3
 65.0   7.1  -1.3   61.4  11.3   1.0   59.7  12.8  -1.1   56.6  10.8  -0.0
 54.6   8.0  -2.1   51.1   6.7  -0.0   50.2   5.1  -0.0   50.0   4.6  -0.0
 48.5   0.5  -0.2   44.6  -3.6  -3.6   41.5  -9.3   4.3   40.2 -11.8   8.3
 38.2 -14.3  -1.3   30.0 -28.2   2.5   25.0 -37.5   6.6   23.0 -32.3   2.8
 21.7 -32.4  -5.7   20.0 -32.9  -5.8   14.3 -34.3   3.0   13.5 -40.5   3.5
 12.7 -28.3   7.6   10.5 -22.0  -1.9   10.0 -18.4   1.6    9.4 -14.0   6.5
  9.1 -14.5   5.3    8.5  -8.4  -3.9    8.2 -11.8  -9.9    7.9  -5.1  -4.3
  7.8  -2.5  -6.8    6.6   0.4  -0.3    6.3   5.1   0.9    5.8   7.6   5.3
  5.6   8.9   4.1

 99.9   3.7   7.9   90.0   0.7   5.7   80.0   3.7   3.4   70.0   2.3  -4.0
 60.0  12.5  -0.7   50.0   4.6  -0.0   45.0  -3.2  -3.3   40.0 -12.1   7.3
 35.0 -19.5   0.1   30.0 -28.2   2.5   25.0 -37.5   6.6   22.5 -32.3  -0.4
 20.0 -32.9  -5.8   15.0 -34.1   1.8   12.0 -26.4   4.7   10.0 -18.4   1.6
  8.0  -7.4  -6.2    7.0  -0.6  -2.6    6.0   6.6   3.5    5.0   0.0   0.0
  4.0   0.0   0.0

  5. 2.2018  12 Uhr

 99.9   8.9  10.6   93.6   5.6   6.7   91.6   3.3   5.8   89.2   3.0   8.2
 86.2   6.2   8.8   82.0   4.3   9.3   79.8   1.3   5.0   78.2   1.0   0.1
 76.4   2.6  -4.5   70.0   1.0 -11.3   69.2   1.0 -11.8   65.7   2.3  -6.3
 64.5   3.5  -3.0   63.3   6.2  -0.0   59.5   9.4   2.5   54.3   9.2   0.8
 51.7  10.1   1.8   50.9   9.2   3.3   50.0   9.4   2.5   48.7   8.1   1.4
 47.4   3.8   5.5   46.6   3.0   4.2   43.0  -3.1   0.0   42.3  -4.8  -1.8
 41.2 -10.3   0.0   39.9 -15.9  -7.4   33.2 -31.9   5.6   30.0 -32.3   2.8
 27.0 -33.8   3.0   24.2 -31.4  -5.5   20.0 -28.7  -2.5   18.4 -27.2   2.4
 15.6 -26.2   0.0   13.2 -30.9  -5.4   12.3 -23.6   2.1   11.6 -21.4   5.7
 10.0 -21.0   1.8    9.6 -21.8   3.8    8.8  -9.8   4.6    8.3  -4.6   0.4
  7.1  -1.8  -4.8    6.6  -0.0  -0.0    6.4  -1.3   5.0    6.2  -6.5   6.5
  6.1  -6.7   5.6    5.7  -2.5   1.8    5.1 -12.8   1.1    4.9 -10.8   0.9


 99.9   8.9  10.6   90.0   3.1   7.4   80.0   1.6   5.4   70.0   1.0 -11.3
 60.0   9.0   2.2   50.0   9.4   2.5   45.0   0.3   2.4   40.0 -15.4  -6.8
 35.0 -27.4   2.0   30.0 -32.3   2.8   25.0 -32.1  -3.0   22.5 -30.4  -4.4
 20.0 -28.7  -2.5   15.0 -27.4  -1.3   12.0 -22.6   3.6   10.0 -21.0   1.8
  8.0  -3.9  -0.9    7.0  -1.4  -3.9    6.0  -5.7   4.7    5.0 -11.8   1.0
  4.0   0.0   0.0

  6. 2.2018   0 Uhr

 99.9  13.1   4.8   94.4  11.9  -3.2   83.9   5.6  -2.6   82.8   5.1  -0.9
 78.3   2.1  -0.0   76.0   1.4  -8.1   71.1  -4.0 -11.1   70.0  -3.7  -7.9
 69.4  -2.1  -5.8   67.6   0.5  -0.9   63.0   3.9   3.3   62.1   3.3   3.9
 58.2   5.3  -1.9   53.8   7.1  -4.1   52.1   6.0  -1.6   50.0   6.5  -3.0
 48.9   4.5  -2.6   47.5   1.1   1.1   43.9  -3.9   1.4   41.4 -15.5  -5.6
 38.4 -21.3   3.8   34.0 -28.4   5.0   33.1 -29.7   2.6   30.5 -27.9  -4.9
 30.0 -29.2  -2.6   20.0 -25.7   0.0   18.0 -25.1   2.2   15.7 -26.3   4.6
 14.3 -30.7  -2.7   12.7 -32.9   0.0   11.0 -26.3   4.6   10.0 -19.1  -8.9
  9.8 -16.4 -11.5    9.3 -13.8 -13.8    8.9 -15.4  -1.3    8.6  -5.1   0.9
  8.5  -2.0   0.2    7.6   1.2  -1.0    7.5   2.0   0.2

 99.9  13.1   4.8   90.0   9.3  -3.0   80.0   3.2  -0.3   70.0  -3.7  -7.9
 60.0   4.4   0.8   50.0   6.5  -3.0   45.0  -2.3   1.3   40.0 -18.1  -1.3
 35.0 -26.7   4.7   30.0 -29.2  -2.6   25.0 -27.6  -1.4   22.5 -26.7  -0.7
 20.0 -25.7   0.0   15.0 -28.5   1.0   12.0 -30.3   1.9   10.0 -19.1  -8.9
  8.0  -0.3  -0.5    7.0   0.0   0.0    6.0   0.0   0.0    5.0   0.0   0.0
  4.0   0.0   0.0

  6. 2.2018  12 Uhr

 99.9  14.5   5.3   96.6  12.1   4.4   91.7   8.9  -2.4   82.4   4.5  -2.6
 78.9   2.6  -4.5   76.6  -1.4  -8.1   73.3  -0.9  -5.1   71.5  -2.0   0.2
 70.5  -0.9   5.1   70.0   0.0   7.2   67.6   0.0  10.3   62.0   1.1   6.1
 59.2   6.5   1.7   54.7   6.7  -0.0   50.0   5.3   1.9   49.0   4.9   2.8
 48.5   4.5   2.6   47.3   1.9  -0.9   45.8  -3.0  -4.2   45.0  -7.2  -5.0
 42.9 -11.0  -9.3   42.3 -13.4  -7.7   39.8 -17.7   3.1   32.9 -27.4  -4.8
 30.0 -27.7  -2.4   29.2 -28.3   0.0   20.6 -22.8   4.0   20.0 -23.6   2.1
 18.6 -24.6  -2.2   12.5 -33.3  -2.9   11.2 -27.2  -2.4   10.5 -24.3   4.3
 10.0 -25.1  -2.2    9.3 -18.4  -6.7    9.0 -19.5  -1.7    8.5  -9.3   4.3
  8.2  -8.7   3.2    7.7  -6.4  11.1    6.8  -3.8   5.5    6.6  -3.3   7.0
  5.9  -1.9  -5.3    5.8  -1.8  -4.8    5.6  -5.3  -3.1    5.3  -9.4  -5.4
  5.1  -4.9  -8.5    4.9  -8.5  -4.9    4.8  -1.8  -2.5

 99.9  14.5   5.3   90.0   8.1  -2.4   80.0   3.2  -3.9   70.0   0.0   7.2
 60.0   4.9   3.0   50.0   5.3   1.9   45.0  -7.2  -5.0   40.0 -17.4   2.2
 35.0 -24.3  -2.3   30.0 -27.7  -2.4   25.0 -25.8   1.8   22.5 -24.1   3.0
 20.0 -23.6   2.1   15.0 -29.4  -2.6   12.0 -31.0  -2.7   10.0 -25.1  -2.2
  8.0  -7.8   6.3    7.0  -4.4   6.8    6.0  -2.1  -3.5    5.0  -6.7  -6.7
  4.0   0.0   0.0

  7. 2.2018   0 Uhr

 99.9  16.9   6.2   96.7  11.6   4.2   89.2  10.2  -5.9   85.7   3.1 -11.4
 78.8   2.9 -10.9   76.6  -1.5  -5.5   74.5  -1.8   4.8   71.5  -1.4   8.1
 70.0  -2.6   7.3   68.0  -2.5   6.8   65.8  -4.7   4.0   65.3  -3.9   3.3
 63.3   0.7   1.4   62.2   5.1  -0.9   59.3   7.1  -6.0   57.6   5.8  -3.3
 55.7   5.6   1.0   50.8   5.3   1.9   50.0   2.3   1.1   48.0   0.5   1.5
 46.3  -4.7   2.2   43.8  -7.0  -1.9   38.9 -15.5   5.6   37.3 -17.4  -1.5
 31.2 -28.9   5.1   30.0 -28.7   2.5   29.2 -29.7   2.6   20.0 -34.3   3.0
 16.8 -39.1   0.0   13.3 -31.9   0.0   11.8 -24.2  -8.8   11.0 -30.2   2.6
 10.5 -23.4   6.3   10.0 -20.8   3.7    9.7 -20.5   1.8    9.2 -15.4  -7.2
  8.5  -5.6  -1.0    8.2  -1.1   2.9    7.8   0.4   5.1    7.5   0.0   7.2
  6.9  -9.8   4.6    6.5  -1.5   0.3    6.0  -6.5  -1.7    5.9  -7.1  -1.3
  5.8  -4.6  -5.5    5.5  -3.1  -1.8

 99.9  16.9   6.2   90.0  10.4  -4.8   80.0   3.0 -11.0   70.0  -2.6   7.3
 60.0   6.6  -4.7   50.0   2.3   1.1   45.0  -5.8   0.1   40.0 -13.5   3.9
 35.0 -21.6   0.9   30.0 -28.7   2.5   25.0 -31.7   2.8   22.5 -33.0   2.9
 20.0 -34.3   3.0   15.0 -35.5   0.0   12.0 -25.2  -7.6   10.0 -20.8   3.7
  8.0  -0.3   4.0    7.0  -8.1   5.0    6.0  -6.5  -1.7    5.0   0.0   0.0
  4.0   0.0   0.0

  7. 2.2018  12 Uhr

 99.9  13.5   4.9   93.1   7.1   1.3   91.2   5.1  -0.9   85.2   5.0  -7.2
 80.4  -7.3  -7.3   77.0 -11.6  -4.2   74.2  -9.2  -0.8   72.7  -4.2   3.0
 72.4  -3.9   3.3   70.3  -4.6   8.0   70.0  -4.9   8.5   66.7  -7.9   6.6
 65.7  -7.2   5.0   64.8  -4.7   2.2   63.2  -0.6  -0.8   61.5   4.2  -3.0
 57.2   7.2   0.6   55.1   9.2  -0.8   51.0   8.0   5.6   50.0   7.1   6.0
 48.1   4.5   2.6   46.1   0.2  -2.0   44.8  -4.7  -2.2   43.7 -10.2  -0.9
 42.0 -17.2  -3.0   40.0 -15.5   5.6   37.7 -20.1   0.0   34.0 -29.2  -2.6
 32.1 -28.9   5.1   30.0 -28.2  -2.5   27.6 -30.9   0.0   21.0 -28.4  -5.0
 20.0 -29.4  -5.2   17.0 -25.7   0.0   13.0 -38.3  10.3   11.7 -26.1  12.2
 10.4 -22.5   2.0   10.0 -28.8   7.7    9.8 -27.1   9.9    9.4 -20.5   9.6
  8.1 -11.4  -3.1    7.7 -17.9  -4.8    7.3 -15.9  -4.3    7.0 -10.7  -6.2
  6.8  -9.3 -11.0    6.2 -10.2  -8.6    5.8 -15.2  -2.7    5.5 -11.6  -6.7
  4.9 -15.2  -2.7    4.6  -8.4   3.9

 99.9  13.5   4.9   90.0   5.1  -2.1   80.0  -7.8  -6.9   70.0  -4.9   8.5
 60.0   5.2  -1.7   50.0   7.1   6.0   45.0  -3.9  -2.2   40.0 -15.5   5.6
 35.0 -26.7  -1.8   30.0 -28.2  -2.5   25.0 -29.9  -1.9   22.5 -29.0  -3.8
 20.0 -29.4  -5.2   15.0 -31.7   4.9   12.0 -29.0  11.7   10.0 -28.8   7.7
  8.0 -13.0  -3.5    7.0 -10.7  -6.2    6.0 -12.7  -5.7    5.0 -14.6  -3.4
  4.0   0.0   0.0

  8. 2.2018   0 Uhr

 99.9   5.9  -4.1   95.5   6.2  -6.2   91.3   6.8  -2.5   85.5   5.8  -3.3
 80.9   3.7  -7.9   79.7   1.7  -9.6   78.1  -1.4  -8.1   74.6  -5.0   1.3
 71.9  -3.9   3.3   70.3  -7.7   0.7   70.0  -6.7  -0.6   69.3  -4.2  -3.0
 64.0  -0.0  -0.0   62.9   3.3   3.9   58.7   5.1   8.9   54.0   4.2   3.0
 51.3   3.1  -0.0   50.4   3.9  -3.3   50.0   5.1  -4.3   46.7   2.6  -7.3
 44.3  -3.9  -3.3   42.3 -13.4   0.0   40.0 -13.7   2.4   38.1 -17.4  -4.7
 36.0 -25.3  -4.5   32.1 -26.9   4.7   30.0 -28.4   5.0   28.5 -30.2   2.6
 27.8 -28.7  -2.5   20.0 -31.4   0.0   18.9 -32.4   5.7   17.0 -35.4  -3.1
 13.9 -37.9  -3.3   12.8 -45.3   0.0   11.7 -33.4   0.0   11.3 -34.3  -3.0
 10.3 -26.1 -12.2   10.0 -30.3  -8.1    9.8 -33.4  -5.9    9.2 -17.2   3.0
  8.5 -12.3  -1.1    8.2  -8.4  -5.9    7.9  -9.3  -4.3    7.6 -12.2  -2.1
  7.0  -5.0  -5.9    6.4  -5.5  -4.6    6.1  -7.6   1.3    5.9  -5.1   0.4
  5.5  -2.0   1.7    5.4  -1.8   4.8    5.2  -5.6   6.7

 99.9   5.9  -4.1   90.0   6.6  -2.7   80.0   2.2  -9.2   70.0  -6.7  -0.6
 60.0   4.6   7.3   50.0   5.1  -4.3   45.0  -2.0  -4.5   40.0 -13.7   2.4
 35.0 -25.7  -2.2   30.0 -28.4   5.0   25.0 -29.6  -1.7   22.5 -30.5  -0.9
 20.0 -31.4   0.0   15.0 -37.0  -3.2   12.0 -36.7   0.0   10.0 -30.3  -8.1
  8.0  -9.0  -4.9    7.0  -5.0  -5.9    6.0  -6.4   0.9    5.0   0.0   0.0
  4.0   0.0   0.0

  8. 2.2018  12 Uhr

 99.9   3.3  -7.0   95.3   4.0  -4.7   89.4   0.8  -3.0   84.9   2.6  -5.6
 80.3  -4.1  -7.1   78.0  -8.0   2.1   75.9  -8.3   6.9   73.5 -10.1   7.1
 71.5 -15.0   5.5   70.0 -10.1   1.8   69.9 -10.2   0.9   68.0  -3.6  -4.3
 66.9  -2.8  -4.9   66.5  -2.6  -4.5   64.0  -0.4   0.4   61.5   3.6   3.6
 60.6   6.2   3.6   57.2   5.1   3.5   55.3   6.1  -1.1   50.0  12.1  -4.4
 49.9  11.7  -5.4   45.7   2.5  -6.8   44.4  -2.5  -2.5   43.8  -5.0  -1.3
 41.8 -12.4   3.3   39.6 -11.4   3.1   38.0 -14.7  -2.6   32.4 -25.1   2.2
 30.0 -26.6  -2.3   28.4 -30.4   0.0   20.3 -31.8  -2.8   20.0 -31.3  -2.7
 16.5 -33.8   3.0   14.6 -38.5  -6.8   13.3 -46.3   0.0   10.0 -34.0   0.0
  9.8 -34.3   3.0    8.7 -16.4   1.4    8.4 -11.9  -3.2    8.2 -12.1  -5.7
  7.6 -11.8  -8.3    5.5  -4.7   2.2    5.4  -2.1   5.8    5.0  -2.8   7.7
  4.9  -7.3   7.3    4.7  -6.5   6.5

 99.9   3.3  -7.0   90.0   1.1  -3.2   80.0  -4.6  -5.9   70.0 -10.1   1.8
 60.0   6.0   3.6   50.0  12.1  -4.4   45.0  -0.2  -4.5   40.0 -11.6   3.1
 35.0 -20.1  -0.1   30.0 -26.6  -2.3   25.0 -30.9  -1.1   22.5 -31.4  -2.0
 20.0 -31.3  -2.7   15.0 -37.5  -4.7   12.0 -41.7   0.0   10.0 -34.0   0.0
  8.0 -12.0  -6.5    7.0  -9.9  -5.5    6.0  -6.5  -0.5    5.0  -2.8   7.7
  4.0   0.0   0.0

  9. 2.2018   0 Uhr

 99.9   0.5  -3.0   88.8  -0.0  -0.0   82.4  -5.6  -1.0   80.1  -6.8   2.5
 76.2  -8.3   6.9   74.8  -8.0   5.6   72.4  -7.1  -4.1   70.4  -9.8  -5.7
 70.0  -9.4  -5.4   66.3  -1.8  -4.8   65.1  -0.0  -0.0   63.7   3.0   4.2
 59.3   4.0   4.0   57.4   8.2  -0.7   52.7  15.2  -2.7   50.0  10.4  -2.8
 49.7   9.9  -2.7   47.1   5.1  -3.5   45.4  -3.6  -2.1   44.8  -5.1   0.0
 43.1  -8.9   4.1   39.8 -15.9  -1.4   37.7 -22.0   1.9   33.3 -25.8   4.6
 30.9 -24.8  -4.4   30.0 -25.1  -2.2   27.9 -29.7   2.6   25.6 -26.6   2.3
 20.0 -33.9   6.0   15.4 -36.9   3.2   13.8 -50.2   4.4   12.2 -36.5   6.4
 11.5 -34.8  -3.0   10.5 -31.3   2.7   10.0 -33.3  -2.9    9.8 -32.9  -5.8
  9.6 -29.0 -10.6    8.7 -19.3  -3.4    8.2  -8.9  -2.4    8.1  -6.3  -2.3
  7.5  -3.3  -3.9    7.1  -0.9  -0.5    6.9  -2.6  -0.2

 99.9   0.5  -3.0   90.0   0.1  -0.3   80.0  -6.8   2.6   70.0  -9.4  -5.4
 60.0   3.8   4.0   50.0  10.4  -2.8   45.0  -4.6  -0.7   40.0 -15.4  -1.0
 35.0 -24.3   3.5   30.0 -25.1  -2.2   25.0 -27.4   2.7   22.5 -30.5   4.3
 20.0 -33.9   6.0   15.0 -40.1   3.5   12.0 -36.0   3.8   10.0 -33.3  -2.9
  8.0  -5.8  -2.6    7.0  -1.7  -0.4    6.0   0.0   0.0    5.0   0.0   0.0
  4.0   0.0   0.0

  9. 2.2018  12 Uhr

 99.9   1.0  -0.4   89.4  -3.3   5.8   83.1  -4.1   7.1   79.8  -7.9   6.6
 77.0  -7.3   8.7   74.4 -11.3  -1.0   72.5 -13.2  -2.3   70.0 -10.4  -2.8
 68.5  -6.1  -0.5   68.1  -5.1   0.4   65.2   0.4   2.5   55.0   5.1  -0.4
 50.5   9.6  -1.7   50.0   9.1  -1.6   47.7   6.5  -3.0   46.7   5.1  -0.9
 45.6   1.5   1.5   44.7  -0.9   5.1   42.0  -3.3   7.0   38.2 -11.7  -2.1
 35.9 -16.5   0.0   34.4 -20.4  -5.5   32.2 -24.1   2.1   30.0 -29.8   0.0
 29.7 -30.9   0.0   23.4 -34.0   0.0   20.0 -31.8  -2.8   17.8 -29.4  -5.2
 13.1 -40.3 -10.8   11.9 -30.4   0.0   10.9 -27.2  -2.4   10.5 -30.9   5.4
 10.2 -28.3   7.6   10.0 -26.9   4.7    9.6 -23.4  -6.3    8.2  -8.4   3.9
  7.6 -10.2   0.9    7.2  -6.3   2.3    6.6 -11.2   5.2    6.2  -8.7  -0.8
  5.9 -13.3   1.2    5.7  -8.3  -6.9    5.3  -5.4  -9.4    5.0 -11.4  -8.0
  4.8  -7.6  -7.6

 99.9   1.0  -0.4   90.0  -3.1   5.4   80.0  -7.7   6.6   70.0 -10.4  -2.8
 60.0   2.8   1.1   50.0   9.1  -1.6   45.0  -0.1   3.9   40.0  -7.6   2.3
 35.0 -18.8  -3.3   30.0 -29.8   0.0   25.0 -33.1   0.0   22.5 -33.4  -0.7
 20.0 -31.8  -2.8   15.0 -35.6  -8.4   12.0 -31.2  -0.9   10.0 -26.9   4.7
  8.0  -9.0   2.9    7.0  -7.9   3.2    6.0 -11.8   0.5    5.0 -11.4  -8.0
  4.0   0.0   0.0

 10. 2.2018   0 Uhr

 99.9   2.5  -6.8   93.8   3.0  -6.5   92.6   1.8  -4.8   89.4  -1.3  -0.8
 84.8  -3.0   4.2   83.6  -3.0   4.2   81.0  -3.9   1.4   80.4  -5.1   0.9
 76.0 -16.2   2.9   73.1 -20.0   1.7   70.0 -13.4  -3.6   69.9 -13.4  -3.6
 67.4  -5.1  -0.4   66.0  -0.0  -0.0   63.4   5.1  -0.0   62.2   7.3  -2.6
 58.9   6.1  -0.5   57.1   7.0   1.9   52.5  11.6   4.2   50.0   8.5   4.9
 49.6   8.9   5.1   47.8   8.0   2.1   46.0   7.5   3.5   44.6   5.1   0.4
 42.6  -0.3   0.4   41.5  -4.8  -1.8   40.3 -13.5  -6.3   38.1 -18.4   1.6
 32.3 -30.7   2.7   30.0 -30.4   0.0   20.5 -38.6   0.0   20.0 -38.1   0.0
 18.5 -34.3  -9.2   14.0 -41.5   3.6   11.4 -30.7   2.7   10.7 -27.8  -7.5
 10.0 -25.6   2.2    9.7 -20.9   5.6    9.0 -14.5  -5.3    8.0  -7.7   2.8
  7.2  -2.4  -0.9    6.5  -1.3  -5.0    6.3  -1.1  -6.1    6.2  -1.8  -4.8
  6.1  -5.0   1.3    5.8  -5.1   3.5    5.5  -7.7   0.0    5.3  -6.1  -0.5
  5.1  -5.3   3.1

 99.9   2.5  -6.8   90.0  -0.8  -1.5   80.0  -6.1   1.1   70.0 -13.4  -3.6
 60.0   6.5  -1.2   50.0   8.5   4.9   45.0   5.8   1.3   40.0 -14.2  -5.2
 35.0 -24.8   2.2   30.0 -30.4   0.0   25.0 -34.4   0.0   22.5 -36.7   0.0
 20.0 -38.1   0.0   15.0 -39.8   0.6   12.0 -33.4   2.9   10.0 -25.6   2.2
  8.0  -7.7   2.8    7.0  -2.1  -2.0    6.0  -5.0   2.1    5.0  -4.9   4.9
  4.0   0.0   0.0

 10. 2.2018  12 Uhr

 99.9   3.0  -8.2   96.6   2.3  -8.4   93.3  -0.0  -5.1   89.3  -0.5   0.0
 86.5  -0.9   5.1   84.0  -3.0   8.2   81.2  -7.6   5.3   74.6 -22.5   2.0
 71.6 -15.2   2.7   70.0  -7.3   2.6   69.4  -5.1   2.4   68.3   0.3   1.5
 66.7   5.1  -0.0   65.2   5.1  -0.9   60.8   3.6   3.6   57.1   7.0   1.9
 54.3   8.1   1.4   52.8   5.5   1.5   52.2   5.1   0.9   50.0   1.9   0.7
 46.2  -0.3  -0.4   44.1  -4.8   1.8   43.2  -5.1   4.3   38.7  -9.2  -3.3
 37.0 -11.4   3.1   35.6 -14.4   0.0   33.9 -17.7   3.1   32.3 -19.4  -5.2
 30.0 -23.7   0.0   28.6 -27.2   2.4   20.0 -31.9  -5.6   19.1 -33.4  -5.9
 13.5 -37.9   3.3   11.5 -26.6   9.7   10.6 -21.8  -3.8   10.2 -21.1   0.0
 10.0 -22.5   2.0    9.6 -26.1   9.5    9.2 -15.0   5.5    9.0 -14.7   2.6
  8.5 -16.0   5.8    8.0  -3.2   2.6    7.7  -1.6   9.1    7.5   0.0   6.7
  7.1  -2.5   6.8    6.8   1.0   0.2    6.6   4.2  -3.0    6.4   5.5  -5.5
  5.0  -2.2  -1.3    4.8  -4.2  -3.0    4.4  -6.2 -10.7    4.3  -7.2  -5.0


 99.9   3.0  -8.2   90.0  -0.4  -0.9   80.0 -10.2   4.7   70.0  -7.3   2.6
 60.0   4.3   3.3   50.0   1.9   0.7   45.0  -2.9   0.8   40.0  -8.0  -1.1
 35.0 -15.6   1.1   30.0 -23.7   0.0   25.0 -29.0  -0.7   22.5 -30.4  -3.1
 20.0 -31.9  -5.6   15.0 -36.6   0.6   12.0 -29.5   8.0   10.0 -22.5   2.0
  8.0  -3.2   2.6    7.0  -1.3   4.6    6.0   3.4  -4.3    5.0  -2.2  -1.3
  4.0   0.0   0.0

 11. 2.2018   0 Uhr

 99.9  -5.4  -9.4   92.6  -6.0  -1.6   87.3  -7.0   1.9   84.4  -8.9   4.1
 75.1 -21.3  -3.8   73.1 -21.9   5.9   70.5  -6.5   3.0   70.0  -4.5   2.6
 69.6  -2.8   2.3   65.4   0.2  -0.5   64.1  -0.0  -0.0   59.2   4.8  -1.8
 57.9   6.1  -2.8   55.8   4.5  -2.6   53.0   5.1  -0.0   50.3   5.6  -1.0
 50.0   5.1  -0.9   43.9  -0.2  -0.5   42.7  -5.1  -0.9   41.4  -8.0  -4.6
 39.3 -13.9   0.0   37.3 -19.0   0.0   33.2 -24.3   4.3   31.8 -24.1  -2.1
 30.0 -26.6   2.3   26.8 -36.9   3.2   23.0 -29.7  -2.6   20.0 -34.5   6.1
 17.6 -29.0  10.6   16.7 -36.0   6.3   12.6 -32.9   0.0   11.5 -23.7   0.0
 10.6 -28.2  -2.5   10.0 -15.9   0.0    9.7 -16.4  -4.4    9.2 -18.2  -3.2
  8.6  -7.7   0.0    8.4  -5.0   1.3    7.9  -3.3   3.9    7.7  -4.7   4.7
  7.6  -1.8   4.8    7.0   0.4  -0.3    5.9  -4.7  -2.2    5.7  -5.1  -0.4
  5.5  -4.0  -4.0    5.4  -5.9  -5.0

 99.9  -5.4  -9.4   90.0  -6.4   0.1   80.0 -14.6   0.5   70.0  -4.5   2.6
 60.0   4.0  -1.5   50.0   5.1  -0.9   45.0   0.8  -0.6   40.0 -11.9  -1.6
 35.0 -21.9   2.4   30.0 -26.6   2.3   25.0 -33.6   0.5   22.5 -30.5  -1.2
 20.0 -34.5   6.1   15.0 -34.8   3.9   12.0 -27.9   0.0   10.0 -15.9   0.0
  8.0  -3.6   3.4    7.0   0.4  -0.3    6.0  -4.2  -2.0    5.0   0.0   0.0
  4.0   0.0   0.0

 11. 2.2018  12 Uhr

 99.9  -3.3  -7.0   93.6  -4.4 -12.1   91.9  -5.9 -12.6   86.7  -8.4  -5.9
 83.2  -7.2   0.0   81.7  -8.4   2.3   78.7 -14.4   0.0   73.4 -23.3  10.9
 70.0 -11.6  11.6   67.5  -6.0   7.1   66.5  -2.2   4.7   66.1  -1.6   4.4
 64.0   3.6   3.6   62.7   3.9   3.3   61.0   3.0   0.5   59.9   4.2  -3.0
 55.3   6.7  -5.6   52.8  11.7  -2.1   51.0   9.8  -5.7   50.0  10.7  -6.2
 47.7   7.6  -4.4   46.1   5.3  -6.3   45.2   0.6  -6.7   44.7  -1.3  -7.1
 40.5 -13.9   3.7   37.7 -12.0   6.9   35.0 -17.9  -1.6   31.5 -25.8  -6.9
 30.0 -27.8   0.0   29.9 -27.8   0.0   27.7 -33.3  -2.9   20.8 -35.5   6.3
 20.0 -34.8   3.0   12.2 -40.1   0.0   11.5 -28.4  -5.0   11.1 -34.8  -3.0
 10.5 -22.8  -4.0   10.0 -23.2  -8.4    9.9 -22.8 -10.7    8.6  -9.7   0.9
  8.4  -6.7   0.0    8.0  -2.3  -6.3    7.6   1.5  -1.5    6.7   3.2   4.6
  6.6   3.8   5.5    5.0  -0.5  -0.1

 99.9  -3.3  -7.0   90.0  -6.8 -10.2   80.0 -11.8   1.0   70.0 -11.6  11.6
 60.0   4.1  -2.6   50.0  10.7  -6.2   45.0  -0.1  -6.8   40.0 -13.6   4.3
 35.0 -17.9  -1.6   30.0 -27.8   0.0   25.0 -34.1   0.5   22.5 -34.9   3.8
 20.0 -34.8   3.0   15.0 -38.0   1.2   12.0 -36.8  -1.4   10.0 -23.2  -8.4
  8.0  -2.3  -6.3    7.0   2.6   2.5    6.0   2.3   3.5    5.0  -0.5  -0.1
  4.0   0.0   0.0

 12. 2.2018   0 Uhr

 99.9   7.1  -1.3   95.7   4.4  -4.4   93.6   1.6  -6.0   90.8  -4.6  -8.0
 84.7 -10.2  -0.9   75.4 -21.6   0.0   71.0  -3.9   3.3   70.0  -0.7   2.5
 69.6   0.4   2.0   68.0   4.5   2.6   66.9   5.1   3.5   65.1   5.6  -0.5
 62.7   6.7  -4.7   57.6   5.0  -1.3   56.4   5.0   1.3   54.9   8.2   3.0
 50.0   2.5  -1.8   46.9   0.8  -0.7   44.7  -0.0  -5.1   41.0  -4.8  -1.8
 38.0  -9.1   1.6   37.0 -15.7  -2.8   35.0 -29.7  -2.6   31.2 -28.7   2.5
 30.0 -29.8   0.0   22.5 -31.8  -2.8   20.0 -34.3  -3.0   17.8 -33.4   5.9
 12.8 -41.7   0.0   11.9 -28.0 -10.2   11.2 -32.9  -5.8   10.7 -23.2   0.0
 10.0 -21.5  -1.9    9.4 -19.5   1.7    8.6  -7.7  -0.7    8.4  -5.0  -1.3
  7.9   0.3  -0.4    7.5   2.6   4.5    7.2  -0.5   5.6    7.1  -0.4   5.1
  6.9   3.2   4.6    6.8   4.0   4.7    6.7   6.5   1.7    6.4  10.3   4.8


 99.9   7.1  -1.3   90.0  -5.4  -7.1   80.0 -15.9  -0.5   70.0  -0.7   2.5
 60.0   5.8  -3.0   50.0   2.5  -1.8   45.0   0.1  -4.5   40.0  -6.2  -0.7
 35.0 -29.7  -2.6   30.0 -29.8   0.0   25.0 -31.1  -1.8   22.5 -31.8  -2.8
 20.0 -34.3  -3.0   15.0 -37.8   2.8   12.0 -29.6  -9.0   10.0 -21.5  -1.9
  8.0  -0.8  -0.6    7.0   1.4   4.9    6.0   0.0   0.0    5.0   0.0   0.0
  4.0   0.0   0.0

 12. 2.2018  12 Uhr

 99.9  -3.7 -13.9   88.9 -10.3   0.0   81.6 -16.4   6.0   79.1 -22.3   3.9
 76.5 -26.6   9.7   74.7 -21.9  10.2   70.0  -7.2  -0.6   69.3  -6.1  -1.1
 66.8  -0.0  -2.6   63.0   0.9  -5.1   61.3   0.6  -7.2   59.8  -4.4  -7.6
 59.4  -3.0  -6.5

 99.9  -3.7 -13.9   90.0  -9.6  -1.4   80.0 -20.2   4.7   70.0  -7.2  -0.6
 60.0  -3.7  -7.5   50.0   0.0   0.0   45.0   0.0   0.0   40.0   0.0   0.0
 35.0   0.0   0.0   30.0   0.0   0.0   25.0   0.0   0.0   22.5   0.0   0.0
 20.0   0.0   0.0   15.0   0.0   0.0   12.0   0.0   0.0   10.0   0.0   0.0
  8.0   0.0   0.0    7.0   0.0   0.0    6.0   0.0   0.0    5.0   0.0   0.0
  4.0   0.0   0.0

 13. 2.2018   0 Uhr

 99.9  -6.9 -12.0   87.3 -10.8   0.0   83.0 -13.8  -1.2   77.4 -22.0   1.9
 75.4 -19.9   5.3   74.2 -15.4   1.3   71.9  -4.3  -3.6   71.5  -2.7  -3.8
 70.1   2.2  -4.7   70.0   2.2  -4.7   68.6   5.5  -4.6   65.6   3.0  -4.2
 64.7   2.3  -2.8   63.2   4.7  -2.2   61.3   4.7   2.2   57.7  11.8   1.0
 55.3  10.8  -0.9   50.0   3.9   3.3   49.6   4.0   4.0   46.5   5.5   5.5
 44.9   3.3   7.0   43.3   2.8   4.9   42.5   0.0   4.1   41.1  -3.6   3.6
 39.9  -8.4  -2.3   39.1 -11.1  -6.4   36.2 -19.8  -7.2   34.5 -19.2 -11.1
 31.9 -22.5   2.0   30.3 -20.8  -3.7   30.0 -21.3  -3.8   27.0 -29.2   2.6
 21.0 -29.8   8.0   20.0 -32.9   5.8   18.1 -32.8  -2.9   13.9 -33.4   5.9
 12.1 -40.5   7.1   10.0 -24.1  -2.1    9.9 -24.1  -2.1    9.3 -29.2  -2.6
  8.7 -11.6  -4.2    8.5  -8.5  -4.9    8.1  -2.4  -8.9    7.5  -5.6  -6.7
  7.1   3.6  -6.2    6.8  12.1  -5.7    6.5   8.9  -2.4

 99.9  -6.9 -12.0   90.0  -9.9  -2.7   80.0 -18.2   0.5   70.0   2.2  -4.7
 60.0   7.2   1.8   50.0   3.9   3.3   45.0   3.4   6.9   40.0  -8.0  -1.8
 35.0 -19.4  -9.9   30.0 -21.3  -3.8   25.0 -29.4   4.3   22.5 -29.7   6.5
 20.0 -32.9   5.8   15.0 -33.3   3.4   12.0 -39.8   6.7   10.0 -24.1  -2.1
  8.0  -2.9  -8.6    7.0   6.4  -6.0    6.0   0.0   0.0    5.0   0.0   0.0
  4.0   0.0   0.0

 13. 2.2018  12 Uhr

 99.9  -4.3  -9.3   92.8  -9.8  -9.8   89.2 -11.1  -4.0   86.8 -11.9   3.2
 83.1 -14.2   2.5   76.8 -26.6   9.7   72.1  -7.7  -0.7   71.1  -3.9  -1.4
 70.0  -0.7  -2.5   66.8   1.5  -0.4   63.0   5.1  -0.4   59.4  12.2  -2.1
 56.2  11.1  -4.0   51.5  10.3  -0.0   50.0   9.8   4.6   48.4  10.5   7.4
 42.7   5.5   5.5   41.6   3.5   5.1   39.6  -1.9   5.3   38.6  -4.1   0.7
 37.8  -4.2  -3.0   37.3  -4.3  -5.1   36.0 -11.8   0.0   34.6 -20.5   1.8
 33.5 -19.0   0.0   31.9 -22.2   8.1   30.3 -23.2   0.0   30.0 -22.5   2.0
 26.8 -27.8   0.0   20.0 -30.4  -5.4   18.5 -29.9  -5.3   16.2 -31.9   5.6
 12.2 -42.2   0.0   11.5 -40.5   3.5   10.6 -25.1  -2.2   10.0 -25.3  -6.8
  9.3 -14.7 -10.3    8.9 -15.5  -5.6    8.3  -3.9  -8.4    7.7   5.2 -11.2
  7.1  13.4  -7.7    5.4  15.2   2.7    4.8  15.7   2.8    4.7  14.0   6.5


 99.9  -4.3  -9.3   90.0 -10.8  -5.3   80.0 -20.2   6.0   70.0  -0.7  -2.5
 60.0  11.0  -1.9   50.0   9.8   4.6   45.0   7.6   6.3   40.0  -0.8   5.3
 35.0 -18.0   1.3   30.0 -22.5   2.0   25.0 -28.4  -1.3   22.5 -29.4  -3.3
 20.0 -30.4  -5.4   15.0 -34.8   4.1   12.0 -41.7   1.0   10.0 -25.3  -6.8
  8.0   0.6  -9.8    7.0  13.5  -7.2    6.0  14.5  -1.2    5.0  15.5   2.7
  4.0   0.0   0.0

 14. 2.2018   0 Uhr

 99.9  -4.6  -5.5   88.3 -14.7   2.6   78.5 -23.4  -6.3   74.6  -8.7   0.8
 73.8  -5.1   0.0   72.5   0.1  -1.0   70.5   5.1   0.9   70.0   5.6   1.0
 67.2   6.3   4.4   60.0  13.5   9.4   57.3  14.4  -0.0   51.6  14.0   5.1
 50.0  14.0   5.1   45.8   6.6  -1.2   44.5   3.3  -3.9   40.3  -0.0  -2.6
 39.2  -3.0  -4.2   37.9  -3.5  -9.7   37.2  -5.4  -9.4   35.5 -10.3   0.0
 33.9 -19.5  -1.7   33.3 -21.5   1.9   32.2 -21.4   5.7   30.7 -20.6   0.0
 30.0 -22.6   0.0   23.8 -28.7   2.5   20.0 -31.3   2.7   19.5 -30.4   0.0
 16.8 -29.3   7.9   15.1 -41.0   3.6   12.8 -43.0   3.8   11.2 -37.0  -6.5
 10.8 -39.5  -3.5   10.4 -28.2  -2.5   10.0 -25.8  -6.9    9.1 -23.1  -2.0
  8.7 -12.9   0.0    8.5  -9.6  -1.7    8.1  -5.0  -5.9    7.9  -3.5  -5.1
  7.8  -0.5  -5.6    7.7  -0.5  -5.6    7.6  -1.8  -4.8    7.4  -0.0  -0.0
  7.2   3.6   3.6    6.5  11.0   7.7    5.9  11.2   5.2    5.6   8.4   5.9


 99.9  -4.6  -5.5   90.0 -13.2   1.4   80.0 -22.0  -4.9   70.0   5.6   1.0
 60.0  13.5   9.4   50.0  14.0   5.1   45.0   4.6  -2.9   40.0  -0.8  -3.0
 35.0 -13.1  -0.5   30.0 -22.6   0.0   25.0 -27.4   2.0   22.5 -29.5   2.6
 20.0 -31.3   2.7   15.0 -41.1   3.6   12.0 -40.1  -1.3   10.0 -25.8  -6.9
  8.0  -4.3  -5.5    7.0   5.7   4.8    6.0  11.1   5.6    5.0   0.0   0.0
  4.0   0.0   0.0

 14. 2.2018  12 Uhr

 99.9  -9.6   1.7   95.2 -11.4   9.6   79.5 -24.1   2.1   77.9 -21.5   1.9
 75.4  -7.5   3.5   74.8  -3.9   3.3   73.4   0.9   1.9   71.9   5.0   1.3
 70.0  10.1   1.8   68.9  12.4   3.3   62.5  11.1   6.4   59.4  10.7   5.0
 58.2   9.2   0.8   57.2   9.9  -2.7   52.2  14.9   4.0   50.0  14.3   1.3
 45.8  10.6   1.9   43.7   8.9  -2.4   41.7   6.1  -0.5   41.1   5.1  -0.9
 39.6  -0.2  -0.5   38.5  -3.0  -4.2   38.0  -3.3  -7.0   36.6 -10.9  -2.9
 34.3 -27.3   0.0   32.7 -22.9   6.1   30.6 -19.8  -3.5   30.0 -21.3  -3.8
 28.6 -22.4  -6.0   24.9 -27.4   4.8   20.0 -31.8   2.8   18.4 -35.9   3.1
 16.6 -32.4   5.7   15.5 -41.0   3.6   12.3 -47.7   4.2   11.4 -34.5  -6.1
 10.2 -22.0   1.9   10.0 -22.3   3.9    9.9 -23.3   4.1    9.0 -20.0   1.7
  8.4  -6.2   3.6    8.2  -2.3   2.8    7.6   0.2   2.0    7.4   5.0   1.3
  7.0   6.1  -1.1    6.6  10.8  -0.9    6.3   5.9  -5.0    5.9   8.8  -6.2


 99.9  -9.6   1.7   90.0 -15.4   7.2   80.0 -23.7   2.4   70.0  10.1   1.8
 60.0  10.8   5.3   50.0  14.3   1.3   45.0  10.0   0.3   40.0   1.2  -0.6
 35.0 -22.2  -0.9   30.0 -21.3  -3.8   25.0 -27.2   4.5   22.5 -29.4   3.9
 20.0 -31.8   2.8   15.0 -42.0   3.7   12.0 -43.3   0.8   10.0 -22.3   3.9
  8.0  -1.5   2.5    7.0   6.1  -1.1    6.0   8.1  -5.9    5.0   0.0   0.0
  4.0   0.0   0.0

 15. 2.2018   0 Uhr

 99.9  -9.6   1.7   96.0 -11.6   6.7   90.7 -18.2   3.2   89.4 -17.5   0.0
 85.7 -16.7   2.9   84.1  -9.3   4.3   82.1  -0.4   5.1   81.8   0.4   5.1
 78.5   7.6   9.1   75.1  11.0   7.7   73.6  13.9   3.7   70.5  12.4  -3.3
 70.0  11.9  -3.2   64.2  10.6   1.9   61.0   7.7   0.7   59.7   8.2  -0.7
 57.0  12.6   4.6   50.3  12.2  -2.1   50.0  12.2  -2.1   45.6  11.8  -0.0
 44.0   9.2  -0.8   42.7   5.8  -3.3   41.6   2.5  -6.8   40.5   1.3  -5.0
 39.9  -0.8  -3.0   38.1  -8.9  -5.1   36.8 -13.7  -2.4   33.8 -18.4   1.6


 99.9  -9.6   1.7   90.0 -17.8   1.5   80.0   4.3   7.3   70.0  11.9  -3.2
 60.0   8.1  -0.4   50.0  12.2  -2.1   45.0  10.9  -0.3   40.0  -0.4  -3.3
 35.0 -16.5  -0.0   30.0   0.0   0.0   25.0   0.0   0.0   22.5   0.0   0.0
 20.0   0.0   0.0   15.0   0.0   0.0   12.0   0.0   0.0   10.0   0.0   0.0
  8.0   0.0   0.0    7.0   0.0   0.0    6.0   0.0   0.0    5.0   0.0   0.0
  4.0   0.0   0.0

 15. 2.2018  12 Uhr

 99.9 -12.6   5.9   94.9 -17.2   3.0   90.6 -13.8  -1.2   87.5 -16.7   2.9
 85.9 -11.6   4.2   84.8  -5.5   4.6   83.9  -1.6   6.0   82.1   5.0   5.9
 80.8   9.8   5.7   76.5  15.7   2.8   71.5   8.2  -0.0   70.0   7.5  -2.0
 68.6   5.3  -3.1   67.5   3.1  -0.0   66.5   4.2   3.0   63.1   5.8   2.1
 61.7   5.8   5.8   57.6  10.2   0.9   52.5  18.2  -3.2   50.0  14.5  -5.3
 48.8  12.0  -6.9   45.7   6.0  -1.6   45.1   4.7  -2.2   43.9   1.3  -2.2
 40.6  -5.1  -0.9   38.7 -10.1  -1.8   35.9 -16.4   6.0   33.8 -24.2   0.0
 31.1 -25.8  -4.6   30.0 -27.8   0.0   25.5 -33.4   5.9   21.9 -41.0   3.6
 20.3 -32.3  -2.8   20.0 -32.8  -2.9   16.2 -41.0   3.6   14.7 -29.3  -7.9
 13.5 -30.4  -5.4   12.5 -47.7   4.2   11.7 -27.3   0.0   10.4 -22.6   0.0
 10.0 -27.2   2.4    9.8 -29.2   2.6    9.5 -24.1   2.1    9.2 -32.8   2.9
  8.7 -20.0   1.7    8.4  -7.7  -2.8    8.2  -4.7  -2.2    7.7  -0.5  -0.9
  7.6   3.3  -3.9    7.1   9.8  -4.6

 99.9 -12.6   5.9   90.0 -14.4  -0.4   80.0  10.9   5.1   70.0   7.5  -2.0
 60.0   7.6   3.8   50.0  14.5  -5.3   45.0   4.4  -2.2   40.0  -6.6  -1.2
 35.0 -19.7   3.4   30.0 -27.8   0.0   25.0 -34.4   5.6   22.5 -39.7   4.0
 20.0 -32.8  -2.9   15.0 -31.7  -5.5   12.0 -35.0   1.6   10.0 -27.2   2.4
  8.0  -3.0  -1.7    7.0  11.1  -4.7    6.0   0.0   0.0    5.0   0.0   0.0
  4.0   0.0   0.0

 16. 2.2018   0 Uhr

 99.9  -5.1  -0.9   97.1  -1.9  -0.7   87.9   1.5   2.7   87.0   4.7   2.2
 82.7  15.7   2.8   75.5   5.5  -4.6   74.0   3.9  -3.3   72.2   1.5   0.3
 70.9   1.8   4.8   70.0   1.7   6.5   69.0   1.3   7.1   67.4   3.3   9.2
 63.4   0.0   5.1   61.0   0.5  -0.0   59.9   0.9  -5.1   57.1   2.1  -5.8
 55.4   7.7  -2.8   51.4  13.2  -2.3   50.0  11.1  -2.0   48.6   8.2  -0.7
 47.3   6.1   2.8   45.7   5.1   0.9   43.0   1.2   1.0   40.4  -4.5   2.6
 39.2  -8.2   3.0   37.8 -11.8   9.9   36.7 -14.3  10.0   35.1 -20.1   0.0
 33.6 -24.1  -2.1   30.0 -26.6  -2.3   27.6 -29.8   0.0   26.6 -27.3   0.0
 25.3 -38.6   0.0   23.9 -28.4  -5.0   22.7 -38.1   0.0   20.9 -30.2  -2.6
 20.0 -35.4  -3.1   18.8 -43.2   0.0   16.6 -27.8  -7.5   15.5 -38.1   0.0
 14.4 -27.4  -4.8   13.1 -26.8   0.0   12.1 -40.1   0.0   11.3 -21.1   0.0
 10.1 -14.5   6.7   10.0 -15.1   8.7    9.7 -19.6  11.3    8.9 -11.2   5.2
  8.6 -11.8   8.3    8.3  -3.6   4.3    8.1   0.3   0.4    7.9   4.8  -1.8
  7.6   6.2  -6.2    6.9   5.9   5.0    6.3   3.7  13.9    6.0  -7.7  13.4
  5.4  -3.0  17.2    5.2  -3.5  12.9    5.1  -5.1   8.9

 99.9  -5.1  -0.9   90.0   0.7   1.9   80.0  12.0   0.1   70.0   1.7   6.5
 60.0   0.9  -4.6   50.0  11.1  -2.0   45.0   4.1   0.9   40.0  -5.7   2.7
 35.0 -20.3  -0.1   30.0 -26.6  -2.3   25.0 -36.4  -1.1   22.5 -37.2  -0.3
 20.0 -35.4  -3.1   15.0 -33.3  -2.2   12.0 -37.8   0.0   10.0 -15.1   8.7
  8.0   2.6  -0.7    7.0   6.0   3.3    6.0  -7.7  13.4    5.0  -6.9   4.8
  4.0   0.0   0.0

 16. 2.2018  12 Uhr

 99.9  -5.5  -4.6   96.3  -6.3  -2.3   92.5  -4.7   2.2   90.8   0.3   1.5
 89.2   5.1   0.4   85.7  12.2   2.1   75.4   5.1   2.4   70.1   1.3   5.0
 70.0   1.3   5.0   68.1   5.0   7.2   65.0   0.4   5.1   63.3   2.3   1.1
 61.9   4.5  -2.6   59.6   7.9  -6.6   57.3  11.4  -8.0   50.7  10.1   1.8
 50.0  10.1   1.8   47.0   7.2  -0.0   44.3   4.7   4.0   42.9   0.8   4.6
 41.5  -3.8   5.5   38.5  -8.9  10.6   36.9 -11.1   4.0   35.7 -19.8  -3.5
 34.5 -22.7  -8.3   33.1 -26.9  -4.7   30.0 -26.8   0.0   29.6 -25.7   0.0
 28.5 -23.6  -2.1   25.7 -35.9  -3.1   24.3 -29.0 -10.6   20.7 -27.3   0.0
 20.0 -28.8   0.0   18.6 -39.0   6.9   16.4 -27.8   0.0   13.5 -28.0  10.2
 12.8 -39.5   7.0   12.0 -38.0   6.7   11.3 -20.5   1.8   10.3 -16.4   4.4
 10.0 -16.4   4.4    8.5  -9.4  -5.4    8.3  -6.3  -5.3    8.0   2.1  -8.0
  7.3   6.2  -6.2    6.9   6.1   0.5    6.7   5.5   1.5    6.5   2.1   2.9
  6.4  -2.3   6.3    6.0 -11.1   4.0    5.8 -11.2   5.2    5.5 -15.2   2.7
  5.2  -3.9  -1.4

 99.9  -5.5  -4.6   90.0   2.7   1.0   80.0   8.3   2.3   70.0   1.3   5.0
 60.0   7.3  -5.9   50.0  10.1   1.8   45.0   5.4   2.9   40.0  -6.3   8.0
 35.0 -21.5  -6.3   30.0 -26.8   0.0   25.0 -32.5  -6.8   22.5 -28.2  -5.4
 20.0 -28.8   0.0   15.0 -27.9   4.8   12.0 -38.0   6.7   10.0 -16.4   4.4
  8.0   2.1  -8.0    7.0   6.2  -1.2    6.0 -11.1   4.0    5.0   0.0   0.0
  4.0   0.0   0.0

 17. 2.2018   0 Uhr

 99.9  -4.9  -2.8   96.6  -8.3  -6.9   95.3  -9.8  -5.7   90.5  -8.2  -0.7
 88.9  -5.5   1.5   87.3   0.0   2.1   85.4   4.8   1.8   83.9   6.1   1.1
 75.5   5.7   9.8   72.8   0.7   8.2   71.1   3.0   8.2   70.4   0.9   5.1
 70.0  -0.3   3.1   69.1  -0.0  -0.0   68.2   3.6  -3.6   67.0   5.6  -6.7
 64.7   4.4  -6.3   63.6   4.9  -2.8   62.6   7.7   0.7   59.0  14.2   2.5
 56.7  10.2   3.7   55.1  11.3  -0.0   50.0   9.6   1.7   48.0   8.7   3.2
 44.2   6.1   1.1   43.0   2.6  -3.2   41.9   1.8  -4.8   38.8 -10.6  -3.9
 34.9 -19.3   7.0   32.6 -26.3   7.1   30.0 -25.3   6.8   27.6 -32.4   0.0
 26.7 -29.7  -2.6   20.3 -30.9   5.4   20.0 -29.9   5.3   19.1 -30.9   0.0
 18.0 -41.0   3.6   16.8 -31.9   0.0   14.3 -29.7   2.6   13.3 -41.0   3.6
 12.3 -35.5  -6.3   11.5 -40.5  -3.5   10.8 -24.8  -6.7   10.3 -26.9  -4.7
 10.0 -21.8  -3.8    9.1 -12.1  -5.7    8.9 -11.9  -3.2    8.4  -8.2  -3.0
  8.2  -5.1  -0.9    8.0  -0.3  -0.4    7.8   3.3  -3.9    7.5   8.9  -4.1
  7.2   7.0  -1.9

 99.9  -4.9  -2.8   90.0  -7.3  -0.0   80.0   5.9   5.0   70.0  -0.3   3.1
 60.0  12.4   2.0   50.0   9.6   1.7   45.0   6.6   1.5   40.0  -5.8  -4.3
 35.0 -19.1   6.7   30.0 -25.3   6.8   25.0 -30.0  -0.6   22.5 -30.5   2.5
 20.0 -29.9   5.3   15.0 -30.4   1.8   12.0 -37.3  -5.3   10.0 -21.8  -3.8
  8.0  -0.3  -0.4    7.0   5.7  -0.3    6.0   0.0   0.0    5.0   0.0   0.0
  4.0   0.0   0.0

 17. 2.2018  12 Uhr

 99.9  -3.4   2.4   96.6  -6.1  -1.1   93.0  -9.6  -1.7   85.7  -0.4   5.1
 83.5   1.5   2.7   81.9   3.0   4.2   77.7   3.7  10.2   75.1   1.6   9.1
 72.0  -4.9   2.8   70.0  -3.8  -2.7   69.1  -1.3  -5.0   67.9  -0.0  -7.2
 65.8  -0.9  -5.1   64.9   1.5  -2.1   63.9   5.1  -0.0   61.2  12.3  -1.1
 57.0  11.1   4.0   53.3  11.7   2.1   51.4  12.1   5.7   50.0  12.4   3.3
 48.5  11.1   2.0   44.5   4.8   1.8   42.8   0.8  -0.6   40.6  -4.7  -2.2
 38.0 -11.8   1.0   36.2 -18.2  -3.2   32.5 -21.8  -7.9   30.0 -23.3   4.1
 27.9 -26.3  -4.6   23.5 -38.1   0.0   20.2 -31.3   8.4   20.0 -31.8   8.5
 17.7 -41.0   7.2   15.0 -35.9  -3.1   12.8 -38.5  -6.8   12.1 -44.2   0.0
 10.7 -22.5  -2.0   10.2 -12.7   2.2   10.0 -11.7   2.1    9.6  -7.7  -2.8
  9.1  -8.0  -2.1    8.9  -5.8  -3.3    8.8  -0.0  -6.7    8.3   7.0 -14.9
  7.7  10.2 -10.2    6.8  22.7 -13.1    6.3  19.6  -9.1    6.2  12.1  -5.7
  6.0   4.3  -3.6    5.9   6.2  -0.0    5.7   1.2   1.7    5.5   4.2   3.0
  5.4   6.5  -3.0    5.0  16.3  -7.6    4.9  13.1  -9.1

 99.9  -3.4   2.4   90.0  -5.9   1.1   80.0   3.3   6.9   70.0  -3.8  -2.7
 60.0  12.0   0.4   50.0  12.4   3.3   45.0   5.6   1.8   40.0  -6.3  -1.4
 35.0 -19.3  -4.7   30.0 -23.3   4.1   25.0 -33.9  -1.6   22.5 -36.1   2.4
 20.0 -31.8   8.5   15.0 -35.9  -3.1   12.0 -42.8  -0.1   10.0 -11.7   2.1
  8.0   8.5 -12.6    7.0  19.8 -12.4    6.0   4.3  -3.6    5.0  16.3  -7.6
  4.0   0.0   0.0

 18. 2.2018   0 Uhr

 99.9  -9.1   1.6   96.9  -9.3   6.5   93.2  -7.2   5.0   88.9  -1.3   5.0
 78.0  -2.2   4.7   77.2  -2.6   4.5   74.0  -4.7  -2.2   72.7  -5.1  -2.4
 71.0  -0.0  -6.2   70.0   1.3  -7.1   68.5   0.6  -6.7   67.8  -0.4  -5.1
 65.5  -1.0   1.2   64.2   4.2   3.0   62.8   8.1   1.4   55.8  15.4   4.1
 50.0  12.1   4.4   47.7  12.1   5.7   45.4   7.3   2.6   41.5   3.6  -3.6
 39.7  -1.2  -6.6   36.8 -15.4  -4.1   34.2 -18.9   5.1   30.7 -25.1   9.1
 30.0 -29.8   8.0   29.5 -32.4   5.7   27.9 -31.3  -2.7   24.4 -39.6   0.0
 23.3 -37.5   6.6   21.7 -36.5   0.0   20.0 -42.0  -3.7   19.5 -43.6  -3.8
 13.0 -37.4   3.3   12.3 -43.6   3.8   11.1 -26.9  -4.7   10.2 -20.9  -5.6
 10.0 -18.4  -6.7    9.6 -10.6  -8.9    8.5  -8.0  -5.6    8.4  -6.2  -6.2
  8.2  -3.9  -8.4

 99.9  -9.1   1.6   90.0  -2.8   5.0   80.0  -2.0   4.7   70.0   1.3  -7.1
 60.0  11.0   2.5   50.0  12.1   4.4   45.0   6.9   2.0   40.0  -0.4  -6.1
 35.0 -17.8   2.2   30.0 -29.8   8.0   25.0 -38.1  -0.5   22.5 -37.0   3.3
 20.0 -42.0  -3.7   15.0 -39.5   0.9   12.0 -39.5   1.7   10.0 -18.4  -6.7
  8.0  -1.6 -10.6    7.0   0.0   0.0    6.0   0.0   0.0    5.0   0.0   0.0
  4.0   0.0   0.0

 18. 2.2018  12 Uhr

 99.9  -7.5   3.5   96.7  -7.5   6.3   93.3  -9.5   7.9   89.6  -5.1   0.0
 86.6  -0.0  -0.0   80.5   5.1  -0.4   78.3   6.6   1.2   74.9  -0.0  -0.0
 70.0   4.4  -4.4   69.6   4.0  -4.7   67.8   1.8  -4.8   66.1  -0.5  -0.2
 64.2  -0.9   5.1   63.0   5.0   5.9   61.4  10.7   5.0   54.0  11.1   6.4
 50.5   8.3   6.9   50.0   7.9   6.6   47.6   4.5   2.6   46.0   2.5  -0.7
 45.1   2.2  -4.7   42.6   0.6  -6.7   40.8  -2.8  -4.9   39.6  -9.9  -2.7
 37.1 -17.4  -4.7   34.0 -23.9   6.4   30.8 -26.9   4.7   30.0 -28.7  -2.5
 29.7 -29.2  -2.6   26.1 -37.6   0.0   20.0 -36.0  -6.3   19.8 -36.5  -6.4
 14.6 -29.2   2.6   12.9 -37.9  -3.3   12.3 -42.0   3.7   11.8 -31.3   2.7
 10.0 -12.3   0.0    9.9 -12.3   0.0    9.5  -8.5   4.9    9.4  -8.7   7.3
  8.0  -3.3   7.0    7.8   0.8   4.6    7.4   9.9   8.3    7.0   5.1   0.9
  6.8   4.9  -2.8    6.7   5.8  -3.3    6.4   4.9 -13.5    6.2   4.8 -17.9
  5.4  -3.3 -12.4

 99.9  -7.5   3.5   90.0  -5.6   0.9   80.0   5.5  -0.1   70.0   4.4  -4.4
 60.0  10.8   5.3   50.0   7.9   6.6   45.0   2.1  -4.7   40.0  -7.6  -3.4
 35.0 -21.7   2.8   30.0 -28.7  -2.5   25.0 -37.3  -1.1   22.5 -36.7  -3.6
 20.0 -36.0  -6.3   15.0 -29.8   1.8   12.0 -35.6   3.1   10.0 -12.3   0.0
  8.0  -3.3   7.0    7.0   5.1   0.9    6.0   2.8 -16.6    5.0   0.0   0.0
  4.0   0.0   0.0

 19. 2.2018   0 Uhr

 99.9  -5.1  -0.4   96.9  -5.8  -2.1   93.5   3.0  -4.2   83.7  11.6   4.2
 79.8   5.1   3.5   79.2   4.2   3.0   76.8   3.9  -3.3   73.6   3.3  -3.9
 70.6  -0.3  -0.4   70.0  -0.4  -0.3   66.5  -2.2   4.7   64.2   5.8   5.8
 62.1  11.6   4.2   52.1   5.9   4.1   50.0   4.6   0.4   49.3   4.1  -0.4
 46.3   3.3  -7.0   44.6   2.5  -9.4   42.8  -3.5  -7.5   41.8  -7.0  -1.9
 41.6  -7.7  -0.7   40.2 -12.4   3.3   38.3 -13.3  -1.2   35.6 -23.9   6.4
 30.5 -29.7  -2.6   30.0 -29.7  -2.6   27.7 -37.4   3.3   21.5 -30.7   2.7
 20.0 -30.2  -2.6   17.9 -29.8  -8.0   14.2 -26.3   4.6   11.8 -42.0   3.7
 10.8 -28.7   2.5   10.0 -31.3  -2.7    9.0 -23.9  -6.4    8.5 -22.3  -3.9
  8.1 -21.8   3.8    7.6 -10.1   7.1    7.5  -6.6   7.9    7.3  -1.9  10.6
  6.8  -1.4  15.9    6.6  -1.0  11.8    6.4  -3.3   7.0

 99.9  -5.1  -0.4   90.0   6.0  -1.3   80.0   5.4   3.6   70.0  -0.4  -0.3
 60.0  10.5   4.2   50.0   4.6   0.4   45.0   2.7  -8.9   40.0 -12.5   2.9
 35.0 -24.5   5.4   30.0 -29.7  -2.6   25.0 -34.7   3.0   22.5 -31.9   2.8
 20.0 -30.2  -2.6   15.0 -27.1   1.7   12.0 -40.6   3.8   10.0 -31.3  -2.7
  8.0 -19.5   4.5    7.0  -1.6  13.8    6.0   0.0   0.0    5.0   0.0   0.0
  4.0   0.0   0.0

 19. 2.2018  12 Uhr

 99.9   0.0   0.0   90.0   0.0   0.0   80.0   0.0   0.0   70.0   0.0   0.0
 60.0   0.0   0.0   50.0   0.0   0.0   45.0   0.0   0.0   40.0   0.0   0.0
 35.0   0.0   0.0   30.0   0.0   0.0   25.0   0.0   0.0   22.5   0.0   0.0
 20.0   0.0   0.0   15.0   0.0   0.0   12.0   0.0   0.0   10.0   0.0   0.0
  8.0   0.0   0.0    7.0   0.0   0.0    6.0   0.0   0.0    5.0   0.0   0.0
  4.0   0.0   0.0

 20. 2.2018   0 Uhr

 99.9  -7.7  -2.8   97.0  -3.5  -7.5   87.2   0.5  -5.6   83.3   0.4  -5.1
 79.7  -4.0  -4.7   75.7  -2.8 -10.4   73.2  -2.8  -6.1   72.4  -3.6  -3.6
 71.0  -0.8   0.7   70.1   2.6   4.5   70.0   2.8   4.9   64.6   6.0   7.1
 63.0   1.3   7.1   61.5   2.2   4.7   56.7   0.5   0.1   55.4   2.6  -4.5
 53.6   5.3  -6.3   51.0   3.6  -3.6   50.3   2.6  -4.5   50.0   1.8  -4.8
 48.6  -2.6  -4.5   48.1  -2.6  -4.5   46.7  -4.4  -1.6   46.1  -5.1   0.4
 44.7  -6.1   1.1   43.3  -2.8   4.9   42.0  -2.4   8.9   38.5  -6.8   2.5
 36.7 -17.9  -4.8   33.1 -17.9  -1.6   31.5 -17.3  -8.0   30.0 -26.2   0.0
 29.9 -26.8   0.0   29.1 -25.3   4.5   20.8 -28.5  10.4   20.0 -27.6  10.0
 15.7 -38.9   3.4   13.4 -34.3  -3.0   11.9 -48.7   4.3   11.2 -36.4  -3.2
 10.0 -29.8   0.0    9.4 -22.3   3.9    9.0 -25.8   6.9    7.9 -14.9  -1.3


 99.9  -7.7  -2.8   90.0  -0.7  -6.2   80.0  -3.6  -4.8   70.0   2.8   4.9
 60.0   1.7   3.3   50.0   1.8  -4.8   45.0  -5.9   0.9   40.0  -4.9   5.3
 35.0 -17.9  -3.3   30.0 -26.2   0.0   25.0 -26.8   7.2   22.5 -27.8   9.0
 20.0 -27.6  10.0   15.0 -37.6   1.5   12.0 -47.7   3.8   10.0 -29.8   0.0
  8.0 -15.9  -0.5    7.0   0.0   0.0    6.0   0.0   0.0    5.0   0.0   0.0
  4.0   0.0   0.0

 20. 2.2018  12 Uhr

 99.9   0.0   0.0   90.0   0.0   0.0   80.0   0.0   0.0   70.0   0.0   0.0
 60.0   0.0   0.0   50.0   0.0   0.0   45.0   0.0   0.0   40.0   0.0   0.0
 35.0   0.0   0.0   30.0   0.0   0.0   25.0   0.0   0.0   22.5   0.0   0.0
 20.0   0.0   0.0   15.0   0.0   0.0   12.0   0.0   0.0   10.0   0.0   0.0
  8.0   0.0   0.0    7.0   0.0   0.0    6.0   0.0   0.0    5.0   0.0   0.0
  4.0   0.0   0.0

 21. 2.2018   0 Uhr

 99.9   0.0   0.0   90.0   0.0   0.0   80.0   0.0   0.0   70.0   0.0   0.0
 60.0   0.0   0.0   50.0   0.0   0.0   45.0   0.0   0.0   40.0   0.0   0.0
 35.0   0.0   0.0   30.0   0.0   0.0   25.0   0.0   0.0   22.5   0.0   0.0
 20.0   0.0   0.0   15.0   0.0   0.0   12.0   0.0   0.0   10.0   0.0   0.0
  8.0   0.0   0.0    7.0   0.0   0.0    6.0   0.0   0.0    5.0   0.0   0.0
  4.0   0.0   0.0

 21. 2.2018  12 Uhr

 99.9  -7.1  -1.3   93.8 -10.8   0.0   83.8  -4.3   3.6   80.9  -1.9   7.0
 73.0  -5.8   5.8   72.4  -6.3   5.3   71.2  -5.1   0.9   70.0  -1.5   0.1
 69.4  -1.0   0.1   64.8  -4.0  -4.0   61.7  -0.0  -8.2   60.6  -0.4  -5.1
 59.4  -0.0  -0.0   56.4   4.2   3.0   51.4  15.5   5.6   50.0  12.1   4.4
 47.5   7.7  -0.0   47.1   5.1   0.4   46.2   0.0   1.0   44.1  -5.1   0.9
 42.0   0.4  -5.1   40.0   3.0  -6.5   39.2   1.9  -7.0   38.3  -5.3  -6.3
 33.6 -14.9  -1.3   32.0 -14.5  -5.3   30.8 -19.0   0.0   30.0 -22.1   0.0
 29.0 -28.7  -2.5   27.0 -23.8  -4.2   23.8 -30.9   5.4   22.8 -28.3   0.0
 20.0 -32.4   0.0   17.5 -37.6   0.0   16.7 -34.8  -3.0   15.2 -32.4   0.0
 12.9 -38.9   3.4   12.4 -47.8   0.0   11.2 -44.8   0.0   10.3 -26.9   4.7
 10.0 -26.1   2.3    9.4 -24.2   0.0    9.1 -28.8   0.0

 99.9  -7.1  -1.3   90.0  -8.4   1.3   80.0  -2.3   6.8   70.0  -1.5   0.1
 60.0  -0.2  -2.6   50.0  12.1   4.4   45.0  -2.9   1.0   40.0   3.0  -6.5
 35.0 -11.9  -2.8   30.0 -22.1   0.0   25.0 -28.2   1.7   22.5 -28.7   0.0
 20.0 -32.4   0.0   15.0 -32.9   0.3   12.0 -46.8   0.0   10.0 -26.1   2.3
  8.0   0.0   0.0    7.0   0.0   0.0    6.0   0.0   0.0    5.0   0.0   0.0
  4.0   0.0   0.0

 22. 2.2018   0 Uhr

 99.9   0.0   0.0   90.0   0.0   0.0   80.0   0.0   0.0   70.0   0.0   0.0
 60.0   0.0   0.0   50.0   0.0   0.0   45.0   0.0   0.0   40.0   0.0   0.0
 35.0   0.0   0.0   30.0   0.0   0.0   25.0   0.0   0.0   22.5   0.0   0.0
 20.0   0.0   0.0   15.0   0.0   0.0   12.0   0.0   0.0   10.0   0.0   0.0
  8.0   0.0   0.0    7.0   0.0   0.0    6.0   0.0   0.0    5.0   0.0   0.0
  4.0   0.0   0.0

 22. 2.2018  12 Uhr

 99.9 -11.3  -1.0   97.4 -10.8   0.9   92.6  -0.8   8.7   84.3   1.1   6.1
 78.0  -1.2   1.0   75.0  -6.1   0.5   72.3  -0.6  -7.2   70.9   3.3  -9.2
 70.0   5.9 -10.2   67.7   8.6 -12.2   64.9   5.9  -8.4   62.6   5.1  -0.4
 62.0   6.1   1.1   58.6  12.1   5.7   57.1   9.8   5.7   51.8  14.2  -2.5
 50.0  15.0  -5.5   49.1  15.5  -5.6   42.8   3.6  -4.3   41.8   0.6  -3.5
 40.4  -8.4  -2.3   39.2 -12.6   4.6   38.1 -16.8   7.8   30.0 -29.4   5.2
 28.0 -33.3   2.9   26.3 -28.4   5.0   21.9 -29.8  -8.0   20.0 -35.5   0.0
 19.8 -35.5   0.0   15.4 -33.8   3.0   11.8 -41.5  -3.6   11.3 -50.4   0.0
 10.6 -39.5  -7.0   10.0 -36.4  -3.2    9.4 -29.7   2.6    8.8 -23.1  -2.0
  8.4 -26.1   9.5    8.0  -9.4   2.5    7.6  -8.1   1.4    7.5  -5.7   0.0
  7.4  -3.1  -1.8    7.1   1.0  -5.6    6.7   7.2 -12.5    6.4  -0.5  -5.6
  5.7  -2.3  -6.3    5.6  -3.3  -3.3    5.4  -6.7  -0.6    5.3  -9.2  -0.8
  5.2  -6.7  -5.6    5.1 -13.3  -1.2    5.0 -18.5   0.0

 99.9 -11.3  -1.0   90.0  -0.2   7.9   80.0  -0.5   2.6   70.0   5.9 -10.2
 60.0   9.6   3.7   50.0  15.0  -5.5   45.0   7.9  -4.8   40.0  -9.8  -0.0
 35.0 -21.4   6.9   30.0 -29.4   5.2   25.0 -28.8   1.3   22.5 -29.6  -6.1
 20.0 -35.5   0.0   15.0 -34.6   2.3   12.0 -41.0  -3.2   10.0 -36.4  -3.2
  8.0  -9.4   2.5    7.0   2.5  -7.3    6.0  -1.5  -6.0    5.0 -18.5   0.0
  4.0   0.0   0.0

 23. 2.2018   0 Uhr

 99.9 -10.4  -2.8   96.4 -14.5  -5.3   89.4 -11.1   4.0   86.9 -10.9   2.9
 83.7 -11.1  -6.4   76.6 -11.0  -7.7   72.7   0.8  -8.7   71.7   3.9  -8.4
 70.0   7.6  -7.6   66.0  12.7  -2.2   62.8  12.3   1.1   55.6  19.5   1.7
 50.1  14.7  -2.6   50.0  14.7  -2.6   45.3   6.6  -1.2   43.7   5.3   1.9
 42.7   3.1   5.3   42.2   2.2   4.7   40.9  -0.4   0.4   39.8  -5.0  -1.3
 37.8  -7.1   1.3   34.5 -21.0  -1.8   30.5 -38.4   3.4   30.0 -37.5   6.6
 27.0 -35.5   0.0   20.0 -38.5  -6.8   19.6 -38.5  -6.8   13.1 -43.2   0.0
 12.1 -53.5   0.0   10.8 -34.3   3.0   10.0 -32.4  -5.7    9.9 -31.4  -5.5
  8.9 -24.7   0.0    8.3 -14.3   1.3    8.0 -10.3   4.8    7.8  -5.1   0.9
  7.5  -1.1  -1.1    6.5  -3.9   3.3    6.3  -4.3   9.3    6.0  -4.4   7.6
  5.9  -6.5   6.5    5.8  -5.3   6.3    5.7  -5.8   5.8    5.6 -10.4   2.8
  5.5 -14.4   3.9    5.3  -9.1   1.6    5.0 -16.4   6.0    4.8  -8.5   4.9
  4.6  -7.3   7.3    4.5  -8.0   5.6    4.2 -13.5   6.3

 99.9 -10.4  -2.8   90.0 -11.4   3.2   80.0 -11.0  -7.1   70.0   7.6  -7.6
 60.0  15.0   1.3   50.0  14.7  -2.6   45.0   6.4  -0.6   40.0  -4.1  -1.0
 35.0 -18.8  -1.4   30.0 -37.5   6.6   25.0 -36.3  -1.8   22.5 -37.4  -4.2
 20.0 -38.5  -6.8   15.0 -41.7  -2.2   12.0 -52.1   0.2   10.0 -32.4  -5.7
  8.0 -10.3   4.8    7.0  -2.5   1.1    6.0  -4.4   7.6    5.0 -16.4   6.0
  4.0   0.0   0.0

 23. 2.2018  12 Uhr

 99.9 -16.9  -1.5   96.8 -20.6   0.0   93.4 -18.7   3.3   84.5 -11.3   1.0
 81.9  -6.8  -2.5   78.1   2.1  -3.6   77.2   3.9  -3.3   74.9  10.4  -2.8
 70.0  13.4  -3.6   69.4  13.4  -3.6   66.5   8.9  -5.1   64.4   3.6  -6.2
 63.5   3.8  -5.5   63.0   5.1  -4.3   61.8   9.7  -0.9   55.7  19.4  -5.2
 50.8  10.9  -2.9   50.0   9.2  -0.8   44.9   1.2   1.7   41.7  -3.4   2.4
 41.4  -5.1   2.4   39.1 -10.2   5.9   36.6 -22.8   4.0   35.0 -23.6  -2.1
 30.0 -31.8  -2.8   28.5 -34.0   0.0   26.0 -31.4  -5.5   20.0 -36.0   0.0
 16.7 -41.0   3.6   13.0 -38.4  -3.4   11.8 -47.1   8.3   10.4 -29.9   5.3
 10.0 -31.9   0.0    9.9 -31.9   0.0    9.3 -27.4   4.8    8.4 -14.7  -2.6
  8.0 -11.8   1.0    7.8  -6.6  -1.2    7.2  -0.7   1.9    6.9  -0.4   5.1
  6.7  -2.6   5.6    6.5  -1.3   7.1    6.2  -7.3   7.3    5.9  -6.5   6.5
  5.6  -8.2   0.0    5.4 -17.0   0.0    5.2 -11.1  -2.0    4.9 -22.5  -2.0
  4.7 -13.4  -7.7

 99.9 -16.9  -1.5   90.0 -16.0   2.4   80.0  -2.4  -3.0   70.0  13.4  -3.6
 60.0  12.5  -2.1   50.0   9.2  -0.8   45.0   1.3   1.6   40.0  -8.2   4.5
 35.0 -23.6  -2.1   30.0 -31.8  -2.8   25.0 -32.1  -4.7   22.5 -34.0  -2.4
 20.0 -36.0   0.0   15.0 -39.9   0.5   12.0 -45.6   6.3   10.0 -31.9   0.0
  8.0 -11.8   1.0    7.0  -0.5   4.1    6.0  -6.8   6.8    5.0 -18.7  -2.0
  4.0   0.0   0.0

 24. 2.2018   0 Uhr

 99.9 -25.1   2.2   92.4 -23.6   2.1   88.3 -19.4  -5.2   83.1  -4.6  -3.2
 81.1   0.7  -1.9   79.0   5.1   0.4   73.0   4.8  -1.8   70.1   1.5   0.3
 70.0   1.5   0.5   68.8   4.2   3.0   61.9  20.0   1.7   56.0  15.7  -2.8
 54.1  14.2   2.5   50.8   9.9   2.7   50.0   7.9   3.7   48.3   4.6   8.0
 44.7   2.8   7.7   42.9   0.9   3.5   39.4  -5.1   4.3   38.3 -13.8   1.2
 36.4 -20.0  -9.3   33.4 -27.8   0.0   30.0 -33.8  -3.0   29.2 -37.0   0.0
 22.4 -40.5  -3.5   20.0 -36.4   3.2   17.1 -33.4   5.9   11.4 -43.0   3.8
 10.0 -29.9  -5.3    9.1 -26.3  -4.6

 99.9 -25.1   2.2   90.0 -21.1  -2.2   80.0   3.0  -0.7   70.0   1.5   0.5
 60.0  18.6   0.3   50.0   7.9   3.7   45.0   3.0   7.8   40.0  -4.1   4.2
 35.0 -23.6  -5.1   30.0 -33.8  -3.0   25.0 -39.1  -2.1   22.5 -40.4  -3.5
 20.0 -36.4   3.2   15.0 -36.7   5.2   12.0 -41.9   4.0   10.0 -29.9  -5.3
  8.0   0.0   0.0    7.0   0.0   0.0    6.0   0.0   0.0    5.0   0.0   0.0
  4.0   0.0   0.0

 24. 2.2018  12 Uhr

 99.9 -26.1   9.5   91.3 -21.8  -3.8   87.7  -7.5  -2.0   87.2  -5.0  -1.3
 85.6  -0.4  -1.5   83.0   4.5  -2.6   78.8  10.6   1.9   76.6  10.4   2.8
 70.0   9.9   2.7   69.0   9.7   3.5

 99.9 -26.1   9.5   90.0 -16.7  -3.2   80.0   8.8   0.6   70.0   9.9   2.7
 60.0   0.0   0.0   50.0   0.0   0.0   45.0   0.0   0.0   40.0   0.0   0.0
 35.0   0.0   0.0   30.0   0.0   0.0   25.0   0.0   0.0   22.5   0.0   0.0
 20.0   0.0   0.0   15.0   0.0   0.0   12.0   0.0   0.0   10.0   0.0   0.0
  8.0   0.0   0.0    7.0   0.0   0.0    6.0   0.0   0.0    5.0   0.0   0.0
  4.0   0.0   0.0

 25. 2.2018   0 Uhr

 99.9   0.0   0.0   90.0   0.0   0.0   80.0   0.0   0.0   70.0   0.0   0.0
 60.0   0.0   0.0   50.0   0.0   0.0   45.0   0.0   0.0   40.0   0.0   0.0
 35.0   0.0   0.0   30.0   0.0   0.0   25.0   0.0   0.0   22.5   0.0   0.0
 20.0   0.0   0.0   15.0   0.0   0.0   12.0   0.0   0.0   10.0   0.0   0.0
  8.0   0.0   0.0    7.0   0.0   0.0    6.0   0.0   0.0    5.0   0.0   0.0
  4.0   0.0   0.0

 25. 2.2018  12 Uhr

 99.9 -14.5  -5.3   96.8  -8.2  -3.0   95.5  -5.0  -1.3   93.3  -0.5   0.9
 90.8   4.5   2.6   79.0  19.0  -0.0   76.1  11.7  -2.1   73.1   8.9   2.4
 70.0   9.2   3.3   68.4   6.7   3.9   67.3   6.3   4.4

 99.9 -14.5  -5.3   90.0   5.4   2.4   80.0  17.7   0.2   70.0   9.2   3.3
 60.0   0.0   0.0   50.0   0.0   0.0   45.0   0.0   0.0   40.0   0.0   0.0
 35.0   0.0   0.0   30.0   0.0   0.0   25.0   0.0   0.0   22.5   0.0   0.0
 20.0   0.0   0.0   15.0   0.0   0.0   12.0   0.0   0.0   10.0   0.0   0.0
  8.0   0.0   0.0    7.0   0.0   0.0    6.0   0.0   0.0    5.0   0.0   0.0
  4.0   0.0   0.0

 26. 2.2018   0 Uhr

 99.9  -0.0  -3.6   97.9   5.1  -4.3   91.1   8.8  -6.2   83.4   8.7  -0.8
 80.0   9.4  -2.5   72.7  -2.8  -4.9   70.1   1.9  -0.7

 99.9  -0.0  -3.6   90.0   8.8  -5.4   80.0   9.4  -2.5   70.0   2.1  -0.5
 60.0   0.0   0.0   50.0   0.0   0.0   45.0   0.0   0.0   40.0   0.0   0.0
 35.0   0.0   0.0   30.0   0.0   0.0   25.0   0.0   0.0   22.5   0.0   0.0
 20.0   0.0   0.0   15.0   0.0   0.0   12.0   0.0   0.0   10.0   0.0   0.0
  8.0   0.0   0.0    7.0   0.0   0.0    6.0   0.0   0.0    5.0   0.0   0.0
  4.0   0.0   0.0

 26. 2.2018  12 Uhr

 99.9 -13.4  -7.7   95.9  -9.4  -5.4   93.2  -3.5  -5.1   91.1  -0.3  -3.1
 87.3   5.1  -0.9   84.7   6.5   1.7   79.3   4.8   1.8   72.5   1.0  -0.4
 70.0   2.1   3.6   64.6   6.3  -5.3   60.9   8.7  -7.3   58.4   7.9  -6.6
 56.7   6.3  -2.3   54.1   4.3  -3.6   51.9   3.9  -3.3   50.1  -0.0  -0.0
 50.0  -0.5   0.1   48.6  -3.3   3.9   47.8  -1.9   7.0   46.9  -1.6   6.0
 45.2  -3.9   3.3   43.3  -2.0   7.5   42.1  -2.0   7.5   37.7 -18.3  10.5
 35.8 -21.4   5.7   30.0 -27.4  -4.8   29.2 -28.7  -2.5   22.1 -23.6   2.1
 20.0 -25.7   0.0   18.1 -25.3  -6.8   16.3 -32.3  -2.8   15.1 -27.7  -2.4
 11.8 -44.1   3.9   10.8 -37.6   0.0   10.0 -33.3   8.9    9.8 -30.5  11.1
  9.0 -26.8   7.2    8.0 -18.9  -5.1    7.5 -21.0  -1.8    7.2  -9.8  -5.7
  6.9 -12.0  -6.9

 99.9 -13.4  -7.7   90.0   1.3  -2.5   80.0   5.0   1.8   70.0   2.1   3.6
 60.0   8.4  -7.0   50.0  -0.5   0.1   45.0  -3.7   3.7   40.0  -9.6   8.9
 35.0 -22.2   4.3   30.0 -27.4  -4.8   25.0 -25.8   0.1   22.5 -23.9   1.8
 20.0 -25.7   0.0   15.0 -28.1  -2.2   12.0 -43.0   3.4   10.0 -33.3   8.9
  8.0 -18.9  -5.1    7.0 -11.3  -6.5    6.0   0.0   0.0    5.0   0.0   0.0
  4.0   0.0   0.0

 27. 2.2018   0 Uhr

 99.9 -14.0  -5.1   94.6  -4.5  -2.6   92.7  -2.0   0.5   88.4   2.2   4.7
 84.4   3.7   7.9   80.5   1.3   7.1   79.7  -0.5   6.1   78.8  -3.6   3.6
 75.2   0.3  -0.4   70.0   1.5   0.1   68.8   5.1  -0.4   64.1   7.6  -4.4
 62.3   5.7  -9.8   60.3   3.3  -7.0   58.4   2.8  -4.9   55.7   0.5   0.9
 53.1   0.0   5.1   51.6   4.6   8.0   50.0   5.1   8.9   49.0   7.1  10.1
 42.7   5.1   4.3   41.1  -1.1   4.0   39.9  -6.3   2.3   38.8  -8.7   0.0
 33.5 -23.7   0.0   30.0 -24.2   0.0   20.0 -32.4   0.0   17.8 -31.8  -2.8
 12.9 -48.7   4.3   10.4 -33.9  -6.0   10.0 -38.9   3.4    9.9 -38.9   3.4
  9.1 -21.8  12.6    8.7 -15.6   9.0    8.4 -13.9   3.7    7.9 -12.4  -3.3
  7.6 -10.2  -5.9    7.0 -15.1  -8.7    6.1 -15.4   7.2    5.8 -19.0   1.7
  5.5 -16.0   5.8

 99.9 -14.0  -5.1   90.0   0.6   3.1   80.0   0.1   6.5   70.0   1.5   0.1
 60.0   3.2  -6.7   50.0   5.1   8.9   45.0   5.9   6.5   40.0  -5.8   2.4
 35.0 -19.3   0.0   30.0 -24.2   0.0   25.0 -28.0   0.0   22.5 -30.1   0.0
 20.0 -32.4   0.0   15.0 -41.0   1.0   12.0 -43.6   0.7   10.0 -38.9   3.4
  8.0 -12.7  -1.9    7.0 -15.1  -8.7    6.0 -16.6   5.4    5.0   0.0   0.0
  4.0   0.0   0.0

 27. 2.2018  12 Uhr

 99.9   0.0   0.0   90.0   0.0   0.0   80.0   0.0   0.0   70.0   0.0   0.0
 60.0   0.0   0.0   50.0   0.0   0.0   45.0   0.0   0.0   40.0   0.0   0.0
 35.0   0.0   0.0   30.0   0.0   0.0   25.0   0.0   0.0   22.5   0.0   0.0
 20.0   0.0   0.0   15.0   0.0   0.0   12.0   0.0   0.0   10.0   0.0   0.0
  8.0   0.0   0.0    7.0   0.0   0.0    6.0   0.0   0.0    5.0   0.0   0.0
  4.0   0.0   0.0

 28. 2.2018   0 Uhr

 99.9  -5.5   1.5   88.3  -0.9   5.1   86.2  -3.6   3.6   84.5  -1.8   1.8
 79.4  -5.1   0.0   77.6  -7.6   1.3   70.1   5.1   0.9   70.0   5.1   0.9
 61.8   2.2   4.7   56.0  13.1   6.1   53.3  10.8   0.9   52.1   8.3   6.9
 50.0   7.9   6.6   47.5   5.9   5.0   45.5   2.4   5.1   45.3   2.6   4.5
 44.1  -0.0  -0.0   43.2  -4.8  -1.8   41.2  -6.7  -5.6   38.3 -10.6   1.9
 33.5 -24.7   0.0   32.2 -26.3  -4.6   30.2 -26.8   7.2   30.0 -26.3   7.1
 28.3 -25.7   0.0   25.1 -32.4   5.7   21.3 -27.7   2.4   20.0 -36.0   6.3
 19.8 -37.0   6.5   18.7 -27.7   2.4   18.0 -34.5   6.1   16.4 -28.7   2.5
 13.8 -44.8   0.0   11.4 -32.4   0.0   11.0 -46.1  -4.0   10.0 -28.4  -5.0
  9.5 -18.5 -15.5    9.1 -24.2  -8.8    8.4 -14.0  -6.5    7.9  -8.9   5.1
  7.4 -14.5   5.3    7.2  -7.1  10.1    6.9  -7.3   8.7    6.7  -3.7  10.2
  6.2  -5.9   8.4

 99.9  -5.5   1.5   90.0  -1.6   4.5   80.0  -4.7   0.2   70.0   5.1   0.9
 60.0   5.5   5.1   50.0   7.9   6.6   45.0   1.9   3.3   40.0  -8.3  -2.6
 35.0 -20.2   0.6   30.0 -26.3   7.1   25.0 -32.3   5.6   22.5 -29.2   3.5
 20.0 -36.0   6.3   15.0 -37.1   1.2   12.0 -35.7   0.0   10.0 -28.4  -5.0
  8.0  -9.9   2.8    7.0  -7.2   9.2    6.0   0.0   0.0    5.0   0.0   0.0
  4.0   0.0   0.0

 28. 2.2018  12 Uhr

 99.9 -14.5   5.3   94.9  -3.8   5.5   92.0  -0.5   6.1   88.9  -0.5   5.6
 85.1  -6.7   0.0   83.7  -6.1  -1.1   81.8  -7.3   2.6   78.1  -8.0   5.6
 75.3  -6.2   6.2   73.5  -4.2   3.0   71.3  -0.2   1.0   70.0   3.2   2.6
 69.5   4.2   3.0   67.0  10.7   5.0   63.2  13.3   1.2   59.9  13.1   6.1
 53.3   7.9   6.6

 99.9 -14.5   5.3   90.0  -0.5   5.8   80.0  -7.6   4.1   70.0   3.2   2.6
 60.0  13.1   5.9   50.0   0.0   0.0   45.0   0.0   0.0   40.0   0.0   0.0
 35.0   0.0   0.0   30.0   0.0   0.0   25.0   0.0   0.0   22.5   0.0   0.0
 20.0   0.0   0.0   15.0   0.0   0.0   12.0   0.0   0.0   10.0   0.0   0.0
  8.0   0.0   0.0    7.0   0.0   0.0    6.0   0.0   0.0    5.0   0.0   0.0
  4.0   0.0   0.0


Monatsmittelwind fuer den  2 2018

Niveau Anzahl     U     V   DD FF
 [hPa]        [m/s] [m/s]     [kn]
  99.9     49  -3.4  -1.6   65  7
  90.0     49  -2.8  -0.7   76  6
  80.0     49  -2.1   1.1  117  5
  70.0     49   1.2   0.1  264  2
  60.0     45   7.6   0.6  266 15
  50.0     43   8.6   0.7  266 17
  45.0     43   1.7   0.4  256  3
  40.0     43  -8.4   0.2   92 16
  35.0     43 -21.4   0.1   90 42
  30.0     42 -27.8   0.5   91 54
  25.0     42 -31.6   0.4   91 61
  22.5     42 -31.9   0.2   90 62
  20.0     42 -32.7   0.1   90 64
  15.0     42 -35.2   0.5   91 68
  12.0     42 -36.1   1.1   92 70
  10.0     42 -24.8  -0.7   88 48
   8.0     40  -5.7  -1.2   78 11
   7.0     36   0.8  -0.9  319  2
   6.0     26  -1.7   1.0  120  4
   5.0     16  -4.9   0.6   97 10
   4.0      0   0.0   0.0    0  0
