sing20211119.00
TTAA  69001 48698
99006 27037 35506 00083 26627 00000 92768 22836 27514
85505 18638 28012 70149 09838 26512 50587 05722 14504
40760 15360 10012 30971 29159 11021 25099 39760 09021
20247 52943 09531 15426 68750 09539 10657 79358 08531
88104 84348 08551
77999=
TTCC  69001 48698
70861 76761 19510 50060 66582 16512 30374 58384 09060
20634 52985 09058 10097 37990 27043
88438 69781 05012 88074 44988 27070
77169 09576 41627 77079 27070 41209=
TTDD  6900/ 48698
11935 76960 22837 79758 33696 76761 44671 72366 55596 73572
66553 72177 77523 65382 88438 69781 99394 66982 11389 66982
22384 63183 33293 57984 44256 52786 55187 53785 66171 51986
77162 45787 88157 43988 99149 45787 11141 45188 22135 41989
33118 41189 44114 38789 55106 36590 66074 44988 77068 43788
88061 36590 99053 34391 11046 28792
21212 11928 07004 22915 33504 33902 31508 44765 05004 55755
17002 66750 18504 77687 20006 88675 18502 99671 19502 11667
24502 22625 24519 33544 25010 44540 23506 55529 14006 66524
13010 77487 17014 88465 13510 99443 05010 11423 07018 22342
09560 33202 09060 44169 09576 55158 09054 66138 10045 77129
09525 88114 15016 99106 26529 11104 27539 22089 27564 33079
27070 44071 27066 55066 26547 66065 26537 77062 27047 88059
27049 99057 27051 11053 26027 22046 26533=
