sing20211104.12
TTAA  54111 48698
99007 26029 05511 00092 25215 04010 92777 23228 01002
85510 18825 29004 70156 11050 17006 50588 04156 13010
40761 15156 12514 30973 28746 10525 25101 39349 11023
20250 52359 10033 15429 68750 08531 10663 76960 05008
88110 80158 09047
77999=
TTCC  54113 48698
70867 73961 16018 50068 71981 24016 30379 58184 09056
88501 71981 24016
77999=
TTDD  5411/ 48698
11858 81357 22822 77960 33761 78758 44721 77359 55664 66366
66621 65170 77501 71981 88393 63983 99341 65582 11327 62783
22321 59384 33283 58984
21212 11967 31006 22941 29510 33912 31508 44851 31508 55836
29006 66825 25006 77777 19004 88761 12004 99712 15016 11677
18012 22635 25519 33548 28527 44523 27521 55494 23016 66467
22518 77447 24508 88435 29002 99428 03502 11420 07006 22372
09535 33332 07047 44283 09054=
