sing20211128.00
TTAA  78001 48698
99008 26836 02007 00099 26227 34004 92789 23029 28512
85523 17613 25516 70159 09427 27510 50588 04941 21006
40760 16303 06004 30971 30928 10518 25098 40357 10029
20246 53159 09043 15424 69350 09047 10657 76361 09006
88110 82756 09547
77999=
TTCC  78001 48698
70861 77962 25514 50059 67782 09508 30375 54185 10058
20635 53185 10064 10098 41589 26525
88835 81361 29010
77226 10068 41708=
TTDD  7800/ 48698
11835 81361 22797 81161 33776 74965 44690 78162 55632 72767
66595 73369 77540 66382 88493 68182 99455 65582 11394 65382
22389 65982 33382 61983 44367 59584 55340 61183 66313 55585
77241 55185 88199 53385 99117 39189 11079 43988 22072 41988
33066 40189 44062 35390 55057 31392 66048 32391
21212 11987 12002 22979 22002 33967 27004 44913 34008 55897
34008 66853 28508 77839 29010 88797 34506 99762 28010 11678
24514 22621 25508 33555 18510 44525 11510 55482 06016 66450
04537 77407 08047 88311 10056 99259 08558 11226 10068 22166
09064 33139 08027 44129 02508 55126 31006 66124 30006 77120
00508 88115 32014 99109 33010 11105 27010 22087 27545 33077
25016 44073 28043 55067 24519 66064 26535 77057 26054 88054
26062 99048 26049=
