sing20211105.12
TTAA  55111 48698
99005 25016 35010 00080 24612 33008 92761 23650 28006
85496 19250 27006 70142 09826 01004 50587 04119 03510
40760 13728 04508 30973 28536 07016 25101 38941 08514
20250 52144 09521 15429 69148 10523 10660 80357 07527
88103 84944 08043
77999=
TTCC  55117 48698
70865 73156 25021
88999
77999=
TTDD  5511/ 48698
11874 76156 22775 76950 33736 72558 44594 72756
21212 11942 03012 22918 05008 33886 13508 44838 17514 55808
15516 66761 18018 77736 22518 88676 27523 99594 27027=
