sing20211111.12
TTAA  61111 48698
99006 29056 31006 00086 28656 24010 92774 23038 26023
85506 18242 28023 70148 09220 27018 50587 05108 20014
40759 15123 15523 30971 28529 08025 25099 38748 07535
20248 52342 06537 15427 68550 06547 10660 79156 09021
88108 82142 09056
77112 09062 43175=
TTCC  61117 48698
70865 72757 24519
88999
77999=
TTDD  6111/ 48698
11932 76357 22865 78346 33817 79745 44777 75958 55692 72157
66624 75549
21212 11980 10010 22971 13504 33958 23506 44952 25010 55907
27018 66833 26514 77781 30512 88757 30514 99725 25514 11624
25019=
