sing20211112.00
TTAA  62001 48698
99007 26222 31506 00094 25617 22010 92781 23456 25516
85518 20459 25516 70170 11056 22021 50590 05506 16019
40761 15911 13014 30973 29956 06521 25100 40541 06029
20248 52946 07043 15426 68356 07553 10659 79160 08029
88105 83157 08553
77109 08560 40774=
TTCC  62001 48698
70864 72766 25029 50062 68382 29012 30376 58184 09049
20637 53585 09572 10095 40989 28004
88999
77208 09572 41401=
TTDD  6200/ 48698
11875 78758 22766 73163 33632 74970 44532 70581 55521 67582
66480 67582 77447 63983 88360 63583 99328 57784 11310 58984
22244 51986 33190 54785 44163 51186 55142 42988 66132 41389
77113 44188 88095 39589 99073 39189 11056 32191
21212 11960 02510 22941 32510 33916 29016 44817 33518 55759
30521 66724 26519 77627 24533 88596 22031 99541 22518 11512
28012 22460 32002 33457 13002 44430 14523 55397 09035 66363
10035 77329 08553 88208 09572 99206 09572 11187 09572 22178
09072 33176 09072 44168 08572 55166 08572 66161 09072 77141
10016 88129 18508 99119 12010 11102 11506 22101 10002 33100
28004 44090 29023 55086 25023 66075 27051 77070 26043 88056
27537=
