sing20211116.12
TTAA  66121 48698
99004 29656 04507 00074 29256 13004 92764 23020 12010
85495 18838 15006 70140 10450 26010 50587 03757 05016
40760 13959 07512 30971 29958 07519 25099 40161 10029
20247 52963 09541 15425 68157 07056 10659 79758 08025
88111 81556 07553
77139 07560 41106=
TTCC  66111 48698
70864 73363 21008 50061 68571 31514 30373 58384 09056
20633 50386 09072 10101 39189 30027
88999
77175 08082 41445 77070 27560 42127=
TTDD  6611/ 48698
11945 77759 22874 81157 33846 79359 44829 74362 55634 74964
66556 73366 77524 69370 88422 70374 99391 66777 11366 60583
22316 59984 33243 52986 44223 53185 55168 43788 66150 41189
77134 42788 88128 42988 99120 39789 11071 38989 22066 39589
33063 37790 44058 37990
21212 11925 05512 22890 06006 33884 04506 44819 09010 55798
08006 66781 02510 77749 36012 88713 07502 99710 17002 11708
20002 22666 23025 33643 24529 44607 24023 55530 26512 66501
31514 77472 34012 88433 11506 99381 10539 11328 07558 22263
10062 33175 08082 44158 08053 55150 10539 66133 11525 77121
16004 88119 24504 99113 28518 11101 29529 22095 27035 33087
30035 44080 28537 55074 27551 66071 27558 77070 27560 88064
25529 99058 27053=
