D20211101.00
100.0 265  6
 70.0 250 16
 50.0 185 16
 30.0  90 47
 20.0  90 66
 10.0 250 23
 97.7 290  8
 87.0 300 29
 83.4 305 33
 75.9 315  4
 75.0 230  2
 74.4 220  6
 71.6 250 14
 66.9 230 14
 57.2  10 10
 49.9 185 16
 45.8 225  6
 44.6 325  6
 40.2  90 14
 34.4  70 45
 31.9  90 43
 29.1  85 49
 24.7 100 72
 17.4  90 72
 16.0  90 72
 13.9  95 31
 12.6  30 19
 11.4  25  6
 11.3  15  4
 11.2 320  4
 11.1 295  6
 11.0 300  6
 10.5 245 12
  9.9 250 27
  7.9 245 33
  7.1 275 16
  7.0 260 16
  6.4 260 27
  6.1 285 21
  5.9 260 18
  4.9 230 31
D20211101.12
100.0  45 16
 70.0 220 23
 50.0 280 14
 30.0 105 43
 20.0  90 66
 95.9 305 12
 94.4 290 16
 87.9 300 25
 80.5 305 12
 79.4 290  8
 77.1 205  8
 72.2 205 23
 65.2 250 16
 59.3 355 10
 56.3  10  4
 55.9   5  4
 55.7  35  4
 55.0  45  2
 54.6  45  2
 54.0 250  2
 47.8 280 16
 44.8   5 10
 43.5  85 10
 41.7 120 21
 40.2 120 23
 37.9  80 25
 34.3  80 39
 30.8 100 41
 28.2  90 47
 25.9 105 56
 18.2  85 72
 16.5  85 70
 14.6  80 45
 13.1 150 16
 11.8  70  6
 11.5  65  2
 11.4  85  4
 11.3 115  4
 10.9 170  6
 10.7 230  6
D20211102.00
100.0  65 41
 70.0 255 25
 50.0 280 23
 30.0  95 54
 20.0  95 76
 10.0  10 10
 91.9  80  2
 91.5 350  2
 90.9 265  2
 88.8 275  4
 87.7 240  2
 87.4 190  2
 86.0 170  6
 82.2 195 21
 77.8 200 27
 71.2 255 25
 66.3 240 16
 62.1 325  6
 59.3  65  2
 58.9  45  2
 58.3 295  2
 56.5 275  6
 51.8 270 19
 44.9 305 21
 42.2 350  4
 41.9  55  2
 41.7 110  2
 41.4 145  4
 40.3 145  6
 39.0  85 10
 36.8 100 29
 33.6 100 27
 30.2  95 53
 25.1 100 74
 17.2  95 80
 17.0  95 80
 15.4 100 72
 13.9 100 47
 12.5 120 31
 11.7  75 23
 11.0  70 21
 10.4  10 14
 10.1   5 10
  9.1  80  4
  8.9 120  4
  8.8 120  2
  8.6 285  2
  8.2 305  4
  8.1 280  4
  8.0 320  2
  7.9 265  2
  7.8  55  2
  7.7 290  2
  7.1 255 33
  5.4 245 35
D20211102.12
100.0 185 14
 70.0 290 19
 97.1 215 19
 89.9 250 12
 86.9 225  6
 72.0 295 21
 69.9 290 18
 65.9 245 12
 60.0 305  2
 59.9 320  2
 59.4 120  2
 58.8 125  4
 56.8 190  8
 52.4 245 23
D20211103.00
100.0 160  6
 70.0 275 19
 50.0 290 25
 30.0  85 66
 20.0 100 72
 10.0 295  4
 99.5 180  4
 98.6 275  2
 92.7 340  4
 90.9  55  2
 90.2  95  2
 89.5 185  2
 88.9 205  4
 87.2 225 10
 78.9 240 27
 75.3 270 23
 68.8 280 14
 65.2 270 12
 62.6 335 10
 60.3   5  4
 59.8 335  2
 59.1 250  2
 58.7 240  6
 53.8 290 29
 43.2 300  2
 43.0 250  2
 42.9 180  2
 42.8 150  2
 41.3 145 14
 40.0 110 16
 37.6  95 39
 35.7  75 43
 31.2  85 62
 27.8  90 64
 25.0  75 70
 17.4 100 86
 16.6 100 86
 14.1  65 27
 13.2  95 16
 11.7  90 10
 11.1 155  4
 11.0 250  2
 10.7 285 10
 10.0 295  4
  9.5  20  6
  9.1 355  8
  8.9 295  6
  7.8 270 35
  7.1 250 25
  6.5 265 43
  5.3 270 43
D20211103.12
100.0 105  6
 70.0 285 16
 50.0 310 29
 30.0 100 60
 20.0  95 66
 10.0 330 12
 97.8 140  2
 97.0 225  2
 82.1 230 16
 75.4 280 27
 70.4 285 18
 66.6 250  8
 61.1 235 12
 54.5 300 39
 48.0 305 19
 45.5 345 12
 44.7  20  6
 43.4 105 10
 33.2 110 51
 25.4  80 58
 17.9  95 84
 16.7  95 82
 13.8  90 21
 12.1 150 18
 11.5 120 14
 11.2 135 14
 10.8 175  8
 10.1 320 10
  9.9 335 14
  9.1 285 16
  8.6 300 21
  7.3 260 41
  5.2 270 27
  4.6 245 19
D20211104.00
100.0 120 14
 70.0  15  8
 50.0 220 12
 30.0  90 58
 20.0  95 74
 10.0 155 16
 99.5 130 10
 97.7 215  6
 89.3 305 14
 83.0 275 21
 70.5 360 10
 68.0  55  2
 67.9  70  2
 66.5  10  4
 64.3  35  4
 63.7  20  2
 63.2 290  2
 62.6 280  8
 60.6 285 23
 51.9 300 12
 50.1 220 12
 41.9 155 16
 40.0 110 18
 37.1  85 27
 35.3 100 47
 31.8  80 53
 28.7  90 68
 17.0  90 84
 15.9  85 82
 14.1  75 47
 13.0  50 21
 11.5  80 14
 10.6 175 14
  9.9 160 14
  9.7 200  6
  9.6 275  6
  9.3 330 16
  8.8 330 23
  8.5 280 23
  7.7 270 43
  7.5 255 45
  5.0 260 33
  4.4 295 43
D20211104.12
100.0  50  8
 70.0 160 18
 50.0 240 16
 30.0  90 56
 96.7 310  6
 94.1 295 10
 91.2 315  8
 85.1 315  8
 83.6 290  6
 82.5 250  6
 77.7 190  4
 76.1 120  4
 71.2 150 16
 67.7 180 12
 63.5 255 19
 54.8 285 27
 52.3 275 21
 49.4 230 16
 46.7 225 18
 44.7 245  8
 43.5 290  2
 42.8  35  2
 42.0  70  6
 37.2  95 35
 33.2  70 47
 28.3  90 54
D20211105.00
100.0  95 41
 70.0 230 18
 50.0 240 14
 30.0  95 66
 20.0  90 74
 10.0 270 10
 95.0  80 16
 92.4  40 12
 90.5  25 12
 85.3  45  8
 82.9  15  6
 78.3  80  8
 76.8 170  8
 74.6 200 21
 70.1 225 18
 64.9 265 37
 54.9 280 19
 48.0 225 10
 47.3 240  4
 46.8 335  2
 45.2  55 12
 43.2  95 25
 40.1  85 45
 35.1  80 53
 33.0  95 64
 17.5  80 78
 16.6  75 78
 14.6  85 60
 13.7 100 35
 11.6 110 18
 10.6 225  2
 10.5 280  2
 10.4 290  2
 10.2 265  6
  9.5 295 25
  8.7 300 33
  8.3 280 29
  6.1 255 51
D20211105.12
100.0  75 27
 70.0 250 21
 94.2  30 12
 91.8  50  8
 88.6 135  8
 83.8 175 14
 80.8 155 16
 76.1 180 18
 73.6 225 18
 67.6 275 23
 59.4 270 27
D20211106.00
100.0  90 37
 70.0 290 19
 50.0 225 21
 30.0 100 60
 20.0  85 62
 10.0 280  8
 90.5  75 12
 85.2  45  8
 82.1 360  6
 79.7  35  4
 78.9  80  2
 77.7 210  2
 76.9 240  6
 71.6 285 18
 61.6 275 23
 56.7 240 19
 52.4 240 21
 49.7 225 19
 47.1 190  2
 46.9 335  2
 45.5 335 16
 40.0  65 37
 36.4 100 51
 31.4 105 60
 21.8  75 68
 15.8  85 68
 15.1  85 68
 13.8 115 33
 11.6 100  8
 11.5  90  6
 11.3 340  6
 10.3 300 10
  9.7 250 10
  8.6 265 31
  7.1 250 54
D20211106.12
100.0  90 41
 70.0 280 27
 50.0 280 18
 30.0  95 54
 20.0  85 74
 10.0 290 18
 90.3  65 14
 88.8  40  4
 87.8 295  4
 85.2 255 10
 80.5 240 12
 75.0 270 23
 60.0 295  8
 57.4 225 10
 56.1 220 14
 51.9 255 18
 46.6 330 14
 44.2 340 19
 42.0  65 16
 39.5 100 23
 32.5  85 47
 29.8  95 54
 22.0  75 78
 17.8  90 70
 15.8  95 60
 13.7 105 18
 12.6  75 12
 11.3 325 19
  9.6 270 35
  9.0 255 47
  8.4 265 35
  6.5 265 39
  6.0 265 37
  5.5 290 45
D20211107.00
100.0  90 41
 70.0 285 18
 50.0 285 27
 30.0  80 58
 20.0  95 76
 10.0 245 29
 86.5  65  4
 85.0 310  4
 80.5 280 14
 75.6 275 25
 64.3 295 19
 61.6 275 16
 53.1 280 27
 46.8 305 18
 44.7 345 12
 44.1  15  8
 43.2  90 10
 41.1 135 18
 37.5 100 41
 34.6  85 45
 32.6  95 51
 29.9  80 60
 21.0  90 78
 20.8  90 78
 18.4 105 66
 16.6 100 56
 14.7  55 45
 13.6  65 23
 11.1  65  4
 11.0 155  2
 10.9 190  6
 10.6 195 12
 10.0 245 29
  6.1 275 41
D20211107.12
100.0  85 37
 70.0 265 16
 50.0 305 19
 30.0  85 58
 20.0 100 74
 10.0 265 33
 87.9 120  2
 87.3 210  2
 87.1 230  4
 86.3 245  8
 79.5 255 31
 70.1 265 16
 64.6 230  8
 62.0 325 10
 60.4 335 14
 53.7 285 23
 51.3 290 23
 45.4 355 18
 41.9 130 16
 41.6 120 33
 41.1 111 58
 41.0 106  1
 40.9 105 74
 40.8 100 56
 40.6  95 41
 35.1  80 39
 28.9  85 60
 21.8 105 76
 13.8  75 41
 12.3 140 10
 11.7 215 10
 11.0 220 29
 10.0 265 33
  8.9 270 39
  7.9 270 29
  6.9 290 41
  5.6 265 21
D20211108.00
100.0  70 45
 70.0 260 12
 50.0 300 19
 30.0  80 62
 20.0 100 64
 10.0 270 16
 97.3  75 41
 92.9 120  4
 92.0 220  6
 91.1 245  8
 88.8 265 12
 71.6 265 16
 67.9 235 10
 65.6 235 10
 62.0 265 16
 58.4 275 27
 53.0 285 31
 46.8 325 10
 46.3 340  6
 45.6  55  6
 45.1  90  8
 43.4 130 14
 35.9  85 51
 27.7  85 68
 24.8  95 58
 21.3 105 66
 16.7  90 62
 14.6  85 43
 13.3 115 14
 12.6 100 12
 11.9 135  4
 11.7 185  2
 11.5 270  2
 11.1 310 10
 10.6 325 14
  9.9 265 18
  8.9 275 27
  7.8 245 21
  7.2 255 27
  6.6 200 19
  5.7 225 39
D20211108.12
100.0  80 43
 70.0 275  8
 50.0 295 10
 30.0  90 56
 20.0  90 72
 10.0 295 14
 94.8  80  8
 93.5 100  2
 93.1 205  2
 92.9 225  2
 92.0 250  8
 86.7 265 25
 74.8 275 12
 70.9 290  8
 68.5 235  8
 67.3 225 10
 62.6 245 23
 51.9 315 18
 48.4 275  6
 48.1 255  4
 47.5 155  4
 46.8 130 10
 43.9 150 19
 41.8  90 16
 38.7  65 31
 36.2  75 47
 33.8  90 49
 23.1  80 74
 17.0  90 60
 14.9 105 39
 13.4 150 19
 12.5 160 12
 11.4 195  6
  9.9 300 16
  8.8 305 23
  7.4 260 33
  6.6 240 33
  5.6 285 29
  5.0 285 56
D20211109.00
100.0  90 31
 70.0 210 14
 50.0 210 18
 30.0 105 64
 20.0  80 74
 10.0 270 23
 95.8 125  4
 94.9 225  4
 93.9 260 10
 89.5 275 25
 74.3 250  6
 69.1 210 18
 66.9 210 23
 56.7 330 25
 52.1 325  8
 51.2 225  6
 44.8 175 21
 42.2 100 14
 40.0  85 43
 33.8  95 47
 32.4  85 58
 24.4 100 76
 24.2 100 76
 17.2  80 76
 15.4  90 41
 13.1 105 19
 11.8  45  4
 11.7  55  4
 11.5 165  2
 10.3 260 19
 10.0 270 23
  8.6 230 19
  7.3 320 21
  6.5 220 19
  6.2 275 23
  6.0 270 33
D20211109.12
100.0  90 21
 70.0 235 14
 96.4  65  2
 96.0 300  2
 94.3 280  8
 87.7 250 23
 64.3 235 18
 62.1 275 16
 57.7 290 23
 55.5 300  4
 55.2 275  2
D20211110.00
100.0 115 37
 70.0 305  6
 50.0 215 14
 30.0  90 60
 20.0  95 74
 10.0 185  6
 94.8 125 14
 93.0 190  8
 92.1 210 12
 81.6 230 14
 76.4 220  8
 74.2 265  4
 72.5 335  4
 70.7 310  6
 63.7 320 25
 60.7 325 23
 57.6 345  2
 57.4 295  2
 57.2 210  2
 56.8 195  4
 54.9 185 12
 51.1 225 19
 48.7 180  6
 44.2 150 14
 43.6 130 12
 42.1  50 12
 37.7  90 33
 34.8  90 53
 32.6 100 60
 29.4  85 56
 22.1 100 78
 17.2 100 78
 15.5 100 47
 14.4  95 51
 13.3  80 29
 12.0 300  2
 11.9 275  2
 11.8 205  2
 11.7 170  2
 11.6 155  2
 11.2 180  4
 11.1 165  4
 10.6 245  8
  9.9 190  4
  9.6 255 10
  9.2 290 25
  8.2 290 43
  6.4 290 45
  5.6 275 33
  4.4 280 45
D20211110.12
100.0 105 23
 96.8 150 14
 93.7 230 14
 91.5 250 21
 88.1 255 21
 79.8 210 14
 73.4 225 10
D20211111.00
100.0  85 31
 70.0 260 14
 50.0 230 12
 30.0  70 53
 20.0 100 70
 10.0 175 12
 94.3  75  2
 94.2  45  2
 93.9 235  2
 93.4 275  4
 85.4 240 14
 75.1 305 10
 72.2 250  8
 64.1 275  8
 60.9 215 10
 49.5 235 10
 47.6 325  4
 45.9  10  6
 44.0  40 10
 41.9 105 21
 40.4 115 27
 30.8  70 51
 22.5 105 64
 17.6 100 76
 16.5  90 49
 15.3  50 31
 14.4  70 25
 13.6  15 16
 12.6  25  2
 12.3 175  2
 11.9 230  2
 10.1 165 12
  8.3 280 37
  7.8 285 45
  6.4 260 39
  5.9 235 23
  5.8 250 33
  5.2 240 35
D20211111.12
100.0  90 21
 70.0 245 19
 98.0 100 10
 97.1 135  4
 95.8 235  6
 95.2 250 10
 90.7 270 18
 83.3 265 14
 78.1 305 12
 75.7 305 14
 72.5 255 14
 62.4 250 19
D20211112.00
100.0  80 29
 70.0 250 29
 50.0 290 12
 30.0  90 49
 20.0  95 72
 10.0 280  4
 96.0  25 10
 94.1 325 10
 91.6 290 16
 81.7 335 18
 75.9 305 21
 72.4 265 19
 62.7 245 33
 59.6 220 31
 54.1 225 18
 51.2 280 12
 46.0 320  2
 45.7 130  2
 43.0 145 23
 39.7  90 35
 36.3 100 35
 32.9  85 53
 20.8  95 72
 20.6  95 72
 18.7  95 72
 17.8  90 72
 17.6  90 72
 16.8  85 72
 16.6  85 72
 16.1  90 72
 14.1 100 16
 12.9 185  8
 11.9 120 10
 10.2 115  6
 10.1 100  2
 10.0 280  4
  9.0 290 23
  8.6 250 23
  7.5 270 51
  7.0 260 43
  5.6 275 37
D20211112.12
100.0  85 16
 70.0 255 25
 50.0 345 21
 30.0  90 53
 20.0  85 66
 10.0 230 37
 41.0 270 62
 98.1  85  4
 97.6 115  2
 96.9 225  2
 96.0 245  6
 91.0 250 21
 80.9 315 16
 78.0 280 10
 69.0 255 27
 59.5 230 18
 58.2 240 12
 56.6 300 10
 55.6 325 14
 47.0 360 14
 45.3  45  8
 44.5 110  8
 43.3 135 16
 40.2 100 25
 36.9  80 35
 32.7  85 56
 21.3  95 68
 20.9  90 68
 16.0  95 62
 14.8 105 37
 13.8  70 21
 12.9  85 10
 12.6  65  8
 12.3   5  8
 11.9 360  6
 11.8  15  4
 11.7  60  6
 11.6  80  8
 10.7 115 14
 10.4 205 16
 10.1 230 33
  9.1 225 37
  7.9 270 62
  7.1 270 47
  6.8 280 37
  6.3 290 58
  5.4 270 53
D20211113.00
100.0  25 10
 70.0 260 29
 50.0  10 14
 30.0  95 51
 20.0  95 66
 10.0 280 18
 98.7 340 12
 93.4 290 16
 82.7 315 10
 78.6 270 21
 68.3 260 27
 59.7 230 16
 58.9 235 12
 56.4 305 18
 51.2 335 21
 47.2  80  8
 45.7 165  6
 44.1 165  8
 42.7  90 10
 41.8  65 16
 40.7  60 23
 39.0  80 33
 30.3  95 51
 28.1  85 58
 22.9 100 68
 22.7 100 68
 21.9  95 68
 16.7  95 66
 14.1 120 21
 13.6  85 14
 11.8  25 27
 11.0  30 23
 10.8  15 19
 10.1 280 18
  9.3 275 37
  7.5 265 53
D20211113.12
100.0  15  4
 70.0 260 21
 50.0 310  6
 30.0  90 45
 20.0  95 66
 10.0 245 23
 99.2 345  6
 98.2 340  6
 96.5 280  6
 94.0 240 10
 90.2 210 12
 86.0 225 12
 81.2 290 12
 76.2 270 21
 64.1 265 16
 61.6 300 12
 60.7 295  8
 58.9 255  4
 56.5 315 12
 53.4 310  6
 50.5 325  8
 49.2 285  2
 49.0 235  2
 48.6 175  2
 48.0 110  2
 46.4  90  4
 45.6 150  2
 44.2  70  6
 42.0  50 25
 36.8 105 35
 29.1  85 47
 26.5 105 53
 20.9  95 66
 18.3  95 66
 15.8  85 49
 13.6  90 25
 13.1  45 12
 11.7 360 25
 10.4 280 16
 10.2 250 18
  9.7 270 37
  7.5 280 37
  7.0 295 47
  5.8 285 47
  5.1 250 29
  4.4 255 43
D20211114.00
100.0  70 16
 70.0 300 14
 50.0 230 19
 30.0 100 53
 20.0  95 70
 10.0 240 27
 94.2  35  2
 93.1 290  2
 82.3 255 19
 77.8 290 19
 67.6 315 18
 61.2 275 14
 53.8 270 16
 43.0 140 10
 41.8  75 12
 41.3  70 18
 37.6 105 29
 34.8  90 43
 31.4 105 54
 28.8  85 51
 23.4  90 72
 18.1  95 72
 15.3  90 51
 13.3 105  6
 13.1 135  6
 12.6 150  6
 12.5 135  4
 12.3  65  2
 12.2 315  2
 12.1 300  4
 11.3 285 14
 10.8 220 14
 10.6 215 19
  8.6 290 25
  8.2 290 35
  7.7 275 29
  7.2 280 47
  7.1 280 54
  6.6 255 29
  6.1 275 47
  5.4 275 58
D20211114.12
100.0 320 10
 70.0 230 18
 96.4 285 16
 91.9 265 21
 80.5 250 14
 76.0 275 16
 71.3 230 16
 67.5 250 12
 64.3 325 14
 62.5 330 16
 60.5 300 18
 59.2 300 25
D20211115.00
100.0 340 14
 70.0 310 19
 50.0 230 18
 30.0  85 60
 20.0  85 68
 10.0 340  6
 87.0 265 16
 80.6 325 14
 75.6 310 14
 72.2 325 18
 61.2 255 23
 56.0 285 21
 52.9 245 12
 48.3 225 14
 43.1  60 16
 32.8  95 56
 19.6  85 68
 16.8  95 91
 14.5  80 35
 13.7 100 14
 11.9 275  8
 11.1 260  4
 10.7 190  2
 10.5 295  2
 10.4 290  4
  9.9 355  6
  9.7 315 10
  9.1 275 25
  8.4 270 49
  8.1 270 56
  7.5 260 35
D20211115.12
100.0 335  6
 70.0 305  8
 50.0 265 16
 30.0  95 58
 20.0  95 62
 10.0 300 37
 41.0 275 60
 96.1 335 12
 88.1 280  8
 86.6 290  6
 78.5  65  4
 77.2 155  4
 76.5 185  6
 73.3 225  6
 71.7 285  4
 69.1 315  8
 61.7 260 16
 54.5 305 21
 51.4 265 14
 48.9 265 12
 46.0 330  6
 45.3  40  6
 43.4  40 23
 41.2  70 29
 35.5 100 49
 31.1  90 56
 29.3 105 58
 20.0  95 62
 17.3  90 80
 15.8  95 54
 14.0  60 31
 13.2  85 16
 12.8 160 10
 12.0 175  4
 11.6 300  4
 11.3 310  2
 11.1 295  2
 11.0 270  2
 10.8 295  4
 10.7 285  8
 10.3 295 27
  7.4 275 35
  6.8 275 54
  6.7 275 60
  5.8 255 37
  5.7 250 31
  5.4 245 39
D20211116.00
100.0  50 14
 70.0 285 12
 50.0 325 12
 30.0  95 54
 20.0  80 76
 10.0 290 31
 96.2  25 14
 90.5  30 14
 86.6  10 10
 81.0  90 10
 79.7 145  6
 76.9 210  4
 75.5 285  6
 74.5 310 10
 71.3 305 14
 68.2 255 16
 62.1 245 25
 58.6 265 18
 53.2 250 16
 48.9 335 14
 46.6 350 12
 44.9  80 14
 43.8  95 25
 36.3 105 53
 32.3  85 56
 25.4  95 62
 18.4  85 89
 16.8  85 89
 15.8  75 62
 14.4  95 43
 12.9  70 12
 11.9 215  2
 11.7  15  2
 11.5  15  6
 10.3 295 31
  7.8 255 25
  7.3 270 47
  7.2 270 53
  6.4 260 33
D20211116.12
100.0  80 25
 70.0 210  8
 50.0 315 14
 30.0  90 56
 20.0  90 72
 10.0 300 27
 41.0 275 60
 92.5  55 12
 89.0  60  6
 88.4  45  6
 81.9  90 10
 79.8  80  6
 78.1  25 10
 74.9 360 12
 71.3  75  2
 71.0 170  2
 70.8 200  2
 66.6 230 25
 64.3 245 29
 60.7 240 23
 53.0 265 12
 50.1 315 14
 47.2 340 12
 43.3 115  6
 38.1 105 39
 32.8  75 58
 26.3 100 62
 17.5  80 82
 15.8  80 53
 15.0 105 39
 13.3 115 25
 12.1 160  4
 11.9 245  4
 11.3 285 18
 10.1 295 29
  9.5 270 35
  8.7 300 35
  8.0 285 37
  7.4 275 51
  7.1 275 58
  7.0 275 60
  6.4 255 29
  5.8 270 53
D20211117.00
100.0  85 39
 70.0 240 31
 50.0 270 18
 30.0  80 54
 20.0  80 80
 10.0 275 29
 93.2  85 21
 87.9  60 16
 83.0  55 10
 81.2   5  8
 76.9 330 10
 74.6 250 12
 70.7 235 29
 66.6 260 31
 59.9 250 16
 54.4 275 16
 46.5 260  4
 46.2 235  2
 45.6 140  2
 44.9 110  6
 42.7 115 27
 40.2  90 33
 29.9  80 54
 27.1  95 64
 19.4  85 82
 19.1  85 82
 16.7  90 76
 12.1 130  4
 12.0 105  2
 11.8 310  2
 11.7 305  2
 11.6 330  2
 10.7 280 18
  8.8 285 41
  8.2 285 33
  7.6 270 51
  7.5 270 56
  6.9 260 39
  6.3 270 47
D20211117.12
100.0 110 37
 70.0 260 23
 50.0 295 18
 30.0  85 51
 20.0  85 78
 10.0 240 29
 96.3 115 27
 90.9  80 16
 84.7  80  8
 83.8  55  4
 82.6 330  4
 81.6 290  6
 75.7 275 10
 72.4 250 16
 65.1 290 29
 59.6 295 16
 56.9 245 14
 55.8 240 16
 53.1 280 18
 46.6 325  2
 46.4 355  2
 46.1 120  2
 46.0 145  2
 44.5 125 10
 42.1 125 25
 39.9 100 27
 34.4  70 43
 26.9  90 62
 20.9  80 78
 18.7  85 78
 14.4 110 41
 13.3  75 14
 12.9  95 10
 12.3 190  8
 11.5 230 18
 10.1 240 31
  8.9 285 43
  8.3 285 39
  7.9 275 51
  7.6 280 60
  7.0 275 54
  6.2 270 64
  5.9 270 72
  4.6 275 35
D20211118.00
100.0 100 43
 70.0 255 16
 50.0 350 14
 30.0  95 56
 20.0  90 64
 10.0 260 31
 94.1 100 18
 91.2  45 12
 88.8  30 10
 85.2 310  8
 82.9 300  8
 81.4 265 10
 79.0 240 12
 71.6 235 18
 69.2 265 18
 61.7 325 16
 57.6 290 18
 52.4 310 21
 48.7  20  8
 47.1 115  8
 43.5 130 19
 36.1  90 45
 33.0 105 62
 24.5  85 58
 18.3  95 68
 16.3  90 64
 15.0 100 43
 13.6  85 37
 12.1  95  8
 11.9 135  4
 11.8 175  4
 11.2 175 12
 10.6 235 27
  9.6 295 31
  6.9 265 64
D20211118.12
100.0 110 31
 70.0 270 14
 96.7 125 25
 83.2 195  2
 82.7  25  2
 81.4 340  4
 73.6 300  8
 72.2 265  8
 64.6 300  8
 62.6 280  6
 61.8 235  8
 60.9 205 14
D20211119.00
100.0  85 31
 70.0 195 10
 50.0 165 12
 30.0  90 60
 20.0  90 58
 10.0 270 43
 92.8  70  4
 91.5 335  4
 90.2 315  8
 76.5  50  4
 75.5 170  2
 75.0 185  4
 68.7 200  6
 67.5 185  2
 67.1 195  2
 66.7 245  2
 62.5 245 19
 54.4 250 10
 54.0 235  6
 52.9 140  6
 52.4 130 10
 48.7 170 14
 46.5 135 10
 44.3  50 10
 42.3  70 18
 34.2  95 60
 20.2  90 60
 16.9  95 76
 15.8  90 54
 13.8 100 45
 12.9  95 25
 11.4 150 16
 10.6 265 29
 10.4 275 39
  8.9 275 64
  7.9 270 70
  7.1 270 66
  6.6 265 47
  6.5 265 37
  6.2 270 47
  5.9 270 49
  5.7 270 51
  5.3 260 27
  4.6 265 33
D20211119.12
100.0  85 19
 70.0 240 12
 50.0 145  6
 30.0  90 58
 20.0  90 62
 95.3  90  4
 94.2  65  2
 93.1 320  2
 91.4 290  4
 89.2 280  8
 82.8 320  6
 81.8 305  4
 80.7 245  4
 78.1 215  8
 69.3 245 12
 65.7 240 19
 59.9 265 25
 54.1 265  6
 53.5 230  2
 53.1 155  2
 51.0 125  8
 49.0 160 10
 46.9 135 10
 44.8  45 14
 42.0  40 27
 39.7  70 35
 30.4  90 58
 26.7  85 68
 21.6  95 62
 17.3 100 78
 17.0 100 78
 15.1  85 51
D20211120.00
100.0  85 51
 70.0 320 12
 50.0 215 14
 87.4  15  6
 85.7 325  6
 83.6 360  8
 78.2 360 10
 74.9 290 10
 71.5 320 14
 66.1 305 12
 63.7 280 10
 61.9 275 16
 56.6 350  6
 56.0 335  4
 55.4 255  2
 54.1 215 10
 52.9 205 14
 48.3 240  4
 47.7 340  2
 47.4 355  6
 44.6  60 21
 41.1  90 33
 37.0 105 49
D20211120.12
100.0  75 31
 70.0  65  8
 50.0 230 12
 96.8  85 16
 91.5 180 10
 89.4 200 10
 82.7 225  2
 80.9  25  2
 75.7  60 10
 67.9  75  2
 67.7  40  2
 67.3 245  2
 61.0 290  4
 59.9  30  2
 59.3  55  2
 58.8  30  2
 58.4 260  2
 55.9 235 18
 51.7 230 19
 48.9 240  2
 48.8 255  2
 48.7 240  2
 48.4  45  2
 48.3  60  2
 46.9  30  8
 45.4  15 14
 41.7  85 27
 38.5  80 70
D20211121.00
100.0  80 41
 70.0 210  8
 50.0 330 19
 30.0  95 60
 20.0  85 86
 10.0 280 39
 92.9  60 18
 87.0  45 12
 77.3  75 16
 74.1 140 12
 70.2 205  8
 64.8 250 12
 61.6 205 16
 54.0 230 14
 51.5 315 12
 50.3 330 18
 46.6 340 12
 46.0 355 12
 44.4  95 12
 43.8 115 18
 40.9 120 35
 36.7  80 53
 33.3  80 58
 31.4  95 62
 19.5  85 89
 17.5  85 89
 13.8 110 27
 13.4  85 12
 12.9 355 12
 11.6 295 33
  8.7 270 41
  7.5 310 27
  6.9 290 35
  6.8 290 43
  6.5 285 39
  6.3 290 33
  6.0 285 51
  5.5 270 60
D20211121.12
100.0  90 37
 70.0 235 23
 86.8 140 14
 81.7 120  8
 77.8 185 18
 67.2 245 21
 62.0 210 12
 59.2 210 12
D20211122.00
100.0  80 39
 70.0 265 14
 50.0  30 14
 30.0  90 51
 20.0  90 66
 10.0 240 27
 90.3 120 23
 87.8 110 14
 85.3  75  8
 82.8  95  6
 79.3 190  4
 77.4 270  6
 76.3 280  8
 74.2 265 10
 69.9 265 14
 63.5 235 12
 60.4 250  8
 57.5 305 10
 55.1 330 12
 52.0 330 14
 46.5 115 21
 43.7 135 27
 39.6  95 39
 33.8  95 56
 25.3  85 56
 17.8  95 70
 12.6 105  2
 12.4 270  2
 12.3 280  4
 12.2 265  4
 11.4 290  8
 11.0 235 12
 10.8 225 19
  9.9 245 27
  9.1 295 25
  8.5 295 29
  7.7 275 45
  6.2 255 49
  4.9 260 53
D20211122.12
100.0 100 41
 70.0 250 21
 50.0  50 21
 30.0  85 49
 20.0  90 62
 10.0 250 35
 40.0  95 64
 84.8 145  6
 84.2 125  4
 82.8  25  2
 81.5   5  2
 79.1  55  4
 77.5  20  2
 76.6 310  2
 75.3 260  6
 69.0 255 21
 59.8 250 12
 56.5 325 12
 54.5 330 18
 49.0  70 23
 44.2 130 18
 40.3  80 35
 37.7  85 47
 34.1  90 43
 31.8  80 49
 24.4 100 54
 19.5  95 64
 14.1  90 41
 12.8 100  8
 12.5  75  2
 12.4  95  2
 12.3 230  2
 12.2 245  4
 12.1 230  6
 11.6 220 12
 10.8 245 25
  9.7 250 33
  8.4 290 33
  7.5 280 51
  6.6 270 45
  6.3 280 56
  5.4 280 70
  4.9 275 62
D20211123.00
100.0  95 31
 70.0 290 25
 50.0 125 21
 30.0  85 51
 20.0  90 60
 10.0 300 16
 93.7 110 37
 89.7 115 21
 86.5  70  6
 84.1 330  8
 82.5 305 14
 78.5 285 21
 70.8 290 27
 68.1 285 18
 63.4 320 16
 55.2 350 12
 50.3 120 19
 47.4 150 21
 42.5  90 29
 38.9  90 51
 34.4 105 53
 23.5  80 62
 18.8  95 66
 13.1  70 31
 12.0 115 10
 11.5 190  8
 10.7 220 12
 10.2 285 12
  9.0 320 37
  8.4 295 45
  6.7 260 70
  5.9 240 47
  5.0 255 41
D20211123.12
100.0 105 41
 70.0 310 19
 50.0 145 23
 30.0  85 54
 20.0  90 68
 10.0 275 31
 92.1  90 16
 90.0  40 14
 85.5 355 14
 81.8 290 18
 76.7 285 29
 69.2 310 18
 63.6 360  8
 61.4 355  4
 60.1 325  4
 58.7 325  4
 57.6  10  2
 56.9  65  2
 53.1 140 18
 47.0 150 25
 44.2  95 23
 40.5  65 27
 37.4  80 47
 32.7  75 49
 29.1  95 56
 18.3  95 72
 17.3 100 66
 14.6  85 45
 13.9  90 33
 13.3  60  8
 13.2  40  6
 13.0  35  2
 12.9 280  2
 12.8 260  2
  9.9 275 33
  9.1 310 21
  8.4 280 54
  6.9 255 47
  6.5 275 35
  6.1 260 23
  5.3 290 39
  5.0 290 31
D20211124.00
D20211124.12
100.0  95 31
 70.0  75 10
 50.0  60  4
 94.3 130 10
 91.3 215 12
 89.2 240 18
 82.9 250 23
 78.1 265 12
 76.3 285  6
 75.0 350  6
 71.6  40 10
 66.8 145 16
 65.3 155 14
 62.9 135 10
 58.6 140 10
 56.8 155 18
 55.0 170 19
 51.6 165  4
 49.6  40  6
 47.2   5 19
D20211125.00
100.0 145 14
 70.0 125 16
 50.0 320 15
 30.0  80 54
 20.0  90 71
 10.0 280 35
 94.6 195 14
 92.2 190 10
 89.3 220 12
 85.2 220 18
 82.8 215 13
 81.2 230 12
 79.8 215 10
 78.4 330  1
 76.7  55 10
 74.5  55 16
 73.3  65 13
 70.9 120 16
 69.0 115 10
 61.8 250  2
 57.8 250 11
 54.8 275 11
 53.2 270 12
 52.0 310 11
 47.8 325 16
 46.0 360 16
 44.3  60 14
 43.5  85 17
 40.2 105 26
 32.5  90 59
 27.4  75 62
 23.1 105 71
 18.7  80 75
 18.2  90 79
 15.4  80 53
 13.8  95 50
 13.4 100 34
 12.7  80 10
 12.4  50  6
 11.3 185 11
 11.1 220 11
 10.9 240 14
 10.6 265 23
 10.4 295 28
 10.1 340 54
  9.7 265 38
  9.1 260 44
  7.6 280 27
  7.2 290 37
  7.0 295 36
  6.9 285 28
  6.6 275 50
  6.3 265 53
  6.0 245 31
D20211125.12
100.0 120 29
 70.0 120  8
 50.0 330 29
 30.0  90 47
 94.3 145 18
 89.0 200  4
 86.0 200  2
 82.3 240  4
 78.9 185 10
 69.6 115  6
 69.0 140  4
 68.1 240  4
 64.9 270 19
 60.9 260 23
 54.6 320 21
 47.8 335 21
 45.1   5 18
 42.9  80 18
 41.6  95 27
 36.6  75 41
 33.8  90 41
 28.0  85 51
 25.2 100 60
D20211126.00
100.0 115 37
 70.0 265 14
 50.0 330 16
 30.0  80 56
 20.0  95 64
 10.0 285 33
 96.9 110 31
 90.6  30 16
 84.1  40 12
 81.0 105  8
 79.1 185 10
 75.4 200 16
 72.6 245 14
 68.1 285 18
 53.8 305 18
 47.9 355  8
 46.7 105  8
 43.1 140 27
 37.8  80 43
 33.7  95 45
 29.0  75 54
 25.5  90 54
 23.1  95 70
 22.8  95 70
 17.5  95 64
 15.8 105 41
 14.3  75 18
 13.8 345 14
 11.9 260 23
 10.9 250 29
 10.0 285 33
  8.3 295 35
  7.1 275 54
  6.0 240 51
  4.8 260 53
D20211126.12
100.0 110 31
 70.0 330 10
 50.0  40  4
 30.0  95 45
 20.0  95 64
 10.0 265 39
 97.0  95 12
 93.8  35  6
 88.3 195  4
 85.0 235  6
 83.6 270  6
 82.3 275  6
 79.1 220  2
 76.8 310  4
 73.2 335  6
 70.6 330 10
 66.6 265 19
 57.1 300 23
 51.1   5  6
 49.8  35  4
 48.7 100  6
 46.2 135 16
 44.7 140 29
 37.2  90 43
 33.7 115 47
 28.7  85 49
 27.0  95 49
 22.8  85 58
 19.8  95 66
 17.0  85 56
 15.4  85 29
 13.6  10 23
 12.5 265 23
 11.6 230 47
  8.9 280 43
  8.0 275 51
  6.6 270 43
  6.1 280 56
  5.8 275 51
  5.7 275 41
  5.5 275 45
  4.7 275 33
D20211127.00
100.0 110 43
 70.0 235  6
 50.0 140  6
 30.0  80 53
 20.0  95 66
 10.0 255 29
 96.7 105 29
 93.6  75 18
 88.2 355 12
 82.5 360 18
 76.7  50  8
 76.0  30  6
 74.2 290  4
 73.4 270  6
 68.5 225  8
 59.4 275 16
 51.2 180  8
 50.1 140  6
 48.4 165 10
 46.0 160 27
 44.6 150 29
 40.5  80 39
 32.1  70 53
 28.6  90 51
 20.4  95 66
 20.2  95 66
 17.1  90 58
 15.2 110 37
 13.1 130 10
 12.7 205 10
 12.1 205 14
 10.8 265 25
 10.3 250 27
  9.1 255 27
  8.5 255 49
  7.8 260 56
  7.0 255 39
  6.1 270 39
  5.6 280 49
  4.6 275 47
D20211127.12
D20211128.00
100.0  90  6
 70.0 255 14
 50.0  95  8
 30.0 100 58
 20.0 100 64
 10.0 265 25
 98.7 120  2
 97.9 220  2
 96.7 270  4
 91.3 340  8
 89.7 340  8
 85.3 285  8
 83.9 290 10
 79.7 345  6
 76.2 280 10
 67.8 245 14
 62.1 255  8
 55.5 185 10
 52.5 115 10
 48.2  60 16
 45.0  45 37
 40.7  80 47
 31.1 100 56
 25.9  85 58
 22.6 100 68
 16.6  90 64
 13.9  80 27
 12.9  25  8
 12.6 310  6
 12.4 300  6
 12.0   5  8
 11.5 320 14
 10.9 330 10
 10.5 270 10
  8.7 275 45
  7.7 250 16
  7.3 280 43
  6.7 245 19
  6.4 265 35
  5.7 260 54
  5.4 260 62
  4.8 260 49
D20211128.12
100.0  70 14
 97.9  65  8
 94.7  20  4
 92.1  15  4
 90.3 345  6
 85.9 215  8
 79.3 245  6
D20211129.00
100.0 185 12
 70.0  15  8
 50.0 240  8
 30.0  90 56
 20.0  85 80
 10.0 245 37
 41.0 280 62
 96.2 240 12
 92.4 235 10
 84.9 330  8
 81.1 355 16
 73.1 350  8
 69.7  20  8
 65.6 340  4
 64.3 300  4
 63.0 285  6
 60.4 295  8
 57.1 250 12
 52.7 250 18
 48.2 225  2
 47.8  80  2
 41.6 105 37
 36.9 105 43
 35.1  85 41
 20.0  85 80
 19.3  85 80
 15.5  90 62
 13.5 120 21
 12.7 100  4
 12.6  65  2
 12.5 315  4
 12.0 310 14
 10.9 240 16
 10.3 245 33
  8.6 280 39
  7.9 305 29
  7.4 280 53
  7.2 280 62
  6.1 240 25
  5.6 265 27
D20211129.12
100.0 220 18
 70.0 325  2
 50.0 315 12
 30.0  85 62
 20.0  95 68
 10.0 255 49
 94.4 230 27
 84.3 265  2
 83.7  40  2
 79.6  55  8
 78.0  25 10
 73.5 330  2
 72.5 245  2
 70.8 245  2
 69.5  20  2
 68.8  25  2
 68.0 185  2
 62.4 240 14
 52.7 275 18
 47.3 350 12
 44.9 100 16
 43.4 120 27
 33.5  80 51
 29.2  90 64
 24.8  75 62
 19.1  95 74
 14.2 105 19
 12.6 270 12
 12.1 280 21
 10.6 265 49
  9.3 240 43
  8.3 255 39
  7.6 270 54
  7.0 265 54
  6.5 285 35
  6.2 320 19
  5.9 320 37
  5.4 310 51
  5.3 310 56
  5.0 290 39
D20211130.00
100.0 120 19
 70.0 260 18
 50.0 300 12
 30.0  80 62
 20.0  95 76
 10.0 290 39
 89.8 145 12
 86.7  80  8
 82.6  70 18
 80.3  65 12
 77.4  15  8
 73.6 355  2
 73.2 285  2
 72.5 250  4
 65.6 285 25
 54.6 250 19
 51.5 290 14
 47.8 310  6
 45.6  25  6
 44.7 100  6
 40.9 145 27
 35.0  80 41
 30.4  80 60
 18.5  90 84
 15.8 120 31
 13.9  75  6
 13.8  45  2
 13.7 340  2
 13.4 310  6
 12.0 295 35
 11.3 280 39
  9.8 290 37
  8.7 300 53
  7.3 265 51
  6.7 245 37
  6.3 255 31
D20211130.12
100.0 100 19
 70.0 250 16
 50.0 325  4
 30.0 100 23
 20.0  95 29
 10.0 275 16
 93.7  90 10
 92.6  70  6
 90.7  10  6
 88.9   5  8
 83.3  55  4
 83.0  30  2
 82.5 305  2
 81.2 285 10
 73.9 275 16
 70.0 250 16
 61.4 275 18
 56.9 245 12
 52.2 260  4
 50.1 325  4
 48.8 310  2
 47.6 255  2
 46.6 180  2
 43.4 115  4
 37.2  80 18
 32.4 100 19
 19.8  95 29
 16.8  95 18
 15.1 130 14
 13.2  20  6
 12.1   5 12
 11.2 295 12
  9.3 270 21
  7.5 270 19
  6.8 295 14
