sing20200306.12
TTAA 56121 48698
99008 29250 05008 00093 28249 04506 92781 22210 32504
85514 18014 32005 70159 10856 18508 50589 04326 19511
40761 14147 02502 30974 28761 15507 25101 40137 09013
20249 53162 09025 15428 68545 09549 10662 79161 08553
88111 80156 07554
77102 08062 408//=
TTCC 56121 48698
70869 71968 26534 50067 68772 07015 30380 58980 03506
20639 54183 06541 10097 40191 09067
88999
77053 09087 416//=
TTDD 5612/ 48698
11989 75563 22966 74564 33908 73367 44732 76964 55702
71968 66615 74366 77464 66974 88406 66575 99404 66575
11345 58781 22292 57981 33285 58580 44278 57582 55274
53585 66261 52584 77222 55782 88204 55582 99191 50985
11173 53183 22127 43590 33098 39991 44083 42391 55062
37392 66053 31194 77051 27196
21212 11949 09018 22932 10010 33914 19501 44890 26510
55838 18510 66820 18511 77791 26516 88770 27524 99656
26542 11555 29010 22513 05505 33503 07010 44484 07025
55467 10528 66448 11526 77432 09530 88421 10029 99392
10038 11366 08028 22349 09019 33336 07510 44307 01506
55278 12510 66273 17515 77269 19018 88255 17522 99244
16511 11235 12011 22228 12510 33216 07524 44200 06541
55196 07545 66186 08547 77155 09569 88135 09058 99126
09571 11086 09569 22079 10566 33072 11071 44058 09581
55056 09070 66053 09087 77051 09074=
