sing20200316.00
TTAA 66001 48698
99009 27826 05506 00101 27030 05512 92787 22636 05021
85520 18633 07514 70166 10226 07012 50589 05140 10501
40761 14556 10009 30973 29759 09520 25100 38760 25505
20249 51757 26516 15429 66158 27520 10666 80750 14003
88999
77999=
TTCC 66001 48698
70864 73568 19007 50065 68171 10012 30378 63776 32510
20632 54781 11047 10093 40388 08070
88908 84346 16014
77113 08073 40403=
TTDD 6600/ 48698
11908 84346 22839 85140 33739 82558 44675 69976 55649
71171 66554 69770 77537 67173 88473 68372 99442 61178
11378 64375 22301 63976 33254 56780 44222 59178 55214
58380 66211 54782 77186 53582 88181 49983 99166 50982
11129 42387 22095 39989 33061 35192
21212 11953 14512 22892 17010 33832 15510 44805 19510
55758 19018 66736 18510 77690 26502 88658 31510 99628
33018 11608 32512 22560 24010 33537 17005 44514 12510
55488 09014 66469 08016 77451 12514 88400 13028 99365
09516 11343 08010 22324 20502 33302 32010 44296 34510
55289 35510 66284 34016 77277 35521 88270 01019 99250
12512 11244 13512 22218 10031 33201 11047 44188 09049
55171 10070 66154 08573 77113 08073 88061 10045=
