sing20200307.00
TTAA 57001 48698
99010 26814 04505 00115 26221 03507 92801 22835 36006
85534 18431 31006 70175 09639 17002 50590 05136 13506
40762 17306 05503 30973 29563 08015 25100 40359 10522
20248 52961 10526 15427 68324 10053 10661 74966 10541
88110 82556 09069
77121 09070 41520=
TTCC 57001 48698
70869 73167 25536 50066 68972 08515 30382 57780 23010
20639 57580 06545 10092 47985 09579
88609 76165 25024
77074 09096 41405=
TTDD 5700/ 48698
11948 71570 22849 76165 33757 71369 44609 76165 55578
71969 66496 68772 77406 63977 88392 59180 99341 58180
11325 59779 22263 54382 33211 58779 44143 47586 55116
46186 66093 48585 77066 40990 88058 31594
21212 11976 11023 22950 07010 33943 06008 44854 32003
55836 30510 66798 29523 77770 26030 88732 26541 99620
26026 11589 21514 22571 21511 33547 19510 44531 15004
55498 08515 66489 08017 77471 12025 88434 11536 99390
08522 11368 11014 22359 14512 33329 19004 44273 21012
55262 17512 66250 07010 77242 02515 88238 02517 99229
06020 11220 04520 22194 06551 33187 08551 44157 09081
55145 09069 66074 09096 77058 09092=
