sing20200303.12
TTAA 53121 48698
99006 29656 05008 00080 28656 02511 92768 21810 02518
85501 18427 34014 70147 11464 04505 50589 02369 01514
40762 12766 10517 30975 27961 05511 25103 38956 09512
20252 51142 11526 15433 67356 11038 10667 82356 08039
88999
77999=
TTCC 53121 48698
70869 73167 27510 50066 73367 32017 30376 58780 08524
20636 52582 08049 10098 41588 09558
88908 86344 09037
77051 10080 418//=
TTDD 5312/ 48698
11908 86344 22841 85958 33831 78961 44757 72168 55642
76364 66626 73167 77560 71768 88503 73767 99454 66774
11408 66374 22372 65975 33360 62378 44325 63577 55266
54181 66199 52583 77183 46985 88135 46785 99114 42188
11076 38990 22075 38990 33067 34793 44066 34793 55053
37592 66049 30995
21212 11888 09037 22856 10539 33840 11528 44824 15515
55807 20019 66764 24014 77749 27010 88704 27510 99667
24515 11628 27507 22537 30531 33506 32519 44489 30513
55485 30010 66475 22004 77445 08510 88411 10038 99399
10536 11379 08533 22350 09028 33332 06524 44313 06518
55287 12022 66278 13017 77262 12526 88253 10013 99244
11021 11234 09531 22221 05028 33202 08049 44190 07056
55172 09059 66138 08552 77121 08563 88062 09557 99052
10064 11051 10080 22046 11544=
