sing20200329.00
TTAA 79001 48698
99007 26821 04506 00086 26026 01007 92772 21810 32505
85504 17839 32013 70151 12069 35012 50588 05160 10508
40760 14559 09014 30972 29560 12020 25099 40159 09024
20248 52363 11027 15427 67357 11038 10661 82956 08525
88100 82956 08525
77999=
TTCC 79002 48698
70866 79761 22021 50063 68772 07523 30375 56580 09511
20635 53382 11522
88685 80761 22519
66100 09577 415//=
TTDD 7900/ 48698
11963 82359 22952 77761 33924 74165 44761 76364 55685
80761 66664 75965 77632 74567 88491 68572 99441 72769
11375 61578 22333 57180 33309 57579 44259 56580 55245
50584 66212 54580 77196 51583 88174 54181 99168 51783
11114 50982 22100 47785
21212 11969 09528 22919 19011 33862 28010 44848 28510
55797 00000 66769 18010 77744 20518 88719 21523 99689
22520 11639 22515 22619 26010 33602 27010 44555 03002
55519 09510 66481 08036 77438 10042 88419 09048 99376
08042 11355 09040 22302 10013 33299 08510 44276 35501
55251 21510 66243 23018 77234 25014 88224 23012 99217
18514 11207 17515 22204 15516 33200 11522 44193 10537
55184 09531 66157 09567 77132 07575 88100 09577=
