sing20200326.00
TTAA 76001 48698
99007 27216 03504 00086 26425 02006 92773 22016 05012
85506 19658 10009 70152 10245 15010 50588 04959 11514
40761 14564 07013 30973 29162 15022 25100 39164 12522
20249 51162 10519 15429 67158 07008 10663 82142 11021
88999
77999=
TTCC 76001 48698
70864 73367 04509 50064 69170 07503 30374 60177 10012
20633 53980 12511 10083 46984 08584
88905 85537 10514
77078 09591 40914=
TTDD 7600/ 48698
11905 85537 22876 85156 33862 80158 44811 78560 55746
77763 66683 70770 77616 70170 88594 71369 99526 67972
11437 70370 22388 67773 33373 62777 44296 60177 55261
54380 66237 55379 77217 52781 88175 54780 99142 50182
11131 52781 22089 42787 33084 43786 44065 33793
21212 11956 12018 22915 11015 33905 10514 44887 09016
55859 05022 66833 05528 77805 08017 88784 13013 99774
14011 11740 08510 22718 08016 33704 05010 44683 00000
55668 23010 66610 22023 77583 23511 88505 00000 99490
05010 11458 08513 22423 06025 33392 06528 44377 08534
55356 07528 66333 12020 77312 10018 88300 10012 99289
14512 11280 11506 22269 14510 33263 20515 44239 27524
55234 27517 66231 26510 77227 19004 88223 12510 99210
14514 11201 13510 22191 08531 33172 08559 44142 09575
55098 08585 66078 09591 77065 10079=
