  1. 3.2020   0 Uhr

 99.9 -19.5   0.0   84.9 -24.7   9.0   80.5 -10.6  -1.9   79.0  -9.4  -5.4
 76.7  -9.8  -4.6   73.7  -4.8   1.8   72.2  -0.5   2.0   70.0   3.8   2.7
 69.6   3.9   3.3   68.2   3.7   7.9   66.7   2.8   7.7   63.7   7.7   2.8
 62.2   7.6   1.3   56.1  13.4   3.6   53.7   5.8   2.1   53.0   4.1   0.4
 50.0   2.1  -5.8   49.5   1.3  -7.1   48.5  -2.5  -6.8   47.1  -3.0   0.8
 46.3  -4.5   2.6   44.1  -5.6  -2.6   39.1 -16.9   6.2   37.3 -13.3   1.2
 34.4 -11.2   5.2   31.6  -2.8   7.7   30.1  -2.6   4.5   30.0  -2.3   4.0
 29.2  -0.0  -0.0   27.7   4.7   2.2   26.3   7.0   3.3   25.4   5.1   0.9
 24.8   1.5  -1.5   24.3   0.4  -5.1   22.6  -6.1  -2.8   22.1 -10.2  -0.9
 21.4 -17.9   1.6   20.2 -17.4  10.0   20.0 -17.8  10.3   18.4 -20.5   1.8
 16.5 -33.4   0.0   11.1 -43.0  -3.8   10.0 -39.5  -7.0    8.8 -40.0  -3.5
  6.6 -30.5  11.1    5.6 -28.8   7.7    5.4 -32.4   5.7

 99.9 -19.5   0.0   90.0 -22.9   5.8   80.0 -10.2  -3.0   70.0   3.8   2.7
 60.0   9.6   2.1   50.0   2.1  -5.8   45.0  -5.1  -0.5   40.0 -14.8   4.5
 35.0 -11.6   4.4   30.0  -2.3   4.0   25.0   2.7  -0.7   22.5  -6.9  -2.4
 20.0 -17.8  10.3   15.0 -35.8  -0.9   12.0 -41.2  -3.1   10.0 -39.5  -7.0
  8.0 -36.7   1.5    7.0 -32.3   8.2    6.0 -29.5   9.1    5.0   0.0   0.0
  4.0   0.0   0.0

  1. 3.2020  12 Uhr

 99.9 -12.3   1.1   83.8 -18.4   6.7   80.5  -9.8   5.7   78.5  -6.3   2.3
 77.2  -7.7   0.7   75.1  -6.2   3.6   73.5  -4.5   2.6   71.3  -0.0  -0.0
 70.0   2.5  -0.7   63.6   4.8  -1.8   62.2   5.6  -2.6   60.7   9.7   0.9
 56.7  13.1   4.8   55.2   8.0   4.6   54.3   5.8   2.1   53.7   5.1  -0.4
 52.8   4.0  -4.0   52.0   3.9  -6.7   50.0   3.9  -6.7   49.4   3.3  -5.8
 47.9  -1.1  -6.1   47.0  -3.1  -0.3   45.5  -4.2   3.0   44.0  -5.1  -2.4
 40.2 -18.4  -1.6   38.7 -13.9   3.7   35.9 -11.3  -1.0   32.6  -2.1   1.5
 30.0  -0.0  -2.6   27.7   1.4   0.7   26.5   5.0   1.3   25.2   4.0   4.7
 24.2   3.0   4.2   23.5  -1.7   1.2   22.9  -4.7  -2.2   20.6 -14.0   6.5
 20.0 -16.4   6.0   19.0 -21.6   0.0   17.7 -33.3   2.9   16.1 -35.5  -6.3
 14.7 -33.4   0.0   11.1 -41.2   0.0   10.0 -35.5   0.0    9.1 -34.0   0.0
  7.7 -35.5   6.3    6.5 -25.6   2.2    5.8 -27.7   2.4    5.5 -37.2 -13.5
  5.4 -37.5  -6.6

 99.9 -12.3   1.1   90.0 -15.9   4.4   80.0  -8.9   4.8   70.0   2.5  -0.7
 60.0  10.3   1.5   50.0   3.9  -6.7   45.0  -4.5   1.2   40.0 -17.9  -0.9
 35.0  -8.8  -0.3   30.0  -0.0  -2.6   25.0   3.8   4.6   22.5  -6.2  -0.7
 20.0 -16.4   6.0   15.0 -33.9  -1.4   12.0 -39.1   0.0   10.0 -35.5   0.0
  8.0 -35.1   4.8    7.0 -29.9   4.0    6.0 -27.1   2.4    5.0   0.0   0.0
  4.0   0.0   0.0

  2. 3.2020   0 Uhr

 99.9  -4.0  -1.1   91.6 -16.7   2.9   84.9 -11.4   3.1   77.9 -10.8   0.0
 73.9  -5.1   5.1   71.8   0.9   5.1   71.1   3.0   3.5   70.3   5.6   1.0
 70.0   6.1   0.5   69.3   7.7  -0.7   67.5   6.3   2.3   64.1  13.3   1.2
 60.9  14.4   3.9   56.4  10.7   6.2   55.3   4.9   2.8   54.7   3.0   0.5
 53.8   5.0  -1.3   51.1   3.0  -4.2   50.2   0.4  -5.1   50.0  -0.8  -4.6
 48.6  -7.1   1.3   47.7  -7.6   5.3   46.5  -7.6   5.3   44.6  -8.1  -1.4
 43.1 -12.3   1.1   40.2 -18.2  -3.2   35.4  -5.1   3.5   34.5  -3.4   1.2
 33.2  -6.6   1.2   31.8  -0.5  -5.6   31.3   1.3  -7.1   30.0   1.0  -5.6
 29.8   1.0  -5.6   28.9   3.5  -5.1   26.5   4.7  -2.2   24.5   0.7  -1.9
 23.6  -5.0  -1.3   23.1  -9.7   3.5   21.5 -11.3  11.3   20.0 -20.6   0.0
 19.4 -20.9  -5.6   17.1 -35.5  -6.3   14.5 -37.9  -3.3   10.0 -40.0   3.5
  9.3 -42.2   0.0    7.0 -30.4   0.0

 99.9  -4.0  -1.1   90.0 -15.5   3.0   80.0 -11.0   0.9   70.0   6.1   0.5
 60.0  13.7   4.3   50.0  -0.8  -4.6   45.0  -8.0   0.0   40.0 -17.7  -2.9
 35.0  -4.3   2.5   30.0   1.0  -5.6   25.0   1.7  -2.0   22.5 -10.3   6.4
 20.0 -20.6   0.0   15.0 -37.4  -3.9   12.0 -39.0   0.2   10.0 -40.0   3.5
  8.0 -35.8   0.0    7.0 -30.4   0.0    6.0   0.0   0.0    5.0   0.0   0.0
  4.0   0.0   0.0

  2. 3.2020  12 Uhr

 99.9  -9.9   2.7   96.1 -14.2   2.5   91.2 -17.8  10.3   86.5 -17.3  14.5
 81.3 -15.6   9.0   77.1   1.3   7.6   76.3   3.1   5.3   74.8   7.5   2.0
 73.8   8.2   0.7   71.9   8.7   3.2   70.0  12.6   4.6   67.3  16.9   4.5
 64.0   8.7  -0.8   58.9   9.7   0.9   58.0   8.1  -1.4   57.5   7.0  -3.3
 56.9   6.2  -6.2   55.0   8.6 -10.2   52.9   4.4  -7.6   50.0  -7.3  -2.6
 49.8  -7.5  -2.0   49.2  -7.2   0.6   47.5  -6.9   6.9   46.7  -6.5   6.5
 45.5  -7.7   0.7   44.5  -7.7  -0.7   41.4 -18.9   6.9   37.6 -17.7  -3.1
 35.8  -6.8  -2.5   34.1  -0.5  -5.6   33.0   0.4  -5.1   32.3   3.0  -4.2
 30.0   5.5  -5.5   29.2   3.9  -3.3   28.1   0.8  -0.6   26.9   2.2   4.7
 25.7   2.7   9.9   23.8  -1.8   4.8   23.5  -2.3   2.8   23.3  -4.7   2.2
 22.3  -8.0   5.6   21.4 -16.7  -2.9   20.0 -23.2  -8.4   19.9 -23.7  -8.6
 18.7 -32.8  -2.9   17.0 -35.0  -6.2   12.3 -39.0   6.9   10.0 -36.4   3.2
  7.8 -31.3   2.7    6.8 -25.6  -9.3

 99.9  -9.9   2.7   90.0 -17.7  11.4   80.0 -10.4   8.6   70.0  12.6   4.6
 60.0   9.5   0.5   50.0  -7.3  -2.6   45.0  -7.7   0.0   40.0 -18.4   3.3
 35.0  -3.8  -3.9   30.0   5.5  -5.5   25.0   1.1   8.1   22.5  -7.3   4.9
 20.0 -23.2  -8.4   15.0 -36.6  -1.0   12.0 -38.7   6.4   10.0 -36.4   3.2
  8.0 -31.8   2.8    7.0 -26.8  -6.8    6.0   0.0   0.0    5.0   0.0   0.0
  4.0   0.0   0.0

  3. 3.2020   0 Uhr

 99.9  -4.6  -3.2   92.8 -10.9  -2.9   87.3 -12.1   5.7   82.3 -16.3   7.6
 80.1 -11.8   8.3   79.3  -5.9   8.4   78.6   0.0   8.2   78.0   4.4   7.6
 76.9   9.7   6.8   75.5  12.1   5.7   72.7   9.2   3.3   70.0   7.3  -2.6
 69.8   6.5  -3.0   67.2   9.3  -0.0   64.3   2.9  -1.1   62.9   5.1  -0.9
 61.4   5.5   1.5   57.4   7.6  -4.4   54.7   4.2  -3.0   50.6  -0.0  -0.0
 50.0  -0.9   1.9   49.2  -2.6   4.5   47.2  -0.9  10.8   44.0  -3.5   5.1
 41.3 -14.5   5.3   40.2 -12.8   1.1   39.0 -13.4   3.6   37.4  -5.3   6.3
 35.6  -4.9   2.8   33.9  -1.5  -2.1   32.3  -1.5  -5.5   30.7  -0.9 -10.2
 30.0  -3.0  -8.2   28.1  -4.7  -6.7   26.2  -2.5   0.4   25.2  -4.7   2.2
 23.8  -9.5   7.9   21.1 -19.0  -1.7   20.0 -24.2   0.0   17.4 -36.4   3.2
 16.9 -33.8   9.1   13.4 -32.3   2.8   11.4 -38.4  -3.4   10.0 -34.3  -3.0
  9.1 -31.4  -5.5    6.8 -27.9   4.9

 99.9  -4.6  -3.2   90.0 -11.5   1.4   80.0 -11.1   8.3   70.0   7.3  -2.6
 60.0   6.2  -0.5   50.0  -0.9   1.9   45.0  -2.7   6.9   40.0 -12.9   1.5
 35.0  -3.7   1.1   30.0  -3.0  -8.2   25.0  -5.3   3.0   22.5 -13.9   3.4
 20.0 -24.2   0.0   15.0 -33.0   5.8   12.0 -36.5  -1.4   10.0 -34.3  -3.0
  8.0 -29.8  -0.8    7.0 -28.2   3.9    6.0   0.0   0.0    5.0   0.0   0.0
  4.0   0.0   0.0

  3. 3.2020  12 Uhr

 99.9 -19.8  -3.5   88.8 -19.0   0.0   85.6 -19.4   5.2   84.0 -13.1   6.1
 82.4  -3.3   7.0   80.7   3.3   9.2   76.4   6.2   3.6   74.9   5.1  -0.0
 70.4   5.1  -0.4   70.0   5.1  -0.4   66.7   7.0   3.3   62.8   3.6  -0.3
 53.7  13.1  -9.1   50.6   5.6  -8.0   50.0   5.6  -6.7   48.9   5.5  -3.8
 48.5   4.5  -2.6   47.5   1.3   1.6   44.5  -5.1  -0.4   41.1 -19.3   3.4
 39.9 -17.9   4.8   37.9 -16.9  -1.5   35.0 -14.4   0.0   33.2 -11.2  -5.2
 31.3  -8.4  -3.9   30.0 -12.3  -1.1   28.7  -9.8   5.7   27.8  -6.7   5.6
 26.2 -11.0   7.7   25.3  -6.6   1.2   24.4 -10.2   3.7   23.4 -15.9   1.4
 22.1 -11.0  -9.3   20.2 -24.8  -4.4   20.0 -24.8  -4.4   19.0 -27.1  -9.9
 17.2 -30.4   0.0   13.8 -26.6  -2.3   12.1 -32.3  -2.8   10.0 -29.7   2.6
  6.2 -29.2   2.6    5.2 -32.4   5.7    5.1 -40.5   7.1    4.6 -20.5   9.6


 99.9 -19.8  -3.5   90.0 -19.1  -0.4   80.0   3.8   8.3   70.0   5.1  -0.4
 60.0   6.4  -2.9   50.0   5.6  -6.7   45.0  -4.0  -0.1   40.0 -18.0   4.7
 35.0 -14.4   0.0   30.0 -12.3  -1.1   25.0  -7.8   2.0   22.5 -12.5  -5.9
 20.0 -24.8  -4.4   15.0 -28.0  -1.5   12.0 -32.2  -2.6   10.0 -29.7   2.6
  8.0 -29.5   2.6    7.0 -29.3   2.6    6.0 -29.8   3.2    5.0 -36.6   7.6
  4.0   0.0   0.0

  4. 3.2020   0 Uhr

 99.9 -18.9   5.1   88.1  -9.4   5.4   81.9 -15.2   2.7   80.2  -8.2   0.7
 79.7  -5.1   0.0   78.8  -0.1  -1.5   77.9   4.2  -3.0   75.3   3.5  -7.5
 73.5   2.1  -5.8   70.0   0.5  -0.9   69.7   0.8  -0.6   66.8   5.1   0.9
 60.7  14.3   1.3   56.4   9.4  -2.5   52.8  -0.0  -6.2   51.7  -3.8  -2.7
 50.5  -4.9   2.8   50.0  -5.5   5.5   49.7  -6.3   7.5   48.4 -12.0   6.9
 46.9 -11.3   1.0   45.4 -10.2   0.9   43.7 -14.0   5.1   38.7 -20.3  -3.6
 33.1  -8.7  -0.8   31.1  -6.8   2.5   30.3  -4.1   5.9   30.0  -3.3   5.8
 29.5  -1.8   4.8   28.5  -0.5   0.0   24.8  -5.1  -0.9   24.0  -7.2  -0.6
 23.3  -4.3  -3.6   22.9  -5.1  -5.1   21.8 -16.4  -1.4   20.0 -29.3   7.9
 19.7 -30.3   8.1   18.6 -24.1   2.1   16.5 -25.8  -4.6   10.0 -31.8  -2.8
  9.3 -33.4  -5.9    7.1 -33.4   0.0

 99.9 -18.9   5.1   90.0 -10.9   5.3   80.0  -7.0   0.4   70.0   0.5  -0.9
 60.0  13.6   0.7   50.0  -5.5   5.5   45.0 -11.1   1.9   40.0 -18.6  -1.2
 35.0 -12.8  -1.8   30.0  -3.3   5.8   25.0  -4.8  -0.8   22.5  -9.2  -3.8
 20.0 -29.3   7.9   15.0 -27.0  -4.2   12.0 -29.7  -3.4   10.0 -31.8  -2.8
  8.0 -33.4  -2.6    7.0 -33.4   0.3    6.0   0.0   0.0    5.0   0.0   0.0
  4.0   0.0   0.0

  4. 3.2020  12 Uhr

 99.9 -20.4   5.5   92.2 -18.3  10.5   84.4 -20.8   7.6   80.2 -15.9   0.0
 78.1  -6.7  -4.7   76.5  -4.6  -3.2   73.4  -0.0  -0.0   72.0   5.1  -0.0
 70.2  12.3  -0.0   70.0  12.9  -0.0   63.2  13.7  -2.4   57.5   8.4  -3.9
 55.4   5.1  -4.3   53.6  -3.6  -3.6   52.5  -5.3  -1.9   51.5  -3.1   1.8
 50.9  -3.0   4.2   50.0  -5.0   7.2   46.9  -7.1  -4.1   45.8  -6.3  -7.5
 43.3  -9.7  -0.9   40.8 -16.4   1.4   38.0 -17.9  -4.8   34.3  -6.2   0.0
 33.7  -4.0   2.3   30.1   0.0   6.7   30.0   0.0   6.7   29.3  -0.7   7.7
 28.4  -1.8   4.8   27.9  -1.9   0.9   27.4  -4.7  -2.2   26.2  -6.3  -4.4
 25.1  -1.9  -7.0   24.0  -4.7  -4.0   22.7  -4.1  -7.1   21.7 -10.1  -7.1
 21.1 -18.2   3.2   20.0 -22.3   3.9   18.7 -28.8   0.0   15.8 -29.8   0.0
 10.9 -34.8   3.0   10.0 -33.4   0.0    6.7 -22.5  -2.0    5.7 -23.3   4.1


 99.9 -20.4   5.5   90.0 -19.0   9.7   80.0 -15.1  -0.4   70.0  12.9  -0.0
 60.0  10.8  -3.2   50.0  -5.0   7.2   45.0  -7.4  -5.4   40.0 -16.8  -0.3
 35.0  -8.5  -0.9   30.0   0.0   6.7   25.0  -2.1  -6.7   22.5  -5.3  -7.1
 20.0 -22.3   3.9   15.0 -30.6   0.4   12.0 -33.6   2.3   10.0 -33.4   0.0
  8.0 -27.2  -1.1    7.0 -23.7  -1.8    6.0 -23.1   2.2    5.0   0.0   0.0
  4.0   0.0   0.0

  5. 3.2020   0 Uhr

 99.9   0.0   0.0   90.0   0.0   0.0   80.0   0.0   0.0   70.0   0.0   0.0
 60.0   0.0   0.0   50.0   0.0   0.0   45.0   0.0   0.0   40.0   0.0   0.0
 35.0   0.0   0.0   30.0   0.0   0.0   25.0   0.0   0.0   22.5   0.0   0.0
 20.0   0.0   0.0   15.0   0.0   0.0   12.0   0.0   0.0   10.0   0.0   0.0
  8.0   0.0   0.0    7.0   0.0   0.0    6.0   0.0   0.0    5.0   0.0   0.0
  4.0   0.0   0.0

  5. 3.2020  12 Uhr

 99.9   0.0   0.0   90.0   0.0   0.0   80.0   0.0   0.0   70.0   0.0   0.0
 60.0   0.0   0.0   50.0   0.0   0.0   45.0   0.0   0.0   40.0   0.0   0.0
 35.0   0.0   0.0   30.0   0.0   0.0   25.0   0.0   0.0   22.5   0.0   0.0
 20.0   0.0   0.0   15.0   0.0   0.0   12.0   0.0   0.0   10.0   0.0   0.0
  8.0   0.0   0.0    7.0   0.0   0.0    6.0   0.0   0.0    5.0   0.0   0.0
  4.0   0.0   0.0

  6. 3.2020   0 Uhr

 99.9 -21.1 -14.8   94.1 -18.5 -15.5   90.7  -6.3  -4.4   89.7  -3.9  -3.3
 87.7   0.6  -3.5   86.0   5.0  -1.3   82.3   5.8   3.3   75.9  14.3   1.3
 72.8  11.8  -0.0   71.3   9.2   3.3   70.0  11.1   4.0   67.0  13.1   6.1
 61.6  17.0  -0.0   54.9   9.8  -0.0   52.7   5.1  -4.3   51.7   3.9  -3.3
 50.0   0.9  -0.4   49.5  -0.0  -0.0   48.3  -5.1  -0.9   47.5  -7.9  -3.7
 46.1 -12.7   2.2   41.8 -19.0   0.0   38.0 -16.9   1.5   35.4 -10.1  -1.8
 33.5  -5.1  -5.1   32.1  -3.0  -4.2   31.2  -2.6  -3.2   30.2  -4.9  -2.8
 30.0  -4.9  -2.8   29.5  -3.9  -3.3   28.9  -5.5  -1.5   27.8  -8.1  -1.4
 26.0  -3.6   3.6   25.6  -3.3   3.3   25.0  -7.9   3.7   24.1  -6.5   9.3
 23.4  -6.4  11.1   21.1 -19.8  -3.5   20.4 -24.6  -2.2   20.0 -23.6  -2.1
 19.3 -21.5   1.9   18.3 -21.8  -3.8   16.0 -25.1   2.2   15.7 -26.6  -2.3
 15.1 -25.8  -6.9   11.3 -30.4   0.0   10.0 -31.8  -2.8    8.1 -32.3  -8.7
  5.8 -34.3  -3.0

 99.9 -21.1 -14.8   90.0  -4.7  -3.6   80.0   8.8   2.6   70.0  11.1   4.0
 60.0  15.3  -0.0   50.0   0.9  -0.4   45.0 -14.3   1.7   40.0 -18.0   0.7
 35.0  -9.1  -2.5   30.0  -4.9  -2.8   25.0  -7.9   3.7   22.5 -11.5   5.5
 20.0 -23.6  -2.1   15.0 -25.9  -6.8   12.0 -29.4  -1.4   10.0 -31.8  -2.8
  8.0 -32.4  -8.4    7.0 -33.2  -6.1    6.0 -34.1  -3.6    5.0   0.0   0.0
  4.0   0.0   0.0

  6. 3.2020  12 Uhr

 99.9 -27.2  -2.4   94.9  -9.3   0.0   93.2  -5.1   0.9   91.4   0.1   0.5
 89.0   5.1   0.4   83.8   0.4   5.1   82.0   0.5   5.6   79.1   8.2   0.7
 77.0  12.3  -1.1   70.0  17.4   1.5   65.6  21.5   1.9   55.5   4.8  -1.8
 51.3  -2.1  -1.5   50.3  -4.8  -1.8   50.0  -7.3  -2.6   48.4 -12.1  -4.4
 46.7 -13.9   3.7   44.8 -12.1   5.7   43.2 -15.4   1.3   42.1 -14.7   2.6
 39.2 -19.3   3.4   36.6 -14.2  -2.5   34.9  -9.8   0.0   33.6  -5.0  -1.3
 30.7  -0.8  -3.0   30.0  -1.8  -2.5   27.8  -4.2   3.0   27.3  -0.7   7.7
 26.9   1.6   9.1   25.5  -1.0  11.3   24.4  -1.5   5.5   23.5  -4.9   2.8
 22.8  -4.2   3.0   21.6 -11.9  -3.2   20.0 -19.1  -8.9   19.6 -22.4  -6.0
 18.6 -24.1  -2.1   15.5 -35.4   3.1   13.5 -29.8   0.0   12.6 -36.4   3.2
 10.0 -34.5   0.0    8.6 -35.4   3.1    7.9 -32.8   8.8    7.2 -34.3  12.5
  5.8 -41.5   3.6    5.6 -36.0   0.0    5.3 -44.8   0.0    5.1 -38.1   0.0


 99.9 -27.2  -2.4   90.0   3.0   0.5   80.0   5.8   2.3   70.0  17.4   1.5
 60.0  12.5  -0.1   50.0  -7.3  -2.6   45.0 -12.3   5.4   40.0 -18.0   3.2
 35.0 -10.0  -0.1   30.0  -1.8  -2.5   25.0  -1.2   8.7   22.5  -6.1   1.4
 20.0 -19.1  -8.9   15.0 -34.0   2.3   12.0 -36.0   2.5   10.0 -34.5   0.0
  8.0 -33.2   8.0    7.0 -35.3  11.3    6.0 -40.4   5.0    5.0 -34.7   0.0
  4.0   0.0   0.0

  7. 3.2020   0 Uhr

 99.9 -20.4   5.5   97.6 -11.1   4.0   95.0  -4.8  -1.8   94.3  -3.6  -2.1
 85.4   1.0  -1.2   83.6   4.2  -3.0   79.8  10.7  -5.0   77.0  15.2   2.7
 73.2  21.0   1.8   70.0  17.9   4.8   62.0  13.2   2.3   58.9   4.1   5.9
 57.1   3.2   4.6   54.7   1.3   5.0   53.1  -1.0   1.8   50.0  -7.7  -0.7
 49.8  -7.7  -0.7   48.9  -8.6  -1.5   47.1 -11.1   6.4   43.4 -16.8   7.8
 39.0 -11.3  -1.0   36.8  -6.8   2.5   35.9  -3.5   5.1   32.9   0.4   2.0
 30.0   3.9   3.3   27.3   3.1   5.3   26.2  -0.5   6.1   25.0  -4.8  -1.8
 24.2  -3.3  -7.0   23.8  -3.7  -7.9   22.9  -8.9  -5.1   22.0  -7.3  -7.3
 20.0 -21.0  -9.8   19.4 -23.8 -11.1   18.7 -26.1  -2.3   15.7 -41.7   0.0
 14.5 -35.5   0.0   10.0 -40.5   3.5    7.4 -49.4   0.0    5.8 -47.3   0.0


 99.9 -20.4   5.5   90.0  -1.4  -1.6   80.0  10.4  -4.9   70.0  17.9   4.8
 60.0   7.4   4.6   50.0  -7.7  -0.7   45.0 -14.3   7.2   40.0 -12.6   1.1
 35.0  -2.4   4.2   30.0   3.9   3.3   25.0  -4.8  -1.8   22.5  -8.2  -6.1
 20.0 -21.0  -9.8   15.0 -38.1   0.0   12.0 -38.1   1.9   10.0 -40.5   3.5
  8.0 -47.2   0.9    7.0 -48.9   0.0    6.0 -47.6   0.0    5.0   0.0   0.0
  4.0   0.0   0.0

  7. 3.2020  12 Uhr

 99.9 -15.6   9.0   92.9  -1.4   8.1   89.7   2.3   2.8   87.7   4.7   2.2
 83.9   8.6   1.5   76.4  20.3   7.4   70.0  15.7   2.8   66.5  11.8   1.0
 63.1   8.5   4.9   61.3   8.0   2.1   57.8   4.8   1.8   52.2  -0.8  -0.6
 50.3  -3.6  -3.6   50.0  -3.6  -4.3   49.3  -3.9  -6.7   48.7  -5.3  -6.3
 47.4  -8.7   0.8   46.3 -12.9   3.5   41.1 -22.0  -1.9   39.7 -17.7  -3.1
 36.3  -6.7   0.6   35.5  -4.5   2.6   34.6  -1.1  -1.1   32.6   2.2  -4.7
 31.1   4.3  -9.3   30.0   2.8  -7.7   29.8   2.5  -6.8   29.5   1.8  -4.8
 28.4   1.0  -0.4   27.7   2.2   4.7   27.0   2.8   7.7   25.8   0.4   5.1
 23.0  -1.8  -4.8   22.7  -2.4  -5.1   22.4  -4.6  -3.2   22.2  -5.3  -1.9
 21.5  -6.7  -3.9   20.0 -17.4  -1.5   19.4 -21.4   5.7   18.3 -27.3   0.0
 15.9 -38.6   0.0   13.4 -41.7   0.0   10.8 -35.4   3.1   10.0 -37.6   0.0
  9.1 -39.5  -3.5    5.9 -40.0   7.1    5.3 -49.1  -8.7    4.8 -28.0 -13.0


 99.9 -15.6   9.0   90.0   2.0   3.3   80.0  14.6   4.5   70.0  15.7   2.8
 60.0   6.8   2.0   50.0  -3.6  -4.3   45.0 -15.1   2.2   40.0 -18.7  -2.9
 35.0  -2.6   0.5   30.0   2.8  -7.7   25.0  -0.2   2.4   22.5  -3.9  -3.9
 20.0 -17.4  -1.5   15.0 -39.7   0.0   12.0 -38.4   1.6   10.0 -37.6   0.0
  8.0 -39.6  -0.2    7.0 -39.8   3.1    6.0 -40.0   6.7    5.0 -36.6 -11.3
  4.0   0.0   0.0

  8. 3.2020   0 Uhr

 99.9  -1.6   6.0   95.8   5.5   3.8   91.3  13.2  -2.3   86.8  19.4  -5.2
 77.1  22.5   2.0   72.0  17.4   4.7   70.0  14.7   2.6   66.7  10.4   2.8
 65.2   8.7   0.8   62.8   7.7   0.7   59.2   4.0   4.7   55.7   3.1   5.3
 55.2   2.6   4.5   52.9  -0.0  -0.0   50.0  -1.9  -0.7   49.2  -5.1   0.0
 47.5  -6.7   5.6   46.8  -7.1   6.0   45.5 -10.8   0.0   43.7 -19.8  -3.5
 38.6 -21.3  -3.8   35.1  -7.2  -0.6   33.4  -2.1  -3.6   32.4   0.4  -5.1
 30.0   0.8  -4.6   29.6   0.9  -5.1   26.8  -0.0  -5.1   25.4  -2.2  -4.7
 24.8  -5.0  -7.2   24.0 -10.7  -5.0   21.4 -25.8   6.9   20.3 -24.9  14.4
 20.0 -24.9  14.4   17.6 -32.3  -2.8   14.3 -41.5  -3.6   11.6 -39.6   0.0
 10.5 -40.7 -10.9   10.0 -43.1  -7.6    7.4 -45.6   4.0    7.2 -44.6   3.9


 99.9  -1.6   6.0   90.0  14.9  -3.1   80.0  21.6  -0.2   70.0  14.7   2.6
 60.0   4.8   3.8   50.0  -1.9  -0.7   45.0 -13.3  -1.0   40.0 -20.8  -3.7
 35.0  -6.9  -0.8   30.0   0.8  -4.6   25.0  -4.1  -6.3   22.5 -19.3   1.8
 20.0 -24.9  14.4   15.0 -39.4  -3.5   12.0 -39.9  -0.6   10.0 -43.1  -7.6
  8.0 -45.0   1.1    7.0 -43.5   3.8    6.0   0.0   0.0    5.0   0.0   0.0
  4.0   0.0   0.0

  8. 3.2020  12 Uhr

 99.9   8.1   1.4   90.7  14.0  -5.1   83.6  20.8  -3.7   73.9  19.8   3.5
 70.0  15.2   2.7   68.6  13.2   2.3   63.2  10.2  -3.7   57.1   6.0  -1.6
 56.5   4.4  -1.6   50.0   1.0  -5.6   49.8   0.9  -5.1   49.1  -1.8  -4.8
 48.2  -6.5  -1.7   47.4  -7.2   0.6   44.8 -13.1  -6.1   40.8 -22.5  -2.0
 38.5 -21.3  -3.8   36.0 -10.9   2.9   34.1  -5.1   0.4   33.4  -6.1  -0.5
 32.3  -6.3   2.3   30.0  -4.6   0.0   26.5  -0.3   0.4   24.5  -1.8  -4.8
 23.9  -4.3  -3.6   22.2  -4.8  -1.8   20.1 -16.9   4.5   20.0 -17.9   4.8
 19.0 -20.4  -5.5   18.2 -27.7  -2.4   12.9 -38.0   6.7   10.4 -46.3   0.0
 10.0 -44.6   3.9    7.4 -37.4   3.3    5.8 -45.6  -8.0

 99.9   8.1   1.4   90.0  14.7  -5.0   80.0  20.4  -1.1   70.0  15.2   2.7
 60.0   8.0  -2.6   50.0   1.0  -5.6   45.0 -12.6  -5.6   40.0 -22.1  -2.6
 35.0  -7.9   1.6   30.0  -4.6   0.0   25.0  -1.4  -3.5   22.5  -4.7  -2.1
 20.0 -17.9   4.8   15.0 -33.6   2.8   12.0 -40.8   4.4   10.0 -44.6   3.9
  8.0 -39.2   3.4    7.0 -39.3   0.6    6.0 -44.5  -6.5    5.0   0.0   0.0
  4.0   0.0   0.0

  9. 3.2020   0 Uhr

 99.9   8.3  -6.9   90.3  19.8 -13.9   78.9  15.4  -4.1   77.6  14.7  -2.6
 71.4  16.4   6.0   70.0  16.9   4.5   65.5  14.5   5.3   62.7  12.3   1.1
 60.2  11.7  -5.4   56.5  10.2  -5.9   52.8   4.4  -4.4   52.5   3.3  -3.9
 51.2  -1.2  -1.7   50.1  -5.0   1.3   50.0  -5.0   1.3   48.4  -3.9   6.7
 47.5  -5.1   8.9   44.6  -9.2   0.8   41.9 -15.9  -1.4   40.4 -18.2   3.2
 38.1 -19.8   3.5   36.7 -16.0   9.3   34.3 -10.8   0.9   32.9  -4.1   0.7
 31.2  -2.6   4.5   30.1  -1.8   4.8   30.0  -1.6   4.4   28.2  -1.0   0.1
 26.4  -3.9  -3.3   24.9  -6.1  -1.1   24.1  -6.8  -2.5   23.1 -11.9   3.2
 22.1 -12.0   6.9   20.0 -22.0  -1.9   19.3 -22.2  -8.1   15.5 -35.5   0.0
 14.4 -30.9   5.4   13.1 -31.8  -2.8   10.9 -36.9   3.2   10.0 -32.3   2.8
  7.1 -34.3  -9.2

 99.9   8.3  -6.9   90.0  19.7 -13.6   80.0  15.8  -5.1   70.0  16.9   4.5
 60.0  11.6  -5.5   50.0  -5.0   1.3   45.0  -8.7   1.9   40.0 -18.5   3.3
 35.0 -12.3   3.4   30.0  -1.6   4.4   25.0  -5.9  -1.2   22.5 -12.0   5.4
 20.0 -22.0  -1.9   15.0 -33.4   2.4   12.0 -34.3   0.1   10.0 -32.3   2.8
  8.0 -33.6  -5.1    7.0 -34.4  -9.7    6.0   0.0   0.0    5.0   0.0   0.0
  4.0   0.0   0.0

  9. 3.2020  12 Uhr

 99.9  14.5  -6.7   95.9  19.2 -11.1   93.2  16.0 -11.2   81.6  22.0   1.9
 77.7  18.2   3.2   72.4  14.0  -5.1   70.0  14.4  -0.0   69.0  14.9   1.3
 65.1  11.8  -0.0   59.3   6.3  -5.3   58.3   3.9  -3.3   56.7   4.8   1.8
 55.5   5.1   4.3   52.8   4.7   4.0   50.8  -0.7   1.4   50.0  -1.3   1.6
 48.4  -5.1   0.4   46.7  -6.6   1.2   45.0  -8.9  -4.1   40.7 -20.3  -7.4
 37.2 -17.5   0.0   35.3 -10.7  -5.0   32.9  -5.3  -3.1   32.4  -4.1   0.4
 31.6  -1.8   4.8   31.2  -0.5   6.1   30.0   0.4   4.1   25.6  -1.1   2.9
 23.8   0.0   5.1   23.2  -1.8   4.8   22.6  -4.7   2.2   21.9  -5.0   1.3
 20.1 -15.9  -4.3   20.0 -15.9  -4.3   19.6 -14.7  -8.5   18.3 -19.5   0.0
 16.0 -27.9  -4.9   12.7 -34.3  -3.0   11.3 -40.0   7.1   10.6 -33.8  12.3
 10.0 -33.4   5.9    9.8 -33.3   2.9    7.7 -35.3  -9.5    6.5 -45.6  -4.0
  5.5 -31.4  -5.5    5.3 -30.4   5.4

 99.9  14.5  -6.7   90.0  17.6  -7.7   80.0  20.5   2.5   70.0  14.4  -0.0
 60.0   7.0  -4.6   50.0  -1.3   1.6   45.0  -8.9  -4.1   40.0 -19.8  -5.9
 35.0 -10.1  -4.8   30.0   0.4   4.1   25.0  -0.7   3.6   22.5  -4.7   2.1
 20.0 -15.9  -4.3   15.0 -29.7  -4.4   12.0 -37.1   1.9   10.0 -33.4   5.9
  8.0 -35.0  -7.5    7.0 -41.2  -6.3    6.0 -38.7  -4.7    5.0   0.0   0.0
  4.0   0.0   0.0

 10. 3.2020   0 Uhr

 99.9  18.7 -10.8   90.6  12.6  -8.9   89.0  11.7  -5.4   84.8  18.5  -0.0
 76.5  13.2  -2.3   70.2  10.6  -8.9   70.0  10.2  -8.6   67.4   9.8  -4.6
 64.3   8.5  -4.9   62.4   5.5  -1.5   60.6   6.7   3.9   58.1   6.9   8.3
 52.4   5.1   4.3   50.0  -1.5   2.1   47.2  -1.4   0.7   45.8  -4.8   1.8
 45.0  -8.4   5.9   43.1 -12.8   1.1   39.2 -21.0   1.8   37.6 -16.9   1.5
 35.3  -8.0  -5.6   32.0  -3.3  -1.5   30.0  -0.4  -4.1   26.0  -3.0   4.2
 24.9   2.2   4.7   23.9  -0.8   0.7   23.1  -4.2  -3.0   21.3  -9.5  -9.5
 20.0 -24.3  -4.3   18.6 -27.2   2.4   16.0 -33.4   0.0   11.0 -37.6   0.0
 10.0 -32.4  -5.7    7.5 -32.4   0.0

 99.9  18.7 -10.8   90.0  12.3  -7.6   80.0  15.5  -1.3   70.0  10.2  -8.6
 60.0   6.7   4.9   50.0  -1.5   2.1   45.0  -8.4   5.9   40.0 -19.3   1.7
 35.0  -7.6  -5.2   30.0  -0.4  -4.1   25.0   1.7   4.6   22.5  -5.9  -5.1
 20.0 -24.3  -4.3   15.0 -34.2   0.0   12.0 -36.6   0.0   10.0 -32.4  -5.7
  8.0 -32.4  -1.2    7.0   0.0   0.0    6.0   0.0   0.0    5.0   0.0   0.0
  4.0   0.0   0.0

 10. 3.2020  12 Uhr

 99.9  14.0  -6.5   95.8  12.0  -6.9   91.1  13.2   2.3   84.1  14.0   6.5
 78.6  13.2   2.3   74.9  10.3  -4.8   72.5   7.5  -2.0   70.0   7.1  -4.1
 66.4   2.8  -4.9   64.7   5.1  -0.4   58.9   5.1   4.3   57.4   4.8   1.8
 54.1  -0.4   0.3   50.2  -5.1   0.9   50.0  -5.5   1.5   49.0  -8.7   3.2
 47.0 -12.2  -2.1   43.7 -17.9   4.8   41.6 -18.7   3.3   40.2 -16.9   4.5
 37.0 -12.6  -4.6   34.3 -12.2  -2.1   33.4  -6.7  -0.6   32.4  -0.5  -2.0
 31.1   3.0  -4.2   30.0   4.6  -5.5   29.0   5.0  -7.2   27.5   1.9  -5.3
 27.0   0.4  -5.1   24.9   1.3   5.0   24.1   3.6   3.6   23.2  -0.0  -0.0
 22.6  -4.2  -3.0   21.7  -8.0  -2.1   20.9 -13.1  -6.1   20.0 -21.0   1.8
 19.9 -21.5   1.9   19.1 -22.7   8.3   17.7 -24.2   0.0   15.7 -31.3   8.4
 13.1 -35.5   0.0   11.9 -31.4   5.5   10.0 -30.4   0.0    8.1 -21.5   1.9
  7.2 -20.8   7.6    6.8 -19.3   3.4    5.8 -25.6  -2.2    5.7 -34.8  -3.0


 99.9  14.0  -6.5   90.0  13.3   3.0   80.0  13.4   3.4   70.0   7.1  -4.1
 60.0   5.1   3.4   50.0  -5.5   1.5   45.0 -15.6   2.0   40.0 -16.6   4.0
 35.0 -12.3  -2.8   30.0   4.6  -5.5   25.0   1.3   4.5   22.5  -4.6  -2.9
 20.0 -21.0   1.8   15.0 -32.4   6.2   12.0 -31.8   5.1   10.0 -30.4   0.0
  8.0 -21.4   2.5    7.0 -20.0   5.5    6.0 -24.3  -1.1    5.0   0.0   0.0
  4.0   0.0   0.0

 11. 3.2020   0 Uhr

 99.9  11.3  -0.0   93.2   9.7  -0.9   86.9  10.3   4.8   80.9   8.5   4.9
 77.5   6.8  -2.5   73.1   4.4  -7.6   70.9   3.0  -4.2   70.0   2.5  -2.5
 67.1   3.3   3.9   59.1   6.5   3.0   57.2   5.9   4.1   54.5   5.5  -1.5
 53.8   5.1  -0.9   52.7   5.1   0.9   50.6   0.9   1.9   50.0  -0.2   2.6
 48.8  -4.8   1.8   47.6 -10.4  -2.8   46.1  -9.8  -5.7   44.2 -13.8  -1.2
 41.2 -19.9  -5.3   39.6 -17.2  -3.0   37.8 -14.7 -10.3   36.1 -18.2  -8.5
 33.4  -1.8   1.8   31.9   0.7   0.8   30.0   1.2   4.5   29.5   0.4   5.1
 27.6   5.4  11.7   25.9   4.0   4.7   24.1  -0.5   0.2   21.9  -6.7   0.6
 21.0 -11.8   1.0   20.0 -16.3   7.6   19.9 -16.3   7.6   19.2 -21.3   7.7
 18.0 -21.5   1.9   16.8 -27.3   7.3   15.5 -30.2   2.6   14.8 -30.4   0.0
 10.0 -31.3  -8.4    8.1 -34.8  -9.3    8.0 -34.3  -9.2

 99.9  11.3  -0.0   90.0  10.0   2.0   80.0   8.0   3.0   70.0   2.5  -2.5
 60.0   6.2   3.1   50.0  -0.2   2.6   45.0 -12.1  -3.1   40.0 -17.9  -3.6
 35.0 -11.6  -4.4   30.0   1.2   4.5   25.0   1.8   2.5   22.5  -4.9   0.5
 20.0 -16.3   7.6   15.0 -30.3   0.8   12.0 -30.9  -4.6   10.0 -31.3  -8.4
  8.0 -34.3  -9.2    7.0   0.0   0.0    6.0   0.0   0.0    5.0   0.0   0.0
  4.0   0.0   0.0

 11. 3.2020  12 Uhr

 99.9  12.0   6.9   90.3  13.1   4.8   86.6   9.3  -0.0   82.0   7.2  -0.6
 79.5   5.0  -5.9   75.7   4.0  -4.0   74.6   3.1  -0.0   73.4   3.3   3.9
 70.7   6.3   7.5   70.0   7.3   7.3   68.6   8.4   5.9   59.5   4.6  -5.5
 57.1   2.8  -4.9   54.0  -0.4  -2.5   52.1  -5.1  -0.9   50.0  -8.4  -2.3
 48.6 -11.7  -2.1   46.6  -9.1  -7.6   44.6 -13.3  -1.2   41.1 -21.0  -1.8
 38.4 -18.2  -8.5   36.8 -20.5  -1.8   35.9 -14.9   1.3   34.4  -3.0   4.2
 34.1  -1.4   3.9   31.8   1.8   4.8   30.4   0.9   5.1   30.0   0.3   3.6
 28.7   0.7   1.4   26.8   3.0   4.2   21.7  -5.1  -0.9   21.0  -5.1  -2.4
 20.0  -9.4  -2.5   19.1 -13.8   1.2   18.0 -18.9  -6.9   16.8 -21.0   1.8
 15.9 -25.2   0.0   10.2 -32.3   2.8   10.0 -31.9   5.6    8.6 -32.3   2.8


 99.9  12.0   6.9   90.0  12.7   4.4   80.0   5.4  -4.8   70.0   7.3   7.3
 60.0   4.8  -4.9   50.0  -8.4  -2.3   45.0 -12.5  -2.5   40.0 -19.9  -4.5
 35.0  -7.8   3.0   30.0   0.3   3.6   25.0   0.3   2.5   22.5  -3.7  -0.0
 20.0  -9.4  -2.5   15.0 -26.2   0.4   12.0 -29.8   1.8   10.0 -31.9   5.6
  8.0   0.0   0.0    7.0   0.0   0.0    6.0   0.0   0.0    5.0   0.0   0.0
  4.0   0.0   0.0

 12. 3.2020   0 Uhr

 99.9   7.7  -0.7   95.4   5.1  -5.1   92.3   5.1  -5.1   89.6   2.2  -4.7
 79.4   4.2  -3.0   76.6   3.9  -6.7   75.4   2.6  -4.5   72.2   2.6  -0.0
 70.0   4.0   1.1   69.5   5.0   1.3   65.5   9.1   1.6   63.8   6.3   2.3
 61.8   9.4   2.5   60.8   8.1   1.4   57.1   2.6  -5.6   53.9  -1.0  -5.6
 50.0  -8.0  -5.6   48.4  -8.6 -10.2   45.7 -15.7  -2.8   42.5 -24.2   0.0
 38.5 -20.0  -1.7   36.1 -13.0  10.9   33.2  -4.6   8.0   31.9  -3.6   4.3
 30.0   0.0   2.6   28.9   0.4   2.5   28.1   4.2   3.0   27.5   4.5   2.6
 26.7   5.5  -1.5   25.2   7.5  -2.0   23.6   3.6  -3.6   22.9  -0.5  -2.0
 21.5  -7.6  -1.3   20.1 -15.4   4.1   20.0 -15.4   4.1   18.8 -21.8  -3.8
 18.2 -27.7  -2.4   17.3 -29.7   2.6   15.2 -32.8  -8.8   10.0 -36.5   0.0
  7.0 -42.1   7.4

 99.9   7.7  -0.7   90.0   2.6  -4.7   80.0   4.1  -3.1   70.0   4.0   1.1
 60.0   6.9  -0.1   50.0  -8.0  -5.6   45.0 -17.5  -2.2   40.0 -21.6  -1.1
 35.0  -9.9   9.8   30.0   0.0   2.6   25.0   7.0  -2.2   22.5  -2.5  -1.8
 20.0 -15.4   4.1   15.0 -32.9  -8.5   12.0 -35.0  -3.7   10.0 -36.5   0.0
  8.0 -40.0   4.7    7.0 -42.1   7.4    6.0   0.0   0.0    5.0   0.0   0.0
  4.0   0.0   0.0

 12. 3.2020  12 Uhr

 99.9   2.1  -1.5   84.1   0.7   7.7   83.2   0.0   7.7   81.5   0.0   5.1
 75.6   0.0   0.5   73.8   5.1  -0.4   70.0  14.9  -1.3   66.2  18.4  -4.9
 63.1  11.1  -2.0   57.8   3.1  -5.3   57.0  -0.0  -4.1   56.5  -1.3  -5.0
 54.5  -3.9  -6.7   52.0  -6.5   1.7   50.3  -9.8   5.7   50.0 -10.2   5.9
 47.9 -10.7   5.0   46.1 -18.7   3.3   43.3 -26.3   7.1   38.4 -22.9   6.1
 35.7 -10.7   6.2   34.7  -7.0   1.9   34.3  -5.1  -0.4   32.0   3.0  -4.2
 30.9   3.1  -1.8   30.0   3.9  -1.4   29.5   4.8  -1.8   26.8   4.7  -4.7
 25.9   7.1  -6.0   25.2   4.6  -5.5   23.6  -0.1  -1.5   22.2  -5.1  -0.9
 20.0 -13.9   0.0   19.9 -13.9   0.0   18.2 -17.4  -4.7   17.5 -26.1   2.3
 14.1 -30.4   5.4   10.0 -37.6   0.0    7.1 -36.5   0.0    6.0 -40.3  10.8
  5.4 -35.0   6.2

 99.9   2.1  -1.5   90.0   1.2   4.1   80.0   0.0   4.0   70.0  14.9  -1.3
 60.0   6.5  -3.9   50.0 -10.2   5.9   45.0 -21.7   4.8   40.0 -24.0   6.4
 35.0  -8.1   3.2   30.0   3.9  -1.4   25.0   4.0  -5.0   22.5  -4.0  -1.0
 20.0 -13.9   0.0   15.0 -29.2   4.5   12.0 -33.8   2.8   10.0 -37.6   0.0
  8.0 -36.9   0.0    7.0 -36.8   0.9    6.0 -40.3  10.8    5.0   0.0   0.0
  4.0   0.0   0.0

 13. 3.2020   0 Uhr

 99.9  -2.0  -4.2   80.1   0.4  -0.4   75.9   4.3   3.6   71.6  14.9  -0.0
 70.0  16.4  -1.4   68.3  16.4  -1.4   65.9  12.9  -3.5   64.4   9.8  -0.0
 62.4   4.2   3.0   59.9  -0.5   0.9   58.2  -5.0  -1.3   55.1  -6.6   7.9
 52.1  -8.0  11.4   50.5 -10.2   8.6   50.0 -11.6   6.7   49.5 -13.4   3.6
 48.9 -15.4   0.0   44.9 -28.8   7.7   43.1 -25.2   0.0   37.2 -16.7   2.9
 33.2  -7.3  -8.7   32.0  -7.3  -7.3   31.5  -3.3  -5.8   30.9   2.2  -4.7
 30.1   3.6  -3.6   30.0   3.6  -3.6   26.7   6.0  -7.1   26.4   5.6  -8.0
 26.1   4.6  -8.0   24.3  -2.4   0.9   23.8  -4.5   2.6   23.4  -4.3   5.1
 22.1  -3.7  10.2   20.0 -14.4   0.0   19.9 -14.9  -1.3   18.2 -21.4   5.7
 16.5 -29.2  -2.6   13.5 -32.4   0.0   10.3 -35.0   6.2   10.0 -38.5   6.8
  7.8 -40.1   0.0

 99.9  -2.0  -4.2   90.0  -0.8  -2.4   80.0   0.5  -0.3   70.0  16.4  -1.4
 60.0  -0.3   1.0   50.0 -11.6   6.7   45.0 -28.5   7.5   40.0 -20.9   1.5
 35.0 -11.6  -3.3   30.0   3.6  -3.6   25.0   0.4  -2.6   22.5  -3.9   8.6
 20.0 -14.4   0.0   15.0 -30.8  -1.3   12.0 -33.5   2.7   10.0 -38.5   6.8
  8.0 -40.0   0.7    7.0   0.0   0.0    6.0   0.0   0.0    5.0   0.0   0.0
  4.0   0.0   0.0

 13. 3.2020  12 Uhr

 99.9   3.6  -0.0   93.0  -0.0  -0.0   78.1   1.0   5.6   76.6   5.8   3.3
 74.9   9.3  -0.0   70.8  11.8   1.0   70.0  11.8   1.0   66.4   7.1   1.3
 63.0   4.9  -2.8   62.7   4.7  -2.2   57.5  -1.0   0.1   56.0  -5.1  -0.4
 54.7  -5.1   3.5   53.2  -6.7   4.7   50.7 -16.5   0.0   50.0 -18.4   1.6
 49.3 -18.9   5.1   47.6 -18.6   8.7   44.1 -22.9  -6.1   40.8 -23.8  -4.2
 38.9 -21.1   0.0   34.7  -9.5  -7.9   32.1  -4.0  -4.0   31.7  -1.7  -3.7
 31.3   1.5  -5.5   30.6   2.8  -7.7   30.0   3.3  -5.8   29.1   6.5  -1.7
 27.7   7.7  -0.7   26.9   3.9  -3.3   26.0   0.8   0.7   25.4   1.3   5.0
 23.9   5.1   8.9   22.3   1.7   6.5   21.4  -2.1   2.9   20.0 -11.1   4.0
 19.3 -17.5   0.0   18.2 -16.4  -4.4   17.3 -18.2   8.5   12.7 -38.5   6.8
 10.0 -40.0  -3.5    9.2 -39.5  -7.0    6.4 -44.6  -7.9

 99.9   3.6  -0.0   90.0   0.2   1.1   80.0   0.9   4.8   70.0  11.8   1.0
 60.0   1.8  -1.0   50.0 -18.4   1.6   45.0 -21.8  -2.2   40.0 -22.7  -2.4
 35.0 -10.3  -7.3   30.0   3.3  -5.8   25.0   2.3   6.0   22.5   2.2   6.8
 20.0 -11.1   4.0   15.0 -27.8   7.7   12.0 -38.9   4.3   10.0 -40.0  -3.5
  8.0 -41.5  -7.3    7.0 -43.4  -7.6    6.0   0.0   0.0    5.0   0.0   0.0
  4.0   0.0   0.0

 14. 3.2020   0 Uhr

 99.9   8.2  -0.7   95.3   4.2  -3.0   90.2  -0.0  -0.0   82.6   3.3   3.9
 78.3  11.3   1.0   74.3  14.9  -4.0   70.7  17.2  -3.0   70.0  16.4  -4.4
 69.0  12.9  -3.5   63.7   1.0   0.3   61.2   2.6   4.5   58.2  -5.0   1.3
 55.8  -7.2   5.0   50.0 -15.9  -1.4   49.6 -17.2  -3.0   44.0 -26.6  -2.3
 40.1 -15.2  -2.7   38.5 -12.5  -7.2   35.9  -7.1  -4.1   35.5  -5.3  -1.9
 34.9  -0.8   1.3   34.2   3.6   3.6   33.0  12.6   5.9   31.2   7.6   4.4
 30.0  12.6   5.9   29.3  15.0   5.5   27.0   9.7   0.9   25.9   6.6   1.2
 25.6   5.0   1.3   24.8   1.1   2.3   24.2  -1.8   4.8   23.5  -0.8   8.7
 21.5  -6.8   2.5   20.5 -12.5   7.2   20.0 -15.9   4.3   19.5 -17.4  -1.5
 18.5 -21.9   5.9   17.6 -29.7   2.6   16.9 -27.9  -4.9   13.1 -39.3 -10.5
 10.0 -37.5  -6.6    7.4 -29.9   5.3    6.9 -33.9   6.0

 99.9   8.2  -0.7   90.0   0.1   0.1   80.0   8.1   2.2   70.0  16.4  -4.4
 60.0  -0.4   3.2   50.0 -15.9  -1.4   45.0 -24.9  -2.5   40.0 -15.0  -3.0
 35.0  -1.5   0.8   30.0  12.6   5.9   25.0   2.1   2.1   22.5  -3.7   5.6
 20.0 -15.9   4.3   15.0 -33.3  -7.6   12.0 -38.7  -9.2   10.0 -37.5  -6.6
  8.0 -31.8   2.3    7.0 -33.1   5.8    6.0   0.0   0.0    5.0   0.0   0.0
  4.0   0.0   0.0

 14. 3.2020  12 Uhr

 99.9   4.0   4.0   98.6   3.0   4.2   86.9  -0.0  -0.0   82.8   4.8  -1.8
 81.5   5.5  -4.6   78.7   8.2  -0.7   75.9   9.1  -1.6   73.4   7.7  -0.0
 71.1   4.5  -2.6   70.0   3.6  -3.6   67.0   2.6  -0.2   65.6   3.9   3.3
 64.0  -0.5   5.6   61.1   0.0   8.7   59.6  -2.6   7.3   57.9  -5.3   1.9
 56.3  -4.9   2.8   54.9  -6.1   0.5   52.9  -8.2   0.0   51.4 -11.6  -4.2
 50.0 -14.9  -4.0   48.3 -14.2  -2.5   45.4 -14.6 -14.6   41.6 -12.9  -3.5
 37.5 -10.1  -1.8   36.2  -5.0   1.3   34.6  -0.2   2.0   32.3   5.1   0.4
 30.0  10.4   2.8   28.6   6.7  -0.6   26.8   9.3   4.3   25.2   8.4   2.3
 24.4   7.0   3.3   22.6  -0.7   7.7   22.1  -3.0   4.2   21.7  -3.6   0.0
 21.4  -3.6  -3.6   20.9  -6.2  -6.2   20.3 -10.9  -2.9   20.0 -14.4  -3.9
 19.0 -18.9   6.9   17.6 -24.8  -6.7   15.6 -36.0   0.0   12.3 -35.3   9.5
 10.0 -32.9   5.8    8.5 -25.6   2.2    7.4 -29.9   5.3    6.0 -33.8 -12.3


 99.9   4.0   4.0   90.0   0.8   1.2   80.0   6.9  -2.5   70.0   3.6  -3.6
 60.0  -1.9   7.7   50.0 -14.9  -4.0   45.0 -14.4 -13.4   40.0 -11.9  -2.8
 35.0  -1.4   1.9   30.0  10.4   2.8   25.0   8.1   2.5   22.5  -1.1   7.0
 20.0 -14.4  -3.9   15.0 -35.9   1.6   12.0 -35.0   9.0   10.0 -32.9   5.8
  8.0 -27.5   3.6    7.0 -31.0   0.5    6.0 -33.8 -12.3    5.0   0.0   0.0
  4.0   0.0   0.0

 15. 3.2020   0 Uhr

 99.9   2.9  -2.9   90.2  -0.5  -0.1   87.4  -3.3   5.8   83.7  -2.0  11.1
 79.2   1.3   5.0   77.1  -0.2   1.0   73.1   5.3   1.9   71.4   5.0   1.3
 70.0   3.0   0.8   67.5   1.3   5.0   65.0   3.2   8.7   62.7   0.6   7.2
 60.6  -0.3  -0.4   55.8  -3.6  -4.3   53.7  -3.9  -8.4   51.9  -8.9  -5.1
 50.2  -9.7  -3.5   50.0  -9.7  -3.5   46.1 -14.2 -11.9   43.9 -12.9  -3.5
 38.0  -6.8  -2.5   36.8  -2.5   2.5   35.7  -0.9   5.1   34.5   3.5   9.7
 30.4   7.7  13.4   30.0   6.5  14.0   28.6   2.9  10.9   27.2   5.1   4.3
 26.0   4.3   5.1   24.1  -6.8   2.5   23.5  -5.6  -1.0   23.0  -5.5  -3.8
 21.3 -15.4 -12.9   20.4 -15.6  -9.0   20.0 -17.4  -6.3   18.3 -19.0   0.0
 17.4 -22.9  -6.1   15.9 -36.0   0.0   13.4 -38.9  -3.4   12.1 -35.5   6.3
 10.0 -37.9   3.3    6.6 -27.2  -2.4

 99.9   2.9  -2.9   90.0  -0.7   0.3   80.0   0.7   6.1   70.0   3.0   0.8
 60.0  -0.7  -0.9   50.0  -9.7  -3.5   45.0 -13.6  -7.7   40.0  -8.9  -2.8
 35.0   1.7   7.7   30.0   6.5  14.0   25.0  -1.5   3.7   22.5  -8.3  -6.4
 20.0 -17.4  -6.3   15.0 -37.0  -1.2   12.0 -35.6   6.1   10.0 -37.9   3.3
  8.0 -32.0   0.2    7.0 -28.6  -1.6    6.0   0.0   0.0    5.0   0.0   0.0
  4.0   0.0   0.0

 15. 3.2020  12 Uhr

 99.9   2.6  -0.0   96.5   0.5   5.6   93.7   3.0   6.5   87.6   2.8   4.9
 84.7   1.6   9.1   82.4   2.9  10.9   79.5   4.4   7.6   77.0   0.5   6.1
 72.7   2.3   6.3   70.7   0.5   6.1   70.0   0.6   7.2   67.3   0.9   5.1
 66.2  -1.3   0.9   63.9  -0.9  -5.1   62.5   0.7  -8.2   61.2   0.9  -5.1
 53.9  -1.3  -0.8   52.3  -3.6   3.6   50.5  -4.1   7.1   50.0  -5.0   7.2
 46.8  -8.1  -1.4   45.2  -9.9  -2.7   42.4  -8.4   5.9   40.3  -8.4   3.9
 36.7  -3.3   3.9   35.0  -0.4   5.1   33.1   5.0   1.3   30.1  -0.0  -0.0
 30.0  -1.0  -0.2   29.1  -0.9  -5.1   28.5   4.1  -8.9   27.0   5.7 -12.1
 26.6   4.8 -13.1   24.7  -1.3  -7.1   24.0  -2.1  -3.6   23.5  -3.6  -3.6
 21.4 -19.4  -5.2   20.0 -17.7   3.1   19.9 -17.4   4.7   18.4 -25.1  -2.2
 16.8 -34.3   3.0   13.3 -34.8   3.0   11.9 -37.4  -3.3   11.2 -35.0  -6.2
 10.0 -34.3  -3.0    8.5 -28.3   0.0    7.0 -25.6 -12.0    6.5 -25.3  -6.8
  5.8 -22.7 -13.1

 99.9   2.6  -0.0   90.0   2.9   5.6   80.0   4.1   8.2   70.0   0.6   7.2
 60.0   0.5  -4.4   50.0  -5.0   7.2   45.0  -9.8  -2.1   40.0  -8.0   3.9
 35.0  -0.4   5.1   30.0  -1.0  -0.2   25.0  -0.3  -8.1   22.5 -11.0  -4.4
 20.0 -17.7   3.1   15.0 -34.6   3.0   12.0 -37.2  -2.8   10.0 -34.3  -3.0
  8.0 -27.5  -3.8    7.0 -25.6 -12.0    6.0 -23.5 -11.3    5.0   0.0   0.0
  4.0   0.0   0.0

 16. 3.2020   0 Uhr

 99.9  -1.0   1.2   95.3  -3.5   5.1   89.2  -0.9   5.1   83.2  -2.2   4.7
 80.5   1.3   5.0   75.8   1.6   9.1   73.6   0.4   5.1   70.0   0.6   3.5
 69.0   1.0   0.1   65.8   3.6  -3.6   62.8   4.6  -8.0   60.8   3.5  -5.1
 56.0   4.5   2.6   53.7  -0.4   2.5   51.4  -4.2   3.0   50.0  -6.1   1.1
 48.8  -7.2   0.0   46.9  -8.1  -1.4   45.1  -5.9   4.1   40.0 -11.0   9.3
 36.5  -8.2   0.7   34.3  -5.1  -0.9   32.4   0.4   0.9   30.2   3.3  -3.9
 30.0   3.0  -4.2   29.6   1.3  -5.0   28.9   0.4  -5.1   28.4   2.8  -7.7
 27.7   0.9 -10.8   27.0  -1.7  -9.6   25.0  -5.1   3.5   24.4  -4.4   4.4
 21.8 -15.7   2.8   20.1 -22.7   8.3   20.0 -22.7   8.3   18.8 -25.2   0.0
 17.1 -35.5   6.3   15.4 -37.4  -3.3   11.3 -37.0  -6.5   10.0 -35.5  -6.3
  6.1 -22.8   4.0

 99.9  -1.0   1.2   90.0  -1.2   5.1   80.0   1.4   5.4   70.0   0.6   3.5
 60.0   3.7  -3.8   50.0  -6.1   1.1   45.0  -6.0   4.2   40.0 -11.0   9.3
 35.0  -6.1  -0.4   30.0   3.0  -4.2   25.0  -5.1   3.5   22.5 -12.6   3.2
 20.0 -22.7   8.3   15.0 -37.4  -3.6   12.0 -37.1  -5.9   10.0 -35.5  -6.3
  8.0 -29.5  -1.4    7.0 -26.1   1.3    6.0 -22.4   4.3    5.0   0.0   0.0
  4.0   0.0   0.0

 16. 3.2020  12 Uhr

 99.9  -0.9  -0.5   96.6  -3.2   4.6   86.0  -4.1   7.1   82.0   0.9   5.1
 79.2   1.3   5.0   76.5  -3.9   6.7   73.1  -3.2   4.6   72.2  -3.0   4.2
 70.0   0.5   0.9   68.5   4.5  -2.6   65.9   9.8  -5.7   62.7   5.3  -6.3
 60.4   1.5  -0.1   58.1   3.9   3.3   54.1   4.7   4.7   50.0  -3.9   3.3
 49.9  -4.2   3.0   48.4  -5.6   0.5   46.6  -7.7  -0.7   44.3  -3.5   5.1
 43.0  -4.4   7.6   36.0  -9.2  -3.3   33.8 -10.3  -4.8   32.9  -8.9  -4.1
 30.9  -2.8  -6.1   30.4  -2.1  -8.0   30.0  -2.7  -9.9   29.0  -4.0 -14.9
 28.5  -7.0 -14.9   27.1 -10.3  -4.8   26.4 -10.2  -8.6   25.7  -9.7  -3.5
 24.6  -4.9  -2.8   21.6 -22.7   8.3   20.0 -25.1   9.1   18.7 -28.7  -2.5
 17.6 -34.8   3.0   15.1 -38.4   3.4   12.4 -32.8  -8.8   10.0 -32.9   0.0
  9.8 -34.3   3.0    8.1 -24.8   4.4

 99.9  -0.9  -0.5   90.0  -3.8   6.2   80.0   1.2   5.0   70.0   0.5   0.9
 60.0   2.0   0.5   50.0  -3.9   3.3   45.0  -4.8   3.3   40.0  -6.4   3.1
 35.0  -9.7  -4.0   30.0  -2.7  -9.9   25.0  -6.7  -3.1   22.5 -17.2   4.8
 20.0 -25.1   9.1   15.0 -38.2   2.9   12.0 -32.8  -7.4   10.0 -32.9   0.0
  8.0 -24.2   4.5    7.0   0.0   0.0    6.0   0.0   0.0    5.0   0.0   0.0
  4.0   0.0   0.0

 17. 3.2020   0 Uhr

 99.9  -3.1   0.0   96.4  -4.7   4.0   88.4   0.0  14.9   82.7   3.2  18.2
 78.0  -1.4  15.9   76.1  -3.3   7.0   74.1  -2.3  -1.1   72.6  -0.9  -5.1
 70.1   2.4  -8.9   70.0   2.4  -8.9   67.6   2.7  -9.9   65.5  -0.8  -8.7
 63.7  -0.4  -5.1   61.6   1.5  -0.5   60.1   4.8   1.8   57.8  10.1   1.8
 53.6   3.6   3.6   52.1   4.3   3.6   50.0   0.4   4.6   47.1  -2.6   0.0
 46.1  -5.1  -0.4   44.8  -8.6   1.5   42.5 -16.5   0.0   37.4 -18.9  -5.1
 35.5 -20.0  -1.7   33.2 -10.8   0.0   32.6  -8.9  -2.4   32.1  -8.4  -5.9
 31.0  -8.7  -7.3   30.0 -12.5  -7.2   28.0 -16.4   4.4   26.1  -4.1   8.9
 25.4  -1.7   6.5   25.2  -2.6   5.6   24.7  -7.6   4.4   22.9 -12.5   7.2
 21.3 -23.1   2.0   20.0 -23.2   0.0   15.5 -35.5  -6.3   14.3 -34.3  -9.2
 10.9 -37.4   3.3   10.0 -34.5   0.0    8.4 -29.3  -7.9    6.5 -34.3   3.0


 99.9  -3.1   0.0   90.0  -1.0  12.7   80.0   0.6  16.9   70.0   2.4  -8.9
 60.0   5.1   1.8   50.0   0.4   4.6   45.0  -8.1   1.2   40.0 -17.6  -2.4
 35.0 -18.0  -1.4   30.0 -12.5  -7.2   25.0  -4.6   5.1   22.5 -15.1   5.9
 20.0 -23.2   0.0   15.0 -35.0  -7.5   12.0 -36.3  -1.0   10.0 -34.5   0.0
  8.0 -30.3  -5.7    7.0 -32.9  -0.1    6.0   0.0   0.0    5.0   0.0   0.0
  4.0   0.0   0.0

 17. 3.2020  12 Uhr

 99.9   0.0   0.0   90.0   0.0   0.0   80.0   0.0   0.0   70.0   0.0   0.0
 60.0   0.0   0.0   50.0   0.0   0.0   45.0   0.0   0.0   40.0   0.0   0.0
 35.0   0.0   0.0   30.0   0.0   0.0   25.0   0.0   0.0   22.5   0.0   0.0
 20.0   0.0   0.0   15.0   0.0   0.0   12.0   0.0   0.0   10.0   0.0   0.0
  8.0   0.0   0.0    7.0   0.0   0.0    6.0   0.0   0.0    5.0   0.0   0.0
  4.0   0.0   0.0

 18. 3.2020   0 Uhr

 99.9  -5.8   5.8   96.3  -5.4  11.7   91.6  -8.3  11.8   87.1  -6.2  10.7
 81.9  -5.8   3.3   79.2  -4.2  -2.0   77.3  -1.5  -5.5   73.9   6.5  -6.5
 70.0  15.9  -4.3   68.3  17.4  -4.7   62.1  10.6  -1.9   58.9   4.2   3.0
 55.3   3.5   5.1   53.3  -0.0  -0.0   50.8  -5.0  -1.3   50.0  -6.1  -0.5
 49.0  -7.7   0.0   44.1 -19.0   0.0   42.6 -22.2  -8.1   39.4 -30.4   0.0
 36.6 -19.4   5.2   34.0 -13.2   2.3   31.6 -15.0   5.5   30.0  -4.6   8.0
 29.8  -3.2   8.7   27.9  -2.4   5.1   26.9  -1.5  -1.5   26.1  -0.9  -5.1
 25.2  -2.3  -8.4   23.9 -10.7  -5.0   21.2 -10.3  -4.8   20.7 -11.4  -3.1
 20.0 -16.4  -1.4   19.3 -24.7   0.0   14.1 -30.4  -5.4   10.0 -29.8   0.0
  7.9 -33.4   0.0

 99.9  -5.8   5.8   90.0  -7.5  11.4   80.0  -4.7  -0.4   70.0  15.9  -4.3
 60.0   6.5   1.3   50.0  -6.1  -0.5   45.0 -16.9   0.0   40.0 -28.8  -1.6
 35.0 -15.6   3.4   30.0  -4.6   8.0   25.0  -3.5  -7.9   22.5 -10.5  -4.9
 20.0 -16.4  -1.4   15.0 -29.3  -4.3   12.0 -30.1  -2.8   10.0 -29.8   0.0
  8.0 -33.3   0.0    7.0   0.0   0.0    6.0   0.0   0.0    5.0   0.0   0.0
  4.0   0.0   0.0

 18. 3.2020  12 Uhr

 99.9   0.0   0.0   90.0   0.0   0.0   80.0   0.0   0.0   70.0   0.0   0.0
 60.0   0.0   0.0   50.0   0.0   0.0   45.0   0.0   0.0   40.0   0.0   0.0
 35.0   0.0   0.0   30.0   0.0   0.0   25.0   0.0   0.0   22.5   0.0   0.0
 20.0   0.0   0.0   15.0   0.0   0.0   12.0   0.0   0.0   10.0   0.0   0.0
  8.0   0.0   0.0    7.0   0.0   0.0    6.0   0.0   0.0    5.0   0.0   0.0
  4.0   0.0   0.0

 19. 3.2020   0 Uhr

 99.9  -5.1  -4.3   97.5  -6.5  -3.0   94.1  -5.5  -4.6   88.8 -10.6  -3.9
 87.3  -9.3  -4.3   80.2   1.9  -5.3   79.4   2.9  -2.9   78.8   4.8  -1.8
 75.0  11.7  -2.1   70.4  10.8  -0.9   70.0  10.2  -0.9   65.4   4.8  -1.8
 63.9   0.7   0.7   60.8   1.3   5.0   57.7   1.3   5.0   53.7  -4.3   3.6
 50.4  -8.9   2.4   50.0 -10.4   2.8   47.6 -14.5   5.3   45.3 -19.5   1.7
 41.5 -23.1   2.0   38.5 -16.9   6.2   35.7 -10.8   0.0   34.5  -8.5  -4.9
 31.8  -3.9  -3.3   30.7  -2.1   0.0   30.0  -2.0  -0.2   28.7   0.5  -6.1
 27.2  -0.9  -9.7   26.3   1.6  -9.1   25.9  -0.0  -7.2   25.6  -2.2  -4.7
 25.1  -5.1   0.0   24.8  -6.5   1.7   24.2  -6.1  -1.1   21.9 -10.8  -0.9
 21.4  -9.4   2.5   20.8 -10.2   5.9   20.0 -12.6   5.9   18.8 -13.8   8.0
 17.6 -18.2  -3.2   15.2 -27.8   0.0   10.8 -28.2  -2.5   10.0 -25.1   2.2
  9.0 -26.3   4.6    7.4 -24.6  -2.2    6.1 -21.3   3.8    5.8 -22.1   0.0
  5.4 -16.4   1.4    5.2 -10.4  -2.8

 99.9  -5.1  -4.3   90.0  -9.5  -4.0   80.0   2.2  -4.7   70.0  10.2  -0.9
 60.0   1.3   5.0   50.0 -10.4   2.8   45.0 -19.7   1.7   40.0 -20.0   4.1
 35.0  -9.4  -2.8   30.0  -2.0  -0.2   25.0  -5.6   0.6   22.5  -9.5  -1.0
 20.0 -12.6   5.9   15.0 -27.8  -0.1   12.0 -28.1  -1.7   10.0 -25.1   2.2
  8.0 -25.3   0.5    7.0 -23.6  -0.4    6.0 -21.6   2.5    5.0   0.0   0.0
  4.0   0.0   0.0

 19. 3.2020  12 Uhr

 99.9  -2.6   3.2   71.0   4.0  -4.0   70.0   2.2  -4.7   69.8   2.2  -4.7
 62.6  -0.5   0.0   55.1  -5.5   5.5   54.1  -6.9   6.9   52.5 -10.2   3.7
 50.0 -13.1   6.1   49.5 -13.5   6.3   45.9 -15.7  -2.8   43.6 -19.4  -5.2
 39.7 -17.9  -4.8   37.7 -13.7   2.4   34.7  -6.7  -3.9   33.3  -7.6  -4.4
 31.8  -3.9  -6.7   30.0  -0.8  -3.0   28.2   0.8  -9.2   27.7  -0.0  -8.7
 27.3  -2.8  -6.1   26.7  -6.2   0.0   25.8  -6.6  -1.2   25.1  -6.5   1.7
 24.1  -8.1   1.4   23.1  -8.0   4.6   22.4  -3.9   6.7   20.8   0.0   6.7
 20.3  -1.0   5.6   20.0  -2.1   5.8   19.9  -2.1   5.8   18.5 -10.8   0.0
 15.6 -29.2   2.6   14.5 -23.2   0.0   10.9 -30.4  -5.4   10.0 -26.1  -9.5
  9.9 -26.1  -9.5    6.1 -20.3   3.6

 99.9  -2.6   3.2   90.0  -0.5   0.9   80.0   1.8  -1.6   70.0   2.2  -4.7
 60.0  -2.2   1.8   50.0 -13.1   6.1   45.0 -17.1  -3.7   40.0 -18.0  -4.8
 35.0  -7.4  -3.2   30.0  -0.8  -3.0   25.0  -6.6   1.7   22.5  -4.5   6.4
 20.0  -2.1   5.8   15.0 -25.9   1.2   12.0 -28.0  -3.6   10.0 -26.1  -9.5
  8.0 -23.4  -3.5    7.0 -21.8   0.0    6.0 -20.1   4.0    5.0   0.0   0.0
  4.0   0.0   0.0

 20. 3.2020   0 Uhr

 99.9  -3.3  -3.9   91.1  -3.9  -3.3   89.3  -5.3  -3.1   86.5  -0.5  -5.6
 85.0   0.5  -5.6   84.0  -0.0  -5.1   73.8   5.1   0.9   70.8   5.0  -1.3
 70.0   3.9  -1.4   67.9   2.2   4.7   57.8   1.0  -0.2

 99.9  -3.3  -3.9   90.0  -4.8  -3.2   80.0   1.9  -2.8   70.0   3.9  -1.4
 60.0   1.3   0.9   50.0   0.0   0.0   45.0   0.0   0.0   40.0   0.0   0.0
 35.0   0.0   0.0   30.0   0.0   0.0   25.0   0.0   0.0   22.5   0.0   0.0
 20.0   0.0   0.0   15.0   0.0   0.0   12.0   0.0   0.0   10.0   0.0   0.0
  8.0   0.0   0.0    7.0   0.0   0.0    6.0   0.0   0.0    5.0   0.0   0.0
  4.0   0.0   0.0

 20. 3.2020  12 Uhr

 99.9  -1.0   1.2   90.2  -2.5  -6.8   87.3   1.5  -5.5   85.7   0.4  -5.1
 76.9   2.2   4.7   75.2   4.1   7.1   72.4   1.1   6.1   70.0   0.8   4.6
 65.4   0.2  -0.5   62.9  -4.2   3.0   57.7  -0.9  -5.1   50.7  -3.0  -6.5
 50.0  -5.0  -5.9   48.6  -8.2   0.0   44.4 -12.1   5.7   41.1 -14.3  -1.3
 39.5 -10.3   0.0   37.8  -9.4  -5.4   35.0  -8.7   0.0   31.8   3.3   5.8
 30.5   4.5   2.6   30.0   5.6   1.0   29.6   6.6  -1.2   29.0   4.7  -2.2
 27.9   0.2  -1.0   25.2   7.3   8.7   24.8   6.2   8.8   22.4  -0.1   0.5
 21.0  -5.1   0.4   20.0 -13.3   1.2   19.4 -13.7  -2.4   15.3 -32.3   2.8
 12.8 -23.7   0.0   10.0 -27.8   0.0    9.2 -29.9   5.3    7.2 -25.6  -2.2
  6.5 -21.3   3.8    5.9 -18.0   0.0    5.4 -16.9   4.5    5.0 -14.3   1.3


 99.9  -1.0   1.2   90.0  -2.2  -6.7   80.0   1.6   1.1   70.0   0.8   4.6
 60.0  -2.4  -1.5   50.0  -5.0  -5.9   45.0 -11.6   4.8   40.0 -11.6  -0.4
 35.0  -8.7   0.0   30.0   5.6   1.0   25.0   6.7   8.8   22.5   0.2   0.9
 20.0 -13.3   1.2   15.0 -31.3   2.5   12.0 -24.8   0.0   10.0 -27.8   0.0
  8.0 -27.4   0.9    7.0 -24.4  -0.6    6.0 -18.6   0.6    5.0 -14.3   1.3
  4.0   0.0   0.0

 21. 3.2020   0 Uhr

 99.9   2.8  -1.3   87.7  -4.9  -2.8   86.2  -3.1  -5.3   83.3  -3.6  -6.2
 78.7  -8.7  -0.8   75.7  -4.3   9.3   72.4  -1.2  13.3   70.0  -2.7   9.9
 67.9  -4.6   8.0   66.7  -3.0   6.5   65.7  -0.9   5.1   64.3   0.5   0.0
 63.2   1.8  -4.8   59.2  -2.4  -8.9   57.5  -5.1  -4.3   51.8  -2.0   0.4
 50.0  -5.1   0.4   49.1  -7.0   3.3   47.4  -8.2  -0.7   45.9 -10.2   0.9
 43.6 -10.6  -1.9   42.2 -14.4   0.0   40.7 -10.6   1.9   39.5  -8.2   0.7
 38.4  -7.0  -3.3   37.6  -8.4  -2.3   35.4  -3.8   5.5   33.9  -1.2   6.6
 30.7   5.1  -0.0   30.0   5.6  -1.0   29.2   4.8  -1.8   27.5  -0.0  -0.0
 27.0   5.1   0.4   26.3   8.2  -0.0   25.3   6.7  -0.6   24.8   4.8  -1.8
 24.4   0.9  -3.5   23.9  -1.8  -4.8   23.4   0.7  -7.7   21.8  -0.9  -9.7
 21.2  -2.1  -8.0   20.0 -10.8  -0.9   19.2 -10.4   2.8   17.0 -27.4   4.8
 14.2 -34.0   0.0   10.2 -28.4   5.0   10.0 -29.2   2.6    7.4 -23.8 -11.1
  6.1 -23.8  -4.2    5.6 -20.6   0.0    5.2  -5.8  -3.3

 99.9   2.8  -1.3   90.0  -3.4  -2.5   80.0  -7.2  -2.3   70.0  -2.7   9.9
 60.0  -1.5  -8.1   50.0  -5.1   0.4   45.0 -10.4  -0.2   40.0  -9.2   1.2
 35.0  -3.1   5.8   30.0   5.6  -1.0   25.0   5.6  -1.3   22.5  -0.2  -8.8
 20.0 -10.8  -0.9   15.0 -32.0   1.4   12.0 -31.0   2.6   10.0 -29.2   2.6
  8.0 -25.1  -7.7    7.0 -23.8  -9.1    6.0 -23.2  -3.4    5.0   0.0   0.0
  4.0   0.0   0.0

 21. 3.2020  12 Uhr

 99.9  -2.3   6.3   97.6  -1.0   5.6   87.8  -9.1   1.6   80.0  -7.2  12.5
 76.1  -3.6   3.6   74.7  -0.9  -0.4   70.0  -2.5  -1.8   66.1  -0.6  -6.7
 60.2  -0.9  -5.1   57.6  -8.7  -3.2   56.3  -5.1  -0.4   53.9   0.3   0.4
 50.3  -3.3   3.9   50.0  -4.0   4.0   49.7  -4.3   3.6   48.5  -5.5  -1.5
 46.7  -8.1  -1.4   43.0  -7.6  -4.4   41.7  -9.7  -3.5   40.6  -7.2   0.0
 39.8  -6.1  -0.5   38.7  -2.9  -1.1   36.6  -1.3   5.0   36.0   2.0   7.5
 35.3   4.1   8.9   33.8   3.3   5.8   30.5   5.1  -3.5   30.0   4.2  -3.0
 28.3   5.1  -0.9   27.7   0.3   1.5   25.9   2.0   0.2   23.8  -1.8  -4.8
 23.2  -6.3  -4.4   22.3  -4.7  -6.7   21.1  -9.8  -4.6   20.1 -15.4  -4.1
 20.0 -15.4  -4.1   18.8 -11.3  -1.0   18.3 -14.9  -4.0   17.9 -22.3  -3.9
 14.7 -35.9   3.1   12.2 -25.8   6.9   10.0 -26.8   0.0    8.6 -22.7  -8.3
  6.9 -17.2  -3.0    5.7 -26.1  -2.3    5.3 -10.9   2.9    5.2  -7.1   1.3
  5.1  -5.0   1.3    5.0  -1.6   1.3    4.9   2.8   4.9    4.8   6.9   6.9
  4.6  11.3  11.3

 99.9  -2.3   6.3   90.0  -7.2   2.5   80.0  -7.2  12.5   70.0  -2.5  -1.8
 60.0  -1.5  -4.9   50.0  -4.0   4.0   45.0  -7.9  -2.8   40.0  -6.4  -0.4
 35.0   4.0   8.3   30.0   4.2  -3.0   25.0   0.4  -1.9   22.5  -5.1  -6.2
 20.0 -15.4  -4.1   15.0 -34.5   2.4   12.0 -25.9   6.3   10.0 -26.8   0.0
  8.0 -20.9  -6.5    7.0 -17.6  -3.4    6.0 -23.8  -2.5    5.0  -1.6   1.3
  4.0   0.0   0.0

 22. 3.2020   0 Uhr

 99.9  -7.7   0.0   96.1 -10.4  -2.8   87.9 -13.5  -4.9   83.9 -11.8   8.3
 82.7 -11.8   9.9   79.6 -10.7   5.0   76.0  -4.6  -5.5   75.0  -2.6  -7.3
 70.4  -2.1 -11.7   70.0  -2.9 -10.9   67.7  -5.6  -6.7   66.4  -3.8  -5.5
 57.4   1.3   5.0   54.2  -0.0  -0.0   52.0  -0.9  -5.1   50.0  -0.0  -9.8
 49.9  -0.0  -9.8   47.3  -5.3  -6.3   43.7  -4.7  -2.2   42.3  -4.4  -4.4
 38.2  -5.1  -0.4   36.0  -4.3   3.6   30.1  -3.6  -3.6   30.0  -3.0  -3.5
 26.8  -0.5   0.0   25.5  -1.7  -6.5   23.7  -9.9  -2.7   22.3 -14.4   3.9
 21.0 -16.9   9.8   20.0 -14.7  10.3   19.6 -15.2  10.6   18.4 -25.6  12.0
 15.6 -30.9  -5.4   13.8 -34.5   0.0   10.0 -24.1  -2.1    9.2 -22.0  -1.9
  8.2 -19.3   3.4    7.6 -23.2   8.4    7.1 -11.4   8.0    6.4 -16.8   7.8
  5.9 -32.4   5.7    5.8 -31.9   5.6

 99.9  -7.7   0.0   90.0 -12.7  -4.4   80.0 -10.9   5.6   70.0  -2.9 -10.9
 60.0  -0.2   1.8   50.0  -0.0  -9.8   45.0  -4.9  -3.7   40.0  -4.8  -2.2
 35.0  -4.2   2.5   30.0  -3.0  -3.5   25.0  -4.0  -5.4   22.5 -13.8   2.9
 20.0 -14.7  10.3   15.0 -32.1  -3.7   12.0 -29.8  -0.9   10.0 -24.1  -2.1
  8.0 -20.5   5.0    7.0 -12.1   7.9    6.0 -29.2   6.1    5.0   0.0   0.0
  4.0   0.0   0.0

 22. 3.2020  12 Uhr

 99.9  -7.1   6.0   91.3 -19.8   3.5   89.1 -18.2   3.2   85.1 -15.2  10.6
 82.4 -13.9   3.7   77.9  -6.5  -9.3   75.2  -5.0 -10.7   70.0  -8.9  -4.1
 68.9  -7.7  -2.8   67.2  -5.6   0.5   66.8  -5.1   0.4   65.7  -2.2  -2.2
 64.8  -0.0  -5.1   63.6  -0.0  -5.7   61.5   5.1   0.4   56.6  10.2   0.9
 54.8   8.9  -4.1   52.3   9.5  -7.9   50.0   5.5  -4.6   49.6   3.9  -3.3
 47.8   1.3  -1.6   45.7  -5.0  -1.3   44.4  -5.6   1.0   38.0 -12.2   8.6
 36.7 -14.3   8.2   34.0  -6.6   1.2   33.2  -6.3   2.3   30.3  -1.6  -6.0
 30.0  -1.1  -6.1   29.6  -1.0  -5.6   29.1  -2.4  -5.1   27.3  -0.4  -1.0
 25.3  -4.5  -2.6   23.9  -6.3  -4.4   21.3 -12.6   4.6   20.9 -12.1   4.4
 20.0 -19.3   7.0   19.8 -19.8   7.2   18.6 -28.3   0.0   17.6 -22.9  -6.1
 15.7 -25.7   0.0   14.8 -35.0   6.2   13.3 -27.2   2.4   10.4 -29.8   0.0


 99.9  -7.1   6.0   90.0 -18.9   3.3   80.0 -10.0  -3.1   70.0  -8.9  -4.1
 60.0   6.7   0.6   50.0   5.5  -4.6   45.0  -5.3  -0.1   40.0 -10.1   6.1
 35.0  -9.5   3.8   30.0  -1.1  -6.1   25.0  -4.8  -3.0   22.5  -9.6   0.3
 20.0 -19.3   7.0   15.0 -32.9   4.8   12.0 -28.3   1.4   10.0   0.0   0.0
  8.0   0.0   0.0    7.0   0.0   0.0    6.0   0.0   0.0    5.0   0.0   0.0
  4.0   0.0   0.0

 23. 3.2020   0 Uhr

 99.9 -14.9  -7.0   92.7 -12.6 -15.0   86.5  -7.6  -5.3   84.6  -6.7  -4.7
 81.4  -2.0 -11.1   77.2   3.1 -11.4   75.5   0.9  -9.7   73.2  -5.5  -3.8
 70.0  -5.1  -2.4   69.7  -4.7  -2.2   67.6   0.1  -0.5   61.9  -2.2   4.7
 60.3   3.0   6.5

 99.9 -14.9  -7.0   90.0 -10.4 -10.8   80.0  -0.3 -11.2   70.0  -5.1  -2.4
 60.0   4.0   6.9   50.0   0.0   0.0   45.0   0.0   0.0   40.0   0.0   0.0
 35.0   0.0   0.0   30.0   0.0   0.0   25.0   0.0   0.0   22.5   0.0   0.0
 20.0   0.0   0.0   15.0   0.0   0.0   12.0   0.0   0.0   10.0   0.0   0.0
  8.0   0.0   0.0    7.0   0.0   0.0    6.0   0.0   0.0    5.0   0.0   0.0
  4.0   0.0   0.0

 23. 3.2020  12 Uhr

 99.9  -9.3  -4.3   96.4 -12.9  -3.5   92.2 -12.5  -7.2   89.0 -14.4  -3.9
 87.9 -14.2  -2.5   83.5  -8.7   7.3   79.9  -7.6   7.6   76.2  -9.2   0.8
 72.7 -10.2   3.7   70.0  -9.4   2.5   69.5  -8.6   1.5   67.9  -5.5  -3.8
 67.3  -4.9  -2.8   66.0  -3.2   2.6   65.1  -0.9   5.1   64.0   0.4   5.1
 62.9   3.5   5.1   60.2   6.5   3.0   58.8   6.1  -0.5   51.9   7.1  -6.0


 99.9  -9.3  -4.3   90.0 -13.8  -4.9   80.0  -7.7   7.6   70.0  -9.4   2.5
 60.0   6.5   2.5   50.0   0.0   0.0   45.0   0.0   0.0   40.0   0.0   0.0
 35.0   0.0   0.0   30.0   0.0   0.0   25.0   0.0   0.0   22.5   0.0   0.0
 20.0   0.0   0.0   15.0   0.0   0.0   12.0   0.0   0.0   10.0   0.0   0.0
  8.0   0.0   0.0    7.0   0.0   0.0    6.0   0.0   0.0    5.0   0.0   0.0
  4.0   0.0   0.0

 24. 3.2020   0 Uhr

 99.9 -11.2  -5.2   97.1 -11.3  -1.0   92.3  -3.0   6.5   86.0   0.0   6.2
 84.4   2.4   2.0   82.8   5.1  -0.4   78.4   7.0  -3.3   74.0  -2.4  -8.9
 71.5  -4.8 -10.3   70.0  -7.6  -9.1   69.4  -8.7  -8.7   64.1  -5.3   1.9
 59.6   4.6   5.5   54.0   6.1   0.5   53.6   5.1   0.4   52.3   1.3   2.2
 51.4  -1.8   4.8   50.2  -3.9   6.7   50.0  -3.9   6.7   48.4  -8.7   0.8
 47.6 -10.2  -0.9   46.3 -12.1   4.4   43.3 -17.7   8.3   40.3 -12.8   1.1
 36.4  -9.8   4.6   34.3  -7.7  -2.8   33.0  -6.8  -2.5   32.3  -5.1  -4.3
 30.0  -3.6  -2.1   28.5  -8.7  -3.2   28.0  -6.7  -3.9   27.6  -3.0  -4.2
 24.6  -1.5  -0.4   23.0  -4.5  -2.6   22.1  -2.3  -6.3   21.6  -1.4  -8.1
 20.0  -9.1  -7.6   19.3 -15.2  -2.7   17.5 -19.9   5.3   16.6 -24.7   0.0
 14.4 -31.8  -2.8   10.2 -25.1   2.2   10.0 -25.3   4.5    8.0 -37.9  -3.3
  6.7 -38.0  -6.7

 99.9 -11.2  -5.2   90.0  -2.0   6.4   80.0   6.3  -2.2   70.0  -7.6  -9.1
 60.0   3.7   5.2   50.0  -3.9   6.7   45.0 -14.5   6.1   40.0 -12.6   1.4
 35.0  -8.4  -0.3   30.0  -3.6  -2.1   25.0  -1.7  -0.9   22.5  -3.3  -4.6
 20.0  -9.1  -7.6   15.0 -29.8  -2.0   12.0 -28.2  -0.1   10.0 -25.3   4.5
  8.0 -37.9  -3.3    7.0 -38.0  -5.9    6.0   0.0   0.0    5.0   0.0   0.0
  4.0   0.0   0.0

 24. 3.2020  12 Uhr

 99.9  -5.8   3.3   96.1  -3.7   7.9   92.4  -4.1   8.9   87.4  -5.3   6.3
 84.1  -1.7  -1.2   80.5  -0.4  -5.1   78.4  -5.9  -4.1   75.8  -9.7  -0.9
 74.0 -10.8  -0.9   70.5  -3.5   7.5   70.0  -2.8   7.7   68.9  -1.5   8.6
 66.7  -1.8   4.8   64.1   0.7   1.4   60.0   5.6   0.5   54.9   9.2  -3.3
 52.2   6.2  -6.2   50.0  -0.8  -9.2   48.4  -6.3  -5.3   44.5 -12.3   1.1
 43.3 -13.3  -1.2   42.1 -14.7   2.6   39.5 -17.4  -1.5   38.2 -14.4  -3.9
 36.5 -11.3   0.0   34.6 -10.2  -0.9   32.5  -2.1   8.0   31.2  -1.3   7.6
 30.0   3.9   1.4   28.0   1.3  -5.0   26.9   6.2  -6.2   25.7   7.1   1.3
 24.3   7.5   3.5   23.2   5.1  -0.0   23.0   5.1   0.4   21.2  -0.8  -1.3
 20.9  -5.1   0.0   20.0 -15.5   5.6   19.6 -19.8   7.2   18.5 -18.2   8.5
 17.0 -25.7   0.0   15.9 -26.3   7.1   13.3 -29.3   0.0   10.0 -30.4   0.0
  7.7 -36.0   6.3    6.3 -40.1   0.0    6.0 -34.5   0.0

 99.9  -5.8   3.3   90.0  -4.7   7.6   80.0  -1.7  -4.9   70.0  -2.8   7.7
 60.0   5.6   0.5   50.0  -0.8  -9.2   45.0 -11.5   0.2   40.0 -16.9  -0.7
 35.0 -10.5  -0.7   30.0   3.9   1.4   25.0   7.3   2.4   22.5   3.5  -0.0
 20.0 -15.5   5.6   15.0 -27.3   4.7   12.0 -29.7   0.0   10.0 -30.4   0.0
  8.0 -35.2   5.4    7.0 -38.0   3.3    6.0 -34.5   0.0    5.0   0.0   0.0
  4.0   0.0   0.0

 25. 3.2020   0 Uhr

 99.9  -3.3  -3.9   97.3  -3.3  -3.9   94.9  -5.1  -0.4   89.9  -5.5  -1.5
 85.2  -1.5  -5.5   80.3   0.9  -5.1   79.3  -0.0  -6.2   77.1  -4.2  -3.0
 75.4  -2.0   1.7   74.2   1.3   5.0   71.8   5.3   7.6   70.0   3.3   5.8
 69.0   3.3   3.9   67.0   3.6  -3.6   54.7   0.9  -0.5   52.7  -3.0  -4.2
 51.2  -4.7   2.2   50.0  -4.1   7.1   49.6  -3.0   8.2   48.9  -3.7   7.9
 47.9  -8.0   5.6   41.1 -17.2   3.0   34.7  -6.1  -1.1   34.0  -5.1   0.4
 32.8  -1.0   1.8   30.8   5.1   0.9   30.0   7.5   3.5   29.9   7.5   3.5
 28.1   5.3  -3.1   27.5   2.4  -5.1   26.4   3.0  -4.2   24.8  -0.0  -0.5
 23.9  -1.3  -5.0   22.9  -3.0  -8.2   21.0 -15.5  -5.6   20.5 -16.9  -1.5
 20.0 -16.9   1.5   19.2 -14.0   5.1   16.6 -23.7  -8.6   13.0 -32.4  -5.7
 10.7 -29.8   8.0   10.0 -29.2   2.6    6.6 -40.5   7.1    6.5 -40.5   7.1


 99.9  -3.3  -3.9   90.0  -5.5  -1.4   80.0   0.6  -5.4   70.0   3.3   5.8
 60.0   2.1  -1.9   50.0  -4.1   7.1   45.0 -11.8   4.5   40.0 -15.4   2.4
 35.0  -6.6  -0.9   30.0   7.5   3.5   25.0   0.4  -1.0   22.5  -5.6  -7.7
 20.0 -16.9   1.5   15.0 -27.4  -7.4   12.0 -31.3   0.0   10.0 -29.2   2.6
  8.0 -35.5   5.1    7.0 -39.0   6.5    6.0   0.0   0.0    5.0   0.0   0.0
  4.0   0.0   0.0

 25. 3.2020  12 Uhr

 99.9  -6.3   5.3   91.0 -12.2   2.1   87.4 -10.9   2.9   84.3  -7.5   6.3
 83.1  -6.3   4.4   81.3  -7.0  -1.9   80.2  -6.5  -3.0   74.7  -1.4   8.1
 72.8   0.6   7.2   70.9  -1.9   7.0   70.0  -4.4   4.4   68.5  -5.3   1.9
 65.8  -0.0  -5.1   64.4   0.4  -5.1   62.4   1.5  -0.1   60.9   2.6   4.5
 57.6   6.5   6.5   54.1   4.6   3.2   53.7   4.5   2.6   51.5  -0.5  -0.9
 50.0  -3.3   3.3   49.3  -6.5   1.7   42.3 -21.8  -3.8   40.2 -16.9  -6.2
 38.7 -19.0   0.0   35.6  -8.9  -4.1   33.6  -4.5   2.6   33.3  -4.5   2.6
 30.3  -0.1  -1.5   30.0   1.8  -1.0   28.9   4.2  -3.0   27.1   3.2  -8.7
 26.3  -1.0  -5.6   24.0   5.0  -1.3   23.0   5.5  -4.6   22.4  -0.4  -4.6
 22.1  -4.4  -4.4   21.6 -10.6  -1.9   21.1 -11.8   0.0   20.0  -7.6   5.3
 19.8  -7.1   6.0   19.3  -7.5   6.3   17.0 -19.8  -3.5   16.2 -28.8   0.0
 15.6 -27.4  -4.8   13.2 -34.3  -3.0   11.2 -34.8   3.0   10.0 -38.6   0.0
  7.1 -47.1  -4.1    6.4 -37.6   0.0

 99.9  -6.3   5.3   90.0 -11.8   2.4   80.0  -6.3  -2.6   70.0  -4.4   4.4
 60.0   3.6   5.0   50.0  -3.3   3.3   45.0 -15.7  -1.6   40.0 -17.2  -5.3
 35.0  -7.6  -2.1   30.0   1.8  -1.0   25.0   2.3  -3.2   22.5   0.6  -4.6
 20.0  -7.6   5.3   15.0 -29.0  -4.4   12.0 -34.6   0.5   10.0 -38.6   0.0
  8.0 -44.3  -2.7    7.0 -45.8  -3.6    6.0   0.0   0.0    5.0   0.0   0.0
  4.0   0.0   0.0

 26. 3.2020   0 Uhr

 99.9 -10.2   3.7   95.6  -8.0   4.6   91.5  -7.3   2.6   90.5  -7.0   1.9
 88.7  -8.2   0.0   85.9  -8.7  -7.3   83.3 -11.8  -8.3   80.5  -8.6  -1.5
 78.4  -5.1   4.3   77.4  -3.6   4.3   74.0  -5.1  -0.4   71.8  -8.1  -1.4
 70.4  -3.9  -3.3   70.0  -3.3  -3.3   68.3  -0.0  -0.0   66.8   3.9   3.3
 61.0   7.6   9.1   58.3   4.6   3.2   50.5  -0.0  -0.0   50.0  -1.5  -0.4
 49.0  -3.9  -3.3   45.8  -6.7  -0.6   42.3 -11.1  -6.4   39.2 -13.1  -6.1
 37.7 -17.4  -1.5   35.6 -13.9  -3.7   33.3  -8.9   5.1   31.2  -9.1   1.6
 30.0  -6.1   1.1   28.9  -3.5   5.1   28.0  -2.8   1.3   26.9  -3.0   4.2
 26.3   3.3   7.0   23.9  12.3  -1.1   23.4   8.7  -0.8   23.1   5.1   0.4
 22.7   0.4   2.0   22.3  -4.2   3.0   21.0  -4.1   5.9   20.1  -3.6   3.6
 20.0  -4.6   3.2   19.1 -15.9  -1.4   17.2 -30.2  -2.6   14.2 -38.4   3.4
 10.0 -43.0  -3.8    9.8 -43.6  -3.8    7.8 -46.6   4.1    6.5 -40.0   7.1


 99.9 -10.2   3.7   90.0  -7.3   1.3   80.0  -7.8  -0.1   70.0  -3.3  -3.3
 60.0   6.5   6.9   50.0  -1.5  -0.4   45.0  -7.7  -1.9   40.0 -12.6  -6.2
 35.0 -12.6  -1.5   30.0  -6.1   1.1   25.0   8.1   2.7   22.5  -1.9   2.5
 20.0  -4.6   3.2   15.0 -36.1   1.7   12.0 -40.7  -0.1   10.0 -43.0  -3.8
  8.0 -46.3   3.2    7.0 -42.7   5.9    6.0   0.0   0.0    5.0   0.0   0.0
  4.0   0.0   0.0

 26. 3.2020  12 Uhr

 99.9 -12.1   4.4   93.5 -11.8   1.0   90.0 -11.7  -5.4   85.6 -14.9  -4.0
 81.9 -11.0   7.7   77.4  -4.3   9.3   75.2  -4.1   7.1   71.3  -5.5  -1.5
 70.2  -0.7  -1.9   70.0  -0.2  -2.0   68.0   5.0  -1.3   63.3  12.1   5.7
 61.2   9.8   5.7   57.7   5.6  -0.5   56.1   4.1  -5.9   53.4   1.4  -8.1
 52.2  -3.0  -4.2   51.0  -2.9  -2.1   50.0  -3.0  -3.5   49.8  -3.6  -3.6
 47.5 -11.4  -3.1   42.6 -24.6  -2.2   38.8 -24.2   0.0   36.9 -18.9  -5.1
 35.5 -14.9  -1.3   33.8  -7.6   5.3   31.6  -4.3   5.1   30.8  -5.6   2.6
 30.0  -2.3   1.1   29.7  -1.2   1.0   26.4   0.9   5.1   26.0  -0.5   6.1
 25.6   0.0   6.2   24.7   4.8  -1.8   22.6   1.9  -5.3   21.8  -4.8   1.8
 20.7  -6.3   5.3   20.1  -5.5   4.6   20.0  -5.5   3.8   19.8  -5.8   3.3
 19.4  -8.7   0.8   17.7 -17.4  -4.7   16.8 -27.4   4.8   16.0 -31.9   5.6
 13.3 -38.5   6.8   10.0 -40.1   0.0    9.1 -42.1  -7.4    7.3 -46.1   4.0
  6.7 -31.8   2.8    6.3 -34.8  -3.0    5.6  -9.3   0.0    5.5  -5.1  -0.9
  5.4   0.1  -0.5    5.3   5.1  -0.0    5.0   8.4  -2.3

 99.9 -12.1   4.4   90.0 -11.7  -5.4   80.0  -8.2   8.4   70.0  -0.2  -2.0
 60.0   8.4   3.6   50.0  -3.0  -3.5   45.0 -18.0  -2.6   40.0 -24.3  -0.7
 35.0 -12.7   0.6   30.0  -2.3   1.1   25.0   3.2   0.9   22.5   1.1  -4.4
 20.0  -5.5   3.8   15.0 -34.3   6.0   12.0 -39.1   4.3   10.0 -40.1   0.0
  8.0 -44.5  -0.6    7.0 -39.1   3.4    6.0 -24.1  -1.8    5.0   8.4  -2.3
  4.0   0.0   0.0

 27. 3.2020   0 Uhr

 99.9  -8.9   2.4   98.1 -10.2  -3.7   93.3 -12.6  -8.9   85.1 -21.8  -3.8
 80.9 -12.7   2.2   77.4 -10.2   0.9   72.6  -4.6  -3.2   71.6   0.5  -1.5
 70.2   5.1   0.4   70.0   6.7   0.6   65.6  10.8  -0.0   63.1  11.6   4.2
 61.5   9.6   1.7   59.1   6.3  -4.4   55.9   5.1  -2.4   55.4   4.5  -2.6
 52.3  -1.8  -1.0   51.2  -2.6   4.5   50.0  -6.3   4.4   48.8 -11.7   5.4
 46.8 -20.4   5.5   41.7 -26.9   4.7   37.1 -25.1   9.1   34.6 -14.0   6.5
 33.2  -9.6   1.7   32.7  -7.0  -1.9   32.5  -5.1  -3.5   32.1  -1.1  -6.1
 31.0   1.0  -5.6   30.0  -2.5  -1.8   28.4  -1.0   0.2   26.6  -3.6   3.6
 25.8  -3.1   5.3   24.7  -4.7   2.2   23.8  -3.3  -3.9   23.4  -4.0  -4.7
 22.6  -3.1   0.3   21.9  -6.6  -1.2   21.3  -5.9  -5.0   20.0  -9.9  -8.3
 19.9 -10.2  -8.6   18.9 -19.5  -1.7   15.4 -35.4  -3.1   13.2 -36.4   3.2
 10.0 -37.4  -3.3    9.7 -41.2   0.0    7.2 -38.3 -10.3    6.4 -24.8   4.4
  6.3 -25.3   4.5

 99.9  -8.9   2.4   90.0 -16.2  -6.9   80.0 -12.1   1.9   70.0   6.7   0.6
 60.0   7.6  -2.1   50.0  -6.3   4.4   45.0 -22.6   5.2   40.0 -26.2   6.3
 35.0 -15.8   7.0   30.0  -2.5  -1.8   25.0  -4.2   3.0   22.5  -3.6   0.1
 20.0  -9.9  -8.3   15.0 -35.5  -2.0   12.0 -36.7   0.9   10.0 -37.4  -3.3
  8.0 -39.3  -6.7    7.0 -35.0  -6.7    6.0   0.0   0.0    5.0   0.0   0.0
  4.0   0.0   0.0

 27. 3.2020  12 Uhr

 99.9 -15.4  -1.3   92.1 -21.0  -1.8   86.0 -22.3   3.9   82.3 -16.7   2.9
 78.4  -4.6   3.2   77.2  -0.0  -0.0   76.1   3.2  -4.6   75.3   4.1  -5.9
 72.4   6.2  -3.6   70.7   5.5  -3.8   70.0   6.3  -2.3   69.0   7.7   0.7
 66.4  10.2   3.7   64.6   8.5   4.9   57.9  -0.5  -5.6   56.7  -0.0  -4.6
 55.0   3.3  -3.9   53.1  -5.5  -1.5   52.3  -5.6   1.0   51.3  -5.6   1.0
 50.0  -9.1  -1.6   49.2 -11.9  -3.2   46.8 -19.4  -5.2   44.1 -18.9  -6.9
 41.3 -23.4   6.3   37.3 -26.6   2.3   35.7 -22.0   1.9   34.3 -15.7  -2.8
 33.9 -14.0  -5.1   33.2 -11.8  -9.9   31.1  -9.0 -15.6   30.0 -10.5 -10.5
 28.0  -4.0  -2.3   25.3   1.0  -5.6   23.0  -0.4   0.3   20.9  -5.1  -0.4
 20.0 -11.4  -3.1   19.7 -14.2  -2.5   18.5 -18.4   6.7   16.1 -29.2   2.6
 14.0 -31.4  11.4   13.4 -33.4   5.9   12.2 -31.3  -2.7   10.6 -29.2  -2.6
 10.0 -30.9   0.0    9.0 -31.9   5.6    6.8 -38.4  -3.4    6.4 -28.2  -2.5
  6.2 -30.2  -2.6    5.7  -8.2   0.7    5.6  -2.3   2.8    5.3  -0.4   5.1
  5.2  -1.9   5.3

 99.9 -15.4  -1.3   90.0 -21.4   0.1   80.0  -9.6   3.1   70.0   6.3  -2.3
 60.0   2.4  -2.2   50.0  -9.1  -1.6   45.0 -19.0  -6.3   40.0 -24.4   5.0
 35.0 -18.9  -0.4   30.0 -10.5 -10.5   25.0   0.8  -4.8   22.5  -1.5   0.1
 20.0 -11.4  -3.1   15.0 -30.3   7.1   12.0 -31.0  -2.7   10.0 -30.9   0.0
  8.0 -34.7   1.8    7.0 -37.8  -2.5    6.0 -21.6  -1.3    5.0   0.0   0.0
  4.0   0.0   0.0

 28. 3.2020   0 Uhr

 99.9 -11.9  -3.2   94.2 -16.9  -6.2   88.7 -13.9   0.0   86.5  -5.6   1.0
 85.0  -1.3  -1.6   83.5   2.2  -4.7   77.3   5.8  -5.8   74.0   3.8  -5.5
 71.4   5.1  -3.5   70.3   5.0  -1.3   70.0   4.6  -0.8   68.6   5.1   4.3
 67.4   6.5   6.5   63.4   4.4   4.4   62.4   4.5   2.6   57.0  -0.0  -0.5
 51.2  -3.3   3.9   50.0  -4.0   1.1   49.0  -4.5  -1.2   47.0 -11.3   1.0
 45.8 -13.4   0.0   43.5 -24.6   2.2   41.9 -26.3   7.1   39.5 -28.4   5.0
 34.3 -12.7  -2.2   32.8 -12.1  -4.4   31.7 -11.3  -1.0   30.8  -7.3  -2.6
 30.0  -5.7   0.0   29.9  -5.1   0.4   26.6  -0.3   0.4   25.3  -5.1  -0.4
 22.7  -3.3  -7.0   21.6  -3.5  -5.1   20.5 -12.9   0.0   20.0 -14.2   2.5
 18.2 -19.3  -3.4   16.5 -28.7  -2.5   13.8 -35.0   0.0   10.0 -32.4   0.0
  7.9 -36.0   0.0    6.9 -35.0   6.2    6.2 -17.7   8.3    6.0 -12.4   3.3


 99.9 -11.9  -3.2   90.0 -14.6  -1.5   80.0   4.2  -5.3   70.0   4.6  -0.8
 60.0   2.5   1.2   50.0  -4.0   1.1   45.0 -17.2   0.7   40.0 -27.9   5.4
 35.0 -14.9  -1.2   30.0  -5.7   0.0   25.0  -4.9  -1.2   22.5  -3.3  -6.6
 20.0 -14.2   2.5   15.0 -32.1  -1.2   12.0 -33.8   0.0   10.0 -32.4   0.0
  8.0 -35.8   0.0    7.0 -35.1   5.5    6.0 -12.4   3.3    5.0   0.0   0.0
  4.0   0.0   0.0

 28. 3.2020  12 Uhr

 99.9 -17.0   0.0   94.1 -20.0   1.7   90.1 -10.2   3.7   89.1  -6.7   4.7
 87.5  -3.3   7.0   82.2   0.0   6.2   81.8   0.4   5.1   80.2   1.5   0.5
 78.9   3.0  -4.2   76.7   5.6  -8.0   75.4   3.3  -7.0   74.0  -0.4  -5.1
 72.2  -1.0   0.4   70.6   0.9   5.1   70.0   2.1   5.8   65.7   8.0  11.4
 59.7   5.9  10.2   57.3   2.2   4.7   55.7  -0.8   0.7   54.3  -5.0  -1.3
 52.0  -5.0  -1.3   50.8  -6.7  -4.7   50.0  -9.8  -5.7   45.6 -25.3  -4.5
 44.2 -27.2   2.4   39.5 -29.3   0.0   37.7 -26.6  -2.3   31.2  -8.7   3.2
 30.0  -2.5   1.8   28.4  -0.4   0.3   23.0   7.1   1.3   22.5   9.3  -0.0
 21.5   5.1  -0.9   20.7   1.7   1.2   20.0  -1.9   5.3   18.6 -11.3   1.0
 15.1 -34.5   0.0   13.2 -35.5   0.0   10.5 -30.2  -2.6   10.0 -32.4   0.0
  7.3 -36.9   3.2    6.8 -34.3   3.0

 99.9 -17.0   0.0   90.0  -9.8   3.8   80.0   1.7  -0.2   70.0   2.1   5.8
 60.0   6.0  10.3   50.0  -9.8  -5.7   45.0 -26.1  -1.6   40.0 -29.1   0.3
 35.0 -19.5  -0.1   30.0  -2.5   1.8   25.0   4.2   0.9   22.5   9.3  -0.0
 20.0  -1.9   5.3   15.0 -34.5   0.0   12.0 -33.3  -1.1   10.0 -32.4   0.0
  8.0 -35.6   2.3    7.0 -35.4   3.1    6.0   0.0   0.0    5.0   0.0   0.0
  4.0   0.0   0.0

 29. 3.2020   0 Uhr

 99.9 -12.8  -1.1   96.9 -14.3   1.3   91.9   1.0   5.6   86.2   5.1  -0.9
 84.8   5.0  -1.3   79.7  -0.0  -0.0   76.9   0.0   5.1   74.4   3.9   8.4
 71.9   6.8   9.7   70.0   6.9   8.3   68.9   7.3   7.3   63.9   5.5   5.5
 61.9   5.1   0.9   60.2   5.1  -0.0   55.5  -0.5  -0.9   51.9  -5.1   0.4
 50.0 -11.4  -3.1   48.1 -18.2  -3.2   43.8 -21.3   3.8   41.9 -24.7   0.0
 37.6 -21.3  -3.8   35.5 -20.6   0.0   30.2  -6.6   1.2   30.0  -5.6   0.5
 29.9  -5.1  -0.4   27.6   0.0  -0.5   25.1   3.0   4.2   24.3   7.1   6.0
 23.4   6.8   2.5   22.4   4.7   4.0   21.7   0.6   7.2   20.7  -0.7   7.7
 20.4  -3.5   7.5   20.0 -10.3   4.8   19.3 -18.4   4.9   18.4 -15.9   1.4
 15.7 -34.3   3.0   13.2 -37.3 -10.0   10.0 -39.5   3.5

 99.9 -12.8  -1.1   90.0   2.3   3.5   80.0   0.3  -0.1   70.0   6.9   8.3
 60.0   4.9  -0.0   50.0 -11.4  -3.1   45.0 -20.4   1.8   40.0 -23.2  -1.6
 35.0 -19.3   0.1   30.0  -5.6   0.5   25.0   3.5   4.4   22.5   4.9   3.8
 20.0 -10.3   4.8   15.0 -35.1  -0.5   12.0 -38.0  -5.3   10.0 -39.5   3.5
  8.0   0.0   0.0    7.0   0.0   0.0    6.0   0.0   0.0    5.0   0.0   0.0
  4.0   0.0   0.0

 29. 3.2020  12 Uhr

 99.9 -12.1   5.7   94.8  -6.1  -0.5   94.3  -5.1   0.0   92.1   0.0   1.0
 90.1   5.1   0.4   86.1  12.4  -3.3   80.6   6.1  -1.1   76.9   0.1  -1.0
 70.0   2.4   3.4   68.2   0.4   5.1   63.4  -0.8  -0.6   54.4  -0.2   2.0
 53.3  -3.0   4.2   52.4  -7.0   3.3   50.0  -9.3   0.0   49.5 -10.2  -0.9
 44.2 -26.3  -7.1   39.2 -28.9  -5.1   34.7 -14.4   0.0   33.6  -8.9   4.1
 30.1  -0.4   5.1   30.0  -0.4   5.1   29.1   1.3   2.8   28.5   5.0   1.3
 27.7   8.2  -0.7   26.4  10.4  -2.8   24.6   8.4  -3.9   24.2   7.1  -1.3
 23.7   4.5   2.6   23.0   4.7   2.2   21.3   0.8   0.6   20.5  -5.9   4.1
 20.0  -9.8   4.6   19.5 -10.1   7.1   18.0 -17.9  -1.6   15.9 -31.9   0.0
 14.1 -36.5  -6.4   13.2 -38.6   0.0   10.8 -39.5   7.0   10.0 -38.9   3.4
  9.4 -38.9  -3.4    7.5 -41.5   3.6    6.9 -38.9   3.4

 99.9 -12.1   5.7   90.0   5.3   0.4   80.0   5.1  -1.1   70.0   2.4   3.4
 60.0  -0.6   0.4   50.0  -9.3   0.0   45.0 -23.8  -6.1   40.0 -28.5  -5.4
 35.0 -15.4  -0.4   30.0  -0.4   5.1   25.0   8.9  -3.7   22.5   3.6   1.7
 20.0  -9.8   4.6   15.0 -34.1  -3.1   12.0 -39.0   3.4   10.0 -38.9   3.4
  8.0 -40.8   1.7    7.0 -39.4   3.4    6.0   0.0   0.0    5.0   0.0   0.0
  4.0   0.0   0.0

 30. 3.2020   0 Uhr

 99.9  -9.9  -2.7   95.3 -13.1  -4.8   86.7  -0.0  -5.1   83.9   0.7  -7.7
 79.9   0.3   0.4   76.6   3.3   3.9   75.0   4.9   2.8   73.1   1.6   6.0
 71.4   0.7   8.2   70.0   0.0   5.7   67.4  -0.0  -0.0   53.2  -0.2  -0.5
 50.8  -3.6  -4.3   50.0  -5.1  -4.3   48.9 -10.4  -2.8   46.8 -20.0   1.7
 46.0 -20.3   3.6   43.6 -25.1  -2.2   38.8 -28.3   0.0   34.2 -11.4   3.1
 32.6  -8.2   0.0   31.3  -5.0   1.3   30.5  -0.0  -0.5   30.0   3.6  -0.3
 29.7   5.1  -0.4   27.9   9.1  -1.6   25.1   0.7   0.7   24.2  -0.5   6.1
 23.2  -3.6  13.4   20.9  -3.1   1.8   20.2  -4.0   4.0   20.0  -4.6   3.2
 19.6  -8.2   0.0   18.5  -9.7  -0.9   17.6 -16.9  -4.5   16.0 -33.4   0.0
 15.1 -35.9   3.1   13.8 -43.7   0.0   10.0 -42.7   0.0    8.2 -43.6  -3.8
  6.4 -18.4  -4.9    6.1 -11.8   1.0    6.0  -9.2  -3.3    5.7  -8.7  -0.8


 99.9  -9.9  -2.7   90.0  -5.1  -5.0   80.0   0.3   0.2   70.0   0.0   5.7
 60.0  -0.1  -0.2   50.0  -5.1  -4.3   45.0 -22.3   1.2   40.0 -27.5  -0.6
 35.0 -14.5   2.5   30.0   3.6  -0.3   25.0   0.6   1.3   22.5  -3.5  10.0
 20.0  -4.6   3.2   15.0 -36.5   2.9   12.0 -43.3   0.0   10.0 -42.7   0.0
  8.0 -41.0  -3.9    7.0 -27.3  -4.5    6.0  -9.2  -3.3    5.0   0.0   0.0
  4.0   0.0   0.0

 30. 3.2020  12 Uhr

 99.9 -17.9  -6.5   93.1  -8.2   0.7   91.7  -5.1   0.4   87.6  -1.0   0.1
 81.6   5.1   0.4   80.0   6.1  -0.5   77.4  -0.5  -2.0   75.8  -0.4  -5.1
 73.9  -0.0  -9.8   71.3  -3.3  -5.8   70.2  -2.6  -4.5   70.0  -2.6  -4.5
 62.5   4.8   1.8   60.1   6.7   3.9   59.1   4.8   1.8   57.3   2.5   0.4
 54.7  -0.9   5.1   51.8  -0.9   2.4   50.5  -7.2   5.0   50.0  -9.3   6.5
 48.5 -14.2  11.9   46.4 -20.3   3.6   44.0 -24.1   2.1   39.6 -24.2   0.0
 37.3 -23.6   2.1   35.3 -14.4   0.0   33.3  -4.5  -2.6   31.4  -0.0  -0.0
 30.7   3.0   4.2   30.0   5.3   6.3   29.3   7.2   5.0   27.9   5.1   2.4
 26.6   3.9  -3.3   25.9   2.6  -4.5   25.3   0.5   0.1   24.6   0.0   5.1
 21.9  -3.5   0.6   21.6  -5.1   0.0   21.2  -6.2  -3.6   20.3 -11.0  -7.7
 20.0 -12.9  -7.5   17.0 -31.8   2.8   13.8 -40.0   3.5   10.0 -37.4  -3.3
  8.0 -37.9  -3.3    6.9 -33.4   0.0    6.4 -18.2   3.2    5.8  -6.9   8.3
  5.6  -5.1   5.1    5.5  -3.3   3.9    5.3   1.2   3.4    5.2   4.8   1.8
  5.1  -0.1   1.5

 99.9 -17.9  -6.5   90.0  -3.4   0.3   80.0   6.1  -0.5   70.0  -2.6  -4.5
 60.0   6.5   3.6   50.0  -9.3   6.5   45.0 -22.5   2.7   40.0 -24.2   0.2
 35.0 -12.9  -0.4   30.0   5.3   6.3   25.0   0.3   2.2   22.5  -2.7   1.7
 20.0 -12.9  -7.5   15.0 -36.8   3.2   12.0 -38.8   0.5   10.0 -37.4  -3.3
  8.0 -37.9  -3.3    7.0 -33.9  -0.3    6.0 -10.8   6.5    5.0  -5.2   1.3
  4.0   0.0   0.0

 31. 3.2020   0 Uhr

 99.9 -18.7  -3.3   95.3  -7.0   1.9   93.8  -3.9   3.3   90.8   0.8   0.6
 87.0   2.2  -4.7   83.9   4.1  -5.9   80.6  -0.9  -5.1   77.4  -1.9 -10.6
 75.5  -1.9  -5.3   73.7   0.7  -0.7   70.0   3.7   1.7   67.5   5.1   0.9
 63.8  11.7   5.4   59.6   7.6   7.6   55.4  -1.5   2.7   54.1  -3.9   3.3
 50.0  -9.7   0.9   47.3 -14.9   7.0   45.4 -21.0  -1.8   40.4 -25.7   0.0
 37.2 -20.8   3.7   34.2  -8.5  -4.9   32.2  -5.6  -2.6   31.6  -3.9  -3.3
 30.1  -0.3   0.4   30.0   0.4   0.9   26.9  -0.4   5.1   26.5   2.6   7.3
 25.3   2.3   8.4   24.3  -1.1   6.1   23.7  -4.4   4.4   23.2  -4.4   4.4
 22.6  -7.1  -1.3   22.0  -9.4  -2.5   20.8 -16.7   2.9   20.0 -13.3   1.2
 18.4 -17.4   1.5   17.8 -16.9   1.5   15.2 -32.8  -8.8   14.3 -37.9  -3.3
 10.0 -38.9  -3.4    8.3 -41.2 -11.1    7.0 -28.0 -10.2

 99.9 -18.7  -3.3   90.0   1.1  -0.5   80.0  -1.1  -6.1   70.0   3.7   1.7
 60.0   8.0   7.4   50.0  -9.7   0.9   45.0 -21.4  -1.7   40.0 -25.1   0.4
 35.0 -11.8  -2.6   30.0   0.4   0.9   25.0   1.3   7.7   22.5  -7.5  -1.5
 20.0 -13.3   1.2   15.0 -33.9  -7.6   12.0 -38.4  -3.4   10.0 -38.9  -3.4
  8.0 -38.3 -10.9    7.0 -28.0 -10.2    6.0   0.0   0.0    5.0   0.0   0.0
  4.0   0.0   0.0

 31. 3.2020  12 Uhr

 99.9  -1.3   5.0   98.4   0.9   5.1   94.4   6.3   7.5   90.4   1.8   4.8
 85.0   4.2  -3.0   81.2   2.2  -4.7   73.8  -0.7   0.7   70.7   3.9   3.3
 70.0   5.1   4.3   65.6   9.8   5.7   62.0   5.1  -0.4   60.2   4.8   1.8
 58.5   2.6   5.6   57.7   1.3   5.0   56.3   0.5  -0.1   54.2  -0.9  -5.1
 53.4  -1.1  -6.1   50.0 -10.7  -6.2   49.0 -14.9  -4.0   47.1 -18.6  -8.7
 45.1 -24.1   2.1   42.0 -26.2   0.0   37.0 -22.0   1.9   32.9 -13.4  -7.7
 31.9  -8.9  -5.1   31.2  -3.5  -5.1   30.8  -0.7  -7.7   30.0   0.9 -10.8
 27.7  -1.6  -6.0   26.5  -6.3  -5.3   25.5  -5.0   1.3   25.0  -1.8   2.5
 22.5  -5.0  -1.3   22.1  -7.6  -1.3   21.2 -12.2   8.6   20.0 -11.6   4.2
 19.2 -12.9   3.5   17.4 -27.7  -2.4   14.4 -33.8   3.0   12.6 -35.9  -3.1
 11.5 -35.0  -6.2   10.0 -32.3  -2.8    8.9 -37.4  -3.3    7.4 -36.5   0.0
  6.6 -12.3   1.1    6.3  -5.5   4.6    6.1  -3.9   6.7    5.7  -5.4   9.4
  5.6  -4.3   5.1    5.4  -2.1  -1.5

 99.9  -1.3   5.0   90.0   1.9   4.3   80.0   1.7  -3.8   70.0   5.1   4.3
 60.0   4.6   2.2   50.0 -10.7  -6.2   45.0 -24.2   2.0   40.0 -24.6   0.8
 35.0 -17.9  -2.7   30.0   0.9 -10.8   25.0  -1.8   2.5   22.5  -5.0  -1.3
 20.0 -11.6   4.2   15.0 -32.5   1.8   12.0 -35.4  -4.8   10.0 -32.3  -2.8
  8.0 -36.9  -1.4    7.0 -24.7   0.5    6.0  -4.2   7.3    5.0   0.0   0.0
  4.0   0.0   0.0


Monatsmittelwind fuer den  3 2020

Niveau Anzahl     U     V   DD FF
 [hPa]        [m/s] [m/s]     [kn]
  99.9     58  -5.4  -0.2   87 11
  90.0     58  -3.7   0.5   98  7
  80.0     58   1.0   1.0  225  3
  70.0     58   5.1   0.4  265 10
  60.0     58   5.0   0.9  260 10
  50.0     55  -5.3  -0.3   87 10
  45.0     55 -13.9   0.1   90 27
  40.0     55 -18.1   0.2   91 35
  35.0     55  -9.4   0.4   92 18
  30.0     55   0.0  -0.6  358  1
  25.0     55  -0.2   0.6  164  1
  22.5     55  -5.6  -0.0   90 11
  20.0     55 -15.8   1.3   95 31
  15.0     55 -32.8  -0.2   90 64
  12.0     55 -34.6  -0.0   90 67
  10.0     54 -34.5  -0.4   89 67
   8.0     52 -34.1  -0.7   89 66
   7.0     47 -32.6  -0.0   90 63
   6.0     28 -26.9   0.8   92 52
   5.0      7 -17.2  -0.3   89 33
   4.0      0   0.0   0.0    0  0
