sing20220209.12
TTAA  59111 48698
99006 26025 34002 00090 25629 34002 92777 21204 00510
85504 17001 03510 70146 08400 07014 50587 05713 09021
40759 15711 12523 30970 30331 12527 25096 40557 10529
20244 52959 11047 15423 68956 10562 10654 82156 09566
88111 82750 10589
77114 10589 42450=
TTCC  59115 48698
70862 73959 27516 50058 71959 09010
88999
77999=
TTDD  5911/ 48698
11874 73959 22796 71360 33728 74358 44684 72560 55638 75158
66532 71360 77475 72358 88443 68360 99374 65757
21212 11925 09525 22833 08004 33826 06504 44812 33502 55802
29004 66772 25010 77744 25014 88711 27514 99646 26521 11567
31506 22554 01002 33551 05002 44549 09502 55547 09002 66540
15004 77535 17006 88509 13510 99492 05514 11480 05521 22454
09025 33374 08547=
