sing20220201.00
TTAA  51001 48698
99007 25829 07004 00096 25425 02008 92780 21222 02518
85507 17018 31506 70145 11065 00506 50587 05556 08514
40759 15366 19502 30969 31960 12512 25095 42159 12012
20241 54558 14527 15419 69957 12049 10654 78361 03018
88120 77956 10576
77130 11080 43857=
TTCC  51001 48698
70857 73366 27516 50055 69973 03014 30369 56185 09566
20627 52586 09064 10086 46387 29027
88107 47187 31535
77255 10076 41310=
TTDD  5100/ 48698
11962 80360 22938 77963 33835 82161 44775 77165 55704 73366
66604 74967 77544 70370 88487 70574 99471 67577 11342 61983
22316 56984 33288 55585 44256 58377 55214 52786 66157 48587
77150 46587 88132 47987 99123 44388 11117 43988 22107 47187
33098 47187 44091 45787 55086 43188 66084 41189 77077 42588
88074 43588 99069 40589 11056 38999
21212 11947 02518 22876 33514 33840 34018 44740 28019 55660
27018 66607 32516 77578 34014 88554 31508 99545 32006 11528
00508 22490 04516 33470 10512 44435 10523 55402 08041 66255
10076 77204 09066 88171 06029 99152 00506 11149 27506 22140
22508 33135 26010 44107 31535 55087 26527 66083 26541 77075
26033 88068 26045 99061 27037 11058 23019 22056 24021=
