sing20220208.00
TTAA  58001 48698
99008 25225 35003 00099 24818 32506 92783 21828 34519
85515 17015 33516 70148 07204 01021 50586 06702 05018
40758 15717 09519 30968 30735 09519 25095 41343 10021
20243 54146 09039 15420 70556 10533 10654 77357 09027
88117 81356 10060
77117 10060 42637=
TTCC  58001 48698
70859 73157 25012 50057 71957 21506 30368 61556 09560
20625 53158 09080 10085 47186 26543
88130 47373 26562
77224 09088 41737 77135 27062 44116=
TTDD  5800/ 48698
11925 78956 22863 75758 33753 77750 44737 75158 55644 70557
66564 73544 77482 71156 88461 67158 99431 64957 11395 66556
22347 62557 33288 61750 44268 57759 55260 57957 66243 56957
77239 56360 88224 54358 99209 53958 11202 53359 22194 48763
33184 45763 44161 42371 55130 47373 66111 49183 77086 46187
88081 45188 99078 44588 11075 41789 22072 39789 33054 40385
21212 11945 08018 22875 12010 33849 17008 44829 16508 55814
14506 66790 05004 77764 02006 88716 26010 99662 24018 11545
27516 22523 23010 33495 20002 44492 15002 55491 10502 66487
08004 77474 06014 88423 11035 99397 09041 11293 10064 22224
09088 33208 09088 44202 09082 55186 09029 66169 07512 77164
34010 88162 31516 99141 27554 11135 27062 22104 26047 33085
32019 44079 30533 55073 29523 66070 24518 77066 29016 88062
28016 99057 25010 11056 15506 22054 11512=
