sing20220203.00
TTAA  53001 48698
99010 25824 05006 00124 25411 01510 92809 21624 04519
85538 17857 05010 70180 10061 09014 50589 05358 09006
40761 15563 13002 30972 31958 14518 25098 41761 09516
20246 54364 11027 15424 69956 11039 10657 79159 11021
88123 79550 10068
77122 09568 42946=
TTCC  53001 48698
70862 77566 27019 50057 69775 14014 30371 58584 08558
20628 51186 10560 10090 48587 28068
88098 48787 28066
77242 08072 41230 77104 28072 42716=
TTDD  5300/ 48698
11950 79760 22932 76163 33817 78164 44786 75566 55698 77566
66581 75968 77559 75568 88546 71971 99461 65382 11414 65382
22395 62383 33323 62783 44299 58384 55268 60384 66214 50586
77179 51986 88168 50986 99165 49786 11151 47787 22149 47987
33143 41988 44139 38989 55137 38190 66098 48787 77079 43988
21212 11931 12010 22923 14006 33907 23004 44887 27512 55834
29027 66674 25510 77644 30006 88617 29002 99608 08502 11601
12002 22585 13506 33567 13006 44539 18004 55470 09016 66431
09535 77242 08072 88237 08072 99233 08572 11209 10562 22178
08547 33154 08033 44141 06506 55140 04504 66139 34004 77138
30506 88121 29047 99104 28072 11079 27033=
