sing20220226.00
TTAA  76001 48698
99008 26037 02503 00104 25642 33004 92785 21231 30008
85519 17219 24010 70150 08638 24021 50586 05945 20504
40758 15756 13014 30969 29965 14016 25096 40159 15518
20244 53960 12029 15422 70156 11047 10656 79360 31016
88103 79559 31016
77129 11562 41867=
TTCC  76001 48698
70861 71774 28012 50060 72778 09010 30369 59384 09564
20627 51786 11056 10083 45987 26539
88100 45987 26539
77233 09578 42227=
TTDD  7600/ 48698
11890 80360 22848 75564 33812 76564 44746 72369 55669 70177
66536 73380 77423 70781 88394 66782 99376 67582 11356 62383
22261 58584 33245 55185 44221 54785 55209 51386 66193 52786
77159 49586 88147 50186 99120 44988 11115 42588 22100 45987
33083 40989
21212 11924 30002 22919 05502 33909 07004 44870 03508 55853
35506 66808 35004 77793 33004 88754 33006 99735 29008 11684
26512 22607 28008 33569 23010 44546 25004 55536 31502 66500
09010 77453 09518 88432 06525 99371 09041 11305 09064 22278
08062 33233 09578 44228 09578 55195 11054 66181 10525 77162
08014 88147 32506 99134 28021 11122 30529 22115 27531 33083
27035=
