sing20220218.12
TTAA  68111 48698
99006 29658 07507 00083 28658 05512 92774 22843 07506
85505 18418 27506 70151 09834 02014 50587 06156 04518
40758 16150 08518 30969 30531 09529 25096 40560 11031
20244 53357 10535 15422 69157 09045 10656 79159 10031
88109 80357 08535
77999=
TTCC  68112 48698
70861 71564 30014 50061 71970 25010 30366 61983 09078
20625 48787 10060
88999
77221 10082 41940=
TTDD  6811/ 48698
11828 79759 22794 78960 33754 72565 44673 69566 55468 73370
66367 70773 77329 62781 88310 63583 99280 57380 11246 56383
22170 42988 33129 44988 44121 46187 55118 46187 66113 41389
77104 39789
21212 11892 19514 22840 29508 33826 30506 44792 25506 55764
24008 66737 24512 77709 29012 88643 31516 99604 26012 11532
23516 22504 25010 33480 21512 44444 09512 55404 09037 66367
09539 77322 10070 88293 08580 99221 10082 11211 09578 22170
12512 33165 22010 44162 24018 55155 25031 66141 27531 77124
24531 88116 26016 99113 27016 11104 26533=
