sing20220205.00
TTAA  55001 48698
99008 25219 05506 00099 24817 04510 92782 21220 03019
85518 17838 04506 70151 08007 07516 50587 05558 12512
40759 14562 12016 30970 31148 13521 25096 40950 14023
20244 53932 12031 15422 69357 12549 10655 80356 09039
88117 80940 11084
77118 11086 43453=
TTCC  55001 48698
70858 73165 16004 50058 69571 34518 30366 60980 08553
20624 44786 09551 10087 48187 26051
88132 48785 28521 88104 48587 25551
77214 09080 41476=
TTDD  5500/ 48698
11915 81757 22862 77361 33783 79560 44751 79560 55698 72765
66652 68369 77542 71168 88469 66974 99409 68977 11360 68580
22287 58978 33264 59773 44234 55983 55211 50386 66205 46787
77187 42388 88158 43386 99132 48785 11121 44588 22104 48587
33085 46587 44080 46587 55075 44988 66067 37790 77055 36585
21212 11904 05010 22857 33008 33838 31512 44790 32016 55712
28002 66710 26002 77707 18002 88703 16504 99665 17014 11632
22508 22609 28010 33568 31519 44518 32518 55500 34518 66467
07014 77369 09545 88303 08553 99284 09068 11264 10060 22214
09080 33185 06006 44182 32508 55179 29514 66169 27531 77144
34519 88138 32014 99133 29019 11118 25549 22089 28045 33076
27527 44075 27521 55071 27029 66067 27519 77064 30033 88055
26531=
