sing20220207.00
TTAA  57001 48698
99008 26027 03004 00101 25219 34010 92789 22635 35023
85519 19446 32021 70159 08825 33012 50587 04958 35518
40759 15529 03510 30970 31117 08008 25096 41735 07510
20243 54940 07521 15421 70357 09045 10654 77762 10035
88120 78758 09556
77111 10572 43073=
TTCC  57001 48698
70857 71963 34006 50057 71362 12510 30370 56964 09053
20627 51386 09064 10085 44988 27041
88810 83159 36016
77208 08574 41554=
TTDD  5700/ 48698
11810 83159 22778 80161 33765 76163 44675 69564 55565 72160
66542 69362 77514 71162 88473 70760 99463 67763 11438 67561
22415 62565 33372 61760 44351 61361 55343 61570 66326 61564
77310 57366 88267 55966 99226 59176 11214 58184 22200 51386
33190 48587 44166 50786 55150 49586 66142 46387 77117 47787
88111 44788 99093 44988 11072 43588 22065 43188 33057 38589
44052 33394
21212 11960 07514 22940 02510 33913 35514 44812 35516 55770
04006 66721 16502 77715 34502 88641 35512 99598 32508 11555
02006 22534 11506 33519 15008 44496 12510 55481 14018 66454
11014 77395 10543 88324 08549 99228 08558 11208 08574 22188
09033 33165 03508 44158 06506 55155 05504 66151 33004 77131
28023 88114 27533 99108 29039 11094 26045 22080 28533 33064
26023 44061 28519 55056 26516 66052 29029=
