D20220201.00
100.0  30 18
 70.0 275 16
 50.0  30 14
 30.0  95 66
 20.0  90 64
 10.0 290 27
 94.7  25 18
 87.6 335 14
 84.0 340 18
 74.0 280 19
 66.0 270 18
 60.7 325 16
 57.8 340 14
 55.4 315  8
 54.5 320  6
 52.8   5  8
 49.0  45 16
 47.0 105 12
 43.5 105 23
 40.2  80 41
 25.5 100 76
 20.4  90 66
 17.1  60 29
 15.2   5  6
 14.9 275  6
 14.0 225  8
 13.5 260 10
 10.7 315 35
  8.7 265 27
  8.3 265 41
  7.5 260 33
  6.8 260 45
  6.1 270 37
  5.8 230 19
  5.6 240 21
D20220201.12
100.0 100 16
 70.0 245 16
 50.0 105 19
 30.0  90 60
 20.0  90 47
 10.0 220 25
 87.9  85  6
 83.2 320  6
 81.6 300  8
 76.1 295 16
 70.2 245 16
 65.0 265 14
 62.6 305 12
 51.8  65 16
 48.8 125 21
 46.4  95 23
 39.4  80 45
 31.8  85 58
 24.5  95 64
 21.8 100 45
 19.7  90 47
 17.4  85 33
 15.8  45  8
 15.2 170  8
 14.6 195 18
 13.7 160 14
 11.9 250  8
 10.3 220 25
  9.8 220 27
  8.5 275 47
  7.7 270 31
  7.5 260 21
  7.1 265 37
  6.9 265 47
  6.2 275 43
  6.1 280 49
  5.6 285 29
  5.4 305 19
  5.2 300 33
  5.1 300 45
  4.7 315 23
D20220202.00
100.0  75 35
 70.0 255 18
 50.0 115 19
 30.0 105 49
 20.0  85 43
 10.0 270 39
 79.3  30  2
 78.4 270  2
 77.6 260  4
 73.3 255 18
 61.4 235  6
 59.8 165  4
 58.8 150  6
 56.1 165 10
 50.1 115 18
 46.8  55 21
 42.3  75 39
 33.3  95 56
 27.9 115 54
 23.8 100 62
 23.6 100 62
 20.4  85 45
 18.8  85 51
 16.7 100 37
 15.1  55 23
 14.4  70 16
 11.7 350 10
 11.5 310  6
 11.3 220  4
 11.1 185  6
 11.0 195  6
 10.8 265 10
 10.6 275 23
  9.9 270 39
  9.4 275 47
  8.3 270 56
  7.2 280 39
D20220202.12
100.0  95 31
 70.0 250 27
 50.0  95 14
 30.0  90 47
 20.0  90 53
 10.0 280 66
 91.9  85 29
 88.2 110 14
 85.5 200  8
 80.8 250 14
 76.5 250 27
 70.2 250 27
 64.9 210  8
 62.3 125  8
 60.7 120 10
 54.0 150  8
 52.4 140  8
 46.9  50 23
 37.0  90 53
 34.3 110 53
 24.4  80 49
 21.3  85 58
 17.3 120 39
 15.6  85 14
 14.7  25 18
 13.8  60 19
 12.6 150  4
 11.9 255 12
 11.6 275 23
 10.7 280 53
 10.2 280 64
  9.5 290 62
  7.5 265 45
D20220203.00
100.0 110 21
 70.0 270 19
 50.0 140 14
 30.0  85 58
 20.0 105 60
 10.0 280 68
 93.1 120 10
 92.3 140  6
 90.7 230  4
 88.7 275 12
 83.4 290 27
 67.4 255 10
 64.4 300  6
 61.7 290  2
 60.8  85  2
 60.1 120  2
 58.5 135  6
 56.7 130  6
 53.9 180  4
 47.0  90 16
 43.1  95 35
 24.2  80 72
 23.7  80 72
 23.3  85 72
 20.9 105 62
 17.8  85 47
 15.4  80 33
 14.1  65  6
 14.0  45  4
 13.9 340  4
 13.8 305  6
 12.1 290 47
 10.4 280 72
  7.9 270 33
D20220203.12
100.0 100 14
 70.0 265 18
 50.0  60 12
 30.0  90 47
 20.0  95 62
 90.3 190  8
 87.4 270  8
 84.8 290 16
 76.4 270 25
 66.6 285  4
 66.0 335  4
 65.2 360  8
 63.3   5 10
 60.8  55  8
 59.9  50  8
 57.0 340 10
 54.6 355  2
 54.1 150  2
 53.5 165  4
 52.8 150  6
 51.2  85 10
 49.4  50 14
 46.4  90 19
 42.9 110 33
 38.7  85 41
 35.1 105 49
 27.7  90 45
 26.4  75 47
 23.6  85 60
 19.9  95 62
 18.1 100 39
 16.8 115 41
 15.0 125  8
 14.9 145  6
 14.7 225  6
 14.5 260 12
 14.1 270 27
 13.9 265 37
 13.8 265 43
 13.7 270 54
 13.6 275 43
D20220204.00
100.0  50 14
 70.0 340 21
 50.0 185  2
 30.0  95 56
 20.0  95 78
 10.0 265 53
 97.2  40  8
 92.6 135  2
 91.9 260  2
 88.6 290 12
 73.9 305 18
 70.9 335 19
 63.7 295  2
 63.4 220  2
 62.4 195  4
 61.1 225  6
 56.2 225 18
 50.1 200  2
 50.0 185  2
 49.7  75  2
 49.1  50  4
 43.5 140 18
 39.0  90 33
 27.4  80 56
 24.5 100 58
 22.2  95 78
 21.6  95 78
 20.1  95 78
 17.3  80 45
 16.2  95  4
 16.0 250  4
 15.2 260 27
 13.9 275 54
 12.0 285 54
 11.2 265 49
  9.1 265 53
  8.3 275 51
  7.7 285 31
  6.9 305 31
  6.3 310 23
D20220204.12
100.0  90 19
 70.0 320  6
 50.0 345 19
 30.0  95 56
 20.0  95 74
 97.1  90 12
 94.5 150 10
 86.8 255 12
 83.9 255 12
 79.5 290  6
 75.6 235  4
 73.3 285  4
 67.1 335  2
 66.6 200  2
 62.5 175 10
 56.9 155  2
 56.7 120  2
 56.4  30  2
 55.7 350  6
 52.8 320 16
 48.1 350 19
 45.7  30 12
 43.5  20  6
 42.1  70  8
 38.7  75 35
 33.7  75 49
 31.6  95 54
 20.8  90 78
 20.2  95 76
 19.1  95 45
 17.5 110 10
 17.4 135  6
 17.3 200  6
 17.2 235 12
 16.9 250 31
D20220205.00
100.0  90 39
 70.0 160  4
 50.0 345 18
 30.0  85 53
 20.0  95 51
 10.0 260 51
 90.4  50 10
 85.7 330  8
 83.8 315 12
 79.0 320 16
 71.2 280  2
 71.0 260  2
 70.7 180  2
 70.3 165  4
 66.5 170 14
 63.2 225  8
 60.9 280 10
 56.8 315 19
 51.8 325 18
 50.0 345 18
 46.7  70 14
 36.9  95 45
 30.3  85 53
 28.4  90 68
 26.4 100 60
 21.4  90 80
 18.5  60  6
 18.2 325  8
 17.9 295 14
 16.9 275 31
 14.4 345 19
 13.8 320 14
 13.3 290 19
 11.8 255 49
  8.9 280 45
  7.6 275 27
  7.5 275 21
  7.1 270 29
  6.7 275 19
  6.4 300 33
  5.5 265 31
D20220205.12
100.0  95 31
 70.0 195  6
 50.0 355 12
 92.7  70  2
 92.2 295  2
 91.9 265  2
 89.7 235 10
 87.0 230 16
 82.8 240 12
 78.3 280  8
 75.9 275  6
 69.7 195  6
 67.5 205  2
 65.6 260  2
 64.8 220  2
 63.6 195  2
 62.6 140  2
 62.0 280  2
 61.9 290  2
 58.4 310 19
 52.9 310 14
 49.6   5 10
D20220206.00
100.0  75 16
 70.0 265  4
 50.0 115  8
 30.0  85 49
 20.0  90 74
 10.0 280 39
 98.6  50 10
 96.9 335  8
 95.8 300 10
 93.6 280 14
 86.2 270  6
 82.0 285  6
 78.9 235  6
 75.4 280  6
 71.6 255  6
 70.0 265  4
 68.2 315  6
 66.8 330 10
 62.9 315 16
 60.1 280  8
 58.2 275 16
 52.5 305  4
 52.0 335  2
 51.7  80  2
 51.4 115  2
 49.2 110 12
 46.3 140 21
 43.8  90 18
 41.3  75 33
 39.0  90 41
 30.1  85 49
 27.7  85 68
 22.4  90 74
 22.2  90 74
 20.5  90 74
 20.1  90 74
 18.0 125 12
 17.4 215 14
 16.1 270  4
 15.9 255  6
 14.0 260 43
 13.2 270 51
 11.7 280 47
  9.1 265 27
  7.3 275 21
  6.6 275  8
  6.4 315  8
  6.2 320 21
  6.1 310 31
  5.7 310 33
  5.1 280 23
  4.7 220 14
  4.5 260 18
  4.3 245 12
  4.1 280 14
  4.0 265 12
D20220206.12
100.0  90 14
 96.3  75  4
 94.6 345  2
 91.9 300  8
 86.4 300 12
 82.6 335 10
D20220207.00
100.0 100 35
 70.0 340  6
 50.0 125 10
 30.0  90 53
 20.0  90 64
 10.0 270 41
 96.0  75 14
 94.0  25 10
 91.3 355 14
 81.2 355 16
 77.0  40  6
 72.1 165  2
 71.5 345  2
 64.1 355 12
 59.8 325  8
 55.5  20  6
 53.4 115  6
 51.9 150  8
 49.6 125 10
 48.1 140 18
 45.4 110 14
 39.5 105 43
 32.4  85 49
 22.8  85 58
 20.8  85 74
 18.8  90 33
 16.5  35  8
 15.8  65  6
 15.5  55  4
 15.1 330  4
 13.1 280 23
 11.4 275 33
 10.8 290 39
  9.4 260 45
  8.0 285 33
  6.4 260 23
  6.1 285 19
  5.6 265 16
  5.2 290 29
D20220207.12
100.0 100 35
 70.0 235 12
 92.9  70 18
 88.8  75 18
 82.7  55  4
 81.5 130  4
 80.5 160  6
 79.5 175 10
 73.3 180 12
 70.2 230 12
 58.7 245 14
 55.4 290 10
 54.1 285  8
 52.7 250  6
D20220208.00
100.0  90 27
 70.0 250 12
 50.0 215  6
 30.0  95 60
 20.0  90 80
 10.0 265 43
 94.5  80 18
 87.5 120 10
 84.9 170  8
 82.9 165  8
 81.4 145  6
 79.0  50  4
 76.4  20  6
 71.6 260 10
 66.2 240 18
 54.5 275 16
 52.3 230 10
 49.5 200  2
 49.2 150  2
 49.1 105  2
 48.7  80  4
 47.4  60 14
 42.3 110 35
 39.7  90 41
 29.3 100 64
 22.4  90 88
 20.8  90 88
 20.2  90 82
 18.6  90 29
 16.9  75 12
 16.4 340 10
 16.2 315 16
 14.1 275 54
 13.5 270 62
 10.4 260 47
  8.5 320 19
  7.9 305 33
  7.3 295 23
  7.0 245 18
  6.6 290 16
  6.2 280 16
  5.7 250 10
  5.6 155  6
  5.4 115 12
D20220208.12
100.0 105 58
 70.0 265 21
 50.0 190 14
 92.5 110 23
 81.8  40  2
 81.2 335  2
 80.8 260  2
 80.0 245  4
 77.5 230  8
 74.4 265 12
 66.8 260 23
 57.1 270 14
 53.6 240 16
 49.9 185 14
 47.8 125 10
D20220209.00
100.0 100 66
 70.0 275 12
 50.0  85 10
 30.0  80 64
 20.0  85 56
 10.0 265 35
 93.3  90 25
 88.2 360 16
 79.4 335 10
 76.8 275 10
 72.9 290  8
 69.5 270 14
 63.8 275 18
 59.3 255 19
 55.2 265  8
 53.6 200  4
 52.0 165  8
 50.0  85 10
 48.2  55 21
 45.3  90 29
 35.5 100 62
 29.0  75 66
 21.7 100 78
 21.5 100 78
 18.5  40 23
 17.3 315 16
 15.6 285 37
 14.1 290 35
 12.8 265 43
  9.5 260 29
  8.4 215 12
  7.8 280 19
  6.4 300 18
  6.1 270 23
  5.8 290 23
  5.3 265 21
D20220209.12
100.0  95 66
 70.0 275 16
 50.0  90 10
 92.5  95 25
 83.3  80  4
 82.6  65  4
 81.2 335  2
 80.2 290  4
 77.2 250 10
 74.4 250 14
 71.1 275 14
 64.6 265 21
 56.7 315  6
 55.4  10  2
 55.1  50  2
 54.9  95  2
 54.7  90  2
 54.0 150  4
 53.5 170  6
 50.9 135 10
 49.2  55 14
 48.0  55 21
 45.4  90 25
 37.4  85 47
D20220210.00
100.0  95 58
 70.0 295 19
 50.0  70 19
 30.0  90 51
 20.0  80 54
 89.8  65 16
 87.7   5 10
 82.3 290 19
 64.3 300 10
 58.2 150  8
 52.1 115 14
 50.3  65 16
 46.9 105 29
 39.2  90 45
 35.0 100 49
 29.8  90 53
 27.9 100 51
 22.4  70 60
 20.5  75 60
 18.9  90 19
D20220210.12
100.0  90 78
 70.0 250 21
 92.0  75 10
 90.9  30  2
 90.6 315  2
 89.7 275  8
 84.9 285 18
 71.6 245 23
 65.0 255  8
 63.1 245  4
 62.2 215  4
 60.8 200  4
 58.8 160  8
 54.9 145 12
 51.5  95 10
D20220211.00
100.0 105 60
 70.0 260 14
 50.0 135 18
 30.0  90 49
 20.0  95 60
 10.0 290 25
 94.3 140 14
 92.6 205 12
 91.1 230 16
 84.6 265 25
 64.4 270  4
 62.4 340  2
 61.0  85  2
 54.8  25 10
 54.3  40 10
 52.3 130 14
 50.1 135 18
 46.4  75 21
 41.7 110 37
 32.1  70 45
 29.7  90 53
 21.2  90 68
 17.4 135 18
 15.9 200 10
 15.4 275 10
 14.3 300 31
 12.5 340 18
 11.7 275 23
  7.8 300 31
  7.4 285 29
  6.4 265 27
  6.0 260 18
  5.9 235 19
  5.3 255 25
D20220211.12
D20220212.00
100.0 100 45
 70.0 265 16
 50.0 135 10
 30.0  90 51
 20.0  90 62
 10.0 270 23
 94.8 135  2
 94.5 225  2
 93.9 265  6
 90.3 285 16
 85.2 280 25
 74.1 285 10
 70.3 265 18
 67.9 270 12
 64.3 225  8
 59.1 265 12
 55.0 180  2
 54.9 190  2
 54.4 335  2
 52.7  15  4
 51.1 120  8
 49.8 135 10
 47.2  65 14
 46.4  60 16
 44.2  80 23
 40.6  75 35
 34.4 105 45
 28.4  85 58
 21.3 100 78
 21.0 100 78
 18.8  85 39
 16.8  45 12
 15.9 320 12
 14.1 315 14
 13.6 210  8
 13.2 205 10
 12.4 255 10
 11.9 240 10
 10.6 240 14
 10.0 270 23
  9.3 255 10
  9.2 235 10
  5.8 280 19
  5.6 230 19
  5.4 245 19
  5.2 230 29
D20220212.12
100.0 115 51
 70.0 310 21
 50.0 135 14
 30.0  85 53
 20.0  95 72
 10.0 255 45
 96.3 130 18
 94.9 160 10
 93.8 215  8
 90.5 265 12
 83.7 275 35
 73.8 290 23
 71.3 310 18
 61.2 290  4
 59.8 335  6
 58.8 330  8
 56.9 360  8
 53.5  30 16
 50.9 130 12
 49.4 130 14
 47.8  85 16
 43.8  95 27
 33.3  80 43
 27.8  85 60
 22.0 100 62
 20.4 100 78
 20.2 100 78
 19.0  85 43
 16.6  40 12
 16.0 340 10
 15.1 345  6
 15.0 310  2
 14.9 245  4
 14.8 220  6
 14.3 200 18
 13.1 180 14
 12.5 260  6
 10.6 255 37
 10.2 255 45
  9.7 260 35
  8.3 265 47
  7.5 275 35
  5.3 285 18
  5.1 210  8
  4.9 245 14
  4.8 230 10
D20220213.00
100.0 105 41
 70.0 320 14
 50.0 110 16
 30.0  85 62
 20.0  90 70
 10.0 270 39
 95.9  75 12
 94.2 355 10
 90.5 315 25
 84.0 300 39
 69.5 320 12
 68.1 290  6
 67.0 220  4
 65.6 170  6
 64.0 155  6
 60.7 180 10
 56.6 145 12
 53.7  90 10
 49.1 115 16
 47.3  95 16
 43.4 110 29
 35.1  85 43
 29.3  90 64
 23.0 100 68
 20.4  85 76
 16.5  75 19
 14.8  45 12
 13.4  40 10
 12.8 335 12
 11.9 275 25
 10.8 265 41
  7.2 285 35
  5.6 245 16
D20220213.12
D20220214.00
100.0  90 31
 70.0 285  8
 50.0 180 16
 30.0  90 64
 20.0  95 74
 10.0 295 45
 94.7  55 23
 88.2  50  8
 87.3  30  4
 85.9 315  4
 85.2 300  6
 79.3 255  8
 72.6 250 10
 62.9 340  4
 62.3 325  2
 61.2 240  4
 58.5 235  8
 56.1 200  6
 50.7 195 16
 47.3 100 14
 44.0  70 25
 41.9  70 41
 36.7  90 51
 28.3 100 72
 21.9  95 80
 20.6  95 80
 17.3  80 16
 17.0  60 10
 16.1 310  8
 15.8 300 12
 14.3 325 16
 13.8 305 21
 13.0 305 27
 11.3 270 29
  9.7 300 47
  8.2 285 27
  7.6 275 31
  7.0 300 19
  6.8 270 18
  6.3 245 16
  5.6 255 14
  5.4 235 16
  5.0 235 10
D20220214.12
100.0  90 29
 70.0 260 14
 50.0 105 10
 30.0  85 58
 20.0 105 29
 10.0 285 33
 92.7  85 31
 90.2 105 27
 82.4 200 21
 77.8 210 19
 72.0 260 16
 64.2 250  6
 61.1 165  6
 56.0 165  2
 55.6 145  2
 54.3 195  4
 52.3 185 10
 50.2 110 10
 48.5  70 10
 47.0  60 10
 42.5  80 35
 40.3  85 37
 38.2  70 39
 35.8  90 51
 27.7  85 70
 22.7 100 68
 21.3 100 62
 20.2 100 37
 19.5 120 19
 18.2 215 12
 17.2 245 21
 16.1 250 16
 14.8 285 29
 13.3 310 12
 12.4 285 25
 11.0 290 19
  9.7 275 29
  9.4 255 39
  9.1 255 43
  8.6 270 25
  8.5 315 14
D20220215.00
100.0  85 45
 70.0 275 12
 50.0  50 21
 30.0 100 66
 20.0  70 29
 10.0 330 19
 93.8  70 37
 87.8  95  4
 87.1 200  2
 86.9 220  4
 85.6 235 10
 75.7 255 10
 71.9 285 14
 68.1 245 14
 60.9 205 12
 58.7 225  8
 55.8 290  2
 55.2 175  2
 53.9 150  4
 52.3  85  8
 50.1  50 19
 46.8  65 19
 37.7 105 47
 31.6 100 54
 29.8  95 70
 21.8  85 54
 18.5  30  4
 18.2 335  2
 18.1 305  2
 17.7 235  2
 17.4 215  4
 16.3 300 10
 12.6  75  2
 12.5 245  2
 12.2 275 14
 11.7 285 27
 10.4 275 18
  9.9 330 18
  9.6 310 12
  8.9 285 18
  7.6 305 25
  6.5 245 27
D20220215.12
100.0 100 39
 70.0 250 12
 50.0  55 19
 30.0  85 47
 20.0 100 49
 10.0 265 23
 92.7  85 27
 90.7 100 19
 87.8 155 12
 82.4 200 10
 80.2 285 10
 75.4 290  6
 72.9 260  4
 64.9 225 10
 62.1 170  6
 57.9 160  2
 56.3 115  2
 56.2 135  2
 55.7 150  4
 53.5 130 10
 50.9  60 14
 44.2  85 31
 35.4  95 45
 31.0  80 47
 27.9  95 60
 24.1  80 43
 19.7 100 49
 16.0 110  8
 15.7 135  8
 14.7 170 16
 13.5 180 25
 12.9 225 23
 10.5 285 18
 10.1 270 21
  9.2 280 39
  7.2 260 51
  5.5 300 19
  5.0 300 12
  4.8 280  8
  4.6 330 16
D20220216.00
100.0 105 47
 70.0 280 10
 50.0  90 14
 30.0  90 41
 20.0  90 53
 10.0 275 45
 92.3  75 33
 85.8  85  2
 85.4  45  2
 85.1 345  2
 85.0 325  2
 84.0 310  6
 74.9 335  8
 71.1 285  8
 66.1 250  8
 63.5 275  4
 62.2 335  2
 61.6  85  2
 60.1  90  4
 58.6  40  6
 57.7  45  8
 55.8 130  8
 54.2 125  6
 53.0  55  6
 52.3  50  8
 49.0 110 12
 45.2 105 25
 43.1 125 27
 38.1  85 33
 35.5  90 39
 33.6  70 39
 30.0  90 41
 21.5  95 54
 20.1  90 54
 18.4 100 39
 16.3  50 16
 15.8 155 10
 15.0 200 16
 13.0 205 19
 12.1 275 18
 11.5 255 25
  9.6 280 45
  7.7 270 31
  6.8 255 23
  6.2 215 31
  5.2 210 27
D20220216.12
100.0 100 37
 70.0 270 16
 50.0 120  6
 30.0  95 47
 20.0  95 54
 10.0 285 37
 92.7  90 18
 91.3 110 10
 88.5 190  8
 85.6 220  6
 83.3 310  8
 78.8 340 12
 76.9 330  8
 74.1 265 12
 70.3 270 16
 61.5   5 10
 57.0 350  4
 56.1 295  4
 53.0 330  6
 52.4 355  6
 51.0  90  6
 49.4 135  6
 48.5 140  8
 45.6  75  8
 36.5  95 35
 28.9  95 54
 28.7  95 54
 28.4  90 54
 27.9  85 54
 20.5  95 54
 20.3  95 54
 18.7 100 43
 17.0  75 16
 15.8 160 14
 14.3 160 16
 12.7 265 18
  9.0 280 35
  8.5 280 21
  7.5 280 25
  7.4 280 23
  7.1 270 19
  7.0 260 18
  5.7 280 16
  5.2 305 18
  4.7 290 21
D20220217.00
100.0  95 47
 70.0 285 18
 50.0 155  4
 30.0 105 58
 20.0  95 62
 10.0 270 39
 88.8  10 21
 86.4   5 19
 82.3 310 14
 74.6 270 16
 68.7 290 19
 60.3 350  8
 58.4 330  6
 56.2 275  6
 51.8 340  4
 51.2  20  2
 50.9 115  2
 50.0 155  4
 47.8 175  2
 46.5  70  2
 43.5  90 19
 36.9 100 29
 33.5  85 43
 30.4 105 58
 26.7 100 68
 26.2 100 68
 23.9 100 68
 20.9 100 68
 18.2 110 39
 15.3  25 25
 14.6  25 25
 13.1 340 23
 12.2 275 27
 11.1 270 47
  9.8 265 37
  8.8 295 35
  6.7 280 23
  6.3 290 19
  5.1 270 29
D20220217.12
100.0  85 37
 70.0 235 16
 50.0 200  6
 30.0  95 56
 20.0  85 68
 10.0 270 33
 96.6  75 37
 88.4 115  8
 87.2 140  4
 85.9 235  2
 82.3 295  4
 76.3 290 14
 71.7 230 16
 63.1 290 14
 60.1 270 12
 56.0 300 10
 54.2 275 10
 52.6 290  6
 51.0 330  2
 50.6 215  2
 46.5 155  2
 45.9  60  2
 45.1  50  6
 43.5  70 16
 27.1  90 72
 22.2  90 78
 19.7  85 68
 18.3  90 43
 15.9  50 12
 15.4  75  6
 15.0 210  6
 14.9 225  8
 12.5 270 35
 11.9 255 39
 10.4 275 39
  9.2 260 29
  8.0 265 25
  6.5 295 19
  4.8 305 19
D20220218.00
100.0  95 37
 70.0 240 19
 50.0 195 19
 30.0  90 74
 20.0  95 51
 10.0 255 29
 94.1  65 19
 90.7 350 14
 85.3 310 16
 76.9 300 12
 72.4 245 19
 70.0 240 19
 60.9 290 12
 56.1 235 16
 47.3 180 16
 45.0  75 10
 44.2  60 14
 40.5  75 35
 37.2  70 37
 34.8  90 47
 28.9  90 82
 25.5 105 89
 25.3 105 89
 24.0 100 89
 23.8 100 89
 23.6 100 89
 21.2  95 74
 15.9 115  4
 15.7 280  2
 15.0 285 21
 12.5 260 33
 11.5 235 25
  9.8 260 29
  8.1 250 37
  6.1 285 25
  5.2 200 27
D20220218.12
100.0 100 31
 70.0 300 14
 50.0 250 10
 30.0  90 78
 20.0 100 60
 89.2 195 14
 84.0 295  8
 82.6 305  6
 79.2 255  6
 76.4 240  8
 73.7 245 12
 70.9 290 12
 64.3 315 16
 60.4 260 12
 53.2 235 16
 50.4 250 10
 48.0 215 12
 44.4  95 12
 40.4  90 37
 36.7  95 39
 32.2 100 70
 29.3  85 80
 22.1 100 82
 21.1  95 78
 17.0 125 12
 16.5 220 10
 16.2 240 18
 15.5 250 31
 14.1 275 31
 12.4 245 31
 11.6 260 16
 11.3 270 16
 10.4 265 33
D20220219.00
100.0  85 23
 70.0 295 14
 50.0  90  2
 30.0  85 70
 20.0  95 45
 10.0 295 47
 92.7 120 10
 90.3  55  6
 83.8 285 10
 78.7 260 12
 70.4 295 16
 67.4 290 12
 65.3 260 12
 57.6 235 18
 53.1 230  2
 52.6 285  2
 52.0 335  2
 51.2 360  2
 49.9  95  2
 46.4  45 19
 42.0  90 33
 33.6 100 58
 31.2  80 66
 28.4  95 70
 23.5  85 76
 21.2  90 64
 18.1  95 14
 16.8 235 14
 15.1 295 23
 12.7 260 16
 12.1 280 16
 11.2 275 31
  9.7 300 51
  8.5 300 49
  5.8 220 25
D20220219.12
100.0 110 12
 70.0 280 21
 50.0  40 10
 30.0  80 64
 20.0  85 41
 10.0 260 53
 97.4 125  4
 96.4 210  2
 95.6 235  6
 90.0 245 21
 85.5 275 27
 77.6 265 29
 66.2 280 18
 62.8 245 12
 54.1 295  4
 52.7   5  6
 44.6 105 35
 40.2 115 37
 35.7  95 53
 33.6 100 60
 30.8  80 66
 27.0  90 58
 21.8  85 70
 17.9  25  4
 17.7 250  4
 16.2 275 23
 14.4 255 23
 13.6 285 21
 12.6 295 23
 11.0 275 47
  9.5 250 51
  6.8 235 29
  6.3 250 12
  6.1 245  6
  6.0 285  6
  5.1 325 10
D20220220.00
100.0 245 18
 70.0 290 18
 50.0  75  4
 30.0  90 60
 20.0 100 35
 10.0 280 49
 95.7 245 21
 90.9 275 19
 69.8 295 18
 64.4 230 19
 60.3 260 10
 54.9 260  8
 50.5 120  2
 49.5  45  6
 48.9  35 12
 45.2  85 19
 34.0 100 58
 24.1  90 72
 22.7  90 72
 18.8 115 14
 18.2 175 12
 16.9 235 21
 15.5 270 18
 14.6 260 19
 13.8 270 25
 12.9 260 37
 11.5 270 51
 10.1 280 49
  9.3 255 37
  7.2 235 21
  5.7 275 18
D20220220.12
100.0 245 14
 70.0 265 18
 50.0  40 16
 30.0  90 56
 20.0  90 21
 10.0 255 37
 93.5 240 23
 87.1 265 19
 75.3 285 25
 60.7 260 14
 58.7 295 14
 53.5 335 18
 50.0  40 16
 45.3  95 27
 41.6 110 39
 34.8  95 60
 28.5  90 54
 22.9  85 74
 21.5  90 62
 19.3  80  6
 19.1  50  4
 18.9 320  4
 18.7 295  6
 18.0 260 12
 16.4 275 25
 15.1 245 29
 12.9 265 45
 11.8 255 51
 10.7 245 39
  9.5 260 39
  8.6 250 31
  7.9 175 12
  7.7 190 10
  7.5 245 12
  7.2 255  8
  7.0 320  8
  6.8 325 16
  6.7 320 23
  5.7 320 12
  5.2  15 10
D20220221.00
100.0 265 18
 70.0 265 23
 50.0  90 12
 30.0  85 51
 20.0  80 53
 10.0 270 27
 92.2 275 12
 81.5 300 31
 77.4 300 29
 73.2 260 23
 65.3 285 27
 60.2 280 21
 55.2 330  8
 52.1  60  6
 46.2 120 19
 42.3  85 27
 37.2  95 49
 27.6  85 47
 23.4  85 74
 20.8  80 62
 18.2 100 10
 16.8 195  6
 16.4 265  6
 16.1 265  6
 16.0 250  6
 15.0 245 23
 14.2 275 33
 12.6 280 25
 11.8 260 31
 11.0 250 19
 10.5 280 19
 10.1 275 27
  8.6 320 10
  8.4  15  2
  8.3  90  6
  8.0  85  8
  7.8 330  2
  7.6 280 14
  7.4 275 23
  6.4 250 19
  6.1 270 21
  5.8 250 18
  5.4 300 19
  4.8 320  6
D20220221.12
100.0 275 23
 70.0 240 21
 50.0 110  8
 30.0  95 58
 20.0 130 18
 10.0 265 33
 89.6 255 31
 80.7 295 27
 69.4 240 19
 66.6 275 21
 59.1 285 18
 53.9 340  6
 51.9  95  6
 51.3 110  8
 42.0  75 31
 36.6  95 45
 26.9  85 54
 24.3  90 70
 21.9  95 66
 20.6 110 33
 19.3 165  8
 18.1 250  6
 17.6 235  4
 17.2 290  6
 16.1 315 16
 13.5 275 21
 12.5 245 31
 11.5 235 18
 10.9 255 23
  9.8 265 35
  8.9 250 16
  8.8 230 10
  8.6 135  4
  8.5 205  2
  8.4 310  2
  8.3 275  6
  8.1 270 21
  8.0 265 29
  6.9 280 19
  6.1 265  8
  5.9 280 10
D20220222.00
100.0 310 14
 70.0 275 21
 50.0 115 16
 30.0 100 54
 20.0  60 33
 10.0 285 27
 98.1 285 18
 92.5 280 33
 86.8 280 39
 81.4 290 21
 76.9 295 25
 72.5 275 27
 69.0 275 19
 64.2 300 16
 61.8 265 12
 58.3 270  8
 55.5 240  6
 53.2 150  6
 50.2 115 16
 44.9  85 31
 37.8 105 53
 31.8  90 54
 26.4  95 64
 25.5  95 64
 22.3  95 56
 18.1  30 21
 17.4 350 16
 14.6 305 25
 14.0 275 19
 11.9 260 16
 11.4 325  8
  9.4 270 33
  9.0 275 33
  8.4 285 16
  8.1 280  2
  8.0 220  2
  7.8 280 12
  7.6 275 19
  6.2 280 18
  5.7 210 16
  5.3 250 14
  5.1 195 12
D20220222.12
D20220223.00
100.0 275  8
 70.0 280 16
 50.0  95 21
 30.0  85 47
 20.0  80 56
 10.0 300 25
 95.0 250 18
 87.2 270 10
 85.0 225 10
 83.0 220 12
 77.8 265 21
 70.1 280 16
 66.0 270 23
 57.3 305  2
 57.0 355  2
 56.5  35  2
 55.5  55  6
 50.9 100 19
 48.0  65 23
 44.2  85 31
 27.3  90 54
 20.1  80 58
 18.8  90 33
 15.1 145  6
 15.0 170  4
 14.8 240  4
 14.7 255  6
 12.0 325 19
 10.7 285 23
  9.1 290 27
  7.7 255 21
  6.6 290 25
  6.0 285 21
  5.7 260 16
D20220223.12
100.0 270  8
 70.0 205  6
 50.0  50 18
 30.0  90 54
 20.0  90 33
 94.0 235 16
 86.3 215 19
 82.3 235 31
 73.4 240 12
 70.7 200  8
 67.3 245 12
 61.6 240  8
 59.9 285  4
 57.7  15  4
 56.8  30  8
 54.6  30 16
 52.1  55 14
 48.0  45 25
 45.2  85 29
 37.6  90 51
 28.6  85 53
 22.7  95 56
 21.1  90 54
 18.8  80 16
 17.1  70 10
 15.7 150  4
 15.5 240  2
 15.3 275  6
 14.1 280 25
 13.0 280 19
 12.3 250 18
 11.7 250 29
 10.3 250 21
 10.1 240 10
D20220224.00
100.0 255 19
 70.0 285  8
 50.0  80 27
 30.0  85 54
 20.0  85 39
 10.0 345 19
 76.8 255 27
 73.9 280 18
 69.4 295  8
 66.4 290 14
 62.3 325  2
 62.0   5  2
 61.8  60  2
 61.4  95  2
 57.1 130 16
 49.3  80 31
 45.4 110 37
 39.7  85 45
 36.5 100 58
 32.0  85 53
 20.7  90 53
 18.6 100 10
 18.2 145  6
 17.8 165  6
 17.4 140  4
 17.2 115  4
 16.7 220  8
 15.1 290 19
 10.9 285  6
 10.8 330  2
 10.7  65  6
 10.5  60 10
 10.1 355 18
  8.7 300 33
  7.8 300 25
  6.7 275 47
  5.3 285 37
  4.8 270 21
  4.3 245 14
  4.0 155 21
  3.7 165  8
D20220224.12
100.0 250 33
 70.0 140 10
 94.8 250 35
 88.4 220 27
 75.0 220 10
 70.4 140 10
 68.1 135  6
 65.9 155  4
 63.9 110  6
 59.6  75 10
 57.0  95 12
D20220225.00
100.0 265 29
 70.0 315 10
 50.0 120 23
 30.0  85 56
 20.0 105 47
 10.0 275 45
 88.6 265 19
 84.7 230  2
 82.6 265  6
 78.6 295  4
 76.1 270  2
 75.4  25  2
 70.4 315  8
 65.9 300  2
 65.7 275  2
 65.5 185  2
 65.1 160  4
 62.7 160  6
 58.8  95  6
 56.1 105 10
 53.2  85 14
 48.8 135 25
 44.4  80 31
 40.5  95 41
 30.1  85 56
 28.1 100 58
 21.5  95 66
 18.5 100 18
 17.7  30 12
 16.2  20  8
 16.0 345  4
 15.8 265  4
 15.1 235 14
 13.8 295 18
 11.3 305 18
 10.6 275 23
 10.0 275 45
  9.5 275 54
  8.5 280 43
  7.4 265 29
  6.3 245 29
  5.6 255 21
D20220225.12
100.0 275 29
 70.0 270  4
 94.5 265 16
 91.7 250 12
 86.5 165  6
 84.0 220 16
 75.5 160 10
 71.2  60  2
 70.7 280  2
 69.3 265  4
 68.1 205  6
D20220226.00
100.0 310 16
 70.0 280 12
 50.0  90 10
 30.0  95 64
 20.0 110 56
 10.0 265 39
 92.4 300  2
 91.9  55  2
 90.9  70  4
 87.0  35  8
 85.3 355  6
 80.8 350  4
 79.3 330  4
 75.4 330  6
 73.5 290  8
 68.4 265 12
 60.7 280  8
 56.9 230 10
 54.6 250  4
 53.6 315  2
 50.0  90 10
 45.3  95 18
 43.2  65 25
 37.1  90 41
 30.5  90 64
 27.8  80 62
 23.3  95 78
 22.8  95 78
 19.5 110 54
 18.1 105 25
 16.2  80 14
 14.7 325  6
 13.4 280 21
 12.2 305 29
 11.5 275 31
  8.3 270 35
D20220226.12
100.0 280 14
 70.0 245 12
 50.0  90  4
 30.0 100 64
 20.0  85 51
 10.0 260 43
 93.6 300 12
 88.9  20 10
 87.6  20 10
 84.6 315 10
 82.4 290  8
 73.7 220 10
 71.9 220 10
 68.1 265 16
 62.8 290 10
 60.7 320  6
 57.0 330  2
 56.4 160  2
 55.3 185  6
 52.3 225  2
 51.8 310  2
 49.7 105  4
 47.9 105 12
 45.6  60 21
 41.5  90 35
 31.0  95 62
 22.3 100 78
 21.2 100 76
 18.5  65 23
 17.2  65 10
 16.8 345  6
 16.4 305  6
 15.6 320  8
 14.1 285  8
 12.9 265 45
 12.5 270 53
  8.3 265 29
  6.6 320 18
  5.9 300 10
  5.8 310  6
  5.7   5  6
  5.6 345 10
  5.3 335 31
D20220227.00
100.0  50 18
 70.0 270 12
 50.0 125 12
 30.0  95 54
 20.0  70 56
 10.0 250 21
 92.4 355 16
 86.1  20 12
 81.7 335  2
 80.5  10  2
 79.5 190  2
 72.3 210 12
 70.1 265 12
 68.1 295 18
 58.1 345 19
 54.2 345 12
 53.4 360 10
 51.5 105  8
 49.6 125 12
 47.7 100 14
 45.0 115 27
 38.8  90 39
 25.2 105 74
 21.8  95 78
 21.4  90 78
 19.5  65 47
 18.8  60 43
 15.3 105  4
 15.2 120  2
 15.1 255  2
 15.0 270  6
 14.5 280 25
 13.6 280 41
 11.9 285 33
 10.2 245 23
  8.8 275 23
  7.6 265 23
  6.8 300 21
  6.2 235 18
  5.8 265 14
  5.7 260 10
  5.6 290 12
  5.4 305 21
D20220227.12
100.0  90  6
 70.0 300 29
 50.0  65  8
 30.0  80 64
 20.0  95 60
 10.0 290 29
 98.4  75  2
 97.6 250  2
 96.1 270  6
 95.4 260  6
 89.2 320  8
 87.0  50  6
 83.0 105  8
 78.9 130  8
 77.8 155  6
 76.3 220  8
 74.8 265 12
 72.6 290 19
 69.6 300 29
 59.5 300 10
 56.5 360  2
 56.0 345  2
 55.1 185  2
 54.4 215  2
 52.9 335  4
 50.6  55  8
 49.4  70  8
 46.7  60 16
 42.4 105 29
 40.0  85 33
 25.7  90 80
 20.7  90 72
 18.3 100 27
 17.4 145 14
 16.4 190  8
 15.3 250 27
 13.9 260 43
 13.0 270 35
 10.6 250 27
  9.9 290 33
  7.5 275 23
  6.8 330 21
  6.4 285 19
  5.5 280 19
  5.1 325 12
  4.7 335 10
  4.5 290  6
D20220228.00
100.0 115 18
 70.0 320 25
 50.0 130 10
 30.0  90 62
 20.0  95 66
 10.0 310 18
 90.3 115  2
 89.7  25  2
 88.8  20  4
 85.2  55 14
 80.5  75 12
 76.9 120  6
 75.4  85  6
 73.7 355  8
 72.4 330 16
 69.3 320 27
 65.6 315 23
 63.2 330 16
 58.1 310  6
 54.7   5  4
 53.7 125  4
 52.2 155 10
 51.4 155 10
 47.5  80 14
 44.9  90 23
 42.8  75 31
 35.6 100 51
 21.5  85 78
 20.4  90 70
 19.0 110 39
 17.4 155 16
 16.3 250 16
 15.7 260 29
 14.6 265 37
 12.4 260 18
  9.9 310 19
  8.0 255 27
  7.3 305 25
  6.7 300 18
  6.4 260 16
  5.4 245 12
D20220228.12
100.0 100 16
 70.0 340 14
 50.0 175 14
 30.0  90 64
 20.0 115 43
 10.0 290 25
 92.6  95 14
 88.1  50 16
 83.2  60  8
 82.0  25  4
 80.9 315  6
 80.1 305  8
 71.5 345 16
 68.3 315  4
 66.3 160  2
 64.9 110  6
 63.7 105  6
 61.7 160  4
 54.7 205 10
 52.2 180  8
 48.7 170 10
 47.1 100  6
 46.4  90  8
 44.1 105 23
 41.8  90 31
 39.7 100 41
 23.2  85 82
 22.8  85 82
 22.6  85 82
 22.3  85 82
 22.1  90 82
 20.9  90 66
 19.8 120 39
 18.0 160 16
 17.1 250 19
 16.3 260 39
 14.0 255 41
 12.5 280 29
 10.7 270 25
 10.2 290 23
  8.6 290 39
  7.9 270 29
  6.9 280 18
  5.8 265 18
  5.0 345 14
