sing20130426.00
TTAA  76001 48698
99009 24802 35503 00091 26257 30001 92775 23457 24522
85510 19045 23022 70158 09229 20018 50587 05109 19504
40759 14716 13005 30971 29156 08519 25099 39530 11520
20247 52545 11521 15426 68339 10523 10661 79535 02506
88999
77999=
TTCC  76001 48698
70859 803// 11016 50056 679// 10541 30375 581// 26029
20641 459// 25532 10103 451// 25525
88801 87759 16511
77999=
TTDD  7600/ 48698
11902 82121 22867 83919 33835 85757 44801 87759 55770
863// 66754 851// 77746 835// 88733 805// 99672 747//
11664 747// 22616 771// 33583 755// 44563 717// 55536
691// 66478 589// 77378 613// 88357 579// 99325 605//
11293 565// 22270 523// 33260 499// 44249 471// 55224
447// 66177 471// 77175 473// 88163 477// 99143 443//
11105 467// 22095 431// 33084 407// 44079 383// 55067
351// 66066 341// 77065 327// 88064 269// 99055 283//
21212 11919 17509 22902 18511 33885 18012 44848 19517
55769 13010 66739 04011 77726 01008 88708 08512 99683
11014 11669 09018 22487 11544 33419 21005 44409 25510
55350 27533 66254 29517 77219 24523 88215 24026 99210
24028 11206 24032 22202 24531 33198 26032 44194 26534
55148 24032 66107 26528 77075 24045 88055 24041=
