sing20130409.00
TTAA  59001 48698
99006 27459 08002 00064 26856 00000 92754 23414 25003
85490 19624 35008 70141 11658 32518 50587 03539 31512
40759 15513 11508 30971 28361 10523 25099 39749 12036
20247 52550 10539 15426 67934 09559 10662 80327 26005
88999
77999=
TTCC  59001 48698
70861 787// 16514 50056 685// 10058 30378 563// 26545
20638 477// 26032 10102 423// 27032
88848 85356 36017
77485 10068 45466
77066 28060 43150=
TTDD  5900/ 48698
11980 81126 22907 83142 33848 85356 44810 839// 55791
831// 66780 825// 77760 807// 88721 789// 99685 777//
11650 789// 22626 761// 33580 749// 44552 743// 55545
733// 66491 681// 77479 665// 88461 609// 99440 583//
11392 567// 22388 569// 33360 587// 44339 527// 55307
565// 66284 555// 77257 539// 88212 507// 99193 457//
11159 439// 22124 427// 33112 443// 44095 395// 55089
377// 66086 367// 77078 357// 88070 345// 99058 323//
11056 217//
21212 11911 00520 22850 35517 33815 07015 44787 14005
55747 20013 66673 13516 77609 07521 88568 04033 99550
06029 11485 10068 22448 08521 33412 02011 44405 01507
55392 33505 66373 28013 77367 27518 88355 23526 99350
23026 11338 25533 22323 26044 33297 26546 44277 26521
55273 27018 66259 23529 77250 25030 88237 26517 99218
27532 11187 25032 22137 29039 33125 28029 44109 27540
55105 27033 66083 25527 77082 27025 88077 26539 99076
25535 11073 29039 22071 29047 33068 27036 44067 27519
55066 28060 66064 31030 77062 29025 88059 29521 99056
33506=
