sing20130416.00
TTAA  66001 48698
99006 27606 07002 00066 27209 02502 92756 24650 29009
85493 19022 26017 70141 12062 22511 50587 04957 10521
40760 14166 11519 30972 28366 09513 25100 39167 09012
20248 51365 11032 15429 65761 12538 10664 83757 13512
88999
77999=
TTCC  66001 48698
70865 743// 12510 50062 729// 09534 30383 523// 27510
20647 499// 26034 10112 411// 30020
88993 83957 13512
77999=
TTDD  6600/ 48698
11993 83957 22875 835// 33853 819// 44830 797// 55785
811// 66780 811// 77734 781// 88707 741// 99680 729//
11599 711// 22543 727// 33505 745// 44487 649// 55435
615// 66404 599// 77385 579// 88344 565// 99324 501//
11301 525// 22271 535// 33252 513// 44222 483// 55206
493// 66162 473// 77148 451// 88137 403// 99127 387//
11111 407// 22087 419// 33070 363//
21212 11962 13011 22906 02005 33825 01023 44799 01517
55761 05014 66737 01006 77602 15519 88546 10029 99512
09038 11479 09525 22434 12505 33419 35010 44363 34004
55356 23502 66339 13513 77328 24504 88313 25512 99250
23523 11219 27536 22212 26541 33169 27032 44148 25529
55142 26522 66137 26523 77131 26525 88127 28029 99125
25521 11121 29025 22117 28031 33112 28526 44108 29021
55104 30516 66100 30020 77097 28520 88092 29525 99084
28022 11077 26521 22073 ///// 33071 25042 44070 25538=
