sing20130420.12
TTAA  70121 48698
99004 31658 19505 00046 31859 19004 92741 24426 22506
85478 19845 23003 70127 11247 00503 50586 03359 19503
40759 14357 17517 30971 29958 10020 25098 40557 10025
20246 52563 10035 15425 66760 09044 10661 81557 27021
88999
77999=
TTCC  70121 48698
70859 827// 10525 50056 685// 09046 30376 539// 28531
20637 523// 29037 10102 405// 28052
88867 84957 14009
77999=
TTDD  7012/ 48698
11979 82357 22867 84957 33747 823// 44716 833// 55646
783// 66552 689// 77473 621// 88380 597// 99365 585//
11318 543// 22276 515// 33248 525// 44232 535// 55216
517// 66187 479// 77179 467// 88136 447// 99124 389//
11099 407// 22086 425// 33077 415//
21212 11946 28518 22923 28010 33881 15008 44830 12513
55734 11024 66649 13027 77627 11511 88604 11019 99592
09018 11557 08045 22527 07539 33508 09048 44476 07031
55439 01506 66401 27509 77394 35504 88375 34005 99356
29019 11328 27036 22307 28533 33286 27027 44272 27036
55243 29049 66209 29043 77188 27027 88170 29035 99158
30029 11150 31034 22138 30027 33127 26033 44123 26028
55107 28052 66086 25542 77083 26557 88080 25535 99077
26541=
