sing20130413.00
TTAA  63001 48698
99006 27811 03002 00065 27222 03502 92753 23416 17004
85489 19223 22012 70138 12663 25026 50587 04549 21007
40760 14146 10526 30973 28561 09526 25100 39550 09534
20249 52558 09535 15428 67757 09030 10664 80745 34514
88999
77999=
TTCC  63001 48698
70861 783// 08022 50060 713// 10527 30378 541// 08508
20644 471// 29044 10107 419// 25514
88757 87968 08529
77999=
TTDD  6300/ 48698
11993 80745 22929 82539 33890 82930 44851 84959 55844
85159 66779 86973 77757 87968 88746 879// 99736 865//
11675 671// 22664 671// 33636 683// 44599 713// 55582
729// 66538 743// 77512 727// 88463 617// 99424 591//
11404 603// 22379 613// 33346 597// 44334 563// 55302
539// 66275 503// 77251 485// 88226 465// 99211 473//
11164 451// 22151 465// 33122 451// 44117 435// 55108
413// 66097 425// 77082 375// 88078 351// 99072 337//
11065 325// 22059 289//
21212 11955 03506 22906 09015 33778 06524 44738 09537
55688 11505 66677 19010 77667 21009 88594 08016 99536
12017 11484 10535 22424 20514 33391 22525 44358 26512
55346 22504 66329 33511 77324 01511 88303 08006 99277
23016 11235 27019 22215 28546 33180 30046 44167 29031
55159 28044 66129 30030 77124 25517 88120 26531 99113
26019 11084 26033 22074 31527 33068 27026 44066 19519
55064 28029 66063 24523 77059 28528=
