sing20130403.12
TTAA  53121 48698
99005 27410 36003 00055 26203 00000 92746 23605 04505
85483 19203 30004 70133 10603 19503 50586 04509 08515
40760 12335 13516 30973 28146 13019 25101 37740 14016
20251 50939 13525 15431 65740 08037 10666 84514 09029
88999
77999=
TTCC  53121 48698
70863 731// 20002 50057 767// 09535 30377 551// 23012
20638 521// 27535 10103 389// 25533
88851 89949 10535
77451 10061 45355=
TTDD  5312/ 48698
11985 85128 22957 86361 33929 86750 44915 86956 55887
87960 66851 89949 77845 897// 88793 887// 99786 885//
11770 827// 22733 735// 33726 733// 44682 725// 55653
745// 66633 757// 77575 775// 88529 785// 99490 759//
11464 747// 22435 663// 33420 589// 44371 509// 55362
513// 66328 525// 77312 541// 88286 521// 99274 535//
11235 505// 22210 535// 33197 515// 44163 473// 55137
399// 66124 417// 77115 395// 88103 383// 99091 397//
11087 391//
21212 11900 11530 22781 09543 33711 14502 44684 26509
55607 21508 66581 33008 77558 03512 88451 10061 99423
08546 11410 09041 22398 09531 33391 10021 44384 14508
55377 23509 66372 24008 77368 21007 88363 27018 99347
27026 11305 23015 22279 28035 33266 27040 44250 25036
55206 27539 66184 25533 77168 26027 88162 23032 99147
24531 11143 25527 22133 29032 33113 26028 44108 24534
55103 26040 66098 24526 77096 22531 88094 25029 99092
24041 11087 24047=
