D20130401.00
100.0  40 23
 70.0  50 24
 50.0 100 25
 30.0 135  8
 20.0 270 30
 10.0 260 21
 91.0  55 32
 82.0 115 33
 77.9  85 44
 71.8  80 32
 68.3  35 18
 61.0 155  6
 56.5 165 12
 52.7  80  8
 50.0 100 25
 46.8  90 30
 45.3  95 36
 41.1 135  8
 40.4 115  2
 39.1  30 11
 36.0  60  6
 35.3 355  4
 34.8 335  5
 33.0  80  9
 30.9 125  7
 30.4 130  8
 29.4 230  5
 28.4 300 19
 28.0 300 28
 24.0 255 26
 22.9 280 38
 16.7 265 29
 13.8 315 34
 12.0 320 27
 10.7 295 10
 10.3 260 20
  9.8 260 26
D20130401.12
D20130402.00
100.0  60 24
 70.0 140 29
 50.0 105 39
 30.0 245 21
 87.8  80 29
 83.8  95 25
 81.7  75 34
 77.6  75 34
 75.5  95 43
 70.7 135 28
 66.4 125 24
 63.2  90  7
 60.1  65 16
 59.0  40 16
 55.0 100 30
 52.1  90 32
 48.7 115 46
 45.7 105 28
 42.5  80 23
 40.2  80 37
 38.2  85 27
 34.7 205  7
 32.9 275 21
 31.3 260  5
 30.2 245 22
 29.2 245 16
 27.2 285 35
 24.6 270 46
 20.1 275 38
D20130402.12
D20130403.00
100.0  70 29
 98.3  75 29
 93.9  75 27
 91.7  75 25
 89.5  85 27
 87.5  95 26
 85.1 105 27
D20130403.12
100.0  90 29
 70.0 200  2
 50.0  95 35
 30.0 230 12
 20.0 275 35
 10.0 255 33
 90.0 115 30
 78.1  95 43
 71.1 145  2
 68.4 265  9
 60.7 215  8
 58.1 330  8
 55.8  35 12
 45.1 100 61
 42.3  85 46
 41.0  90 41
 39.8  95 31
 39.1 100 21
 38.4 145  8
 37.7 235  9
 37.2 240  8
 36.8 210  7
 36.3 270 18
 34.7 270 26
 30.5 230 15
 27.9 280 35
 26.6 270 40
 25.0 250 36
 20.6 275 39
 18.4 255 33
 16.8 260 27
 16.2 230 32
 14.7 245 31
 14.3 255 27
 13.3 290 32
 11.3 260 28
 10.8 245 34
 10.3 260 40
  9.8 245 26
  9.6 225 31
  9.4 250 29
  9.2 240 41
  8.7 240 47
D20130404.00
D20130404.12
D20130405.00
100.0  65 13
 70.0 260 13
 50.0  85 33
 30.0 270 25
 20.0 275 34
 10.0 275 30
 97.5  55 14
 91.0  80 21
 85.1  55 36
 81.2  95 41
 76.7 120 16
 73.0 265  7
 70.6 265 13
 63.3 275  8
 61.3 175  5
 59.4 170 13
 54.5 105 22
 52.8 135 20
 49.0  95 37
 46.5  95 53
 42.7 100 59
 41.2 100 51
 39.2  80 20
 38.0  30  9
 36.8 345 12
 36.3 305 13
 33.8 270 23
 32.2 270 30
 27.6 260 31
 24.9 255 35
 20.6 280 35
 15.3 265 31
 14.2 260 20
 13.4 255 28
 11.8 270 38
 10.9 275 32
  9.2 260 40
  8.8 255 40
D20130405.12
100.0 100 22
 70.0 225 12
 50.0  90 39
 30.0 270 29
 20.0 265 34
 10.0 255 53
 91.4  65 27
 85.7  35 26
 80.5  90 37
 77.2 120  7
 74.0 195 15
 63.2 310  7
 61.9  20 11
 57.7  60 22
 55.6 100 25
 53.3 125 33
 50.3  90 38
 45.9  80 61
 44.3  80 64
 40.7  75 32
 38.7  40  5
 38.0   5  8
 37.4 310  8
 35.6 265 18
 34.5 255 23
 32.8 265 32
 26.4 280 37
 24.7 270 35
 21.9 280 37
 19.7 255 31
 18.5 255 41
 16.9 255 29
 15.2 280 35
 14.4 280 29
 13.9 260 34
 13.6 260 41
 12.3 250 42
 11.9 265 40
 11.1 245 48
 10.5 265 49
 10.3 255 54
  8.9 270 43
  8.8 275 48
  8.1 290 36
  7.5 260 36
  7.3 275 38
  7.2 265 28
D20130406.00
100.0  85 30
 97.2  70 28
 95.1  70 27
 92.8  70 30
 90.7  85 27
 87.0 120 40
 82.6 135 12
 80.7 160 19
 77.2 270  6
 75.8 270 12
D20130406.12
100.0  75 27
 70.0 290  9
 98.3  75 27
 96.3  75 31
 88.7  90 48
 85.3  95 33
 83.6 110 24
 80.4 225  2
 77.0 285 13
 75.4 290 17
 73.8 300 22
 72.3 300 14
 67.7 260  6
 66.2 255  3
 64.9 305  2
 63.2  25  3
D20130407.00
100.0  75 34
 70.0 300 11
 50.0  95 54
 30.0 225 21
 20.0 285 40
 10.0 285 37
 86.7  35 11
 82.9 330 16
 77.8 300 36
 70.2 305 10
 66.8 240  7
 60.6  85 13
 58.8  60 18
 51.5  80 45
 48.4 105 59
 46.0 105 48
 41.4 175 10
 40.8 225  8
 35.1 285 39
 33.1 275 21
 30.6 210 15
 26.0 270 43
 21.6 295 46
 19.3 270 44
 13.8 300 31
 11.5 275 34
 10.8 300 41
  8.6 255 33
  7.8 220 23
  7.6 260 23
  6.9 270 27
  6.7 275 26
  6.4 275 23
  6.2 280 21
  6.0 275 16
  5.7 255  6
  5.3 175 14
D20130407.12
100.0  80 49
 70.0 270  4
 98.9  80 43
 97.3  85 32
 92.1 120 12
 90.4 125 10
 88.7 105  3
 86.9 245  6
 85.1 235 10
 81.8 245 18
 80.2 255 21
 77.1 305 16
 75.5 285 13
 74.0 290  9
 72.6 280  5
 69.8 275  4
 68.4 245  6
 65.7 325  4
 63.1  55  5
D20130408.00
100.0 195  7
 98.0 210 10
 95.0 250  5
 93.5 150  2
 92.2  70  3
 91.1 305  2
 90.1 325  4
 87.4 305  8
D20130408.12
100.0 120 26
 70.0 110 10
 50.0  70 46
 96.2 135 16
 94.3 110 18
 90.2 120 15
 85.9 100 20
 81.7 105 28
 77.7 120 15
 76.0 100  8
 68.2 165  8
 66.8 115  8
 65.4 115 12
 62.7  35 12
 60.4  55 16
 59.4  55 18
 58.4  35 18
 57.4  30 16
 56.5  60 22
 55.6  55 19
 53.9  75 33
 50.7  65 42
 49.1  80 51
 48.2  95 51
 47.5  95 58
 46.7 100 55
 43.8  95 27
 43.3  95 20
D20130409.00
100.0 260  5
 70.0 165 14
 50.0 100 58
 30.0 265 45
 20.0 260 32
 10.0 270 32
 91.1   5 20
 85.0 355 17
 81.5  70 15
 78.7 140  5
 74.7 200 13
 67.3 135 16
 60.9  75 21
 56.8  40 33
 55.0  60 29
 48.5 100 68
 44.8  85 21
 41.2  20 11
 40.5  15  7
 39.2 335  5
 37.3 280 13
 36.7 275 18
 35.5 235 26
 35.0 230 26
 33.8 255 33
 32.3 260 44
 29.7 265 46
 27.7 265 21
 27.3 270 18
 25.9 235 29
 25.0 250 30
 23.7 265 17
 21.8 275 32
 18.7 250 32
 13.7 290 39
 12.5 280 29
 10.9 275 40
 10.5 270 33
  8.3 255 27
  8.2 270 25
  7.7 265 39
  7.6 255 35
  7.3 290 39
  7.1 290 47
  6.8 270 36
  6.7 275 19
  6.6 280 60
  6.4 310 30
  6.2 290 25
  5.9 295 21
  5.6 335  6
D20130409.12
100.0 270  4
 98.5 300  4
 96.6 325  5
 92.7 335 10
 88.8 355 15
 78.6 120 15
 77.2 125 14
D20130410.00
100.0 220  6
 70.0  65  9
 50.0 100 57
 30.0 260 33
 20.0 275 29
 10.0 270 29
 97.7 270  6
 88.7 360  8
 79.0 140 11
 69.9  60  9
 67.1 105 19
 63.8  65 18
 57.7 115 28
 49.3  95 60
 46.2 115 14
 43.5  65 27
 42.0  55  3
 40.7 270 10
 36.2 270 44
 26.5 265 25
 24.4 285 27
 22.0 260 31
 18.7 295 27
 13.8 260 42
 12.1 280 33
  9.7 260 18
  9.4 225 21
  9.0 250 32
  8.8 275 19
  8.6 240 40
  6.8 220 25
  6.6 265 25
  6.2 255 32
  5.8 225 17
  5.7 200 16
D20130410.12
100.0 240  5
 70.0 100 17
 98.7 195  6
 96.6 170  9
 94.6 180  9
 92.8 180 10
 89.1 165 11
 85.2 175 22
 83.3 155 21
 81.5 145 22
 77.9 100 22
 76.3  85 20
 74.6  75 22
 71.4  90 18
 69.9 100 17
 67.0 115 12
 65.6 105  9
 64.2  95  6
 61.9  70 22
 59.4 105 30
D20130411.00
100.0 230  8
 70.0   5  9
 50.0  80 52
 30.0 265 27
 20.0 260 18
 10.0 275 36
 85.9 125  9
 80.8  50 10
 76.2  95 11
 71.2  40  5
 66.5 115  9
 64.7  80 16
 58.1 105 24
 56.6  90 28
 54.3  85 47
 50.6  80 57
 46.2  55  8
 44.3 305  8
 42.6 275 20
 38.6 280 44
 33.8 300 22
 31.5 270 31
 25.6 230 14
 22.8 285 12
 19.1 275 26
 14.5 265 43
 12.9 265 30
 12.2 250 40
  7.8 280 28
  6.5 250 24
  6.3 280 25
  5.7 245 14
  5.5 200 17
  5.1 205 16
  5.0 165 13
  4.8 275  2
  4.6   5  2
  4.5  80  5
  4.4  40  9
D20130411.12
100.0 205  5
 70.0  45  9
 50.0  85 43
 30.0 300 17
 20.0 250 21
 10.0 260 39
 88.7 190 19
 80.7 115  8
 77.5  95 15
 70.1  45  9
 67.3 130 15
 65.9 130 18
 58.6 185  7
 57.7 120  7
 56.8  85  9
 47.7  85 28
 45.5 135  6
 44.1 340  4
 42.7 300 18
 40.5 290 24
 37.7 295 44
 33.0 315 11
 31.3 340 12
 30.2 305 15
 27.2 285 10
 26.8 265  9
 26.3 220  9
 25.5 225 19
 22.5 250 12
 21.8 275 21
 21.0 285 17
 20.4 265 18
 20.0 250 21
 19.4 265 25
 18.2 260 15
 17.9 245 15
 15.6 250 48
 14.2 255 50
 13.2 250 39
 10.9 265 46
  9.8 260 39
D20130412.00
100.0  45  5
 70.0 140 14
 50.0  90 43
 30.0 255 13
 20.0 265 31
 10.0 270 38
 95.8  20  7
 88.5  90  3
 87.0 360  7
 84.2 335 12
 78.5 360 17
 76.0   5 11
 68.0 150 23
 56.7  60 25
 52.8  80 35
 51.0  85 43
 44.4 140  9
 39.4 305 19
 37.6 345 15
 35.9 265  8
 34.2 230 10
 31.9 280 14
 27.9 230  9
 24.4 205 10
 23.2 265 12
 21.6 230 10
 20.2 265 29
 15.4 285 45
  9.9 260 36
  8.5 265 22
  7.6 220 34
  7.0 245 20
  6.8 200 29
  6.7 270 30
  6.3 265 31
D20130412.12
D20130413.00
100.0 345 14
 70.0  80 22
 50.0 105 27
 30.0  85  8
 20.0 290 44
 10.0 255 14
 95.5  35  6
 90.6  90 15
 77.8  65 24
 73.8  95 37
 68.8 115  5
 67.7 190 10
 66.7 210  9
 59.4  80 16
 53.6 120 17
 48.4 105 35
 42.4 205 14
 39.1 225 25
 35.8 265 12
 34.6 225  4
 32.9 335 11
 32.4  15 11
 30.3  80  6
 27.7 230 16
 23.5 270 19
 21.5 285 46
 18.0 300 46
 16.7 290 31
 15.9 280 44
 12.9 300 30
 12.4 255 17
 12.0 265 31
 11.3 260 19
  8.4 260 33
  7.4 315 27
  6.8 270 26
  6.6 195 19
  6.4 280 29
  6.3 245 23
  5.9 285 28
D20130413.12
100.0  30 34
 70.0 215 18
 50.0 105 38
 30.0  50 14
 20.0 265 41
 85.6  30 24
 79.6  95 30
 77.3  90 31
 72.0 195  8
 70.7 210 18
 65.5 210 21
 63.0 180 15
 56.5  25  9
 51.8 100 33
 49.1 105 50
 48.4 110 51
 34.7  10 12
 32.7  30 12
 31.4  55 23
 30.6 110  2
 29.9  50 15
 28.7 205  5
 28.3 240 16
 24.4 245 34
 22.5 260 38
 22.1 260 47
 20.6 270 33
 19.3 270 47
 18.2 270 41
 16.3 255 45
 14.3 265 37
 13.1 260 26
 12.5 265 39
 12.3 265 30
 12.0 275 37
 11.5 285 30
D20130414.00
100.0  75 35
 97.6  80 29
 94.3 105 26
 90.9 135 21
 88.5 125 31
 87.0 120 44
 83.3  95 19
 81.5 335  5
 79.8 295 19
 77.7 295 20
 76.9 290 21
 76.1 290 19
 75.5 295 18
D20130414.12
D20130415.00
100.0 175 22
 98.1 175 20
 95.5 160 22
 94.3 155 21
 93.0 150 18
 89.6 190 11
 88.6 195 11
 87.6 215  8
 86.7 225  8
 85.8 240  7
 82.2 235  5
 81.2 140 10
D20130415.12
100.0 175 22
 70.0 330 10
 50.0  95 45
 30.0 300 20
 20.0 255 26
 10.0 275 33
 96.0 165 15
 86.1  75 16
 82.7 100 23
 79.6  65 17
 76.3 320  2
 73.0 320 15
 67.7  90  1
 65.3 180  7
 61.9  75 15
 56.4 115 29
 51.5  85 43
 50.7  90 46
 45.1 110 24
 42.3 305  1
 41.6 225  2
 38.9 285 14
 36.5 285 12
 34.7 340  5
 34.2  10  2
 31.1 305 17
 26.5 290 27
 23.1 260 34
 18.3 240 31
 17.2 270 27
 12.1 295 27
 10.4 275 30
  7.3 255 17
  7.1 285 10
  6.0 250 17
D20130416.00
100.0 135 12
 70.0 125 10
 50.0  95 34
 30.0 275 10
 20.0 260 34
 10.0 300 20
 96.2 130 11
 90.6  20  5
 82.5  10 23
 79.9  15 17
 76.1  50 14
 73.7  10  6
 60.2 155 19
 54.6 100 29
 51.2  90 38
 47.9  95 25
 43.4 125  5
 41.9 350 10
 36.3 340  4
 35.6 235  2
 33.9 135 13
 32.8 245  4
 31.3 255 12
 25.0 235 23
 21.9 275 36
 21.2 265 41
 16.9 270 32
 14.8 255 29
 14.2 265 22
 13.7 265 23
 13.1 265 25
 12.7 280 29
 12.5 255 21
 12.1 290 25
 11.7 280 31
 11.2 285 26
 10.8 290 21
 10.4 305 16
 10.0 300 20
  9.7 285 20
  9.2 295 25
  8.4 280 22
  7.7 265 21
  7.1 250 42
  7.0 255 38
D20130416.12
D20130417.00
100.0  55 26
 70.0 245  5
 50.0  75 39
 30.0 240 10
 20.0 280 38
 10.0 255 31
 96.0  45 34
 86.5 110 17
 83.5 170 14
 76.8 170 29
 73.5 130 12
 72.6 145  2
 70.9 255  3
 69.2 170  4
 67.5 140  3
 65.2  15  6
 64.4 350 10
 63.6 360 13
 61.0  35 14
 58.6  50 17
 57.9  60 15
 55.8  30 14
 53.2  55 26
 49.5  70 38
 47.9  75 48
 45.0  85 32
 41.7 120 19
 38.9 110 24
 38.1 100 32
 36.4 140 12
 34.7 255 18
 33.5 260 28
 31.0 255 20
 29.9 235 10
 27.9 245 25
 26.8 235 19
 25.3 265 27
 21.4 280 39
 17.9 255 36
 16.8 235 30
 15.8 245 19
 15.4 275 22
 14.8 290 26
 13.5 300 31
 11.8 275 31
 10.3 250 33
  9.6 265 27
  9.2 280 26
  7.9 260 23
  7.0 260 30
D20130417.12
D20130418.00
100.0  70  8
 70.0 235 12
 97.9 280  8
 94.3 260 20
 87.5 270 37
 84.5 270 37
 83.1 270 35
 81.8 275 35
 80.4 275 36
 79.0 275 34
 76.1 290 32
 74.9 295 32
 70.1 235 12
 69.0 220 15
 67.7 200 14
 66.4 135 10
 64.3  75 23
 63.1  70 26
 62.0  70 29
 59.9  80 24
 59.0  85 24
 58.0  95 26
 56.1  80 33
 53.3  75 51
 52.5  85 51
D20130418.12
D20130419.00
100.0 295 39
 70.0 170  7
 50.0  90 48
 30.0 270 29
 20.0 270 42
 10.0 295 40
 90.6 265 29
 75.7 265 18
 68.2 105 11
 65.9  55 22
 63.9  65 32
 62.3  80 22
 57.2 105 48
 52.9 110 52
 49.6  90 48
 48.3  95 41
 45.1  75 21
 43.4  95  4
 42.3 290 12
 38.8 275 37
 35.7 305 14
 34.8 280 16
 32.9 255 24
 32.4 260 17
 29.5 275 31
 26.8 260 30
 26.4 250 38
 22.6 255 47
 20.8 270 45
 18.2 260 38
 16.9 245 40
 14.0 235 33
 13.8 225 35
 13.0 255 33
 12.4 270 37
 12.0 275 27
 11.5 305 41
 10.7 305 48
  9.7 295 32
  9.3 280 31
  8.2 275 26
D20130419.12
100.0 265 35
 70.0  70 13
 50.0  75 45
 30.0 275 36
 20.0 260 41
 10.0 285 37
 93.3 255 30
 80.5 245 22
 73.4 210 18
 71.8 150  7
 70.3  70 11
 66.7  70 29
 62.7 115 29
 59.5 105 37
 57.4 100 33
 51.2  75 47
 47.7  85 35
 46.1  65 11
 43.9 265 13
 41.8 285 25
 39.8 275 33
 37.1 290 30
 34.2 345  5
 33.7 295  9
 32.7 275 19
 31.1 280 32
 29.0 265 37
 22.1 265 50
 18.4 250 43
 16.4 265 44
 13.9 265 30
 13.0 295 37
 12.6 290 31
 11.7 300 41
 10.8 295 32
 10.1 275 40
  9.9 290 36
  9.8 280 46
  9.1 285 40
  8.0 275 46
  7.2 255 33
D20130420.00
100.0 290 34
 70.0  65 19
 50.0  95 46
 30.0 280 27
 20.0 265 39
 10.0 285 37
 95.9 290 33
 89.8 295 21
 82.0 245  7
 76.8 135 12
 72.0  70 15
 68.2  70 23
 67.0  90 29
 63.7 110 25
 59.5 100 26
 51.0  95 46
 50.2  95 47
 46.3  55  4
 45.6 325  9
 43.0 270 13
 39.7 355 15
 38.4 315  6
 37.1 280 13
 33.0 250 24
 29.9 280 27
 27.5 275 35
 20.3 270 42
 18.1 255 39
 16.3 255 29
 14.5 310 45
 11.7 300 22
 10.6 275 35
  7.3 290 35
  6.6 265 36
  6.4 265 25
D20130420.12
100.0 270 21
 70.0 105 25
 50.0  90 46
 30.0 285 31
 20.0 290 37
 10.0 280 52
 94.6 285 18
 92.3 280 10
 88.1 150  8
 83.0 125 13
 73.4 110 24
 64.9 130 27
 62.7 115 11
 60.4 110 19
 59.2  90 18
 55.7  80 45
 52.7  75 39
 50.8  90 48
 47.6  70 31
 43.9  15  6
 40.1 275  9
 39.4 355  4
 37.5 340  5
 35.6 290 19
 32.8 270 36
 30.7 285 33
 28.6 270 27
 27.2 270 36
 24.3 290 49
 20.9 290 43
 18.8 270 27
 17.0 290 35
 15.8 300 29
 15.0 310 34
 13.8 300 27
 12.7 260 33
 12.3 260 28
 10.7 280 52
  8.6 255 42
  8.3 265 57
  8.0 255 35
  7.7 265 41
D20130421.00
100.0 270 29
 70.0 100 15
 50.0  85 49
 30.0 270 33
 20.0 285 36
 10.0 275 41
 95.8 270 21
 91.1 215 13
 85.2 160 22
 82.2 160 30
 77.0 110 19
 73.3 100 12
 70.7  90 19
 69.5 105 13
 66.0  45 28
 58.8  80 31
 53.8  75 28
 48.3  85 49
 46.2  85 18
 44.2 145  2
 42.8 220 10
 41.3 230 18
 39.0 185 10
 37.7 235 11
 34.7 290 11
 34.0 265 14
 32.8 260 28
 28.9 275 37
 25.9 285 42
 25.5 280 36
 24.2 265 39
 22.5 285 24
 20.9 275 34
 18.9 295 38
 17.3 295 30
 16.4 295 38
 15.0 270 23
 14.6 260 26
 13.7 275 37
 12.5 270 30
 11.3 275 41
  9.7 275 49
  9.4 275 52
  8.2 290 37
  7.3 280 31
  6.5 280 20
  6.3 300  9
  5.7 110  3
D20130421.12
100.0 290 20
 70.0 135 18
 50.0  85 47
 30.0 270 29
 20.0 270 34
 10.0 285 50
 91.9 205  7
 90.4 165 13
 76.5  95 21
 71.3 120 18
 66.3  75 22
 49.2  85 49
 43.3 120 12
 41.6 150  7
 39.5 335 10
 38.8 360  7
 37.6 330  7
 36.4 330  8
 35.8 355 14
 35.2 305 12
 34.0 285 23
 32.7 295 31
 26.4 265 45
 23.6 240 50
 18.1 280 22
 12.4 270 31
  9.2 290 46
  7.6 280 29
  7.2 305 43
  6.9 285 22
  6.7 310 32
  6.1 305  9
  6.0 350 11
  5.6 180  7
  5.3 155  5
  5.2 210 10
  4.9 230  8
  4.6  80  9
  4.5  65 21
D20130422.00
100.0 280 12
 70.0 115 12
 97.7 285  9
 95.4 300 12
 91.0 270  6
 88.8 285  2
 81.0  75 17
 79.7  90 17
 78.4  85 16
 76.0  55 20
 73.7  80 23
 72.5  95 21
 70.4 115 13
 68.0  80  8
D20130422.12
100.0 265 21
 99.0 265 22
 97.1 260 20
 91.6 245 26
 89.6 240 25
 85.8  35  2
 83.7  45 20
 80.2  35 18
 77.1  40 22
 75.7  40 26
 74.3  45 29
 72.7  55 24
D20130423.00
100.0 295 15
 70.0  65 25
 50.0 100 53
 30.0 275 34
 20.0 270 29
 10.0 275 14
 86.1 260 10
 84.6 325  7
 83.0 355 12
 81.5  10 16
 80.0  25 28
 73.4  40 22
 68.5  70 18
 64.4  95 31
 59.5 120 34
 54.8  95 50
 52.0 110 50
 49.3  95 58
 45.4 120 27
 43.2  95 37
 41.8 110 20
 39.7 175  9
 37.8 260 17
 37.2 280 19
 36.1 250 19
 35.5 255 15
 32.7 260 40
 30.5 275 35
 26.8 290 15
 25.9 285 24
 23.1 290 15
 20.8 265 17
 19.7 275 30
 17.2 300 34
 15.3 310 33
 13.2 295 31
 12.5 320 20
 11.4 300 10
 11.0 285 14
 10.6 295  6
 10.3 270 15
  9.2 290 11
  8.7 320  5
  7.7 260 10
  7.6 215  8
  7.3 210 11
  7.1 235 12
  6.8 220 12
  6.7 305  6
  6.5 230  3
  6.3 230 12
D20130423.12
D20130424.00
100.0 325 17
 70.0  75 31
 50.0  70 35
 30.0 275 25
 20.0 320 28
 10.0 230  4
 87.2 340 24
 85.7 355 23
 84.5 360 23
 79.7  25 24
 76.0  75 29
 61.8 125 30
 54.8  85 52
 52.7  95 59
 48.3  65 30
 44.2 160 13
 41.1 245 28
 39.2 250 39
 33.0 275 38
 27.9 250 13
 22.9 225 20
 21.1 295 19
 19.6 320 31
 17.1 350 17
 16.6 325 16
 16.1 335 13
 15.7   5  9
 15.3  50  3
 14.9 285 15
 13.1 265 19
 11.7 315 18
 11.0 310 13
 10.6 320  5
 10.4  20  6
 10.2 280  2
  9.8 255  4
  9.7 130  4
  9.4 220 12
  7.9 230 12
  7.6 275 15
  7.5 260  9
  7.2 315  9
D20130424.12
100.0 350  3
 70.0 130 28
 50.0  90 50
 30.0 265 27
 20.0 265 17
 10.0   0  0
 96.8 310  8
 88.5  20  8
 80.3  95 21
 73.9 130 29
 65.7  90 25
 63.1 105 30
 58.9  90 35
 53.7  60 52
 48.8  95 47
 47.4  75 39
 45.2 110 16
 42.7 195 13
 39.8 255 31
 38.6 260 25
 35.8 310 20
 34.1 295 30
 32.4 275 22
 30.3 265 28
 24.1 280 15
 22.8 260 12
 20.6 240 21
 19.0 335  8
 18.4 140  2
 18.1 225  9
 17.1 210 16
 15.2 250 25
 14.5 270 27
 11.8 285 24
 11.6 275 15
 11.5 290 10
 11.1 285 12
 10.9 345  4
 10.6 275 10
 10.4 275  9
 10.1  50  2
  9.7 255 10
  9.4 265 13
  9.1 295 15
  8.3 310 19
  8.0 275  5
  7.9 300 14
  7.4 285  5
D20130425.00
100.0 260  9
 70.0  75 25
 97.9 275  9
 96.4 315  8
 94.8 355 11
 93.3  10 18
 91.9  20 21
 89.1  50 17
 87.7  60 15
 86.4  75 17
 85.1  75 19
 81.2 115 15
 79.9 140 18
 78.7 160 20
 77.5 165 21
 76.2 170 17
 73.9 115 11
 72.8  70 12
 71.7  75 16
 70.5  80 22
 69.5  75 27
 67.5  65 19
D20130425.12
100.0 205  3
 70.0 120 20
 50.0  70 47
 30.0 270 32
 20.0 245 21
 10.0 275 30
 97.0 290  2
 94.6   5  8
 86.5  50 17
 84.8  70 14
 83.0 115 11
 77.9 165 18
 73.2 140 27
 68.4 100 19
 65.5  95 33
 64.1 100 30
 58.8  70 45
 50.6  70 52
 45.5 225  2
 43.2 245 14
 39.0 255 29
 38.3 260 22
 37.1 180  6
 36.4 175 14
 34.5 260 28
 31.5 270 31
 26.8 280 29
 24.9 270 15
 24.2 250 17
 21.5 270 22
 20.6 245 24
 19.3 225 25
 18.5 240 41
 16.8 250 41
 15.1 245 50
 13.2 245 28
 11.7 250 35
 10.1 275 31
  9.6 280 29
D20130426.00
100.0  25  6
 70.0 110 16
 50.0 105 41
 30.0 260 29
 20.0 255 32
 10.0 255 25
 91.9 175  9
 90.2 185 11
 88.5 180 12
 84.8 195 17
 76.9 130 10
 73.9  40 11
 72.6  10  8
 70.8  85 12
 68.3 110 14
 66.9  90 18
 48.7 115 44
 41.9 210  5
 40.9 255 10
 35.0 275 33
 25.4 295 17
 21.9 245 23
 21.5 240 26
 21.0 240 28
 20.6 240 32
 20.2 245 31
 19.8 260 32
 19.4 265 34
 14.8 240 32
 10.7 265 28
  7.5 240 45
  5.5 240 41
D20130426.12
100.0 250 15
 70.0  85 24
 50.0  80 44
 30.0 285 29
 95.8 255  5
 91.8  50 10
 86.0  75  7
 80.2 135 20
 78.8 135 21
 74.8  95 21
 72.3  40 17
 68.7  95 27
 65.0  85 22
 61.6 110 38
 54.3  85 45
 53.4  90 46
 45.5 195  1
 44.1 290  8
 41.2 270 19
 39.9 265 20
 38.7 255 20
 34.6 260 37
 32.4 250 22
 31.4 265 35
 29.8 290 28
 27.9 305 22
 27.0 320 20
 26.2 255  8
 25.8 260  5
 24.2 220  8
 24.0 215  9
D20130427.00
100.0 355 19
 70.0 130 24
 50.0 110 39
 30.0 305 23
 20.0 275 35
 10.0 275 30
 98.0   5 19
 88.6  70 22
 84.5  85  4
 79.1  15 17
 65.1 110 28
 61.3 115 28
 50.9 105 37
 47.3 100 11
 46.5 120  6
 44.9 295 13
 42.0 300 28
 40.7 285 15
 37.4 270 28
 33.8 260 21
 32.6 250 26
 31.0 265 23
 30.0 305 23
 27.6 315  9
 26.4 245 16
 24.7 235 16
 21.8 255 34
 20.1 270 36
 18.4 295 43
 17.5 300 43
 14.5 300 25
 13.9 285 35
 12.7 275 31
 11.5 285 28
 11.1 285 34
 10.5 285 29
 10.3 270 28
  8.6 275 42
  8.4 270 46
  7.9 240 37
  7.7 260 37
D20130427.12
100.0 235 13
 98.7 240 12
 94.8 225  5
 91.0 135 10
 89.3 135 16
 85.9 165  8
 84.4 135  5
 82.8 110  8
 81.3  95 12
 76.4  20 24
 74.7  25 22
 71.3  45 26
 70.1  65 24
D20130428.00
100.0 340  9
 70.0  90 26
 50.0 100 37
 30.0 280 13
 20.0 280 37
 10.0 285 27
 98.4 350 10
 96.1  15 13
 92.0  40 10
 89.9  70 10
 86.2  35  4
 77.8  65 27
 74.6  85 35
 71.4  90 25
 61.4 100 29
 54.1  80 44
 50.2 105 38
 47.8  80 19
 46.3  10  5
 45.0 330  7
 43.0 295 14
 41.6 225 22
 40.9 220 29
 39.6 225 21
 37.3 275 28
 35.5 285 22
 32.8 275 17
 31.7 255 30
 30.6 270 22
 29.6 285  9
 28.6 235 12
 27.3 240 22
 26.1 275 18
 23.8 265 27
 20.4 285 38
 18.3 270 32
 17.6 250 25
 17.0 245 37
 14.4 260 29
 12.6 290 22
 12.1 295 27
 10.6 305 19
 10.4 305 12
 10.0 285 27
  9.3 280 36
  8.6 270 19
  7.6 260 30
  7.3 265 26
D20130428.12
100.0 310 12
 70.0 105 33
 50.0  75 23
 30.0 220 14
 20.0 275 37
 10.0 300 27
 97.1  55  6
 93.0  75 10
 87.6  20 12
 81.3  50 27
 75.4  75 32
 73.8 100 30
 68.4 105 37
 66.1  85 33
 58.8  85 32
 55.7  80 41
 52.6  70 38
 51.7  80 29
 50.7  80 29
 47.4  25 13
 45.8 335 13
 45.0 330 18
 42.7 275 14
 39.8 215 12
 38.4 270 14
 37.1 300 19
 35.1 325  6
 34.6 275 14
 33.5 260 17
 32.5 250 22
 29.9 220 14
 28.9 235 24
 26.6 255 28
 21.7 265 29
 20.7 270 39
 18.4 260 29
 17.2 245 40
 16.4 255 31
 15.7 260 39
 13.3 290 31
 12.5 295 24
 10.4 290 35
  9.5 295 23
  9.4 275 25
  9.1 275 17
  8.8 270 27
  8.5 280 17
  8.2 270 33
  7.3 320 19
  7.0 290 19
  6.7 315 22
D20130429.00
100.0  45 19
 70.0 110 26
 50.0  90 17
 30.0 225 12
 20.0 280 29
 10.0 340 20
 85.1 110 27
 80.7  75 31
 73.3 115 23
 67.6  80 29
 57.8 100 30
 54.9  75 24
 52.2 100 24
 47.4  80 19
 46.0 130  8
 44.5 220 19
 41.6 200 22
 40.2 170 21
 37.6 265 30
 32.9 295 23
 31.9 250 17
 28.9 245 12
 27.9 290  9
 25.1 265 16
 21.4 290 41
 20.7 285 30
 13.1 265 21
 12.4 275 33
  9.8 355 14
  8.9 305  6
  8.4 295  9
  7.4 270 16
  7.2 330 15
  6.8 295 20
  6.3 250 24
  5.8 210 26
  5.4 230 26
  5.2 190 25
D20130429.12
D20130430.00
100.0  15  8
 70.0 120 16
 50.0 110 24
 30.0 205 16
 20.0 250 35
 10.0 255 22
 90.1  75 27
 75.3 135 21
 72.0 135 15
 67.0  65 24
 60.5  95 41
 57.3  95 44
 54.1 135 42
 50.7 110 31
 48.3  85  4
 47.4 310  7
 45.8 295 14
 42.8 310 19
 41.3 335 13
 40.5   5 12
 39.9  10 13
 39.2 335 14
 38.6 335 17
 37.3 280  9
 36.5 235 17
 35.9 235 18
 34.8 245  6
 34.2 220  3
 33.6  90  4
 32.0 210 13
 31.0 230 19
 29.5 230  7
 28.0 295 13
 27.1 310 13
 26.3 280 21
 24.6 265 23
 21.7 245 36
 18.8 240 42
 16.9 245 34
 16.1 265 26
 14.7 270 31
 12.8 265 22
 11.7 285 11
 11.4 245 17
 10.7 230 23
 10.3 245 22
 10.0 255 22
  9.9 260 22
D20130430.12
