sing20150221.00
TTAA  71001 48698
99009 25016 06504 00093 25223 04509 92774 20214 05013
85505 19058 25508 70145 10876 13503 50587 06724 21002
40758 16957 10513 30968 32558 07513 25093 42757 08018
20240 54947 09026 15418 69339 08542 10652 74150 08017
88123 78334 10573
77114 10076 41484=
TTCC  71001 48698
70859 76574 28025 50053 71375 10023 30363 57379 10063
20621 50981 10064 10080 42183 28541
88999
77216 09571 41243=
TTDD  7100/ 48698
11982 73350 22951 73745 33915 74940 44866 74976 55841
76176 66668 77574 77563 75375 88461 74175 99437 71176
11431 70976 22426 70776 33393 66377 44372 63377 55367
62778 66336 59578 77314 57579 88271 56579 99215 53780
11193 47182 22157 48181 33150 49581 44136 50581 55125
48181 66118 45982 77107 44782 88099 41583 99095 39184
11083 37784 22080 36984
21212 11977 33005 22911 36020 33834 25520 44779 25533
55705 28026 66693 28524 77645 24520 88612 23004 99591
22013 11533 12006 22515 08517 33478 12026 44461 12534
55430 08050 66329 09556 77299 10063 88284 10057 99216
09571 11208 09571 22180 10517 33167 32509 44155 29526
55146 29012 66135 29021 77133 28027 88123 29031 99109
27540 11096 28533 22091 27548 33085 26553 44080 25053=
