sing20150211.00
TTAA  61001 48698
99011 23831 01005 00111 24046 02513 92789 19857 00521
85515 16028 31512 70148 09460 32501 50586 07314 15005
40758 14559 09016 30969 30558 13022 25096 40562 13517
20244 53758 10535 15423 66560 08036 10658 82350 27509
88999
77178 10559 42831=
TTCC  61001 48698
70859 75159 10004 50056 70376 17018 30364 56179 08561
20621 53980 09578 10081 43982 28045
88942 84559 17501
77198 10081 42254=
TTDD  6100/ 48698
11991 82556 22960 83759 33942 84559 44926 84557 55899
84356 66887 83356 77817 81160 88780 75359 99756 74558
11752 74158 22697 75159 33663 75976 44632 76376 55601
73776 66564 71176 77531 69176 88495 70576 99465 71775
11354 63977 22333 62578 33305 56379 44267 58379 55237
57179 66207 55180 77186 48981 88163 44982 99139 46382
11135 47182 22126 48581 33110 44982 44104 42983 55098
44582 66082 43183 77073 40183 88065 38984 99060 37184
11058 36585
21212 11955 20503 22843 03521 33760 05506 44724 02010
55676 10004 66644 06002 77602 16502 88504 17522 99472
09516 11443 13029 22413 10536 33347 10561 44201 09576
55198 10081 66191 11052 77172 07039 88164 05028 99161
01519 11155 35019 22144 30020 33136 30535 44125 27537
55123 28051 66104 28544 77083 31540 88080 31051 99069
33529 11066 31531 22063 29530 33058 29525=
