sing20150219.00
TTAA  69001 48698
99010 24006 03504 00104 23613 33506 92783 21018 32510
85512 16816 28511 70146 08015 35015 50585 05904 17002
40757 16117 13522 30967 31328 14525 25094 41521 15024
20241 54119 14539 15419 68922 12545 10653 84361 10047
88999
77141 11564 43032=
TTCC  69001 48698
70858 69144 23024 50057 73375 13506 30364 62978 09072
20620 53380 09596 10087 40184 27527
88894 86957 09546
77202 09598 41786=
TTDD  6900/ 48698
11959 85357 22947 85559 33913 86562 44894 86957 55873
85302 66868 83701 77846 76369 88814 73126 99795 72143
11786 72147 22760 68142 33742 67733 44706 68945 55677
70347 66625 70177 77522 72175 88509 73375 99450 69976
11408 68176 22388 66577 33365 67576 44340 65577 55299
62778 66271 56379 77241 57779 88195 49981 99181 45182
11168 37384 22156 39984 33145 42983 44140 44782 55128
42983 66116 41983 77115 41983 88112 42983 99102 39784
11096 41583 22086 39184
21212 11913 10050 22830 07531 33803 09024 44779 12007
55768 18510 66757 18018 77735 20522 88700 23024 99638
25038 11607 25032 22574 26516 33498 12506 44474 05516
55460 07032 66439 08044 77372 09569 88343 08067 99236
09582 11202 09598 22195 09586 33171 17517 44149 28538
55144 29547 66134 29039 77127 28046 88109 26539 99102
27023 11091 28549 22086 28532=
