sing20150711.00
TTAA  61001 48698
99007 28430 18004 00077 28031 21007 92765 23236 20517
85499 18444 27023 70142 10856 30028 50587 05356 28025
40759 14361 25512 30970 29547 30514 25097 40329 02508
20245 52757 08005 15425 67747 07542 10660 75349 12536
88112 78547 08575
77118 08093 44673=
TTCC  61001 48698
70865 73776 07032 50066 59578 09545 30389 56179 27534
20650 49381 25026 10110 43982 27526
88999
77999=
TTDD  6100/ 48698
11971 74550 22948 74750 33818 78175 44803 78575 55766
79775 66741 78775 77720 76976 88686 72577 99632 70376
11499 59379 22453 62978 33443 61378 44438 60978 55407
54780 66301 56179 77287 54180 88264 56179 99215 50981
11199 49381 22192 48381 33173 46982 44160 45782 55148
44182 66137 46582 77135 46782 88119 47182 99103 44782
11085 46382 22070 43383 33069 42983 44068 42983 55065
41583 66059 37984 77056 34985 88053 33585 99049 35585
11047 34185 22043 35385
21212 11911 11515 22824 27512 33755 04011 44724 08026
55571 10541 66479 10532 77437 10520 88361 26536 99333
29527 11298 27032 22288 28047 33237 28020 44193 25538
55143 27024 66126 25039 77094 28022 88074 12008 99073
26010 11070 28512 22069 04005 33065 08519 44061 07509
55059 13007 66058 08014 77051 05529 88043 07534=
