sing20150710.12
TTAA  60121 48698
99006 30458 19005 00063 29857 17507 92754 24050 21516
85490 19450 25524 70139 11458 27524 50587 04757 26517
40759 14358 20010 30971 29343 29508 25098 39541 33003
20247 52341 11507 15426 67936 07025 10661 76148 11550
88107 79943 09085
77110 08592 45883=
TTCC  60122 48698
70868 77575 08518 50066 67778 09541 30392 53582 26048
20655 49183 28022
88999
77999=
TTDD  6012/ 48698
11953 73941 22888 71541 33829 72939 44774 76168 55766
76176 66691 77975 77658 73776 88556 70177 99468 59980
11409 56181 22379 48783 33311 53382 44307 53182 55250
53382 66229 48183 77206 49583 88177 47383 99165 48583
11144 47383
21212 11954 13029 22941 14032 33903 16514 44869 21006
55812 29516 66755 35011 77745 01009 88685 09530 99668
10523 11624 08538 22598 07035 33547 08048 44492 10039
55484 09547 66469 11533 77441 14020 88433 12022 99397
11022 11357 25534 22340 27036 33282 26557 44273 26554
55263 27545 66250 27533 77241 27541 88222 29529 99214
27026 11206 29523 22196 27524 33177 26040 44165 26030
55159 26041=
