sing20150724.00
TTAA  74001 48698
99009 28230 20502 00097 28035 13507 92784 23250 11507
85518 18645 03005 70161 10658 08510 50588 04961 11016
40760 16360 09013 30969 32158 08026 25095 42160 07023
20243 52764 12523 15422 66361 13014 10659 76560 08037
88118 76559 10517
77999=
TTCC  74001 48698
70869 64763 05507 50070 60764 08547 30395 56180 26525
20657 52180 25022 10113 47581 25527
88999
77999=
TTDD  7400/ 48698
11949 77759 22881 79161 33797 67761 44746 65562 55714
64162 66675 65763 77549 73965 88543 73165 99518 66363
11494 59764 22477 57565 33460 53967 44421 52770 55363
57575 66334 56177 77275 53380 88242 49181 99234 50381
11217 52380 22188 51380 33172 48381 44166 46982 55140
48181 66117 49381 77104 47981 88093 43982 99087 42383
11077 43583 22074 42383 33059 40383 44058 40183
21212 11953 06552 22884 05540 33847 08538 44700 05507
55680 12008 66660 05504 77608 10005 88551 07518 99495
08551 11472 06023 22457 36008 33431 32508 44419 26016
55370 26053 66310 27527 77273 28019 88260 24507 99235
33014 11199 25022 22180 27534 33154 27555 44125 27531
55108 25510 66101 25527 77092 22507 88088 23520 99078
24505 11075 05013 22065 08516 33061 07544 44058 07035=
