sing20150720.12
TTAA  70121 48698
99006 30857 22003 00070 30657 12514 92761 23216 15512
85496 19858 13512 70145 10264 21009 50586 05161 10511
40758 15744 09011 30969 30527 07523 25097 39946 07016
20245 51943 06034 15425 66937 06066 10659 83535 11554
88999
77150 06066 42019=
TTCC  70121 48698
70864 61550 05524 50072 63979 07009 30392 51382 26026
20654 50982 27525 10113 44784 25523
88948 85342 09548
77999=
TTDD  7012/ 48698
11972 84756 22948 85342 33937 85132 44893 82956 55870
82350 66852 79556 77781 71750 88765 68146 99752 67140
11681 60550 22638 63179 33623 63979 44574 62179 55520
63379 66462 65179 77445 61379 88440 60780 99394 60380
11372 57380 22354 55781 33298 50782 44263 54381 55235
52782 66187 47383 77173 46383 88162 47983 99158 46783
11108 43784 22099 44984 33088 42984 44082 41785 55071
40785 66069 40585
21212 11890 07049 22705 06027 33673 34016 44603 31512
55539 35511 66530 03014 77482 11509 88460 14513 99391
04007 11368 35005 22355 25009 33332 28005 44321 22015
55306 26021 66287 25036 77264 24530 88228 28048 99205
29023 11179 21508 22173 22025 33157 25538 44116 25012
55112 22006 66099 26028 77096 26514 88093 21003 99091
09005 11087 33511 22083 03511 33080 09510 44076 06515
55071 13003 66069 26006=
