sing20180312.00
TTAA 62001 48698
99008 26627 03004 00098 25827 02011 92781 21221 02524
85511 17431 04018 70148 09862 09511 50587 05539 07004
40759 14740 11519 30971 29358 14509 25098 39763 13521
20246 53359 13030 15425 68756 10528 10658 81357 07016
88108 83340 10549
77999=
TTCC 62001 48698
70858 81560 29007 50052 64978 28516 30360 63976 09052
20615 54582 07567 10071 39591 09047
88999
77148 08581 41307=
TTDD 6200/ 48698
11691 81960 22626 76764 33613 76964 44540 76366 55498
64777 66437 68971 77354 69172 88327 64377 99279 63377
11211 53782 22195 54582 33158 50185 44129 50985 55123
49786 66114 41591 77100 39591 88096 36193 99080 37192
11076 36992 22064 26996 33055 28995
21212 11979 05510 22960 00504 33934 31010 44904 26516
55871 26521 66832 29010 77780 25502 88649 29010 99627
31520 11602 30513 22584 31514 33538 30504 44520 27510
55497 28516 66474 22510 77435 18516 88423 14013 99403
11021 11386 08020 22353 11035 33338 09541 44321 10556
55304 09052 66258 08563 77200 07567 88173 09072 99148
08581 11116 08577 22109 10054 33102 10047 44094 06031
55089 02017 66087 33511 77084 32513 88080 28010 99079
20001 11075 20505 22074 24010 33071 22529 44068 24530
55059 22532 66055 25023=
