sing20180323.12
TTAA 73121 48698
99005 29658 07507 00070 28858 04511 92758 23459 02515
85491 18250 04004 70128 09656 06014 50586 03166 08022
40759 13779 10512 30970 29965 13016 25097 41758 12518
20244 53556 17017 15423 68546 11038 10658 82545 07026
88999
77135 11560 43539=
TTCC 73121 48698
70859 76365 29529 50053 75366 24516 30363 57381 09557
20621 52783 08558 10085 38192 09055
88920 85944 09030
77124 09082 40519=
TTDD 7312/ 48698
11920 85944 22721 75766 33677 77764 44581 73567 55496
75566 66472 69972 77411 65775 88392 67574 99374 63177
11350 62577 22320 63577 33309 57981 44269 55781 55252
57380 66222 56581 77158 43788 88133 46587 99109 38992
11102 39791 22087 34193 33082 35393 44076 29795 55069
32394
21212 11959 06528 22912 09528 33875 15024 44830 18522
55757 21518 66739 24516 77724 28019 88687 29532 99651
31029 11600 30519 22575 24016 33544 22520 44516 25520
55479 22014 66459 18511 77452 15509 88445 13012 99423
10018 11405 11028 22371 06544 33351 08052 44287 10560
55243 08558 66192 09054 77124 09082 88113 09579 99094
08544 11089 09032 22087 10033 33082 08024 44078 08528
55073 11519 66069 07530=
