sing20180329.00
TTAA 79001 48698
99009 25808 09502 00103 25413 03005 92789 22638 14002
85521 17619 23008 70155 09041 30506 50587 05149 06514
40759 17526 05017 30968 30562 13015 25095 40558 15021
20243 53758 14025 15422 65162 09516 10660 77961 29515
88999
77999=
TTCC 79001 48698
70860 77765 03013 50057 70970 31015 30366 56979 10062
20624 53780 09070 10085 35590 09530
88801 83357 33007
77122 08085 41242=
TTDD 7900/ 48698
11801 83357 22752 82559 33642 73568 44574 74367 55432
67372 66392 69171 77370 64774 88345 66973 99289 56379
11265 57778 22143 49583 33111 36790 44097 35591 55090
37390 66077 31394 77054 28795 88053 25996 99046 25197
11044 21798 22043 21998
21212 11948 25512 22865 31011 33848 30510 44737 03010
55716 03015 66686 02510 77663 03001 88608 23510 99600
23512 11573 28511 22544 23514 33524 22012 44521 22010
55509 29510 66501 31015 77479 30517 88464 32022 99457
33517 11448 01010 22440 08504 33433 14510 44422 14518
55398 10517 66376 08541 77310 09562 88277 10061 99251
08566 11154 08568 22122 08085 33110 06057 44102 08533
55100 09530 66097 13027 77093 15026 88087 15519 99082
13021 11080 13010 22078 08003 33077 01010 44073 03512
55071 02014 66069 32516 77067 30013 88063 29022 99060
30514 11058 29010 22057 30004 33052 32018 44050 01011
55048 33523 66046 33016 77045 34510 88045 31011 99044
29010 11043 35006=
