sing20180319.12
TTAA 69121 48698
99005 29857 08006 00071 29057 05509 92760 22819 02511
85494 18811 26003 70141 11066 29005 50587 04362 05510
40760 15369 04007 30970 30564 05011 25097 41560 12513
20244 53760 10519 15423 67957 12055 10660 80950 16012=
TTCC 69121 48698
70859 77565 35016 50056 71569 24521 30360 65775 09558
20615 52983 09065 10081 33194 11530
88873 85544 18519
77228 09075 40909=
TTDD 6912/ 48698
11873 85544 22799 83159 33749 77564 44664 75965 55654
76166 66621 71770 77455 73967 88317 66374 99303 66974
11249 57180 22165 49184 33152 44188 44098 32794 55091
35593 66070 35993 77060 30395
21212 11946 14015 22901 16020 33872 18519 44841 17019
55820 18016 66787 16010 77766 08004 88747 01510 99719
02010 11666 36022 22653 01015 33644 01010 44625 33503
55600 26511 66582 25519 77530 28523 88510 25018 99473
25026 11461 25019 22441 22510 33421 28502 44401 10510
55353 07037 66328 09050 77254 09569 88228 09075 99157
09069 11148 07569 22121 10069 33110 11059 44101 12035
55096 09520 66095 08517 77091 04517 88089 03518 99085
02011 11080 33507 22079 29012 33073 29027 44070 29516=
