sing20180331.00
TTAA 81001 48698
99009 25406 33002 00100 25617 06005 92786 23656 33506
85521 18630 28512 70158 09261 02512 50587 05178 05013
40759 15959 06010 30969 31370 10009 25095 42522 18515
20243 53936 13527 15422 66958 28039 10657 82740 01521
88999
77999=
TTCC 81001 48698
70858 71373 31508 50056 71969 24018 30363 60379 10563
20622 53182 08580 10086 32394 05524
88896 84548 05013
77134 09093 41734=
TTDD 8100/ 48698
11896 84548 22813 84757 33678 68574 44596 72568 55515
72769 66436 67773 77372 70371 88329 68174 99301 60579
11244 53382 22192 53182 33153 48785 44152 48985 55128
43189 66105 31794 77093 34993 88086 31794 99078 35593
11062 27996 22060 28196
21212 11964 04517 22885 05012 33865 04517 44818 07528
55798 08516 66773 14511 77745 13510 88715 00000 99696
30510 11686 29017 22641 30032 33532 27022 44504 24019
55467 24023 66448 24510 77439 31003 88414 04010 99406
04014 11394 09018 22379 10021 33338 08536 44309 10063
55298 10563 66267 09569 77157 08577 88134 09093 99124
08589 11108 09540 22103 07529 33100 05524 44095 04523
55088 10017 66083 15506 77081 17510 88080 17010 99077
22510 11073 23524 22070 25511 33068 24016 44066 25514
55061 23518 66060 24516=
