sing20180323.00
TTAA 73001 48698
99007 26219 08502 00081 25825 07005 92765 22257 06012
85498 18650 09509 70137 10067 04519 50585 05360 07011
40757 13773 02511 30969 29960 18005 25096 41160 15512
20243 53758 13017 15421 68935 13036 10656 81756 04538
88999
77125 12059 42355=
TTCC 73001 48698
70857 80162 24016 50053 74569 26516 30361 58785 09559
20622 51987 09067 10083 38992 08551
88919 84156 05531
77120 08582 40921=
TTDD 7300/ 48698
11919 84156 22834 77563 33729 81561 44592 70572 55498
74569 66397 69774 77368 64980 88344 65980 99315 59385
11266 52987 22228 54586 33128 42790 44114 43790 55099
38792 66084 41591 77077 40991 88071 30995
21212 11968 04543 22928 05034 33888 08020 44872 10512
55843 20003 66824 25510 77796 23022 88763 22029 99730
22023 11702 23516 22683 27513 33679 28014 44641 30527
55615 30523 66596 27017 77557 25022 88530 27021 99504
27017 11488 23510 22464 26010 33450 17502 44436 10510
55414 12523 66382 11535 77357 08047 88321 09562 99285
09556 11120 08582 22109 08068 33095 09043 44087 13036
55079 09515 66071 09026=
