sing20180311.00
TTAA 61001 48698
99008 26224 06503 00097 25628 03008 92781 21016 04023
85510 17223 07020 70149 10058 08018 50587 05158 11012
40760 14363 11014 30971 29356 17507 25099 39757 16011
20247 52365 14526 15426 68544 12012 10659 80959 07020
88116 81347 09027
77999=
TTCC 61001 48698
70859 80960 22511 50053 70969 27508 30360 60978 09555
20614 56779 09565 10070 41188 06044
88930 82358 34503
77121 08581 41427=
TTDD 6100/ 48698
11930 82358 22868 82958 33626 81560 44566 75167 55555
71370 66509 70370 77426 72968 88395 66574 99356 64775
11329 66574 22288 58379 33254 60377 44157 52182 55139
46185 66060 31594
21212 11956 06510 22933 01003 33916 30510 44869 29525
55751 20519 66687 22011 77659 25510 88640 24010 99602
30010 11585 28510 22561 35510 33552 34013 44540 35511
55433 00000 66404 07510 77383 07025 88363 10540 99275
09064 11267 10066 22258 10566 33236 09063 44190 10066
55142 08567 66121 08581 77093 06028 88088 03521 99084
35534 11084 06012 22081 09517 33076 07525 44074 09518
55070 17017 66066 19016 77064 23012 88063 23010 99062
26010 11061 26510 22060 13505=
