sing20180302.00
TTAA 52001 48698
99007 26214 08003 00086 25819 04009 92770 22433 35010
85504 18828 27005 70149 09448 30509 50587 05372 02017
40759 16736 07508 30969 30534 17510 25096 41313 17013
20243 54532 12018 15421 69756 12015 10652 85532 09539
88999
77999=
TTCC 52001 48698
70855 76964 25021 50050 71968 30013 30352 64176 09049
20606 57380 09073 10060 36193 08049
88991 85934 09537
77122 08597 41631=
TTDD 5200/ 48698
11991 85934 22914 83358 33852 76764 44801 76165 55740
74966 66677 77963 77596 77364 88551 71369 99513 74166
11485 70570 22360 73368 33243 56180 44214 59778 55173
56780 66163 52183 77140 52382 88123 47985 99118 41790
11109 40390 22102 35793 33078 33394 44062 39591 55052
33194
21212 11962 08526 22940 07528 33888 07539 44834 08510
55822 05005 66804 34010 77772 36010 88757 31004 99742
25510 11700 25021 22686 24518 33610 30019 44577 28010
55556 32012 66517 33012 77502 30012 88489 30014 99477
32513 11460 31010 22449 00000 33434 13010 44418 12016
55409 13520 66394 15020 77370 13520 88353 10521 99329
11540 11309 09551 22302 09049 33223 09071 44212 10071
55183 08573 66167 09090 77127 08583 88122 08597 99118
09081 11108 09578 22095 07531 33086 10510 44085 20002
55083 28010 66078 28512 77074 30514 88071 35020 99060
02035 11057 03030 22055 03023 33054 01019 44052 02526=
