sing20180301.00
TTAA 51001 48698
99007 25816 08003 00088 25622 00506 92772 21426 01010
85503 17211 32010 70141 09244 29005 50586 04959 32010
40757 16759 35004 30968 30164 35508 25095 41161 06502
20243 53348 11016 15421 69128 09531 10652 84349 09537
88103 87340 10051
77999=
TTCC 51001 48698
70854 76564 29015 50049 73967 31508 30353 60979 09047
20606 58580 09572 10058 36792 10047
88999
77116 09091 41245=
TTDD 5100/ 48698
11823 82763 22812 77366 33790 72569 44707 76565 55644
74166 66592 77363 77524 73767 88417 75566 99371 67375
11285 60379 22261 61578 33139 52583 44130 53383 55107
38192 66098 35993 77073 31994 88066 35793 99055 37392
11052 36992
21212 11954 07524 22923 03011 33905 02011 44880 07511
55833 06013 66817 08013 77810 08010 88796 02005 99775
33010 11724 29016 22700 29015 33675 23516 44663 22517
55578 26022 66542 26512 77534 25010 88518 26005 99495
32510 11467 35013 22448 34011 33421 01506 44405 09012
55325 11053 66313 10557 77297 09047 88268 09544 99249
09064 11233 09550 22218 10065 33210 09550 44198 09574
55187 08555 66174 08065 77131 09086 88125 09073 99116
09091 11111 08568 22102 09548 33088 12036 44084 11031
55078 11017 66077 11510 77076 18503 88071 33010 99068
32520 11066 34017 22064 03013 33061 06517 44057 05525
55054 10521 66052 11020=
