sing20180306.00
TTAA 56001 48698
99007 26420 07503 00089 25824 04004 92773 22656 04003
85505 18659 33006 70148 10256 12008 50587 05157 09018
40759 14950 08021 30970 29762 10518 25097 40757 11515
20245 52761 13517 15424 68539 11032 10656 85140 08533
88109 84330 10543
77999=
TTCC 56001 48698
70856 76365 27013 50050 77563 22511 30356 55180 09562
20615 52381 09063 10072 44386 08053
88999
77261 09075 41505=
TTDD 5600/ 48698
11911 85950 22802 78163 33756 78963 44688 74366 55491
77963 66396 73169 77364 64376 88333 62776 99306 54781
11274 57778 22187 50383 33155 50982 44142 46585 55094
43587 66088 46185 77085 44187 88079 45785 99067 35991
11058 32993 22045 27796 33042 28595
21212 11948 06032 22888 07023 33852 12025 44809 11010
55796 08506 66786 04510 77756 03019 88727 03010 99715
34505 11704 28510 22691 25519 33652 27027 44630 25530
55570 23022 66533 25015 77511 24512 88491 22510 99471
00000 11442 09510 22430 13013 33390 11034 44377 08038
55359 10047 66333 08058 77322 08565 88301 09561 99282
08064 11261 09075 22197 09062 33140 09066 44117 07569
55104 09055 66101 08055 77093 05029 88086 08524 99083
07512 11082 09009 22080 11510 33078 08514 44076 09012
55073 07010 66071 11006 77069 13011 88066 13026 99061
10508 11060 12512 22057 09017 33052 07032 44049 03527
55042 07027=
