sing20231026.12
TTAA  76111 48698
99007 30457 23502 00097 29850 15002 92789 23418 11008
85522 19456 16516 70172 11250 11014 50589 05133 06508
40762 15539 08506 30973 30160 05512 25100 40762 06019
20248 53350 08031 15427 65558 29510 10665 78159 27521
88999
77999=
TTCC  76111 48698
70868 73760 25021 50065 66172 13016 30375 60379 10043
20631 55584 09054 10092 39389 09056
88813 84149 34516
77139 09068 40808=
TTDD  7611/ 48698
11813 84149 22780 81156 33764 75761 44739 72561 55605 76962
66537 69169 77492 65573 88431 69572 99404 69372 11380 64177
22336 64376 33311 60579 44289 61778 55197 55584 66167 50786
77157 46787 88144 43388 99111 41988 11091 35990 22079 35390
33074 34191 44065 31791 55055 35597
21212 11915 27025 22868 29021 33807 34514 44782 30004 55770
20504 66728 23521 77556 01021 88531 08018 99509 12018 11494
12014 22454 18025 33439 18529 44391 10529 55380 06029 66341
09541 77304 10045 88251 08053 99233 09558 11182 08060 22139
09068 33092 08554 44084 05523 55076 05010 66073 11508 77071
24010 88070 26514 99069 26514 11067 22018 22063 25035 33055
25545=
