sing20231006.00
TTAA  56001 48698
99009 28242 21003 00115 27431 12008 92803 23443 16510
85542 19450 17012 70186 09244 11519 50590 05540 10510
40761 13774 06012 30974 29577 14516 25101 39763 35506
20250 52741 02018 15429 66556 07029 10668 75361 33506
88999
77999=
TTCC  56001 48698
70872 70565 07004 50073 64373 28014 30388 57778 07560
20643 55582 09058 10095 43980 09072
88909 80358 05016
77106 09074 41302=
TTDD  5600/ 48698
11909 80358 22848 78159 33801 80557 44755 78358 55713 71165
66615 72766 77576 71767 88559 67970 99527 64173 11387 65774
22371 61777 33341 61376 44332 57980 55257 59779 66216 58780
77147 48584 88104 45180 99095 43380 11088 38580
21212 11953 03008 22887 05010 33834 30504 44816 31006 55801
34504 66785 33010 77748 04514 88724 02012 99701 06504 11691
17506 22685 19508 33648 23514 44611 24016 55591 27012 66554
28019 77525 31519 88513 29018 99494 28516 11459 23516 22445
26010 33435 25006 44418 29508 55409 01006 66403 01506 77390
09514 88382 11019 99335 07537 11318 09054 22286 08062 33260
11056 44237 08560 55192 10060 66154 08556 77140 08570 88106
09074 99094 09574 11091 09074 22089 09074 33088 09572=
