sing20231005.00
TTAA  55001 48698
99009 28037 25502 00115 27221 11506 92797 24262 14008
85536 18634 20004 70177 09828 00504 50590 05158 08510
40762 15364 04516 30975 29581 11014 25102 40971 11019
20250 52566 07525 15430 64956 09053 10668 74958 21504
88116 76737 09064
77129 08578 42946=
TTCC  55001 48698
70872 79758 29521 50072 65975 35006 30385 59979 10054
20643 53383 08564 10103 40386 08553
88420 66575 18018
77999=
TTDD  5500/ 48698
11917 77957 22843 76759 33773 79758 44686 80557 55636 71964
66477 63178 77420 66575 88360 66375 99346 62379 11273 58980
22248 54583 33189 52783 44141 47385 55124 42588 66103 39987
77084 43784 88075 44185 99061 33590
21212 11982 28004 22942 29516 33885 27531 44844 27523 55778
24527 66669 30018 77650 33010 88622 28519 99608 31516 11591
32518 22574 30018 33542 33018 44500 35006 55494 08506 66478
14021 77438 19023 88407 17014 99396 10014 11380 06512 22368
06014 33350 08527 44304 10054 55288 09058 66255 10564 77203
08562 88187 10064 99142 08056 11123 09551 22098 08551 33083
07560 44082 07566 55071 08053 66066 07553 77061 11035=
