sing20231003.12
TTAA  53101 48698
99008 28456 22003 00106 27847 00000 92794 23039 23014
85527 18015 25012 70175 10647 27514 50590 04133 06518
40763 14758 05018 30975 29563 07023 25103 39550 05537
20251 51744 06037 15431 66959 07562 10669 72961 30508
88121 76956 08089
77124 08091 42581=
TTCC  53101 48698
70875 74362 25521 50074 68570 27514 30386 60582 09560
20640 55185 08068 10101 40789 08554
88848 78159 28027
77999=
TTDD  5310/ 48698
11848 78159 22758 73962 33644 74163 44559 70968 55542 67371
66456 68972 77415 64576 88371 65576 99323 59782 11274 60782
22221 58384 33183 50186 44166 46587 55118 44588 66092 36990
77067 33591 88056 36790 99052 33791 11044 31999
21212 11927 27531 22864 28531 33814 26023 44771 27523 55709
25525 66618 29510 77595 26019 88573 27018 99519 24018 11488
28016 22459 01012 33429 07021 44396 13014 55387 11514 66372
13014 77359 08516 88326 10049 99282 11066 11249 07572 22208
08064 33194 08576 44153 10062 55109 08056 66094 09558 77072
09553 88066 12531 99058 13018 11054 08010 22053 29508 33049
30014 44047 27510 55046 31014 66045 32010 77044 00510=
