sing20140729.00
TTAA  79001 48698
99007 28841 18004 00075 28230 15009 92764 22414 15514
85496 17802 19007 70138 08009 26518 50586 04544 30009
40759 14558 20007 30970 31346 11512 25097 40937 04536
20244 53335 06058 15423 67929 08073 10660 73550 04010
88107 78538 09531
77150 08073 42232=
TTCC  79001 48698
70868 71527 26032 50069 64726 12007 30386 59126 09559
20644 52530 09064 10098 46131 08068
88999
77082 09576 418//=
TTDD  7900/ 48698
11976 723// 22947 731// 33871 767// 44854 775// 55822
743// 66817 737// 77800 715// 88795 715// 99765 709//
11746 715// 22573 677// 33560 663// 44528 651// 55485
661// 66467 647// 77435 589// 88380 629// 99362 617//
11306 591// 22254 565// 33237 549// 44221 533// 55173
517// 66130 491// 77119 463// 88092 475// 99086 489//
11072 469//
21212 11977 01014 22938 02516 33903 00515 44874 36014
55861 36014 66834 10506 77778 22036 88707 26032 99625
26530 11605 28026 22577 27515 33508 12507 44476 25502
55433 06032 66387 09542 77235 09558 88227 10058 99218
10558 11201 09065 22173 08559 33119 10054 44103 08567
55094 08072 66088 08065 77082 09576 88079 11048 99077
08560 11076 10568 22074 10058=
