sing20140711.00
TTAA  61001 48698
99007 27628 18004 00076 27020 16504 92763 23019 10510
85498 18414 01003 70145 11245 30516 50587 06126 29524
40759 14133 12006 30971 30140 09525 25098 40331 06023
20246 53533 05523 15424 69129 07532 10660 785// 12060
88100 78542 12060
77101 12062 42772=
TTCC  61001 48698
70867 695// 35510 50072 655// 26523 30385 607// 09550
20641 553// 08567 10096 421// 08074
88999
77091 08085 40849=
TTDD  6100/ 48698
11990 785// 22956 767// 33924 761// 44878 751// 55868
757// 66825 767// 77813 767// 88759 709// 99746 709//
11685 669// 22660 657// 33607 643// 44508 655// 55390
645// 66344 631// 77308 607// 88273 591// 99251 569//
11194 523// 22163 505// 33149 495// 44133 479// 55110
441// 66109 441// 77099 419// 88087 355// 99064 369//
11057 335// 22054 349// 33053 351//
21212 11967 10539 22899 05015 33866 00515 44810 33016
55785 35011 66738 30516 77715 34015 88693 36008 99673
05512 11652 24502 22632 24017 33612 25007 44592 26519
55573 25020 66538 25528 77488 27520 88472 29019 99426
01507 11399 06519 22392 08518 33378 07523 44357 08532
55323 09539 66297 09552 77227 08056 88196 08571 99186
08563 11150 10570 22125 09566 33121 09074 44091 08085
55081 09556 66080 10049 77070 32503 88069 28008 99068
28513 11065 28508 22064 34003 33063 01008 44060 04512
55059 07024 66058 07032 77054 11529=
