sing20140702.00
TTAA  52001 48698
99008 27215 07001 00088 27017 17002 92777 23647 15514
85512 19442 23503 70157 09635 26506 50588 05332 36013
40760 14356 06012 30971 30959 07519 25098 41357 08526
20245 53545 08547 15425 66150 09547 10661 79137 05004
88999
77166 08065 41837=
TTCC  52001 48698
70870 667// 26517 50073 651// 21510 30385 603// 09564
20648 485// 09558 10109 441// 11551
88950 80756 03007
77108 08575 43521
77091 10072 41264=
TTDD  5200/ 48698
11973 79950 22960 80356 33950 80756 44925 791// 55906
767// 66902 765// 77850 715// 88832 719// 99762 697//
11744 667// 22629 679// 33601 667// 44584 667// 55510
651// 66464 667// 77433 677// 88389 645// 99341 593//
11314 615// 22286 571// 33264 519// 44222 473// 55201
485// 66163 473// 77142 463// 88109 439// 99093 459//
11083 389// 22078 399// 33069 417// 44063 395//
21212 11977 06504 22931 02011 33872 18512 44814 11509
55765 07008 66740 01504 77728 28508 88678 28523 99604
26026 11566 27014 22513 24017 33495 18507 44468 09016
55436 13514 66413 14013 77378 07540 88358 08041 99352
09054 11327 08569 22289 09561 33238 09072 44221 10055
55170 08563 66143 08044 77128 07537 88119 09058 99112
09069 11108 08575 22098 11048 33091 10072 44086 11548
55080 09013 66078 17008 77074 22508 88069 22012 99065
12015 11064 08519 22063 10014=
