sing20140710.00
TTAA  60001 48698
99006 28232 18003 00068 27418 15009 92752 21837 18010
85485 19450 27005 70130 10650 29007 50586 05515 27516
40758 15713 24504 30969 29132 07036 25096 39738 06534
20245 52333 06043 15424 68132 06562 10658 741// 09532
88111 80942 07594
77109 07595 42799=
TTCC  60001 48698
70868 703// 26027 50071 633// 26014 30387 595// 10052
20647 531// 09054 10104 427// 09584
88999
77087 10091 41884=
TTDD  6000/ 48698
11960 721// 22950 717// 33830 727// 44762 705// 55756
705// 66676 717// 77624 681// 88575 665// 99534 641//
11528 637// 22488 633// 33470 643// 44437 613// 55433
605// 66393 607// 77369 627// 88355 615// 99320 603//
11294 589// 22278 553// 33264 535// 44248 521// 55197
531// 66177 541// 77151 515// 88132 451// 99121 435//
11120 423// 22106 419// 33094 435// 44085 447// 55082
403// 66077 349// 77075 337// 88072 353// 99069 363//
11065 375// 22061 363// 33057 325// 44053 319//
21212 11909 19023 22857 23529 33811 25021 44738 25528
55715 26526 66693 26026 77672 27024 88652 27009 99632
28016 11613 27014 22594 26513 33576 26515 44559 28013
55544 26507 66537 28009 77515 27019 88467 22505 99460
22010 11433 05520 22404 09034 33343 09034 44332 09047
55297 10054 66237 09043 77222 09553 88126 09072 99122
08579 11114 09069 22100 09585 33096 10081 44087 10091
55081 08056 66079 06039 77073 00520 88069 32010 99068
33005 11067 28007 22066 34007 33064 24009 44060 27030
55058 29529 66054 30020=
