sing20140707.00
TTAA  57001 48698
99007 29239 22003 00079 28419 20508 92769 23217 20514
85503 18014 22515 70143 09230 19508 50587 03775 11004
40759 14758 08025 30971 29756 03016 25098 39750 04026
20247 52557 06025 15426 68150 07048 10662 781// 07544
88122 76956 07587
77120 07593 44050=
TTCC  57001 48698
70871 727// 26518 50073 645// 23509 30388 597// 09561
20647 509// 09569 10108 427// 08067
88999
77087 09081 41634=
TTDD  5700/ 48698
11918 773// 22864 729// 33836 687// 44821 691// 55795
703// 66714 731// 77637 687// 88541 659// 99490 639//
11400 631// 22362 617// 33349 605// 44305 593// 55294
605// 66275 567// 77245 519// 88233 529// 99230 531//
11214 527// 22206 511// 33159 483// 44147 469// 55136
453// 66124 421// 77121 409// 88098 429// 99083 407//
11074 433// 22070 393// 33064 377// 44058 347// 55053
391// 66051 373// 77047 377//
21212 11925 09531 22851 19008 33819 25518 44756 27033
55720 28026 66688 24514 77667 26026 88581 29505 99564
22505 11555 24512 22538 24018 33495 24511 44464 30004
55457 01011 66423 05522 77403 08026 88353 08548 99329
09046 11311 09557 22287 09063 33244 09551 44203 09572
55189 09063 66144 10056 77132 09563 88130 09057 99119
09063 11109 09556 22095 08579 33087 09081 44084 09065
55078 07048 66076 08055 77069 04541 88067 04020 99064
36024 11063 33518 22062 35016 33061 29010 44059 28007
55055 24019 66051 27531 77047 29515=
