sing20131015.00
TTAA  65001 48698
99011 25044 28501 00107 26850 17504 92791 21819 23513
85523 17201 20516 70157 08007 26515 50587 05905 24015
40759 15316 19013 30970 29736 15007 25098 39950 18005
20246 52556 08014 15425 67956 08551 10659 80160 07054
88999
77114 08576 42027=
TTCC  65003 48698
70866 723// 23514 50068 639// 24521 30387 555// 28026
88965 81758 07056
77999=
TTDD  6500/ 48698
11989 80560 22965 81758 33924 779// 44888 751// 55856
727// 66759 745// 77699 723// 88692 719// 99645 713//
11615 663// 22604 667// 33560 685// 44539 681// 55498
639// 66451 619// 77438 629// 88378 597// 99367 577//
11330 553// 22281 573// 33247 537// 44228 539//
21212 11945 07057 22920 08040 33873 32501 44853 26511
55834 27521 66776 27021 77711 21006 88697 24015 99679
24021 11652 30012 22623 33511 33519 24014 44490 23026
55445 26518 66428 24518 77381 24026 88351 26037 99307
29035 11294 27523 22278 24526 33262 25540 44253 26023
55245 24523 66240 25534 77228 26537=
