sing20131013.00
TTAA  63001 48698
99007 27650 26002 00079 27844 24503 92765 21814 26517
85497 18848 27525 70139 09223 29513 50586 05731 23510
40758 15750 10009 30969 29758 13510 25096 41134 14507
20244 53156 07010 15423 67739 06548 10656 813// 09575
88104 84350 08583
77114 07085 42356=
TTCC  63001 48698
70863 719// 30512 50068 635// 27027 30385 573// 28527
20642 547// 26522 10096 495// 18010
88999
77999=
TTDD  6300/ 48698
11992 803// 22954 787// 33926 759// 44913 759// 55893
745// 66863 729// 77843 713// 88774 737// 99710 729//
11670 691// 22603 629// 33529 621// 44510 633// 55503
633// 66486 643// 77434 657// 88393 637// 99361 571//
11336 561// 22334 561// 33332 559// 44300 573// 55292
571// 66247 591// 77235 537// 88232 535// 99226 543//
11168 457// 22159 471// 33143 495// 44134 507// 55120
495// 66097 483// 77090 437// 88086 405// 99074 419//
11070 403// 22061 367//
21212 11914 10029 22886 08021 33845 14001 44820 27509
55730 31015 66567 26509 77516 27528 88437 27509 99384
06503 11378 00000 22365 34512 33336 27016 44285 29537
55232 29524 66182 24031 77173 27520 88155 30029 99117
28514 11113 35004 22111 00506 33103 16009 44099 18511
55096 17016 66088 28503 77086 01505 88083 07504 99077
11512 11075 15510 22070 10535 33061 08038=
