sing20131009.00
TTAA  59001 48698
99009 25856 32002 00093 25030 31505 92779 23257 19007
85512 18257 19511 70143 06609 25515 50585 06915 22015
40756 16512 04010 30967 30562 09012 25093 40957 04011
20241 53550 04525 15419 69938 09040 10652 795// 10023
88109 79334 08528
77128 09066 43035=
TTCC  59002 48698
70862 689// 25039 50063 689// 22522 30381 589// 28525
20639 511// 21020
88999
77999=
TTDD  5900/ 48698
11986 797// 22933 809// 33915 795// 44903 781// 55870
729// 66862 727// 77845 711// 88837 701// 99695 693//
11677 699// 22605 711// 33569 689// 44454 623// 55433
601// 66404 605// 77367 561// 88326 587// 99287 571//
11283 569// 22258 569// 33244 557// 44228 569// 55211
551// 66188 477// 77173 493// 88171 497// 99164 493//
11125 503// 22123 503// 33118 503// 44101 507//
21212 11885 14019 22834 16019 33803 14509 44788 20509
55773 24020 66746 26028 77644 26541 88591 26028 99538
27524 11512 23519 22439 29523 33405 29019 44380 25510
55355 23534 66349 23538 77321 26026 88295 29528 99279
32039 11255 33520 22246 02514 33233 07017 44221 08005
55213 11511 66209 18005 77206 22514 88199 20522 99185
22054 11172 22058 22147 25543 33141 26040 44119 28534
55115 28542 66108 31042 77101 32027=
