sing20131007.12
TTAA  57121 48698
99005 32057 26502 00060 30660 20505 92752 24657 22504
85488 19458 18512 70131 08431 26523 50585 03581 07006
40757 14563 07505 30968 30550 05527 25095 40757 03525
20242 53756 06028 15421 66556 08040 10657 785// 31008
88106 79947 03008
77999=
TTCC  57121 48698
70863 679// 06507 50066 659// 26520 30383 559// 24024
20641 555// 33018 10101 437// 24523
88999
77999=
TTDD  5712/ 48698
11960 801// 22939 809// 33934 809// 44886 781// 55871
745// 66831 747// 77786 711// 88749 725// 99738 725//
11722 699// 22714 687// 33697 677// 44671 647// 55622
681// 66560 689// 77533 669// 88490 657// 99420 643//
11399 619// 22363 609// 33343 589// 44312 565// 55288
547// 66242 557// 77239 559// 88230 557// 99201 559//
11180 541// 22151 459// 33144 437// 44137 423// 55127
413// 66087 473// 77070 459// 88066 429// 99059 369//
11058 365//
21212 11965 29511 22886 35003 33830 33015 44815 35515
55787 01016 66749 34510 77715 05014 88692 12003 99647
28019 11606 26025 22579 26020 33464 24030 44415 28021
55348 29016 66309 23015 77290 23535 88206 33024 99186
34519 11180 00519 22159 10516 33151 20005 44149 19013
55142 24522 66135 25034 77086 27514 88077 35016 99076
01011 11073 06029 22069 09526 33058 08063=
