sing20131011.00
TTAA  61001 48698
99009 27056 35502 00097 27239 00000 92783 22018 17501
85515 17824 04501 70151 08000 32515 50586 06119 01011
40758 15140 14007 30969 31132 15507 25095 40923 05508
20243 53734 08006 15421 69126 08540 10656 80111 09517
88999
77127 08568 42848=
TTCC  61001 48698
70863 717// 29532 50063 645// 20507 30384 557// 08506
20644 555// 30038 10094 473// 22021
88967 81311 08015
88648 731// 30518
77999=
TTDD  6100/ 48698
11967 81311 22911 815// 33878 817// 44868 813// 55836
737// 66801 691// 77793 695// 88648 731// 99635 727//
11620 715// 22554 671// 33524 643// 44486 619// 55452
587// 66436 581// 77428 567// 88373 583// 99361 597//
11348 609// 22321 587// 33307 575// 44300 557// 55283
525// 66207 553// 77168 525// 88158 507// 99152 495//
11131 517// 22111 503// 33110 503// 44109 495// 55101
475// 66094 425// 77081 435// 88080 435// 99074 451//
11069 403// 22061 383// 33054 367// 44053 335//
21212 11896 04015 22845 08017 33798 28514 44743 28035
55647 31018 66576 25503 77567 17507 88550 21012 99489
17513 11452 22022 22366 30025 33328 36011 44319 36006
55314 04514 66296 18004 77272 23024 88221 29039 99169
26013 11158 18014 22140 22518 33112 13506 44108 20519
55091 27005 66085 33506 77081 01008 88077 07510 99071
10035 11058 08562 22053 09056=
