sing20131007.00
TTAA  57001 48698
99008 25256 30003 00088 24839 29006 92772 23858 24519
85505 19064 21012 70139 08264 13511 50584 06330 21004
40756 15159 12019 30966 31358 06021 25093 41335 04037
20240 53941 05027 15418 68939 08041 10655 775// 28509
88126 75338 10525
77999=
TTCC  57001 48698
70861 693// 31516 50065 649// 29516 30384 559// 29511
20643 551// 30038 10097 455// 22528
88999
77999=
TTDD  5700/ 48698
11994 777// 22919 779// 33887 795// 44842 763// 55791
775// 66772 725// 77769 721// 88760 711// 99752 701//
11731 691// 22665 671// 33649 679// 44619 661// 55605
649// 66559 655// 77535 659// 88497 647// 99431 621//
11408 583// 22380 611// 33375 611// 44354 583// 55321
555// 66258 539// 77216 555// 88172 543// 99155 499//
11144 461// 22141 451// 33132 469// 44130 471// 55104
457// 66098 443// 77071 459// 88065 395// 99060 379//
11058 371//
21212 11934 03003 22873 07510 33741 33510 44623 30023
55604 33020 66473 26018 77451 21012 88393 24042 99353
27523 11342 25515 22315 31006 33290 27018 44277 30516
55215 28036 66208 29039 77176 33537 88163 01524 99151
06010 11129 16021 22122 20024 33112 23035 44108 20526
55098 23029 66088 25508 77087 29504 88083 34505 99080
05008 11075 08027 22073 09033 33070 11026 44066 07541
55058 09050=
