sing20131004.12
TTAA  54121 48698
99006 30656 20005 00070 30460 18501 92760 23850 27007
85495 19662 24512 70136 08439 24516 50586 04547 11009
40758 15936 08510 30969 30561 07521 25096 41160 07523
20243 53560 07537 15422 67757 08565 10659 76557 31519
88999
77133 07576 42158=
TTCC  54121 48698
70862 723// 28005 50065 653// 25030 30382 589// 27033
20640 523// 24531 10096 433// 30011
88832 82757 31013
77999=
TTDD  5412/ 48698
11966 77757 22887 81159 33832 82757 44821 813// 55789
765// 66739 777// 77652 661// 88561 681// 99551 677//
11515 645// 22473 629// 33423 607// 44349 619// 55330
609// 66327 607// 77297 581// 88276 551// 99262 565//
11216 533// 22201 523// 33170 501// 44128 483// 55125
471// 66119 457// 77110 435// 88106 423// 99098 437//
11087 411// 22080 439// 33073 417// 44068 437// 55066
427// 66061 377// 77054 367// 88051 369//
21212 11877 30013 22848 31514 33714 26503 44691 30005
55668 25516 66634 25033 77583 28536 88555 28522 99537
26007 11528 24511 22512 25027 33457 26033 44421 28040
55359 26536 66319 25533 77266 30539 88253 31526 99219
27520 11202 24528 22189 24033 33144 29534 44139 29530
55132 28529 66127 28518 77125 27024 88121 26517 99111
31011 11107 26508 22104 28014 33099 32512 44095 33507
55094 33505 66092 01503 77088 17507 88084 08007 99082
08510 11081 04007 22078 08027 33076 10033 44071 08056
55062 09552 66059 09065 77054 09056 88051 08057=
