sing20131008.00
TTAA  58001 48698
99008 27257 18002 00087 27445 26002 92776 23857 20515
85510 18856 23517 70148 08426 25016 50585 07129 29507
40757 15560 01507 30968 31350 09522 25094 41558 06021
20241 54349 03020 15419 69145 08539 10654 77944 26510
88999
77999=
TTCC  5800/ 48698=
TTDD  5800/ 48698
11974 78337 22940 77739 33896 78950 44886 78950 55874
78548 66847 76556 77836 75950 88830 76150 99815 75946
21212 11984 28508 22967 32006 33952 34508 44937 35507
55918 34007 66903 33503 77891 15001 88878 15009 99868
14010 11853 08007 22841 03005 33830 01508 44815 01513=
