sing20161022.12
TTAA 72121 48698
99006 29258 29004 00074 28857 23507 92763 23457 29515
85497 18838 29011 70141 10244 30508 50587 03924 36007
40760 14717 04511 30972 28756 09020 25100 39137 10024
20249 51944 08527 15428 67556 08044 10660 83145 11558
88999
77999=
TTCC 72121 48698
70860 67776 20506 50060 68972 25518 30375 61178 29032
20633 50983 29536 10092 41990 34517
88852 88729 11057 88564 72968 26518
77805 09569 42882=
TTDD 7212/ 48698
11852 88729 22801 86946 33779 82758 44772 77160 55725
68373 66709 67377 77564 72968 88511 68173 99471 68973
11410 60179 22374 59779 33332 57780 44306 61578 55286
57382 66267 57780 77233 57380 88205 50184 99186 51383
11173 48585 22157 49584 33138 44587 44122 45387 55095
40190
21212 11925 12059 22851 11056 33805 09569 44765 09543
55739 08026 66729 08517 77707 17505 88688 23010 99668
25021 11617 26032 22573 27522 33541 24017 44498 25518
55472 23517 66443 26511 77435 25011 88419 22516 99393
25519 11367 25031 22347 26034 33332 29036 44316 29541
55295 28530 66279 26044 77237 26545 88218 26543 99202
29538 11188 30030 22175 28511 33169 24013 44157 21520
55148 22030 66131 23529 77110 31519 88102 32521 99097
00517 11095 36017=
