sing20161027.00
TTAA  77001 48698
99009 26628 07001 00091 25856 00000 92780 25856 00000
85527 25850 00000 70246 25850 00000 50615 09220 33509
40798 00331 11506 30022 16157 08519 25155 31349 08523
20307 51749 10537 15483 73137 09032 10713 78333 10012
88999
77108 09063 42566=
TTCC  77001 48698
70919 63777 11010 50124 64377 29519 30450 47981 24003
20717 47381 19506 10179 41983 12013
88999
77999=
TTDD  7700/ 48698
11995 78127 22977 78319 33867 79375 44835 75917 55817
76950 66796 75363 77757 72977 88625 64577 99588 66776
11508 64377 22485 65177 33473 64177 44446 60578 55429
59378 66257 47981 77153 46382 88143 43782 99138 44382
11120 45982 22118 45182 33113 44382 44097 41183 55088
37384
21212 11962 30502 22909 34006 33802 08513 44764 06037
55718 11019 66677 07006 77666 18005 88607 20519 99551
23022 11508 29017 22468 27021 33242 24006 44153 17009
55143 24016 66123 17502 77119 23015 88115 18504 99113
22512 11111 22514 22105 11016 33104 10026 44100 12013
55091 09527 66085 09526=
