sing20161014.00
TTAA 64001 48698
99007 25414 28003 00082 25220 25506 92768 22827 26524
85503 18832 28516 70145 09228 28513 50587 04533 08508
40759 14356 17507 30971 29359 09016 25099 38763 12524
20247 52166 10031 15427 67559 09546 10659 84940 09537
88999
77999=
TTCC 64001 48698
70861 69570 09045 50066 62577 28020 30386 56380 28024
20645 52382 27519 10100 45585 31011
88967 86342 09034 88408 61976 26536
77999=
TTDD 6400/ 48698
11967 86342 22876 81357 33811 82756 44721 68972 55694
69970 66681 68971 77668 63377 88653 62776 99519 66374
11457 57579 22408 61976 33152 48384 44135 49583 55114
48984 66087 43786 77082 38990 88074 38590 99071 40388
11066 39589 22063 34993 33056 30195
21212 11912 05521 22896 03514 33882 02517 44834 03527
55734 10041 66701 09045 77674 10019 88665 12013 99651
16015 11629 17514 22618 20010 33606 21507 44599 26012
55570 25021 66545 26027 77525 27521 88512 25519 99497
28520 11473 27516 22432 26540 33407 26536 44361 29028
55322 26519 66297 28022 77261 24016 88250 23524 99230
27031 11203 27519 22189 26012 33141 26033 44118 24525
55113 25020 66099 32010 77095 26503 88087 11010 99078
06010 11069 06512 22065 04510 33063 11011 44062 12013
55059 07516 66056 07016=
