sing20161017.00
TTAA 67001 48698
99006 27845 29503 00076 27445 28007 92762 21816 24519
85495 19656 24029 70141 09835 26040 50587 04521 30008
40759 14737 14514 30971 29149 09021 25099 39362 08529
20248 52358 06035 15427 67946 06047 10658 87734 07074
88999
77999=
TTCC 67007 48698
70861 66173 15007 50064 ///// /////
88955 89133 07580
77952 07580 41931=
TTDD 6700/ 48698
11955 89133 22877 81156 33835 80158 44723 65374 55601
71169 66516 62776
21212 11952 07580 22863 08543 33801 08051 44747 08031
55708 14009 66667 25004 77629 25010 88612 26015 99602
25015 11590 20517 22547 19019 33529 18011 44516 20009=
