sing20161016.00
TTAA 66001 48698
99007 27229 30003 00082 26833 27510 92770 23450 27528
85504 19250 27037 70149 08817 27526 50587 05104 30508
40759 14520 16006 30972 28930 12015 25099 39334 08020
20248 52537 07028 15427 68746 06045 10659 85350 09557
88999
77119 08063 418//=
TTCC 66001 48698
70861 69374 09015 50063 61579 23011 30383 55583 28027
20642 52186 27033 10098 43390 01504
88974 85950 09056
77999=
TTDD 6600/ 48698
11974 85950 22924 80557 33814 82357 44714 68973 55675
66375 66548 70371 77533 69173 88505 61379 99488 62378
11456 58581 22402 62978 33344 55784 44326 56982 55292
54184 66241 57582 77223 53585 88148 46989 99117 48788
11105 43990 22085 42590 33075 37792 44070 39991 55062
30795 66059 30395 77045 29195
21212 11954 09051 22882 12025 33850 11015 44832 13012
55822 13013 66798 09524 77774 09031 88738 08026 99695
09513 11680 13506 22617 18510 33605 19510 44570 29010
55560 29012 66551 30014 77535 33010 88521 30001 99505
24010 11488 23010 22477 26506 33441 27034 44399 26518
55399 26518 66389 24522 77310 26025 88288 30536 99249
32525 11233 31519 22229 30516 33216 28025 44197 27035
55188 26033 66168 28522 77153 25516 88129 25027 99115
27018 11111 31503 22094 36010 33090 33515 44087 34010
55076 03002 66064 17510 77060 15510 88058 13015 99051
10527 11049 07529 22046 05527 33045 05043=
