sing20161007.00
TTAA 57001 48698
99010 23806 32504 00107 23209 32008 92788 21216 28017
85518 17629 24010 70156 08423 25511 50588 04313 14516
40760 15325 11026 30972 29556 12521 25099 40127 08534
20247 53163 07539 15426 69349 06056 10658 83556 09559
88104 84548 10061
77141 07069 42126=
TTCC 57001 48698
70864 73166 11529 50067 66775 21012 30383 54382 28028
20643 52984 26524 10102 44790 06524
88533 69172 23524
77999=
TTDD 5700/ 48698
11950 84756 22923 77758 33770 71167 44705 73765 55682
68172 66635 63375 77533 69172 88441 64773 99398 66174
11385 60779 22366 57979 33333 60379 44295 53583 55247
53184 66208 53983 77132 46189 88125 42790 99098 45190
11081 42391 22069 30795 33062 28395 44051 28995
21212 11901 09036 22846 06527 33808 07019 44753 10529
55709 11530 66679 09521 77660 11018 88639 15512 99600
21515 11553 24525 22521 23020 33505 20515 44492 21510
55453 27003 66423 13510 77416 10514 88390 17509 99388
18510 11369 26022 22350 26531 33254 28542 44227 27036
55219 28040 66215 28537 77186 23518 88153 22536 99131
23014 11130 24010 22128 27008 33127 30010 44100 06524
55094 12015 66085 17018 77081 15019 88076 15516 99074
13515 11072 15010 22067 08514 33062 10019 44059 06025
55051 04533=
