sing20161018.12
TTAA 68121 48698
99004 31058 19504 00058 30257 19508 92751 24232 18004
85488 19632 25010 70135 10642 25023 50587 03334 25014
40759 14778 20009 30971 29740 08513 25098 39958 07525
20247 51928 06540 15427 67131 05549 10660 85141 09069
88999
77101 09070 417//=
TTCC 68121 48698
70863 71567 14505 50065 62176 28529 30378 56781 25531
20639 52582 27032 10098 38990 31012
88909 87144 10564 88405 67573 29033
77999=
TTDD 6812/ 48698
11909 87144 22871 85545 33851 85356 44832 78359 55805
74963 66794 70167 77777 69770 88635 73566 99600 68571
11582 69172 22569 62977 33525 66174 44500 62176 55405
67573 66380 67773 77340 59779 88330 59978 99309 59578
11294 55181 22261 54581 33250 55180 44227 50783 55194
52782 66120 45586 77097 38190 88097 38190
21212 11875 11059 22843 09562 33766 05006 44718 00000
55651 02510 66579 21004 77570 27010 88534 31017 99515
28521 11430 29538 22384 29533 33369 31016 44365 30511
55359 26507 66354 24510 77339 25525 88256 26046 99209
27538 11186 26533 22165 29525 33136 26027 44128 26011
55120 26027 66105 27515 77100 30513 88097 30512=
