sing20161005.12
TTAA 55121 48698
99005 29857 28004 00065 29056 28506 92756 24457 26516
85492 20057 27008 70141 11660 27005 50587 05536 12004
40759 14740 07015 30971 29757 07517 25098 40161 07020
20246 52964 06536 15425 68150 07066 10659 81158 08541
88103 81957 08554
77142 07569 41830=
TTCC 55121 48698
70863 76962 09020 50063 62976 28012 30380 59179 24046
20642 51383 26545 10098 39190 28017
88380 63576 29531
77999=
TTDD 5512/ 48698
11948 77760 22900 79359 33871 75961 44800 78161 55677
77762 66557 68173 77536 64377 88531 60779 99488 63377
11453 58579 22380 63576 33344 64376 44310 58579 55301
59379 66284 54182 77231 50383 88168 53182 99141 46386
11120 47585 22102 39590 33088 37591 44081 39190
21212 11936 06528 22833 11016 33763 08517 44716 09516
55660 05027 66634 05032 77616 07533 88580 07028 99544
11012 11532 18504 22505 27010 33491 28512 44477 24510
55453 27522 66423 28033 77369 30028 88346 28519 99342
27516 11332 24028 22323 23038 33307 23548 44258 26030
55243 24535 66176 28046 77159 29042 88144 30512 99139
26506 11136 28510 22129 29519 33122 26513 44118 28012
55114 25012 66106 26017 77090 32509 88081 34520=
