sing20161004.12
TTAA 54121 48698
99005 27840 07004 00069 27650 36006 92758 24246 26009
85494 18815 31509 70139 09858 27009 50586 05538 23007
40758 15750 09010 30970 29159 07522 25097 40140 09024
20245 53159 08025 15424 68358 06547 10658 80558 09539
88102 82157 10047
77128 08064 42129=
TTCC 54121 48698
70865 76563 03509 50061 66975 09509 30380 55781 26527
20641 50984 26041 10097 42190 19015
88753 76163 05010
77999=
TTDD 5412/ 48698
11972 80958 22939 71965 33753 76163 44698 76563 55655
73367 66592 76764 77541 70371 88512 71171 99479 60581
11452 61778 22362 58380 33342 60379 44312 55582 55275
56181 66262 53383 77235 55582 88213 50784 99163 47586
11142 51584 22130 51984 33104 41190 44091 42590 55079
40391 66075 35593 77070 35193 88061 37192 99050 34593
11045 21798 22044 22598
21212 11916 11524 22797 04512 33765 06512 44737 01511
55711 02010 66704 03009 77687 06516 88672 08025 99592
09025 11571 11028 22530 07510 33487 04503 44435 27010
55412 25515 66375 26516 77347 29533 88325 29018 99321
27514 11317 25518 22310 25529 33302 26527 44253 26047
55229 26031 66194 26543 77148 29542 88136 32028 99127
02010 11126 06007 22124 10010 33120 13512 44117 13014
55109 18018 66103 16015 77100 19015 88098 17515 99095
20019 11088 19521 22084 18014 33081 20507 44079 19010
55077 14510 66073 09519 77071 13016 88067 14518 99065
11513 11063 07510 22063 05011 33061 04013 44059 05517
55052 04026 66049 07536 77047 08028 88045 11020 99044
11517=
