sing20161031.00
TTAA 81001 48698
99009 26627 30002 00103 25624 29004 92788 22030 22007
85520 18017 23013 70162 09438 22525 50588 05129 21512
40760 14950 31504 30972 30150 02506 25099 40759 08510
20247 53757 07010 15425 69117 07537 10656 86741 09051
88999
77999=
TTCC 81001 48698
70858 68570 25016 50059 68372 29012 30375 57379 26023
20635 52981 28535 10090 48183 29014
88985 87341 09056 88379 61976 27532
77968 08561 41127=
TTDD 8100/ 48698
11985 87341 22880 82156 33845 82957 44827 77759 55801
78360 66768 77162 77742 70368 88707 68371 99542 71169
11480 66973 22459 68172 33424 58179 44379 61976 55335
58778 66317 60377 77246 51581 88216 54380 99179 53380
11141 44585 22141 44585 33103 48582 44091 44385 55084
44985 66079 40588 77076 41386 88059 29594 99053 28994
21212 11968 08561 22918 08037 33876 05528 44808 07536
55776 08032 66755 11513 77746 17008 88740 20010 99716
24519 11684 27015 22653 26019 33608 29526 44596 30524
55556 30019 66532 33018 77514 30511 88509 29512 99473
29515 11455 26515 22450 25019 33410 27040 44358 27529
55341 24526 66304 26522 77292 25021 88246 26540 99193
29538 11166 31526 22153 30520 33151 29517 44148 27520
55140 26526 66122 28021 77109 26518 88101 29014 99098
28010 11086 01006 22073 12009 33068 15027 44066 15035
55064 16037 66060 12530 77053 10038 88053 09537=
