D20161001.00
100.0  85 33
 70.0 130 35
 50.0 255 37
 30.0 275 30
 20.0 270 27
 10.0 255 26
 88.2  60 44
 78.3  85 29
 75.1 110 23
 70.7 130 34
 67.8 125 42
 65.0 110 19
 62.6  75 18
 61.4  75 23
 59.2  70 10
 57.7 145  1
 56.7 225 10
 54.5 220 17
 52.5 255 23
 49.8 255 38
 46.0 245 31
 41.7 255 44
 40.5 265 41
 38.3 260 42
 32.3 290 32
 29.7 275 29
 28.2 305 26
 27.6 300 26
 26.2 285 14
 25.5 255  7
 24.4 235 10
 23.2 250 29
 20.6 265 32
 19.8 275 24
 16.6 265 22
 15.9 275 17
 15.4 305 13
 14.8 310 19
 14.3 330 11
 13.4 195  3
 12.3 175 13
 12.2 175 16
 11.9 215 19
 11.4 240 20
 10.9 235 15
 10.0 255 26
  9.3 280 12
  8.9 230  6
  8.6 190 10
  8.2 190 10
  7.9 215 12
  7.4 175  1
  7.4 175  1
D20161001.12
100.0  75 44
 70.0 115 35
 50.0 265 42
 30.0 275 23
 20.0 290 30
 10.0 305 16
 92.9  75 41
 79.4 105 28
 74.7 130 20
 66.1 110 45
 58.2 105 12
 57.8 110 10
 56.4 200  2
 55.6 275 10
 52.5 265 36
 49.6 265 42
 40.1 300 39
 37.9 280 29
 35.5 285 23
 32.1 315 14
 31.5 305 10
 30.7 280 16
 29.8 275 24
 28.5 255 15
 27.2 240 24
 24.9 235 28
 22.6 265 36
 21.1 290 32
 15.3 310 15
 14.0 275 14
 13.5 255 17
 12.4 245 27
 11.9 240  9
 11.2 295 10
 10.7 270 19
  9.9 310 16
  9.3  50 11
  8.6  90  7
  7.2 140 13
  7.0 150 13
  6.8 125 12
  6.5  70 14
  6.2  45 13
  5.9  60 31
  5.0 105 48
  4.7 120 33
D20161002.00
100.0  90 37
 70.0 100 32
 50.0 290 27
 30.0 270 24
 20.0 300 30
 10.0 225  7
 82.4  90 21
 76.3 125 25
 65.4  90 43
 61.1  65 32
 58.8  85 11
 57.8 170  2
 56.1 270 10
 51.3 290 32
 49.1 280 26
 47.8 300 28
 44.0 280 29
 36.0 295 25
 34.7 315 14
 33.9 315 10
 33.4 305  7
 32.9 260 11
 31.2 260 27
 25.0 275 33
 21.2 300 36
 19.2 305 21
 17.8 345 12
 17.6 345 11
 16.9 305 13
 15.8 340 10
 13.5 285  2
 12.8 275 12
 12.1 185 10
 11.9 170 13
 11.4 215 10
 10.6 230 11
  8.5 130 11
  8.3 100 16
  8.1 100 14
  7.8  75 16
  7.2 100 17
  6.6  45 17
  6.2  55 26
  5.6 115 23
D20161002.12
100.0  85 44
 70.0  95 24
 50.0 285 35
 30.0 260 27
 20.0 280 15
 10.0 295 15
 87.3  75 47
 82.5  90 31
 80.7 105 22
 78.9 125 23
 74.8 120 20
 67.6  85 35
 65.1  50 41
 63.6  50 46
 60.5  60 26
 59.5  40 16
 58.6 355 10
 58.2 340 11
 56.7 305 19
 54.1 310 28
 52.6 285 26
 50.1 285 35
 47.0 290 21
 45.5 265 21
 43.5 280 26
 42.1 270 19
 38.3 300 16
 36.6 290 10
 36.2 265  6
 35.8 220 10
 33.5 215 31
 32.6 210 23
 30.5 255 28
 22.7 280 29
 19.5 280 20
 17.9 245 12
 16.7 235 22
 16.1 240 13
 15.6 220 12
 15.2 230  5
 13.6 275 12
 13.1 265 12
 12.7 280 14
 11.6 260 18
 10.9 285 18
 10.5 300 14
 10.2 280 15
  8.4 145  1
  7.9  55 10
  7.4  40 16
  7.0  70 21
  5.6 110 41
D20161003.00
100.0  95 36
 70.0  60 29
 50.0 245 23
 30.0 275 24
 20.0 235 17
 10.0 335 26
 87.5  80 52
 79.3  75 42
 73.3  50 38
 71.5  60 40
 68.5  70 14
 66.3 135  8
 65.3 165 10
 63.4 190 10
 60.6 180 12
 57.7 230 31
 56.2 240 33
 50.6 240 23
 48.0 265 21
 47.3 255 18
 46.7 245 19
 44.8 230 23
 43.2 235 25
 42.5 250 25
 40.8 270 17
 39.1 265 15
 37.6 230  2
 36.4 215 10
 32.7 275 27
 29.0 280 17
 27.3 285 28
 25.0 310 21
 23.5 300 14
 22.7 265 15
 21.5 255 14
 21.1 230 11
 21.0 220 11
 20.3 235 16
 19.1 235 17
 18.2 255 18
 15.8 180 16
 15.5 175 19
 14.4 225 33
 13.4 230 35
 12.8 240 26
 12.2 275 17
 11.8 295 18
 11.1 300 25
 10.7 320 22
 10.2 320 31
  9.6 335 32
  8.8  15 22
  8.5 360 19
  8.2  20 17
  8.0  30 21
  7.4  40 22
  7.2  55 20
  6.8 100 22
  6.5 120 28
  6.1 135 18
  6.0 125 18
  5.6  90 26
  5.1 120 34
  4.9  90 31
  4.5  90 33
D20161003.12
100.0  95 52
 70.0  45 17
 50.0 245 13
 30.0 290 23
 20.0 245 28
 10.0  40 19
 93.9 105 29
 85.8  95 44
 82.3 110 35
 76.3 100 28
 72.5  80 19
 71.0  55 15
 70.6  45 15
 67.6  55 25
 62.9 185 19
 61.4 210 22
 54.5 260 33
 53.7 270 31
 50.8 255 17
 49.1 225 12
 47.5 245 10
 46.5 265  5
 44.3 240 10
 43.0 260 10
 39.5 200 10
 38.7 205 12
 38.0 175 10
 32.5 280 20
 30.9 295 18
 28.6 270 19
 26.4 270 24
 22.7 245 24
 14.8 255 43
 13.7 265 38
 11.5 325 24
 11.0 325 26
 10.0  40 19
  9.6  60 22
  9.3  40 20
  8.9  75 13
  8.7  70 10
  8.5  85  5
  8.2 115 10
  7.9 115 12
  7.5  90 17
  7.3 110 13
  6.8  90 27
  6.7 105 30
D20161004.00
100.0  95 49
 70.0  15  7
 50.0 175  2
 30.0 275 21
 20.0 245 28
 10.0 130 18
 92.9 105 29
 87.6  80 21
 82.2  30 11
 79.9   5 14
 76.0 360 13
 74.1 335 11
 71.3   5 10
 67.7   0  0
 65.3 125 13
 63.8 140 18
 61.0 115 21
 59.1 150 19
 56.0 145 14
 55.5 150 10
 53.6 230 10
 51.4 265 10
 43.3   0  0
 41.0 220 10
 35.2 290 26
 34.6 300 24
 32.3 320 15
 31.6 295 11
 31.3 280 13
 30.3 280 22
 29.4 260 21
 28.3 275 26
 25.9 265 32
 23.0 260 20
 20.9 245 30
 16.3 270 37
 15.3 270 34
 13.4 310 39
 12.9 325 27
 12.3 360 16
 11.9 345 11
 11.0 100  4
 10.8 120 10
 10.4  80 17
 10.3  85 18
  9.9 145 22
  9.7 155 27
  8.8 180 21
  8.0 185 18
  7.6 165 15
  7.4 115 14
  6.9  95 18
  6.6 105 11
  6.5  70  6
  6.1  40 11
  5.7  30 16
  5.4  70 23
  5.0  70 28
D20161004.12
100.0  95 39
 70.0  35  9
 50.0  95  9
 30.0 265 27
 20.0 260 41
 10.0 190 15
 91.6 115 24
 79.7  45 12
 76.5  65 12
 73.7  15 11
 71.1  20 10
 70.4  30  9
 68.7  65 16
 67.2  80 25
 59.2  90 25
 57.1 110 28
 53.0  75 10
 48.7  45  3
 43.5 270 10
 41.2 255 15
 37.5 265 16
 34.7 295 33
 32.5 290 18
 32.1 275 14
 31.7 255 18
 31.0 255 29
 30.2 265 27
 25.3 260 47
 22.9 260 31
 19.4 265 43
 14.8 295 42
 13.6 320 28
 12.7  20 10
 12.6  60  7
 12.4 100 10
 12.0 135 12
 11.7 130 14
 10.9 180 18
 10.3 160 15
 10.0 190 15
  9.8 175 15
  9.5 200 19
  8.8 195 21
  8.4 180 14
  8.1 205  7
  7.9 190 10
  7.7 145 10
  7.3  95 19
  7.1 130 16
  6.7 145 18
  6.5 115 13
  6.3  75 10
  6.3  50 11
  6.1  40 13
  5.9  55 17
  5.2  40 26
  4.9  75 36
  4.7  80 28
  4.5 110 20
  4.4 115 17
D20161005.00
100.0  90 36
 70.0 105 27
 50.0  50  6
 30.0 245 38
 20.0 275 39
 10.0 235 19
 95.4  60 28
 87.6  70 24
 82.8 100 22
 77.0 110 22
 74.9 100 15
 72.7  80 17
 70.1 105 26
 66.3  90 33
 63.2 115 22
 60.8 110 22
 57.9  40 17
 56.6  25 16
 54.1  40 21
 52.7  55 10
 51.4  80  2
 48.5 305 10
 47.8 320 10
 47.0 315  8
 45.4 280 25
 42.2 275 18
 40.1 250 10
 37.6 310 10
 37.0 300  7
 36.4 260 12
 35.1 240 15
 32.4 250 42
 30.4 245 37
 28.1 255 25
 26.9 265 37
 24.9 280 34
 23.7 270 28
 23.0 260 29
 21.9 275 34
 18.9 275 40
 16.8 285 38
 15.2 255  9
 14.8 260 10
 14.5 270 10
 14.0 215  7
 13.7 210 10
 13.1 230 23
 12.6 215 19
 12.3 235 21
 11.9 220 16
 11.5 240 20
  9.6 240 19
  9.1 215 15
  8.8 235 10
  6.1  70  4
  5.9  85 10
  5.7  90 11
  5.4  60 17
  5.0  85 17
D20161005.12
100.0  85 41
 70.0  90 20
 50.0 280 12
 30.0 240 46
 20.0 265 45
 10.0 280 17
 93.6  65 28
 83.3 110 16
 76.3  85 17
 71.6  95 16
 66.0  50 27
 63.4  50 32
 61.6  75 33
 58.0  70 28
 54.4 110 12
 53.2 185  4
 50.5 270 10
 49.1 285 12
 47.7 245 10
 45.3 275 22
 42.3 280 33
 36.9 300 28
 34.6 285 19
 34.2 275 16
 33.2 240 28
 32.3 230 38
 30.7 235 48
 25.8 260 30
 24.3 245 35
 17.6 280 46
 15.9 290 42
 14.4 305 12
 13.9 265  6
 13.6 285 10
 12.9 295 19
 12.2 265 13
 11.8 280 12
 11.4 250 12
 10.6 260 17
  9.0 325  9
  8.1 345 20
D20161006.00
100.0  60 44
 70.0  60 23
 50.0 260 20
 30.0 260 29
 20.0 275 37
 10.0 330 19
 90.5  85 25
 85.3 105 24
 81.4  95 32
 76.0 120 24
 72.0  85 33
 69.3  55 22
 65.4  65 23
 61.7 100 24
 58.7  85 17
 57.8  90 10
 57.0   0  0
 54.5 255 10
 51.4 250 16
 48.4 280 16
 45.7 260 24
 44.6 265 31
 42.7 290 25
 39.6 285 17
 38.1 255 14
 36.9 225 16
 34.2 235 37
 29.2 260 26
 26.9 280 29
 23.2 280 44
 18.2 270 37
 17.1 270 21
 16.7 255 20
 16.2 225 27
 15.6 235 22
 15.2 215 24
 13.5 210 39
 12.9 215 28
 11.7 260 15
 11.0 305 20
  9.2 355 23
  8.9 335 18
  8.6 360 13
  8.0 360 11
  7.6  45 10
  7.2  35  9
  6.8   5 15
  6.2  10 22
  6.0  30 18
  5.7 100 15
  5.2 145 33
  4.7 145 34
D20161006.12
100.0  80 49
 70.0 110 16
 50.0 250 25
 30.0 265 25
 20.0 260 33
 10.0 325 21
 96.1  65 52
 85.4  85 27
 75.3 130 18
 71.0 125 13
 69.0 100 25
 67.1 100 34
 64.0  90 24
 60.2 100 28
 59.0 105 20
 57.9 145 11
 57.5 175 10
 57.1 200 11
 56.2 230 17
 53.2 255 32
 50.6 245 26
 49.1 270 28
 46.0 280 25
 44.5 300 22
 40.8 260 16
 39.7 260 10
 38.5 245 16
 32.6 275 34
 30.2 265 24
 23.6 270 41
 16.5 265 20
 15.9 255 17
 14.1 245 34
 13.2 225 21
 11.8 240 21
 11.5 260 16
 11.3 280 18
 10.2 325 23
  9.6 330 10
  9.4  20  8
  9.3  50 10
  9.1  65 12
  8.5  65 18
  7.5 100 26
D20161007.00
100.0  95 59
 70.0 115 29
 50.0 210 12
 30.0 280 28
 20.0 265 24
 10.0  65 24
 90.1  90 36
 84.6  65 27
 80.8  70 19
 75.3 105 29
 70.9 115 30
 67.9  95 21
 66.0 110 18
 63.9 155 12
 60.0 215 15
 55.3 245 25
 52.1 230 20
 50.5 205 15
 49.2 215 10
 45.3 270  3
 42.3 135 10
 41.6 105 14
 39.0 175  9
 38.8 185 10
 36.9 260 22
 35.0 265 31
 25.4 285 42
 22.7 270 36
 21.9 280 40
 21.5 285 37
 18.6 235 18
 15.3 225 36
 13.1 230 14
 13.0 240 10
 12.8 270  8
 12.7 300 10
 10.0  65 24
  9.4 120 15
  8.5 170 18
  8.1 150 19
  7.6 155 16
  7.4 135 15
  7.2 150 10
  6.7  85 14
  6.2 100 19
  5.9  60 25
  5.1  45 33
D20161007.12
100.0  90 63
 70.0 140 10
 50.0 230 15
 30.0 265 17
 20.0 240 38
 92.8  85 32
 90.8  70 22
 85.1  45 20
 80.2  50 10
 77.1  25  3
 70.3 130 10
 69.0 160 12
 67.1 155 14
 63.2  45 10
 53.0 280 10
 50.2 230 15
 47.2 200 10
 45.3 210  3
 42.1 250 10
 41.5 270 15
 39.1 265 24
 36.8 280 34
 35.1 295 29
 32.5 295 25
 29.8 260 16
 26.9 275 29
 22.5 260 42
 19.1 235 38
 17.6 230 38
 14.9 260 21
 14.4 285 19
 13.8 320 23
 12.7 345 35
D20161008.00
100.0  85 63
 70.0  75 24
 92.4 100 19
 91.3 110 10
 90.2 165  5
 82.7 345 10
 78.8  35 10
 76.0  55  9
 73.1  45 13
 70.9  75 21
 67.8  50 29
 65.6  60 16
D20161008.12
100.0  95 50
 70.0  55 13
 50.0 360 15
 30.0 240 37
 20.0 260 32
 10.0 245 17
 94.0 120 19
 91.2 155 10
 89.5 195  6
 88.4 235 10
 84.2 260 16
 80.4 285 10
 76.9 350 10
 75.5  45  5
 74.1  85 10
 71.2  55 10
 69.6  55 14
 66.1  45 37
 63.8  55 15
 61.9  25  3
 56.7   0  0
 54.9 360 10
 52.5   5 18
 50.3 355 16
 46.7  45 11
 44.5  20  3
 43.8 305 10
 42.3 295 23
 40.7 290 21
 37.6 310 25
 35.6 285 21
 34.2 285 15
 32.8 245 22
 29.7 240 37
 25.6 280 47
 21.5 275 26
 18.3 250 33
 16.1 285 24
 15.5 300 24
 14.6 300 26
 14.1 315 20
 13.8 355 19
 13.4 340 18
 13.0 360 16
 11.8 115  2
 10.9 215 10
 10.4 245 20
  8.2 265 10
  7.9 290  1
  6.1  85  5
  6.0  60 10
  5.7  50 15
  5.5  80 19
  5.4  70 19
  5.2  80 27
D20161009.00
100.0 135 11
 70.0  65 21
 50.0  40  4
 30.0 275 32
 20.0 265 29
 10.0 235 27
 96.7 225 12
 90.5 275 22
 85.7 270 16
 82.2 310 10
 79.8 265  1
 73.6 130 10
 70.6  75 18
 69.0  65 23
 65.1 100 32
 64.2 105 26
 62.1  95  8
 57.6 260  1
 52.6  30 10
 51.7  45 13
 51.2  55 10
 49.0 325  3
 48.0 305 10
 45.7 285 24
 41.5 310 25
 38.7 295 15
 37.6 270 24
 35.9 265 33
 34.3 265 23
 32.6 255 38
 28.4 300 37
 27.6 295 40
 25.7 290 36
 24.4 310 25
 24.0 290 20
 23.5 265 24
 21.1 250 29
 18.7 270 29
 18.3 280 30
 17.6 300 27
 16.7 300 27
 15.4 295 10
 14.9   0  0
 13.8 175 12
 13.2 190 15
 12.7 165 19
 11.8 225 17
 11.4 215 20
 11.1 235 28
 10.6 215 21
  9.6 240 20
  8.7 315 14
  8.4 320 14
  8.2 355 12
  7.9 335 12
  6.9  10 20
  6.5   5 18
  5.7  85 22
  5.5  90 19
  5.4 110 23
  4.6 120 53
D20161009.12
100.0 130 17
 70.0  95 17
 50.0 250  1
 30.0 270 33
 20.0 285 31
 10.0 295 10
 93.2 230 14
 85.1 270 10
 79.8 230 13
 77.9 235 10
 75.7 190  6
 74.7 145 10
 70.1  95 17
 64.4  95 31
 62.7  85 14
 61.6  40  8
 59.6  15 10
 56.9  45 15
 55.8  65 17
 55.0  80 14
 53.4  70 13
 51.0 100 10
 50.1   0  0
 49.1 270 10
 46.8 280 23
 40.3 310 18
 38.8 270 26
 36.4 260 48
 27.5 265 34
 25.8 290 29
 25.0 275 25
 23.6 260 39
 21.5 285 30
 19.1 290 32
 16.7 265 10
 14.6   0  0
 11.9 265 12
 11.3 290 17
 10.8 270  5
 10.0 295 10
 10.0 300 10
  8.1 140 10
  7.9 150 10
  6.1  80  2
  5.7  75 12
  5.5  85 11
  5.4  50 12
  5.2  60 11
D20161010.00
100.0 300  6
 70.0  85 25
 50.0 285 12
 30.0 290 26
 20.0 280 22
 10.0 190  6
 90.7 285 27
 86.3 290 20
 82.7 310 16
 80.5 335 10
 77.2  55  5
 76.0  80 10
 74.3 100 22
 67.8  75 36
 64.2 140 12
 60.9 140  2
 55.0 155 16
 53.7 175 10
 50.8 240  5
 50.1 285 10
 47.8 290 27
 45.8 315 14
 44.4 285 12
 43.4 285 14
 37.9 270 43
 31.9 295 37
 29.7 285 25
 29.0 300 22
 28.2 290 27
 26.8 305 25
 24.8 275 20
 18.8 280 16
 18.3 270 19
 17.7 265 16
 17.0 290 10
 16.0 330  1
 15.7 235 10
 15.0 225 14
 13.9 245 21
 12.7 235 13
 11.7 250 13
 11.3 235 11
 10.5 240  4
  8.1 140 12
  7.9 155 10
  7.8 155 10
  7.4  95  8
  6.3 130 27
  6.1 105 30
  5.8 100 34
  5.0  90 14
  4.8 110 20
D20161010.12
100.0  85 37
 70.0  90 38
 50.0 325  3
 30.0 285 20
 20.0 305 18
 10.0 240 13
 85.1  35  2
 81.0 115 14
 68.7  90 45
 63.6 135 10
 62.1   0  0
 49.9 310  3
 49.1 275 10
 47.0 260 24
 45.1 265 14
 41.6 280 49
 32.8 305 32
 28.4 270 19
 26.7 255 29
 25.2 255 33
 22.8 285 30
 21.8 305 25
 18.6 310 16
 17.9 300 10
 17.5   0  0
 16.9 220 10
 15.9 245 13
 15.2 240 19
 14.4 240 15
 13.4 270 14
 12.6 265 12
 12.2 250 11
 11.1 265 10
 10.7 235 10
  9.7 250 10
  8.7 235  1
  8.1 140 10
  7.9 175 14
  6.8 120 13
  6.3 130 14
  5.9  95 17
  5.7 110 24
  5.3  75 31
  5.0  60 21
D20161011.00
100.0  85 39
 70.0  80 27
 50.0 305 28
 30.0 260 31
 20.0  15  6
 10.0 230 10
 88.8 245  1
 85.0 140 10
 83.4 115 13
 79.3  95 22
 77.1 105 21
 75.0  85 26
 69.9  80 27
 67.7  95 29
 64.4 120 15
 61.9  75  3
 54.3  60  2
 52.5 310 18
 50.5 305 30
 49.3 295 23
 47.1 245 12
 46.8 235 12
 44.1 235 17
 42.0 280 26
 41.0 280 32
 35.7 275 16
 34.3 295 18
 32.8 280 15
 30.9 260 28
 27.5 270 30
 26.0 275 25
 24.7 305 24
 22.3 305 12
 21.0 285 10
 18.8   0  0
 17.5 225 10
 16.6 215 12
 15.9 245 17
 14.2 265 20
 13.2 295 28
 12.0 280 14
 11.2 235 10
 10.6 165  2
 10.1 235 10
  9.3 205 10
  8.1  95 10
  7.8  95 10
  7.4  70 11
  7.1 105 15
  6.6 125 20
  6.0 110 27
D20161011.12
100.0 165 10
 70.0  60 37
 50.0 300 16
 30.0 270 21
 20.0 230 27
 10.0 215 15
 88.6 165  1
 81.3 175 17
 78.2 120 22
 72.1  60 35
 67.2  80 40
 63.3 110 29
 61.8 100 18
 60.5  65 10
 60.1  55  9
 54.8 135 11
 54.3 140 10
 53.1 205  5
 52.0 260 10
 49.1 325 17
 47.6 335 20
 44.2 275 12
 40.5 290 27
 36.7 280 17
 33.1 245 19
 28.3 275 17
 26.2 265 18
 25.2 250 16
 24.5 220 12
 20.7 235 35
 19.9 230 27
 15.2 290 23
 14.2 285 19
 13.2 315 10
 12.6 265  4
 12.1 220 10
 10.4 210 11
  9.8 220 15
  9.6 240 13
  9.1 330 10
  8.1 290 10
  7.4  10 10
  7.0  85  9
D20161012.00
100.0 140 11
 70.0 100 32
 50.0 285  3
 30.0 265 26
 20.0 265 21
 10.0 280 14
 97.9 230 10
 95.2 255 13
 80.3 230 12
 79.5 225 10
 76.5 185  5
 75.3 125 11
 70.1 100 32
 68.3 105 28
 65.5  50 23
 63.5  45 27
 60.2  75 17
 58.3 110 16
 56.5 120 14
 55.8 110 10
 49.7 240  1
 47.5 245 10
 45.9 215 14
 45.0 215 13
 43.1 265 16
 40.9 270 16
 38.8 245 19
 37.1 270 16
 35.2 250 16
 32.5 270 24
 25.3 275 35
 23.1 250 27
 21.5 265 25
 15.9 240 26
 14.6 250 22
 13.4 235 13
 13.0 260 15
 12.6 240 12
 12.0 270 18
 10.6 280 16
  9.6 270 16
  9.1 315 12
  8.2   0  0
  6.9  75 24
  6.5  85 32
  6.2  75 27
D20161012.12
100.0 190  8
 70.0  75 32
 50.0 240 24
 30.0 275 23
 20.0 260 25
 10.0 255 14
 89.1 215 10
 87.7 205 10
 84.7 155  8
 83.6 130 12
 73.7  60 37
 65.2  90 35
 61.1  60 32
 59.1  65 29
 57.5  90 17
 56.0 155 10
 54.6 185  8
 50.5 235 22
 48.1 245 30
 45.2 260 25
 41.6 255 20
 38.4 285 20
 37.7 275 16
 36.7 255 19
 34.1 245 22
 31.5 275 24
 26.5 285 29
 23.5 255 32
 22.1 270 26
 19.3 255 24
 17.4 275 24
 14.8 270 25
 13.7 240 27
 12.2 235 22
 11.7 260 18
 10.8 230 25
 10.3 230 15
  9.3 325 18
  8.8   5 18
  8.2  15 12
  8.0  25 15
  7.5  90 18
  7.3  95 24
  6.9  75 17
  6.5 115 16
  6.1 105 16
  5.7 130 19
  5.4 110 21
D20161013.00
100.0  75  7
 70.0  90 32
 50.0 240 14
 30.0 290 31
 20.0 280 31
 10.0 285 14
 98.1  10  2
 93.0 320 11
 88.7 330 16
 86.8 320 10
 80.6  40 12
 76.3  65 14
 73.2  85 24
 71.1  85 36
 67.2  85 25
 64.8 105 16
 62.4 155 14
 60.4 150 11
 57.9 170  4
 51.8 255 10
 49.6 240 15
 47.4 260 27
 45.3 265 22
 43.2 235 19
 42.1 240 17
 41.4 250 21
 36.9 240 31
 34.0 275 38
 32.2 295 33
 28.8 290 28
 26.7 330 24
 23.7 280  8
 22.9 255 17
 17.8 290 39
 14.8 265 29
 13.7 275 28
 12.0 260 23
 11.4 275 18
 10.4 260 14
 10.0 290 14
  9.4 280 15
  9.2 290 10
  9.1  20  1
  8.9 115 10
  8.1 160 19
  7.9 170 19
  7.3 160 11
  7.1 135 13
  6.9 140 17
  6.3 110 11
  5.9  65 13
  5.2  85 18
  5.0  65 37
  4.6 100 23
D20161013.12
D20161014.00
100.0  95 37
 70.0  90 45
 50.0 280 20
 30.0 280 24
 20.0 275 19
 10.0 310 11
 91.2  55 21
 89.6  35 14
 88.2  25 17
 83.4  35 27
 73.4 100 41
 70.1  90 45
 67.4 100 19
 66.5 120 13
 65.1 160 15
 62.9 175 14
 61.8 200 10
 60.6 215  7
 59.9 260 12
 57.0 250 21
 54.5 260 27
 52.5 275 21
 51.2 255 19
 49.7 285 20
 47.3 275 16
 43.2 265 40
 40.7 265 36
 36.1 290 28
 32.2 265 19
 29.7 280 22
 26.1 240 16
 25.0 235 24
 23.0 270 31
 20.3 275 19
 18.9 260 12
 14.1 260 33
 11.8 245 25
 11.3 250 20
  9.9 320 10
  9.5 265  3
  8.7 110 10
  7.8  60 10
  6.9  65 12
  6.5  45 10
  6.3 110 11
  6.2 120 13
  5.9  75 16
  5.6  70 16
D20161014.12
100.0  80 35
 70.0 100 29
 50.0 255 21
 30.0 250 21
 20.0 230 21
 10.0 310 20
 94.7  70 22
 89.2  75 25
 81.1 105 31
 76.3  95 38
 71.8  90 35
 66.5 120 29
 64.6 130 17
 63.6 150 10
 62.0 255  2
 61.0 320 10
 56.6 285 27
 51.6 250 24
 48.3 280 18
 45.6 285 16
 40.7 280 23
 38.6 295 27
 36.6 285 32
 34.2 280 28
 31.9 245 22
 28.6 245 20
 27.1 225 23
 25.6 215 28
 23.0 260 20
 20.8 245 17
 20.1 230 21
 16.4 260 31
 15.4 260 39
 13.3 250 33
 11.9 285 22
 11.3 285 18
 10.7 310 12
 10.3 305 19
  9.4 335 26
  8.7  10 11
  8.5 350  8
  7.8 345 10
  7.5  15 15
  7.2 360 14
  7.0  35 17
  6.8  40 19
D20161015.00
D20161015.12
100.0  80 41
 70.0  70 33
 50.0 225 14
 30.0 255 26
 20.0 265 30
 10.0 245  6
 96.5  70 40
 92.9  85 47
 88.0 110 32
 79.3 120 29
 78.0 110 27
 71.6  75 34
 69.2  75 33
 66.5  85 12
 65.6  25  5
 64.6 345 10
 63.4 345 16
 58.2 285 18
 54.6 270 30
 51.4 250 17
 50.1 225 14
 48.6 245 13
 47.0 240  9
 44.5 250 19
 42.6 280 27
 40.7 295 30
 36.3 310 10
 35.9 300  7
 35.4 275 11
 33.8 255 20
 28.7 250 28
 25.9 280 34
 24.1 285 25
 21.3 255 29
 16.2 310 25
 14.9 275 20
 13.1 255 10
 12.6 290 16
  9.3 290 12
  9.0 360  3
  8.7   5 10
  8.3 335 10
  8.0 335 12
  7.8   5 15
  7.5 360 12
  7.4   5 10
  7.1  65 10
  7.0  65 12
  6.9  95 13
  6.7 130 10
  6.4 130 14
  6.2 160 19
  5.6 175 26
  5.3 150 26
  5.1 155 29
  5.0 140 29
  4.8 150 37
  4.6 125 34
  4.4 125 40
  4.0  75 39
  3.9  85 39
D20161016.00
100.0  95 57
 70.0  90 15
 50.0 230 11
 30.0 280 27
 20.0 270 33
 10.0  15  4
 95.4  90 51
 88.2 120 25
 85.0 110 15
 83.2 130 12
 82.2 130 13
 79.8  95 24
 77.4  90 31
 73.8  80 26
 69.5  95 13
 68.0 135  6
 61.7 185 10
 60.5 195 10
 57.0 290 10
 56.0 290 12
 55.1 300 14
 53.5 330 10
 52.1 300  1
 50.5 240 10
 48.8 230 10
 47.7 265  6
 44.1 270 34
 39.9 265 18
 39.9 265 18
 38.9 245 22
 31.0 260 25
 28.8 305 36
 24.9 325 25
 23.3 315 19
 22.9 305 16
 21.6 280 25
 19.7 270 35
 18.8 260 33
 16.8 285 22
 15.3 255 16
 12.9 250 27
 11.5 270 18
 11.1 315  3
  9.4 360 10
  9.0 335 15
  8.7 340 10
  7.6  30  2
  6.4 175 10
  6.0 155 10
  5.8 130 15
  5.1 105 27
  4.9  75 29
  4.6  55 27
  4.5  50 43
D20161016.12
100.0  85 58
 70.0  85 18
 95.9  80 60
 85.8 105 26
 74.2  95 30
 72.0  70 25
 69.8  85 17
 68.6  80 10
 67.1  20  1
 63.5 260 10
 61.3 260 18
 59.1 270 15
 56.8 280 13
 56.2 295 10
 50.8 320  8
D20161017.00
100.0  70 74
 70.0 150  7
 95.2  75 80
 86.3  85 43
 80.1  80 51
 74.7  80 31
 70.8 140  9
 66.7 250  4
 62.9 250 10
 61.2 260 15
 60.2 250 15
 59.0 205 17
 54.7 190 19
 52.9 180 11
 51.6 200  9
D20161017.12
100.0  65 74
 70.0 240 15
 50.0 285 18
 30.0 255 17
 94.4  85 77
 86.4 100 46
 84.1  95 40
 79.3  95 43
 75.2 120 16
 74.6 140 10
 74.1 170  8
 73.5 205 10
 71.6 235 17
 66.1 235 11
 62.6 215 12
 57.3 155 10
 56.2 100  3
 54.9  45 10
 54.1  50 10
 51.4 320  5
 50.8 295 10
 47.2 285 35
 41.7 260 27
 39.7 260 25
 37.7 295 33
 36.2 310 32
 33.8 285 24
 31.4 290 21
 30.4 260 17
 28.7 245 23
D20161018.00
100.0  80 73
 70.0 175 16
 50.0 280 31
 30.0 255 25
 20.0 270 44
 10.0 265 14
 90.0  95 65
 83.4  80 38
 79.6  80 39
 76.3  85 10
 74.6 135  4
 71.6 170 10
 69.0 175 18
 62.1 145 12
 61.8 135 10
 60.5  40 10
 60.0  35 10
 58.7 350  5
 57.2 290 10
 54.0 275 19
 50.7 280 31
 46.7 270 26
 40.2 280 34
 38.6 300 35
 36.8 310 23
 34.5 290 13
 33.7 265 19
 30.3 255 24
 23.4 285 41
 21.6 280 50
 18.2 255 44
 15.9 280 38
 13.6 265 32
 12.5 245 17
 12.1 245 26
 10.4 280 11
  9.9 265 14
  9.1 315 10
  8.8 285 10
  8.6 290 11
  8.3 325 11
  7.9 315 11
  7.8 325 10
  7.7 340 10
  7.6  55  5
  7.5 105 10
  7.1 155 12
  6.9 135 15
  6.8 145 12
  6.4 105 25
  5.7  95 38
D20161018.12
100.0  90 69
 70.0 145  5
 50.0 285 29
 30.0 255 31
 20.0 270 32
 10.0 310 12
 87.5 110 59
 84.3  95 62
 76.6  50  6
 71.8   0  0
 65.1  25 10
 57.9 210  4
 57.0 270 10
 53.4 310 17
 51.5 285 21
 43.0 295 38
 38.4 295 33
 36.9 310 16
 36.5 305 11
 35.9 265  7
 35.4 245 10
 33.9 255 25
 25.6 260 46
 20.9 275 38
 18.6 265 33
 16.5 295 25
 13.6 260 27
 12.8 260 11
 12.0 260 27
 10.5 275 15
 10.0 305 13
  9.7 305 12
D20161019.00
100.0  85 62
 70.0  35  5
 50.0 260 28
 30.0 280 30
 20.0 280 29
 10.0 280 17
 97.3  85 62
 89.6  80 49
 81.8  60 61
 74.9 100 15
 72.6  85 12
 71.5  95 10
 70.2  45  5
 68.4 355 10
 67.0 335 13
 62.7 350 10
 58.8   0  0
 55.2 265 10
 50.8 265 24
 48.9 250 30
 47.5 260 33
 46.6 270 31
 42.3 270 23
 41.4 255 19
 40.1 220 20
 34.3 245 24
 33.1 275 25
 25.2 280 43
 23.8 290 36
 19.6 275 24
 18.0 275 22
 13.7 235 20
 12.3 250 29
 11.9 255 20
 11.5 275 22
 10.5 270 13
  8.7 305 13
  8.3 330 11
  8.0 330 10
  7.9 340 10
  7.6  65  4
  7.5 130 10
  7.3 130 12
  7.2 160 11
  6.9 130 19
  6.3 155 25
  6.1 140 29
  5.7 120 54
  5.5 125 46
  5.2  95 52
D20161019.12
100.0  95 57
 70.0  20 13
 50.0 305 11
 30.0 290 26
 20.0 270 27
 10.0 290 10
 89.1  95 66
 80.6  95 60
 77.3 110 26
 75.3  95 10
 73.8  45  3
 70.8  25 10
 67.3  20 24
 64.6  40 13
 63.6  50 10
 62.0 125  4
 58.3 220 10
 57.3 240 13
 56.1 235 11
 54.6 285 12
 50.5 310 11
 49.8 305 11
 48.4 265 20
 46.4 265 33
 41.1 260 24
 38.8 225 21
 36.7 215 24
 34.9 260 19
 32.4 280 18
 31.8 290 21
 29.1 290 26
 27.6 265 44
 25.9 275 46
 24.7 285 40
 21.6 270 26
 18.5 260 27
 17.3 280 24
 14.8 260 25
 12.6 285 35
 11.1 290 22
 10.6 270 15
 10.0 290 10
  8.6   0  0
  7.0 120 10
  6.6  90 17
  6.3 110 19
  6.0 100 19
  5.9 110 20
  5.6 125 32
  5.3 110 43
D20161020.00
100.0  75 54
 70.0  90 13
 50.0 250 22
 30.0 265 39
 20.0 280 30
 10.0 165 12
 90.4  80 61
 82.0  75 58
 77.3  95 33
 75.2 140 18
 74.8 150 16
 73.3 150 13
 71.4 120 10
 70.4  95 12
 67.9  60 20
 66.8  65 24
 64.7  70 12
 63.3 155  2
 61.0 230 10
 57.9 220 10
 56.5 285 11
 54.5 305 12
 54.0 305 10
 53.2 265 10
 50.6 245 22
 47.5 255 28
 44.2 270 20
 42.7 270 19
 41.0 245 21
 39.1 245 20
 36.9 270 14
 35.9 290 23
 32.5 290 33
 31.1 285 24
 30.4 270 33
 28.8 270 48
 22.0 270 27
 19.6 285 32
 15.7 235 36
 14.9 235 32
 13.1 260 27
 12.5 290 27
 11.9 295 15
 11.7 285 10
 11.6 270  8
 11.4 235 10
 10.2 155 10
  9.7 180 10
  8.5 320  1
  8.1  50 10
  7.4  55 16
  6.9  20 20
  6.8  35 17
  6.7  75 15
  6.3  60 14
  6.2  80 12
  6.1  95 15
  5.7  90 36
D20161020.12
100.0  75 95
 70.0 155  8
 50.0 275 30
 30.0 245 41
 20.0 260 32
 10.0 195 34
 98.4  81  2
 85.6  85 54
 83.3  80 52
 76.1 110 40
 74.1 120 24
 72.6 160 11
 72.2 175 10
 67.8  90  5
 65.3  90 10
 63.7 135 11
 61.7 130 10
 59.9  25  1
 58.4 275 10
 57.8 250 12
 52.6 260 32
 51.2 270 34
 46.9 300 26
 41.3 290 17
 39.6 270 16
 38.3 285 21
 33.6 270 15
 32.1 240 22
 30.2 245 42
 26.4 265 34
 20.9 270 25
 19.1 255 39
 16.7 260 41
 13.4 285 35
 12.3 300 19
 11.5 265 14
 11.3 230  9
 11.3 215 10
 10.8 195 21
 10.0 195 34
  8.8 190 16
  8.5 180 10
  8.2 135  6
  7.5  80 10
  7.3  95 15
  6.5  40 19
  6.3  65 22
  6.1  50 22
  5.7  60 22
  5.4  60 53
  5.1  55 60
  4.5 100 67
  4.2 105 71
  4.2 105 71
D20161021.00
100.0  75 98
 70.0  85  3
 50.0 295 24
 30.0 250 32
 20.0 250 48
 10.0 210 13
 99.9  75 98
 82.6  85 57
 78.5 100 37
 75.8 110 38
 72.8 120 15
 71.5 115 10
 69.9  80  3
 62.4 255 10
 59.8 255 13
 57.6 230 20
 55.8 280 17
 54.3 300 21
 51.5 285 27
 49.4 300 22
 48.2 295 14
 47.6 280 11
 46.9 265 14
 42.6 245 18
 39.4 295 24
 36.9 275 29
 35.6 285 24
 34.5 260 19
 34.0 250 22
 31.1 240 40
 29.4 260 29
 28.0 285 36
 23.7 265 33
 21.2 255 49
 19.7 250 47
 17.7 255 44
 15.0 310 37
 13.7 315 24
 12.8 350 12
 11.9  75  4
 11.0 155 10
 10.5 200 17
  9.9 210 12
  8.1 165  4
  7.8 160 10
  7.7 180 12
  6.8 125  7
  6.7 110 10
  6.0  65 35
  5.6  70 47
D20161021.12
100.0  85 92
 70.0   5 18
 50.0 280 17
 94.6  86  2
 82.6 115 65
 79.7 110 41
 74.2  50 14
 71.7  15 16
 69.6  10 17
 68.4  25 10
 62.8 345  1
 58.4 230 11
 57.6 220 10
 56.3 265 11
 54.4 290 19
 53.2 300 15
 51.1 300 16
 46.4 260 19
 41.6 260 18
 37.8 295 25
 37.3 295 24
D20161022.00
100.0  75 76
 70.0  85 13
 50.0 245 25
 30.0 280 28
 20.0 275 38
 10.0 335 25
 98.8  75 77
 92.1  95 57
 88.6 105 63
 82.6 115 59
 79.8 100 63
 74.0  80 32
 70.5  80 17
 69.1 105 10
 67.8 170  6
 66.5 240 10
 62.2 280 16
 60.0 270 17
 57.1 280 15
 56.2 270 13
 53.1 290 28
 50.2 245 25
 48.0 235 25
 44.2 255 19
 41.5 250 17
 39.8 280 20
 35.9 250 25
 34.0 245 27
 32.5 275 29
 30.1 285 29
 27.9 245 27
 25.1 275 23
 20.6 270 38
 17.3 305 37
 15.9 310 12
 15.7 270  5
 15.5 230 10
 14.9 205 20
 14.4 195 18
 13.8 235 24
 13.5 240 28
 11.0 315 17
  8.6   5 23
  8.4  15 18
  8.2  50 15
  7.7  65 10
  7.1 120  8
D20161022.12
100.0 115 58
 70.0 205  6
 50.0 255 18
 30.0 290 32
 20.0 295 36
 10.0 345 17
 92.5 120 59
 85.1 110 56
 80.5  95 69
 76.5  95 43
 73.9  80 26
 72.9  85 17
 70.7 175  5
 68.8 230 10
 66.8 250 21
 61.7 260 32
 57.3 275 22
 54.1 240 17
 49.8 255 18
 47.2 235 17
 44.3 265 11
 43.5 250 11
 41.9 225 16
 39.3 255 19
 36.7 250 31
 34.7 260 34
 33.2 290 36
 31.6 295 41
 29.5 285 30
 27.9 260 44
 23.7 265 45
 21.8 265 43
 20.2 295 38
 18.8 300 30
 17.5 285 11
 16.9 240 13
 15.7 215 20
 14.8 220 30
 13.1 235 29
 11.0 315 19
 10.2 325 21
  9.7   5 17
  9.5 360 17
D20161023.00
100.0 110 49
 70.0 250 18
 50.0 240  9
 30.0 260 50
 20.0 285 29
 10.0  30 10
 85.5 100 69
 81.6 115 29
 79.0 105 11
 76.3 195  4
 74.4 260 10
 72.2 265 17
 68.0 250 22
 64.5 265 18
 61.7 300 12
 57.0 240  2
 55.2 210 11
 52.3 205 11
 49.4 225 10
 47.0 205 15
 43.8 235 12
 41.8 270 27
 39.2 285 32
 38.0 275 41
 34.4 275 33
 33.5 270 31
 32.2 250 38
 29.7 260 52
 28.5 270 50
 26.5 260 47
 23.6 275 49
 21.0 290 39
 19.4 290 20
 18.6 275 16
 17.9 245 16
 16.6 245 25
 15.2 230 23
 12.8 255 18
 12.2 285 20
 11.2 270 17
 10.6 295 13
 10.5 310 10
 10.3 350  7
 10.0  35 10
  9.5  60 10
  9.1  70 19
  7.5 135 17
  7.3 170 13
  7.1 170 11
  6.9 150 10
  6.7 125 15
  6.3 100 22
  5.9 105 30
  5.4  70 53
  5.1  80 71
  5.1  75 69
D20161023.12
100.0 110 63
 70.0 285 29
 50.0 260 12
 30.0 270 48
 20.0 255 22
 10.0  50 10
 89.2  90 73
 85.0 100 64
 81.5 110 18
 80.2 125 10
 78.7 195  3
 77.3 265 10
 72.0 275 32
 67.1 295 22
 64.8 260 11
 58.9   0  0
 55.3 180 10
 54.4 180 10
 50.5 260 10
 45.1 270 17
 41.6 280 50
 38.8 290 41
 33.0 270 33
 31.2 255 44
 29.3 270 49
 27.9 280 43
 25.4 260 41
 23.4 275 33
 20.2 260 22
 19.1 250 24
 16.6 250 31
 15.6 255 25
 14.0 300 21
 11.9 290 16
 10.0  50 10
  9.6  90  7
  9.5 105 10
  9.1  95 19
  8.6 130 22
  8.1 165 19
  7.7 175 16
  7.3 150 11
  7.2 130  9
  7.0 100 12
  6.6  75 18
  5.6  80 36
  5.3  60 49
  4.9  80 75
  4.8  75 75
D20161024.00
100.0 100 56
 70.0 255 20
 50.0 295 20
 30.0 280 40
 20.0 255 17
 10.0 145 10
 92.6  85 65
 88.5  90 61
 82.1  65 20
 77.5  40 12
 75.7  60 10
 73.3 320  2
 71.3 250 10
 69.6 255 22
 67.1 245 12
 66.3 235 11
 63.8 155 10
 56.7 110 10
 56.4 105 10
 55.6  45  5
 54.7 360 10
 51.5 305 17
 45.7 275 35
 44.5 285 32
 41.7 260 37
 32.3 260 43
 30.7 275 45
 27.3 270 45
 24.9 295 42
 20.8 290 24
 20.2 260 17
 18.7 240 28
 16.0 260 28
 14.0 320 34
 13.3 330 41
 12.6 350 27
 12.1 330 19
 11.5 360 10
 10.9  45  3
 10.0 145 10
  9.8 145 10
  9.6 195 14
  9.4 200 14
  9.0 165 15
  8.6 165 16
  8.1 130 13
  7.6  50 10
  7.1  40 12
  6.9  50 11
  6.7  75 21
  6.4  85 24
  6.0  75 25
  5.6  70 54
  4.6 110 54
D20161024.12
D20161025.00
100.0  90 62
 70.0 340 20
 50.0 275 24
 30.0 280 34
 20.0 275 33
 10.0 325 12
 98.5  95 64
 93.1 110 61
 88.2 125 34
 84.2 130 10
 81.5   0  0
 78.6 305 10
 77.9 320 10
 75.6 300 12
 73.7 335 19
 71.5 340 22
 69.1 340 18
 63.0  65 14
 62.5  65 10
 60.2   5  1
 56.2 300  5
 55.5 265 12
 53.5 255 29
 51.0 275 27
 48.3 275 19
 47.4 265 17
 43.5 230 29
 41.8 260 35
 38.9 270 42
 35.3 260 24
 33.7 255 40
 30.5 270 37
 28.1 310 44
 26.2 315 29
 22.5 290 16
 21.4 270 24
 19.6 275 36
 16.3 260 39
 14.9 290 27
 14.4 310 17
 13.5  40 10
 12.8 125  5
 12.5 125 10
 12.2 115 16
 12.0 125 10
 11.7 205  1
 10.4 315 10
 10.2 325 13
  9.5 335 10
  7.6 100  2
  7.1 120 16
  6.6 120 18
  6.1 100 44
  5.9 105 51
  5.7 115 47
D20161025.12
D20161026.00
D20161026.12
100.0 100 60
 70.0 135 18
 50.0 235 27
 30.0 265 18
 20.0 280 25
 10.0 230  7
 95.7  90 53
 90.7 105 28
 87.6  95 11
 81.6   0  0
 71.0 135 18
 65.9 125 25
 62.9  85 20
 60.0  75 17
 57.9  45 10
 55.1   0  0
 53.6 200 10
 49.1 240 31
 46.0 245 22
 44.3 270 28
 41.8 260 24
 34.2 295 30
 31.7 285 17
 30.5 265 18
 27.9 275 15
 26.8 265 31
 23.0 275 37
 20.4 285 25
 19.2 265 25
 18.7 280 19
 17.4 285 33
 15.7 275 16
 15.4 265 13
 14.9 230 15
 14.5 235 25
 13.5 195 16
 12.8 225 29
 11.6 225 15
 11.2 195 10
 11.0 210 13
 10.3 205 10
 10.1 220 10
  9.8   0  0
  9.5  65 10
  9.3  65 20
  8.6  40 11
  8.4  30 13
  8.1  55 17
  7.6  75 25
  7.3  45 22
  6.8  65 26
  6.3  75 44
  5.8  75 32
  4.9  60 42
D20161027.00
100.0 100 12
 70.0 110 10
 50.0 295 19
 30.0 240  3
 20.0 195  6
 10.0 120 13
 96.2 305  2
 90.9 340  6
 80.2  85 13
 76.4  60 37
 71.8 110 19
 67.7  70  6
 66.6 180  5
 60.7 205 19
 55.1 230 22
 50.8 290 17
 46.8 270 21
 24.2 240  6
 15.3 170  9
 14.3 240 16
 12.3 175  2
 11.9 230 15
 11.5 185  4
 11.3 225 12
 11.1 225 14
 10.5 110 16
 10.4 100 26
 10.0 120 13
  9.1  95 27
  8.5  95 26
D20161027.12
100.0 115 40
 70.0  80 15
 50.0 295 19
 30.0 280 30
 20.0 260 30
 10.0 240  8
 96.1 135 11
 90.4  75  1
 81.7  55 10
 73.2 115 13
 68.7  60 14
 65.4  85 29
 59.6 165 10
 58.4 195  5
 55.7 220 10
 54.3 225 10
 52.6 245  3
 51.4 280 10
 47.4 325 31
 46.0 325 38
 44.3 325 30
 42.9 295 30
 41.1 295 23
 39.3 275 23
 35.9 290 23
 33.6 275 16
 31.9 260 32
 30.0 280 30
 28.1 280 27
 26.6 275 29
 25.6 255 34
 24.1 265 44
 21.4 270 32
 19.5 250 22
 18.4 260 20
 17.7 250 13
 14.8 170  1
 13.1 265 10
 12.7 245 16
 11.8 270 13
 11.0 280 10
 10.6 250 10
  9.6 250 10
  9.4 190  3
  9.2 120 10
  8.2  85 10
  8.1 105 17
  7.8 100 21
  7.3 130 22
  6.8 105 27
  6.7  95 24
  6.4 100 24
  5.9  70 22
  5.6  95 20
  5.2 105 35
  4.7  95 60
D20161028.00
100.0  85 17
 70.0  70 32
 50.0 320 14
 30.0 275 30
 20.0 280 22
 10.0 345 14
 98.7  90 10
 97.6 120  5
 93.8 210 10
 88.9 225 11
 82.8 135  1
 78.2 110 10
 76.3 115 17
 72.2  70 24
 67.7  85 36
 65.7  95 25
 64.1 140 14
 62.6 145 10
 61.2 220  3
 58.7 270 10
 54.7 275 10
 52.4 290 10
 51.5 325 13
 50.7 330 15
 49.1 310 13
 47.5 330 11
 46.8 310  9
 46.1 285 14
 44.4 270 26
 41.2 250 13
 40.3 240 19
 38.8 245 30
 35.4 270 21
 32.7 275 37
 31.4 280 31
 28.4 265 36
 23.9 285 40
 20.6 270 21
 18.3 305 11
 17.5 335  3
 16.5 125 10
 15.9 170 15
 15.0 205 19
 13.8 230 28
 11.5 290 24
 11.2 300 26
 10.1 340 14
  9.6  15 11
  9.4  60  6
  9.2 105 10
  9.0 145 16
  8.3 165 22
  7.4 165 33
  6.4 145 30
  6.2 115 23
D20161028.12
100.0  85 25
 70.0 100 26
 50.0 335  8
 30.0 260 29
 20.0 275 26
 10.0 360 24
 93.7  95 14
 87.3  65 11
 80.9  80 10
 79.0  65  7
 75.5 125 11
 65.3  85 30
 63.4  75 16
 62.1  35  7
 58.2 290  5
 55.9 265 10
 54.8 245 16
 53.3 260 13
 51.7 320 13
 50.4 335 10
 48.0 285 10
 46.2 305 10
 44.8 300 10
 43.6 280 17
 38.7 270 27
 35.7 285 29
 34.1 265 31
 30.7 255 36
 29.9 260 28
 28.8 250 39
 27.9 260 47
 25.8 265 35
 23.9 295 36
 21.1 295 25
 18.9 270 22
 18.0 250 15
 17.2 230 20
 16.7 205 18
 15.1 230 35
 12.8 280 30
 11.5 275 24
 10.9 315 11
 10.7 325 12
 10.4  10 14
 10.0 360 24
  9.5 350 11
  9.3 255  2
  9.0 205 10
  8.5 205 17
  8.1 185 17
  7.9 200 12
D20161029.00
100.0 120 18
 70.0  80 24
 96.6 165 12
 91.9 200 11
 91.0 205 10
 88.5 115  1
 85.9  25 10
 79.1  55 12
 75.7  40 25
 73.5  50 29
 64.3 150 13
D20161029.12
100.0 105 32
 96.5 120 14
 90.5 135 12
 87.6  70  5
 84.1  30 10
 81.0  35 17
 71.2 110 31
D20161030.00
100.0  90 32
 70.0  40  6
 50.0 240 26
 30.0 260 32
 20.0 260 38
 10.0 205 29
 90.3 150 18
 88.7 145 18
 86.3 115 16
 84.6  95 19
 76.6  75 34
 72.6  85 30
 71.4  85 19
 68.2 340  2
 66.6 285 10
 62.7 290 13
 61.4 265 15
 59.6 260 24
 55.2 250 16
 54.1 260 14
 53.2 265 16
 51.4 235 20
 48.7 240 26
 46.4 270 25
 44.9 280 31
 42.5 255 30
 39.4 265 23
 34.7 270 47
 29.1 255 29
 28.2 270 25
 26.7 265 13
 25.7 240 17
 24.2 235 29
 23.2 255 36
 18.2 260 42
 15.5 280 34
 13.8 250 24
 11.9 240 21
 11.5 245 24
 10.8 220 24
  9.5 195 30
  9.1 175 17
  8.9 185 10
  8.8 250  2
  8.4  10 10
  7.4  20 26
  6.8  25 27
  6.2  45 25
  5.6 135 22
  5.5 135 20
  5.4 105 21
  5.1 100 27
D20161030.12
D20161031.00
100.0  90 51
 70.0 250 16
 50.0 290 12
 30.0 260 23
 20.0 285 35
 10.0 290 14
 96.8  85 61
 91.8  80 37
 87.6  55 28
 80.8  75 36
 77.6  80 32
 75.5 115 13
 74.6 170  8
 74.0 200 10
 71.6 245 19
 68.4 270 15
 65.3 260 19
 60.8 295 26
 59.6 305 24
 55.6 300 19
 53.2 330 18
 51.4 305 11
 50.9 295 12
 47.3 295 15
 45.5 265 15
 45.0 250 19
 41.0 270 40
 35.8 275 29
 34.1 245 26
 30.4 265 22
 29.2 250 21
 24.6 265 40
 19.3 295 38
 16.6 315 26
 15.3 305 20
 15.1 295 17
 14.8 275 20
 14.0 265 26
 12.2 280 21
 10.9 265 18
 10.1 290 14
  9.8 280 10
  8.6  10  6
  7.3 120  9
  6.8 150 27
  6.6 150 35
  6.4 160 37
  6.0 125 30
  5.3 100 38
  5.3  95 37
D20161031.12
100.0  75 49
 70.0 270 23
 50.0 330 12
 94.8  85 54
 84.8 120 32
 83.2 110 34
 81.7  95 29
 79.5 110 10
 77.2 185  1
 75.7 250 10
 72.3 265 26
 65.0 300 13
 64.0 290 11
 61.2 310 16
 57.1   5 22
 55.9  20 16
 53.5  25  7
 51.5  20 13
 50.0 330 12
 48.0 325 13
 46.0 250 20
