sing20140819.00
TTAA  69001 48698
99010 27020 00503 00103 26025 28008 92788 21412 12007
85518 17610 18510 70157 08621 01002 50587 04761 21505
40759 15750 10022 30970 30561 06517 25097 41159 07533
20244 53759 08037 15424 66360 07054 10659 747// 07521
88111 79558 08039
77999=
TTCC  69002 48698
70869 679// 29513 50072 637// 19006 30389 581// 08059
20649 505// 10563
88999
77275 09072 42011=
TTDD  6900/ 48698
11984 733// 22971 731// 33920 711// 44807 749// 55781
731// 66758 721// 77711 685// 88680 675// 99622 691//
11607 681// 22559 647// 33480 623// 44434 611// 55423
619// 66417 623// 77406 631// 88364 617// 99337 603//
11303 581// 22280 575// 33277 563// 44255 527// 55220
515// 66196 503// 77186 489// 88169 457// 99164 445//
11145 481// 22141 483//
21212 11904 20011 22860 24520 33818 26023 44782 24522
55766 26512 66749 30014 77734 31013 88719 28511 99691
30514 11667 29506 22644 25507 33613 23017 44585 23025
55548 20515 66502 20008 77479 15504 88463 05009 99448
08020 11433 11019 22403 08531 33368 09556 44326 07558
55275 09072 66246 09562 77210 09557 88194 10565 99144
09565 11141 09068=
