sing20140806.00
TTAA  56001 48698
99008 27628 19004 00084 27024 18507 92770 23030 15017
85504 19050 17010 70145 09025 19006 50586 04739 08005
40758 15545 09017 30969 30947 06025 25096 40143 06542
20244 52139 06556 15423 67928 05054 10658 80925 08031
88101 81326 08032
77125 07066 42740=
TTCC  56001 48698
70868 67525 29526 50072 65326 26019 30387 59528 08059
20643 56529 08560 10098 41333 08569
88999
77134 10077 41116=
TTDD  5600/ 48698
11934 785// 22926 781// 33841 705// 44821 669// 55813
667// 66761 665// 77753 657// 88706 675// 99692 679//
11627 661// 22590 645// 33483 655// 44460 641// 55449
631// 66443 629// 77427 631// 88401 643// 99353 603//
11276 593// 22253 563// 33186 545// 44169 503// 55162
489// 66151 475// 77139 497// 88122 467// 99105 435//
11098 411// 22086 393// 33077 379// 44073 337// 55067
365// 66063 297//
21212 11938 06556 22898 08037 33849 09030 44808 13510
55756 27515 66732 29023 77642 28017 88602 30520 99572
33014 11554 32511 22518 26525 33462 26001 44455 07506
55448 13506 66419 08513 77391 10026 88371 09536 99359
09045 11292 07563 22251 09063 33210 08558 44163 09072
55154 09571 66146 10072 77134 10077 88118 10064 99089
08070 11077 08551 22074 08543 33073 06549 44069 03543
55066 04536 66063 03519=
