sing20140817.00
TTAA  67001 48698
99008 27645 00501 00085 27432 00000 92772 23050 17513
85504 17017 21511 70141 08835 19505 50585 07306 04003
40756 16725 12010 30966 31745 11513 25092 41535 05026
20240 54531 07038 15418 65131 08537 10654 767// 08023
88109 79733 06540
77164 07559 42135=
TTCC  67001 48698
70864 701// 28014 50068 637// 27520 30383 599// 08559
20640 525// 09062 10090 475// 08058
88999
77081 09077 43045=
TTDD  6700/ 48698
11952 725// 22901 723// 33835 725// 44787 717// 55776
713// 66768 713// 77665 667// 88635 677// 99584 665//
11527 651// 22510 637// 33420 619// 44390 631// 55366
641// 66337 607// 77309 593// 88220 541// 99198 523//
11167 533// 22126 501// 33110 491// 44095 455// 55087
415// 66084 393// 77078 373// 88070 361// 99065 375//
11061 331//
21212 11968 12512 22906 25013 33866 30526 44836 29026
55799 29043 66739 30516 77704 27511 88682 29520 99642
32007 11622 27510 22575 28027 33533 27523 44479 29005
55449 33004 66442 02506 77400 09521 88386 08028 99351
09051 11308 08053 22283 09565 33261 09575 44131 10570
55111 09066 66103 08051 77099 08060 88097 07552 99090
08068 11087 07557 22081 09077 33079 09057 44074 07040
55073 07049 66072 06547 77070 06535 88068 10524 99065
05022 11064 04525 22063 07520 33062 06027 44061 07021=
