sing20140831.00
TTAA  81001 48698
99007 27830 18503 00075 27425 15005 92762 22632 13507
85495 18639 17003 70135 09638 29504 50585 05745 06009
40757 16546 07012 30967 31557 07514 25093 42156 06529
20240 53757 07544 15419 67557 10542 10657 753// 27530
88119 75957 05531
77999=
TTCC  81001 48698
70865 735// 28518 50067 625// 20514 30381 593// 09055
20638 553// 09564 10091 463// 11059
88999
77078 07576 43246=
TTDD  8100/ 48698
11960 769// 22881 747// 33824 727// 44812 719// 55786
705// 66684 741// 77668 719// 88606 679// 99530 669//
11500 623// 22446 639// 33369 657// 44345 641// 55332
623// 66308 597// 77285 567// 88245 555// 99183 535//
11175 509// 22140 495// 33118 477// 44107 467// 55096
453// 66088 411// 77087 405// 88080 379// 99072 355//
11066 367//
21212 11963 26539 22903 26024 33736 27532 44710 27520
55676 24509 66666 23517 77624 25016 88594 27524 99539
27518 11522 22505 22482 21524 33450 18514 44395 06522
55381 06030 66333 09051 77276 08063 88249 08073 99213
08564 11158 09572 22152 10062 33129 10067 44125 10075
55120 10065 66118 10073 77116 10559 88114 11057 99112
11069 11101 11061 22090 08545 33083 09549 44078 07576
55071 08547 66067 08030 77066 07032=
