sing20130103.12
TTAA  53121 48698
99006 27256 08003 00071 28046 09004 92758 22826 33512
85491 18428 31014 70135 10238 29511 50586 05119 08503
40759 14156 08015 30971 28357 12523 25099 38960 08518
20248 51957 08521 15428 66950 08547 10660 86557 09063
88999
77999=
TTCC  53125 48698
70861 789// 22503 50053 785// 07523 30/// ///// /////
20/// ///// ///// 10/// ///// /////
88991 86756 09058
77346 09073 409//=
TTDD  5312/ 48698
11991 86756 22905 795// 33857 807// 44847 795// 55593
785// 66566 763// 77558 757// 88514 785// 99507 785//
11467 745// 22448 735// 33417 715// 44397 685// 55374
675// 66357 657// 77343 647//
21212 11937 10025 22903 18011 33856 24017 44781 17509
55757 20007 66711 29502 77689 27006 88668 28004 99657
24505 11636 28003 22616 03005 33577 04516 44538 09516
55519 08020 66501 07522 77478 09042 88471 10042 99445
08560 11439 08566 22421 09060 33377 07069 44353 08572
55346 09073 66343 09072=
