sing20130119.00
TTAA  69001 48698
99010 23450 29002 00132 23229 29008 92809 19808 34527
85536 16411 35526 70173 09405 04523 50589 05310 07015
40762 14500 08512 30974 30709 10026 25101 39710 07523
20249 52709 06518 15428 67902 12029 10663 78300 01513
88999
77999=
TTCC  69001 48698
70860 84507 35007 50051 77502 08536 30367 55101 29024
20625 54503 23539 10071 49305 13012
88999
77384 10060 42976=
TTDD  6900/ 48698
11991 78100 22926 81100 33856 84929 44830 86558 55803
87965 66762 89921 77749 89500 88687 83559 99675 81371
11669 80759 22665 80950 33631 79112 44625 79506 55553
75108 66499 77502 77480 74115 88451 71907 99403 66522
11394 61712 22390 60706 33380 58913 44363 51106 55333
53502 66316 54702 77264 56901 88227 56501 99206 54503
11157 53103 22107 51304 33101 49305 44093 47707 55092
46307 66075 43907 77070 431//
21212 11911 00516 22744 08011 33731 06006 44697 35509
55624 18524 66584 19507 77563 10013 88481 08043 99462
07551 11389 10057 22384 10060 33361 06014 44346 00514
55336 34019 66317 31034 77295 28019 88283 27036 99257
25547 11186 23025 22178 25039 33168 25521 44158 26039
55150 26027 66123 25033 77106 19017 88096 08029 99093
03014 11091 07021 22083 35513 33082 02513 44079 05016
55075 35016 66073 34031 77070 32009=
