sing20130109.12
TTAA  59121 48698
99007 25860 32003 00074 26457 30505 92760 22624 35514
85492 17421 31524 70129 09456 29032 50584 05316 32018
40756 15120 26509 30968 29328 15521 25096 38940 10514
20244 52337 10527 15423 68332 10038 10655 82137 10070
88999
77103 09580 43273=
=
TTDD  5912/ 48698
11989 81340 22957 79937 33913 79732 44909 79733 55878
77131 66874 77329 77849 78534 88841 78731 99829 78134
11818 77541 22816 76740
21212 11984 10556 22964 10548 33940 11040 44916 12019
55899 09507 66883 10506 77875 10506 88842 07511 99826
11008 11816 13504=
