sing20130124.12
TTAA  74121 48698
99008 28259 06009 00081 28258 04001 92766 21219 02019
85497 17614 32513 70139 10831 34008 50587 04537 29510
40759 14556 33504 30971 30158 01008 25098 39940 21504
20246 52943 19015 15425 68945 14028 10662 79757 05516
88999
77129 10561 44351=
TTCC  74121 48698
70861 84557 23507 50052 76956 09026 30/// ///// /////
20/// ///// ///// 10/// ///// /////
88999
77999=
TTDD  7412/ 48698
11929 81550 22798 83346 33780 83740 44754 84757 55747
84757 66664 85957 77615 76963 88600 73957 99586 74348
11573 75146 22514 76556 33440 76757 44438 76357
21212 11976 06520 22915 11016 33902 11515 44886 13015
55851 18020 66835 18024 77788 19032 88718 20510 99704
23007 11691 25507 22652 29007 33640 05002 44628 02001
55588 03030 66567 05023 77556 07022 88536 06522 99526
07521 11500 09026 22483 10032 33475 09033 44451 10041
55444 10542 66438 10043=
