sing20130126.00
TTAA  76001 48698
99010 26059 04007 00100 25449 01509 92782 20838 03518
85512 19673 36007 70147 08614 26007 50586 05529 02013
40758 15559 25004 30969 29165 06004 25097 40950 13517
20244 53349 18018 15423 68350 11527 10661 78356 27027
88999
77999=
TTCC  76003 48698
70859 855// 01014 50052 709// 06528 30361 581// 14511
20/// ///// ///// 10/// ///// /////
88813 85550 24011
77386 08060 42325=
TTDD  7600/ 48698
11940 80747 22931 81147 33898 82750 44839 84146 55813
85550 66791 857// 77741 857// 88665 857// 99618 811//
11583 753// 22541 699// 33489 713// 44429 733// 55381
677// 66362 665// 77344 587// 88307 575// 99283 561//
11269 573// 22255 559// 33241 573// 44226 535// 55220
521// 66217 523//
21212 11960 26521 22915 26516 33894 30017 44853 28513
55818 24013 66788 12503 77762 02506 88736 34006 99701
01014 11664 04013 22609 17514 33562 10011 44517 06024
55459 07538 66406 07552 77386 08060 88341 05537 99331
06043 11320 07527 22304 13009 33273 20529 44255 21020
55225 22531 66217 22536=
