sing20130106.12
TTAA  56121 48698
99006 29862 04006 00064 29458 03009 92753 23642 30509
85487 18430 27011 70126 09019 30526 50585 05961 28016
40757 13930 34504 30969 29160 10521 25097 39363 11029
20246 51750 13032 15425 67940 12548 10657 793// 09553
88106 84939 10073
77104 09579 42875=
TTCC  56127 48698
70858 815// 12515 50/// ///// ///// 30/// ///// /////
20/// ///// ///// 10/// ///// /////
88999
77999=
TTDD  5612/ 48698
11989 785// 22960 779// 33889 801// 44868 811// 55820
819// 66790 831// 77753 837// 88729 825// 99717 817//
11678 807//
21212 11976 10041 22911 08513 33892 09008 44856 19506
55821 20514 66787 19517 77754 18516 88738 16513 99722
17509 11691 11519 22678 11021=
