sing20130216.12
TTAA  66121 48698
99004 27459 06009 00049 26657 03006 92734 21414 04019
85465 17214 03515 70103 09412 12502 50583 04313 22003
40756 14337 15005 30967 29731 16005 25095 39937 16515
20243 52931 16023 15421 69329 13531 10654 83535 09047
88999
77128 11063 43519=
TTCC  66127 48698
70854 767// 05027 50/// ///// ///// 30/// ///// /////
20/// ///// ///// 10/// ///// /////
88995 83535 09046
77999=
TTDD  6612/ 48698
11995 83535 22945 825// 33848 847// 44839 849// 55774
783// 66754 757// 77727 761// 88701 765// 99639 713//
11629 713// 22611 713//
21212 11979 09546 22947 10035 33913 11526 44898 12028
55883 12528 66866 13027 77851 13029 88822 11025 99807
11531 11792 10529 22764 07521 33736 05025 44723 04526
55712 04028 66678 07525 77664 07523 88637 11019 99611
14014=
