sing20130218.00
TTAA  68001 48698
99006 25457 36002 00062 25246 35504 92745 20808 36015
85476 18031 30002 70117 10245 25013 50585 05323 29510
40757 15336 34504 30968 30156 07009 25095 40757 09013
20243 53550 11033 15421 69157 10553 10655 801// 07539
88102 80356 08040
77122 10583 42949=
TTCC  68001 48698
70857 755// 12519 50055 673// 09014 30367 555// 16519
20630 485// 26512 10090 441// 30018
88999
77999=
TTDD  6800/ 48698
11952 787// 22946 781// 33888 765// 44843 785// 55787
813// 66777 817// 77727 807// 88699 753// 99656 767//
11628 737// 22589 737// 33532 693// 44506 673// 55449
695// 66403 683// 77393 669// 88352 591// 99331 613//
11302 569// 22287 491// 33283 481// 44279 483// 55259
519// 66223 521// 77203 485// 88190 499// 99183 467//
11119 453// 22110 439// 33089 417// 44076 391// 55069
363// 66057 325// 77054 235// 88050 219//
21212 11885 06503 22855 31006 33797 31018 44754 34509
55741 36004 66680 14023 77655 15036 88601 07516 99570
06028 11533 10517 22418 07028 33396 08551 44360 08525
55326 10527 66293 17514 77279 25524 88203 24511 99189
29515 11154 29531 22133 25513 33121 30511 44117 27517
55100 30518 66082 29008 77074 34013 88066 24505 99063
23508 11055 08508 22053 04512 33052 10507 44050 07508=
