sing20130208.12
TTAA  58121 48698
99007 24860 27002 00072 25459 24001 92756 22434 01508
85488 18224 01513 70129 10036 06515 50586 04540 09018
40758 13557 09019 30970 29334 13518 25098 39939 13514
20246 53540 12516 15424 68942 09523 10658 775// 35009
88112 80938 11040
77999=
TTCC  58121 48698
70858 793// 28502 50/// ///// ///// 30/// ///// /////
20/// ///// ///// 10/// ///// /////
88999
77999=
TTDD  5812/ 48698
11815 839// 22799 841// 33760 833// 44733 815// 55683
799//
21212 11957 31020 22935 29522 33893 29029 44851 31028
55831 32025 66812 32023 77793 33520 88775 34021 99742
01006 11726 31003 22695 36003 33683 07503=
