sing20130228.12
TTAA  78121 48698
99004 28456 06007 00051 29248 06004 92741 23419 20504
85477 18828 25013 70127 12858 29008 50586 04938 30512
40759 15150 23010 30970 29746 10018 25097 39956 08016
20246 52359 09039 15425 65558 09048 10664 79156 07015
88999
77999=
TTCC  78121 48698
70860 849// 04516 50054 667// 08048 30371 543// 26548
20630 535// 28026 10090 431// 26542
88775 89763 02516
77999=
TTDD  7812/ 48698
11879 85162 22831 87771 33801 88569 44775 89763 55760
893// 66722 877// 77704 849// 88695 851// 99637 819//
11617 805// 22552 713// 33547 713// 44519 663// 55473
677// 66404 617// 77355 569// 88338 551// 99333 547//
11277 575// 22262 551// 33255 543// 44251 539// 55194
523// 66184 511// 77163 459// 88161 459// 99150 451//
11147 455// 22135 463// 33124 445// 44116 431// 55092
401// 66080 419// 77074 429// 88068 429//
21212 11956 02004 22930 25502 33886 20505 44824 35505
55787 02016 66689 05019 77618 12524 88485 06548 99344
32009 11316 26523 22229 28543 33213 26030 44187 30507
55159 25036 66111 28549 77107 28048 88104 27546 99100
26542 11097 26545 22093 26547 33090 26042 44087 24545
55085 25535 66082 24037 77079 24543 88076 24034 99074
26039 11071 24529 22068 25533=
