
04010100 30504 10039 07007 26546 27530 9726030 9228534 8727529 8628028
 7430047 7029530 6631527 6228015 6025519
04010112 00000 11545 16506 99900 99900
04010200 05527 08538 22506 27045 99900
04010212 10015 09044 27506 28049 27037 9224035 8427040 7825535
04010300 99900 09042 28007 25539 25035 9726037 9124535 8527539 7427034
 7129543 6730043
04010312 12516 09038 16512 25534 25538 9726038 9524534 9225533 8823036
 8327041 7926037
04010400 13009 10052 34008 27536 22541 9621540 9122540 8721536 7925531
 7624030 7030031 6527017 6427518
04010412 14516 08547 18014 27537 21544 9820543 8824537 7526524 7329525
04010500 07008 09541 09005 24542 23538 9422035 9124540 8522034 7825035
 7626030 7428534 7029549 6327521 5929041 5730041 4926528
04010512 99900 99900 99900 27532 21512 7627029
04010600 99900 09544 06528 26016 23545 9923044 9221057 8322036 7526039
 6722030 6419025 6219022 5923026 5623023
04010612 99900 99900 08536 32017 23055 8324049 8022544
04010700 03004 07534 10042 29014 25555 8125038 7923530
04010712 19006 07539 99900 99900 99900
04010800 07009 09043 10024 28524 26042 9726548 9025539 8522530 7725048
 7124533 6824546 6522524 6318014 6113517 6012520 5624503 5511506 5410520
 5311522
04010812 01514 09557 11022 31023 25056 9625059 7924038
04010900 03020 08057 10530 30026 25044 9323536 9025042 8623035 8324533
 7923524 7326040 6622524 6519520 6216512 6009513 5908016 5708015 5604007
 5530512 5429020 5229009 5031010
04010912 06016 08552 09537 27040 25066 9424055 8325048 7720526 7421024
 7224532 6824536 6624035 6220520 6118016 5914021 5711517 5412014 4902506
 4834008
04011000 10023 10047 07028 27060 24556 9026044 8525034 8027040 7626537
 7226518 6827038 6427534 6225010 6120006 5915017 5822016 5524030 5321523
 5124521
04011012 10526 09551 09519 26562 25043 9625036 8927544 8224524 7827533
 7627024 7424516 7318011 7218009
04011100 11021 09034 11518 25048 25036 9625033 9127542 7926529 7826026
 7723020 7621522 7324028 7023530 6519027 6123535 5924038 5328535 5127524
 5025519 4923017 4624019
04011112 13526 07540 06516 26051 26041
04011200 11511 08037 12530 28554 27050 9927050 9023529 8128050 7524530
 7221524 7018024 6623024 6422520 6224524 5626531 5424532 5325536
04011212 07020 99900 99900 99900 99900
04011300 06510 07532 13028 26550 28032 9728543 9228022 8630543 8028514
 7722508 7513515 7412022 7208009 7033014 6530544 6030017 5330554
04011312 32017 10051 25520 28064 30045 9229022 8530546 8030526 7534008
 7403506 7210511 7108013 7005511 6901011 6832524 6631544 6130539 5330540
04011400 04019 10063 30022 26534 29530 8429515
04011412 08029 08560 03012 26033 29563 9929564 8531515 8130022 7832510
04011500 99900 99900 99900 99900 99900
04011512 09532 08554 23505 27558 21030 8912520 8711520 8510526 8109505
 7830510 7502517 7204519 6936016 6832516 6328534
04011600 12012 09045 18006 25551 09012 9806511 9408017 9107016 8434009
 8100506 7807018 7706519 7402509 7129517 6825026 6724523 6429011 6235512
 5805018 5507021 5405517 5301513 5101512 4611519
04011612 08514 11044 11507 27044 29512 9929511 8830518 8435508
04011700 07515 09540 20514 24020 27012 9927510 9628520 9127536 8828018
 8531507 8136003 8032503 7113506 7011509 6710028 6610029 6511020 6413016
 6314522 6013539 5509510 5206016 4909022
04011712 08010 08543 10522 29023 26073 9225533 8532006 8331010 7827515
 7114512 6910531
04011800 04516 08036 18015 30028 24524
04011812 01014 08548 15011 30535 26022 9627032 9227026 9025012 8824020
04011900 03519 09539 10010 27554 28530 9428026 8727525 7733504 7508510
 7003510 6610024 6310534 6109517 6006508 5931511 5629530 5427519 5230505
 5136002 4911511 4812020 4413516 4311015
04011912 99900 99900 99900 99900 99900
04012000 08529 09532 06528 28031 25533 9625527 8628010 8200000 6000000
 5930502 5508516 5409021
04012012 08525 10031 06028 29524 25535 9724521 9321008 8435502 7609505
 7200517 7100524 6506528 6407532 6206526 6001017 5935019 5733030
04012100 08522 99900 99900 99900 99900
04012112 99900 99900 99900 99900 99900
04012200 99900 08537 99900 99900 99900
04012212 07530 08544 27514 26566 30016 9632511 9430017 9029531 8330005
 8109010 7836010 7733517 7532523 7333517 7102011 6908515
04012300 10033 08044 30028 26054 27534 9728029 9227549 8728531 8429535
 8030515 7803503 7630019 7325003 6827510 6429519
04012312 12540 08044 34510 28047 25542 9726054 9225530 8927036 8526519
 8219506 8023510 7927017 7628029 7326515 7224010 7020510 6716015 6617012
 6521509 6427512 6128016
04012400 11037 10545 04512 25042 28046 9526532 8326525 8027032 7623004
 7526508 7328022 7000503 6831512 6530027
04012412 99900 99900 99900 99900 99900
04012500 11045 09534 21017 24539 99900
04012512 07526 08035 22522 26043 25540 9425551 8724524 8320519
04012600 05026 08521 13003 26041 28524 9529509 9203002 8306512 8208016
 7806516 7401512 7205514 6908015 6706517 6507020 6234014 6031023 5430024
04012612 06536 10524 13526 27050 28515 9929514 9731017 9031513 8835507
 8503010 8206517 7900514 7636015 7303521 6902519 6705526 6604028 6232527
 5930030 5531019
04012700 09022 33006 07525 26048 27026 9729521 9230536 8632023 8401514
 8203015 8103016 7834522 7532529 7030018 6733013 6504514 6406517 6305014
 6200512 6133513 5831024 5632520 5334006 5216010 5117012 5014520 4915524
 4814519
04012712 18517 05010 09538 27552 28044 9728053 9128034 8727547 7827008
 7526522 7223021 7024023 6824009
04012800 24526 08020 26507 25554 27038 9727543 9227034 8028010 7128518
 6404005 6330510 5633013 5121010 4810018
04012812 26529 07525 28029 27547 26041 9625547 8524030 8424532
04012900 27020 09029 29530 26544 27551 7730013
04012912 28511 10532 30017 27053 26556 9127045 8524520 8126034
04013000 01012 08543 27561 26052 27033 9427522 8928542 7829015 7502004
 7036002 6929507 6728014 6321504 6228513 5929531 5527519 5229523 5128523
 5027019 4822018 4722017
04013012 30512 07556 28065 27053 26537 9926534 9427051 8726040 8326550
 7824026 7525030
04013100 04015 08560 26547 26545 27549 9827549 8525532 8126534 7723015
 7425519 6616503 6429511 6330518
04013112 99900 99900 99900 99900 28046 8727542
04020100 09526 10562 25542 28048 26534 9527030 8825536 8325022 7918006
 7412007 6811024 6611011 6404003 6330010 6133007 5909011 5716505 5625511
 5528517 5428518 5223011
04020112 08028 09550 26541 28054 25033 9026528 8526010 8101003 7502005
 7210017 7017503
04020200 08529 09028 99900 99900 99900
04020212 09512 09028 30014 26041 25046 9725047 9425534 8118010 7914011
 7612521 6913040 6713030 6318015 6118517 5812030 5613517
04020300 22509 10018 29519 24543 21024 9617016 9313520 9212524 8611515
 8207510 8102506 7936010 7605518 7408024 7106521 6902514 6733021 6531032
 6231042 5732009 5428027 5027003 4822009 4716512 4617015
04020312 26513 07038 27520 27555 25528 9321013 9017011 8609010 8104503
 7600507 7411011 7112517 6722515 6524019 6423519 6015027 5712526 5513021
 5317516
04020400 24016 06028 27010 27043 30533 9831526 9536016 9133024 8532519
 7829513 7634005 7406011 7207517 6800508 6628513 6427017 6029025 5725512
04020412 99900 99900 99900 99900 99900
04020500 05005 09025 30507 27028 31036 8932031 8200522 7834031 7534529
 7005529 6804528 6534025 6231034 5932029 4927024
04020512 20010 08520 26013 29020 29034 9027038 8427524 7931516 7501017
 7335022 6904522
04020600 35022 08032 31009 29529 31541 9631543 8932538 8200536 7600533
 6907024
04020612 99900 99900 99900 99900 99900
04020700 29528 08518 17506 24526 32525 9834525 9136026 8735024 8302018
 8100529 7401530 6512020 6412017 6309017 6110017 6014517
04020712 99900 99900 99900 99900 99900
04020800 28016 09025 07515 28031 32010 9130009 8720011 7316002 6913509
 6408020 6107020 5808518 5508032 5408534 5210029 4708526 4611016
04020812 28018 10032 09023 27534 26516 9927014 9029517 8525515 8024508
 7820013 7219005 7015008 6909514 6611028
04020900 26530 06534 28024 26526 27514 9731017 9432523 8734513 8329004
 7818503 7314508 6607516 6009530 5213521
04020912 27516 08540 27511 28522 24019 9226014 8521009 8420509 7919522
 7620018 7218506 7113003 6904511 6607523 6307527 6009519
04021000 30021 07538 25539 29518 31516 9931516 9529512 9232012 8533008
 8201013 7735514 6904525 6609032 5711018 5309516 5111515
04021012 35525 10039 28027 28522 21017 9920519 8922504 7905003 7808503
 7214525 7114525 6614011
04021100 27009 11041 28516 25521 33503 9221501 8129505 5524010
04021112 19010 08532 27010 25535 29018 9930017 9124007 8623018 8523522
 7822518 7519514 7418515 6917535 6118012
04021200 23512 09032 24527 28042 26514 9724513 9328511 8829512 8628510
 8323510 7728512
04021212 22013 09543 21010 28045 28524 9829022 9227023
04021300 33507 09544 29542 26042 26523 9428018 8526508 8222516 7822025
 7324022 6519010 6202010 6100517 5502504 5400506 5132010
04021312 32017 10053 31526 27036 26524 9527023
04021400 02010 10050 28525 27027 29529 9829527 8927520 8424517 7826521
 7126011
04021412 15501 10542 28019 25023 25032 9127025 8326526 7828524 7126008
 6928015 6628517 6335008
04021500 06506 08561 24024 23513 27017 9023518 8724016 7626024 7223512
 7026016 6926011 6817003 6710503
04021512 14007 09547 25530 24522 26037 9025526 8523021 7927509 7827507
 7329517 6829012 6532510 6332014
04021600 10002 08550 27028 25018 27523 8126518 7627516
04021612 99900 99900 28018 99900 28027 8628525 7526024 7326522
04021700 01515 09535 24008 27025 27036 9927037 9426033 8329521 7928523
 7229518 6927015
04021712 99900 09537 35013 99900 99900
04021800 11032 08537 24519 24029 29024 9828024 9230523 7227515 7030012
 6728511 6626510 6525009 6117530
04021812 04529 09039 29018 26030 24526 9422525 9124019 8523514 6219527
04021900 99900 08039 27010 29527 23031 9723533 8923517 8021530 7422517
 7026517 6825518 6133009 5801503
04021912 13013 08043 33021 25034 25031 9424028 8923517 8726017 8124012
 7525009 7129510 6829003 5303019 5202021 5104018 4802021
04022000 23534 11049 24010 27026 29537 9929537 9328532 8329023 7925522
 7026014 6633010 6434010 5933009
04022012 01520 09542 23517 27532 26531 9825531 9030521 8429014 8226514
 7330017 6624512 6323504 6122506 5820512 5721013
04022100 08030 10542 23026 27531 28036 9828032 7624522
04022112 09021 10045 22520 28048 26532 9725531 8626521 7822019 7122513
 5716503
04022200 10026 08033 29521 25542 99900
04022212 10031 08536 30519 24541 26026 9627028 8323523 8022510 7823005
 7727510 7627517 7127509 6710006
04022300 99900 99900 99900 99900 99900
04022312 07031 08045 30514 25548 26529 9326520 8828524 7925013 6830508
04022400 06031 09552 26520 24530 28532 9628032 9029524 7303015 6606516
 5807522
04022412 10534 10050 25524 26515 99900
04022500 10535 10042 28017 28020 30021 9629517 8732519 8027004 7501505
 6835506 6434512
04022512 13530 08045 25013 29524 27022 9527522 7832507 6122509
04022600 10017 06036 20510 28026 28031 9124529 8225530 6235530 5736026
 5334021 5029515
04022612 10024 07532 35010 27533 25541 8126526
04022700 08029 07020 28533 24038 27043 9927042 8429041 6827019 6428010
 5722009 5522006
04022712 07521 09541 28526 24023 26051 9726553 7424026 6922009 6726003
 6435013 6134510
04022800 09015 09043 26013 26511 28532 9127521 8623525 7920020 7620017
04022812 99900 99900 99900 99900 99900
04022900 09523 07523 18529 29021 28530 9528027 8724528 8126019 7630511
 7231510 6830503 6123508
04022912 11024 08525 11507 28540 24537 8623034 8323023 8024514 7729014
 6733511
04030100 05533 17003 20012 26026 28042 9129041 7626020 7322013 7220014
 6218523 6020524 5618522
04030112 09029 12018 30008 28537 24036 8923042 7920014 7818511 6715503
 6407505
04030200 07018 11507 24516 27019 30025 8906007 7930501
04030212 00000 08519 18513 29532 25041 9424541 8225012 7325011
04030300 24521 99900 99900 99900 99900
04030312 23527 09522 25024 27038 27044 8626042 7825516 7522510 6818510
04030400 24510 05024 27528 27021 28029 9328029 8424523 7925019 7614010
 7514512 7311517 6815008 6712006 6511512 5914007 5810016 5406503 5211508
 4809524 4710039
04030412 34008 08017 99900 99900 99900
04030500 99900 99900 01016 29030 25521 9925022 9425522 8422016 8116009
 8014509 7708016 7507022 6507025 5510016
04030512 31514 09537 15509 30042 27522 9228522 8327021 8128016 8031011
 7934011 7701016 7402022 7007019 6209029
04030600 27014 09542 21514 27538 34017 9934017 9433515 8529510 8025012
 7827506 7502011 6311025
04030612 23009 07538 99900 99900 99900
04030700 18515 10552 29019 28024 34005 9620508 9418015 8222007 7230504
 6703019 6408010 6207515 6108020 5409518 5209021 4912021 4709022 4410035
04030712 13006 09055 28011 30533 22530 9722032 8724024 8426020 8125020
 7633507 7527002 6807014 5906022
04030800 05508 09561 30013 25020 22013 9622523 8724021 8122521 7123518
 6315505 5714508 5107512 4906503 4708511
04030812 07024 99900 99900 99900 99900
04030900 07538 09049 27042 25033 27537 9327535 8728537 8229536 7827526
 7131523 6728507 6432012 5413002 4811508 4512521 4409519
04030912 05517 10050 25529 26035 99900
04031000 10034 08055 25532 29031 28535 9027536 7131530 6728014 6228009
 6021510 5722506 5524511 5316011 5016508
04031012 10030 09052 23024 26531 99900
04031100 12532 08563 25033 24520 26540 9325542 7432036 7032027 6629514
 6530017
04031112 08528 09563 27536 23523 26545 8728051 7327040
04031200 05031 08558 25534 25017 27044 9427043
04031212 07030 09047 26026 24516 26544 9926545 8726551 7527540 6223531
 5421506
04031300 14033 10044 25518 29528 26033 9825535 8726033 8224532 7726027
 6823511 6329005 6134006 5835511 5703012 5602012 5106514 4910013
04031312 12032 10042 28025 30531 25545 8124539 6727015 6529007 5601013
 4808024 4310032 4010038 3908530
04031400 09013 07535 30016 28528 26536 7927030 7125025
04031412 03514 10530 34516 26522 25553 7727541
04031500 03016 09032 24515 27556 28046 7725042 6726538 6228027
04031512 01013 07036 19009 27565 26545 8526040 7826538 7424040 6325037
 5927029
04031600 15514 05520 20017 26552 27042 9626037 8127532 6926035 6627537
 6025524 5726528 5324520 5124522
04031612 14030 07015 19503 25047 28554 9729053 8126545 7227040 6725021
 6623520 6126527 5626515 5528510 5324503 4212010 4011517
04031700 03519 09013 24019 28051 27038 9726534 8524544 7525026 7028023
 6831016 6232524
04031712 06022 00519 29520 27546 26052 9726054 8326048 6429536 5927518
04031800 03011 05009 27527 27549 26044 9327036 7423521 6624517 6523012
 6324513 6017506 5912511 5308015 5008019
04031812 32001 07522 27524 27058 27039 7925536 7526029 7024014 6427527
 5929022 5124510 4705504
04031900 99900 99900 99900 99900 99900
04031912 10017 09019 27035 28046 27529 9026529 6330533
04032000 19005 03025 26535 27535 27025 9526023 9024017 8923017 8623021
 8325029 7726032
04032012 12026 09533 25534 27546 99900
04032100 03034 11537 28034 26039 27528 9627029 8229022 6228520 5422504
 5112510 4912010
04032112 33512 11550 28027 26035 99900
04032200 03016 12042 25031 24524 27531 7727038 7328532 6327018 6132020
 5834014 5530511 5431011 5103514
04032212 13506 08544 26528 25022 27537 9627539
04032300 15516 07544 25531 29035 29535 7929529
04032312 14517 06041 28532 26529 27529 9526524 7626037
04032400 99900 99900 99900 99900 99900
04032412 14505 08550 28032 26532 26048 9126551 8028045 6427037 5924532
04032500 03513 12029 26531 25538 29044 9127034 8227523 7324031 6626520
 6427525 6229519 5828517 5625003 5007012 4909517 4809013
04032512 03009 08026 27029 26030 26550 8225043 7226034 6627515 6530018
 6231530
04032600 02508 05532 27030 26030 27534 9427038 8329526 7429021 7031016
 6528513 6036008 5703010 5403017 5106022
04032612 99900 99900 99900 99900 99900
04032700 03010 08539 28039 26028 28015 9828515 8830517 7729024 7229017
 6926020 6226017 5823506 5518013 5216522
04032712 09017 10050 28531 26525 26020 8426010 7522509
04032800 11518 08563 27531 28531 99900
04032812 08520 08064 27534 27521 26029 8125529
04032900 09018 09072 26039 23518 28026 8926529 7728034 6031013
04032912 08516 09058 26536 27024 27527 7028029 6029014 4603012
04033000 09035 08009 24526 28030 26028 7929534 7129039
04033012 04531 26002 29520 29023 27532 7225526 6526531 5529010 5130012
04033100 05514 08515 28513 26028 25521 9526527 7028535 5725526 4921518
 4615024
04033112 10514 10535 31507 27535 99900
04040100 10521 08534 27020 26029 27031 9727531 6923529 6126024
04040112 11037 09544 24524 25536 28022 8727518 8125523 7027530 6428516
04040200 00532 09024 99900 99900 99900
04040212 12037 09034 28028 28530 27020 8030523
04040300 99900 99900 99900 99900 99900
04040312 08031 10521 23508 24528 25526 8128523
04040400 11521 30011 22013 26020 28526 9628526 9230528 7429531 7029525
 6021019 5721028 5422015 5326007
04040412 10021 34002 25018 29020 99900
04040500 07015 24506 27514 99900 99900
04040512 06518 01512 30019 27028 28031 9827533 9128033 8325534 7825031
 6928526 6628021
04040600 14026 05009 26012 27030 27031 8326039 7229537 6529522 5924521
 5622518
04040612 06017 18504 29015 25532 26533 9926534 7431024
04040700 10520 15009 23020 29538 27037 8529526 7926019 7125026 6627522
 6326015 5729009 5521512 5420516
04040712 99900 99900 99900 99900 99900
04040800 99900 30512 28533 28031 28018 9827016 9226023 7624537
04040812 16511 30004 27043 28536 24034 9524037 8526541 7627040
04040900 06534 30526 26027 25037 26535 9026037 8225026 6826520
04040912 04002 35508 26537 27040 26035 9325537 8528037 7726532 7228024
04041000 32522 08532 27042 27538 26032 8725526 8325035 7524521 6824032
04041012 35514 07548 27055 26543 26029 9027033
04041100 34517 10538 27023 26538 26544 8125035
04041112 00504 08046 29026 27538 25035 8228027 7827028 7528522 7328525
04041200 12034 23004 25030 27026 27534 8227040 6929543 6629536 6126538
 5626530
04041212 10035 21515 25547 25525 27043 9927045 8627535 7029055 5328538
04041300 07524 25015 26030 25051 28536 9828536 9228021 8927039 8328044
 7527530 6425039
04041312 08060 27533 27531 26035 27532 9527028 9027048 8227054 7726534
 7125033 6725546 5626032
04041400 05507 26509 29035 28540 26040 9327551 8127537 6223532
04041412 02504 27542 28532 27530 28043 9828544 8726038 7726535
04041500 99900 32015 26519 27035 25028
04041512 16507 30519 26524 99900 99900
04041600 23518 26512 29045 27021 30033 9630532 8726518 8427521 7526015
 6925017 6420516 6023030 5523533 5221533
04041612 29013 05003 28543 24529 28031 9726535 8026533 6124521 5527506
04041700 99900 99900 99900 99900 99900
04041712 19021 07006 25040 26527 27028 9626523 8728544 8230043 6830525
 6328532 6031025
04041800 07520 30008 29040 26529 30020 9530509 9030021 7930515 7734011
 7330024 7030028 5928529 5525532
04041812 07020 03514 29530 27032 32023 9630031 8428021 6929032 6229524
 6031022 5833519
04041900 07547 21008 25026 29030 25519 9523514 9123515 8627026 8327531
 7227527
04041912 09040 12009 27523 27526 28027 9230031 8629030 7831034 6933009
04042000 99900 99900 99900 99900 99900
04042012 09531 99900 99900 99900 99900
04042100 07541 24546 24523 25025 29024 9728519 8432510 7627507
04042112 99900 26034 29523 26528 28524 8430518 8229513 7828018 6328024
04042200 09012 27025 29023 30535 24510 9625518 8824506 8424016 7425019
 7223512 6528020 5726020
04042212 07031 28028 32504 28025 29027 7827518
04042300 09529 25020 20503 27032 28021 9530017 9330514 9028511
04042312 24008 31511 24513 28040 26020 9327019 9025015 8627019 8325516
 7625518
04042400 25022 32010 26020 29020 29526 9128529 8730022 7629027 7232023
 7031028 6134526 5801515 5704512 5207016
04042412 24020 32010 26517 24519 29023 9128016 8226522 7526524
04042500 11509 29513 26512 25036 31027 9731028
04042512 01517 31014 29524 23538 28028 9229509 9026011 8233019 7834027
 6504005 6406503 5812510 5713513 5518013 5417516 5320519
04042600 06516 04511 24017 25534 31515 9135512 8030006 7808003 7515011
 7319518 7120021 6819514 6718012 6521019 6022509 5426015
04042612 01519 10507 26028 27035 32508 8928511 8730009 8636011 8301517
 7905006 7714502 7116004 6923010 6721011 6423520 5923512 5725020
04042700 08530 33002 24034 29532 27005 8309504 8201003 7830513 7128531
 6527519 6228533 5525004 5423502
04042712 13535 26026 25034 26531 29515 9229506 8323509 8121010 8024018
 7125542 6327538
04042800 06019 26022 27037 27028 99900 9335512 8635505 8534004 8029011
 7428522 7028013 6733011
04042812 08034 31029 99900 99900 99900
04042900 99900 99900 99900 99900 99900
04042912 99900 99900 99900 99900 99900
04043000 14023 21506 26012 99900 99900
04043012 15519 31519 27519 30012 27022 9626534 8329024 6926018 6626010
 5925522
04050100 12530 34521 28031 26023 25017 9424010 8827012 8330510 8027518
 7829515 7428519 7231017 6930021 6731023 5932012
04050112 12536 02008 27026 30017 28016 9328523 8930518 8630033 8331532
 7732545 6933030 5804504 5602002 5221007
04050200 12534 26537 25527 27016 99900
04050212 05523 25542 28027 31512 30029 9329025 8833017 7532506 6828520
 6729019 6531016 6228007 6126515 5825504 5206509 4711516 4612519 4511519
04050300 06535 26526 27029 26518 99900
04050312 06029 29032 29522 26530 21514 9322015 7028013 6427513 5925006
04050400 06534 31019 26514 25538 99900
04050412 10021 32514 26014 25041 25525 9126028 8628017 7425520 6726521
 6424512 5223524 5021021 4821522
04050500 14516 05512 23531 27527 25027 9226035 8827030 7526023 7427018
 6726025 6324509
04050512 11021 99900 99900 99900 99900
04050600 03507 21514 23025 26529 28511 9731007 9627505 9222510 8924010
 8523020 7724510 7423510 6822515 6525021 6225522 6023521 5924026 5625018
04050612 27521 03003 25018 27531 26015 9425018 8528023 7030525 6929528
 6428517 6230015 6027515 5321510 5001003
04050700 26529 12007 24524 23524 27515 8825018 5629524 5528024
04050712 28018 14515 99900 99900 99900
04050800 28532 14018 27523 29531 25522 9624017 7825036 6823532 6126028
04050812 28532 16011 27021 27534 24523 9723522 7529526 5628034
04050900 33012 20523 29518 28032 99900
04050912 31017 17511 29530 27034 29549 9829551 9630050
04051000 16025 26520 30022 28031 99900
04051012 04517 27535 28026 27036 29044 8628051 8228540 7828552 7528547
04051100 15024 27541 28520 25529 28051 8826026 8325546 7925529 7225542
04051112 99900 27035 26023 25048 27541 9225541 7725037 6926041
04051200 07017 25542 25530 30043 26542 8726537 8024042 7325046 6426528
 6127028
04051212 00000 26539 26541 26031 26537 9926041 9527026 8426041 7927535
04051300 11513 27536 27544 28533 27535 9428022 8928525 8427029 7927537
 7029027 6730529 6129026 5830521
04051312 00000 28529 27555 27028 26527 9126038 8224534 7426525
04051400 11008 28016 29044 27522 28537 9330527 9033516 8533508 8400505
 8209511 7814514 7217026 6714522
04051412 09014 32517 28036 27031 29020 9929021 9530015 9236011 9136011
 9033013 8931517 8204007 7929506 7427508 7024516
04051500 33502 09511 33519 27520 24517 9825019 9620012 9321510 8525019
 6925031
04051512 99900 99900 99900 99900 99900
04051600 01511 19006 24017 30024 25027 9023528 7628039 7327547 6327532
04051612 09015 30026 25029 24524 27037 8831027 8032025 6829539 6133017
 6031017 5632015
04051700 05036 26038 29525 26019 26529 9627029 6626526
04051712 09527 28040 26516 26539 25519 7724007 7524009 6924519 6826017
 6727014 5902002 5726508
04051800 00000 29519 26514 27527 23515 9823517 8827520
04051812 10517 26519 29510 27014 30027 8434030 7434521
04051900 17016 21523 26509 21525 01514 9802512 9506511 8905521 8308515
 7713513 7613010 7508510 6909010 6623003
04051912 08013 29518 22518 23031 27007 9319504
04052000 20009 35012 23527 26037 14510 9618515 9419017 9024017 8323024
 7825013 7523522 7023518 6822014 6524516
04052012 11010 35513 25526 26037 22516 9621013 9323511 8425015 7523025
 6726523
04052100 36006 13503 29034 27533 21015 9522017 8921516
04052112 24008 22012 29032 26031 26020 9129518
04052200 24010 30512 26023 28530 26518 7124521 6226517
04052212 22510 32019 25033 25529 29030 9429528 9128532 8230521 7929022
 7730017 7534515 7433513 7331012 7229015 6733002 6410012 6112510 5713523
 5614024 5416522 5011522
04052300 26518 00510 27530 27035 99900
04052312 30521 01513 26525 30529 32011 9530503 9024006 8221521 8022024
 7822516 7127514
04052400 34016 27541 26516 26530 23016 9523020 9321514 8833503
04052412 00508 27047 24522 26532 26026 9626028 9326520 8922011 8722515
04052500 02026 26049 28529 27039 26023 9027022 7424533
04052512 07527 27036 26022 27039 29030 8630050 7533033 6110026 6013021
04052600 00000 26527 24522 27027 28512 9429016 9228018 9027017 7202510
04052612 12518 27028 26028 28021 31526 9734025 9432019 9033017 8503012
 8300505 8030011 7932011 7703010 7506513 6907004 6810007
04052700 18518 26025 29525 29026 21503 9508011 9111515 8612026
04052712 13516 26532 30531 30522 24015 9220512
04052800 10520 26530 33520 27024 31510 9521010 8517509
04052812 05525 27528 03514 27519 33516 9833016 9506019 9214520 8920019
 8820518 8616514 8335004 8025010 7528503 7334503 7030510 6925015 6823518
 6624519 6525519 5901011 5802010
04052900 27019 26019 19014 30016 14509 9219023 8719526 8317522 8020524
 7821529 7324523
04052912 07020 26023 26511 26023 26006 9528015 9331513 9130021 8835014
 8534524 8233522 8034518 7633019 7301010 6935017 6403531 6304026 6107515
 6010020 5612537
04053000 16011 29013 23526 27048 31012 9832009 8803007 8502007 7901014
 7802015 7536014 6904521 6409524 6210029
04053012 12003 36008 26532 28056 00515 9901519 9436012 9103020 8204533
 7705517 7109031
04053100 26010 25523 27539 29533 08511 8912026 7811031
04053112 29514 20506 27038 26030 08508 9809511 9109517 8518506 8216510
 7811518 7711518 7515016 7212520 7112517 6824017 6726519 6429513 6301510
 6203516 6006031 5605559 5205554 5007559
04060100 24506 27519 99900 99900 99900
04060112 28021 27010 99900 99900 99900
04060200 29533 33510 25021 04012 36008 9704503 8908510 8510011 7503002
 7325011 7024017 6428023
04060212 27025 29004 26528 19002 27005 9831003 7524509 7324507 6930020
 6730522
04060300 25016 24004 27528 27517 30512 9535017 8835518 8232514 7525514
 7222519 7022532 6621517 6225013 6019506 5814510 5512531
04060312 99900 99900 99900 99900 99900
04060400 27510 16036 01010 26032 29018 7828527 7527034 6624516 6526010
 6222502 6008510 5808020
04060412 01519 25047 21507 28029 29512 9628025 9329025 9032017 8530034
 8033025 7531029 7233521 6834013
04060500 11505 27037 27531 31514 26536 9926537 9528022 9229022 8728022
 8332013 7627507 7424014 7224021 7123518 6819006 6609511 6208029 5709046
 4910538 4809051
04060512 14510 26531 28042 28014 29026 9630026 8305013 7418506 6713003
04060600 08508 25522 32027 22013 30027 9029022 8300000 7900000 6925012
 6320519
04060612 10011 26018 04003 27029 01522 9702023 9334515 8310010 8212012
 8013004 7321514 6824517 6625514 6422008
04060700 30504 26009 25510 30033 20007 9926002 8927509 8123021 7824526
 7426009 6731010 6528517 6229519 5935018 5604031 5307045 4907560
04060712 36011 28023 22517 31027 27516 9728012 9402004 8832010 8530026
 8231530 7832525 7600513 7535510 7231006 7128512 6929015 6501019 6203027
 5704524
04060800 99900 99900 99900 99900 99900
04060812 22008 26520 23526 28028 99900
04060900 29027 26512 28531 26531 26018 9825024 8824516 8420506 8217510
 7518010 7022522 6824023 6523016 6227519
04060912 23522 30517 33028 25034 28023 9127022 8828518 8526018 7927006
 7620507
04061000 30524 25523 06513 25547 26514 9928011 9529009 9432507 9104512
 8905008 8018511 7716510 6918003 6820003 6512014 6312027
04061012 20006 27546 17513 29037 99900
04061100 22504 28041 23520 27511 11002 9730510 9200510 9000512 8231004
 8122002 7709010 7214010 7013019 6815522 6714525
04061112 14005 27040 26037 27520 26534 9526519 9425015 9322512 9220512
 8624012 7315517
04061200 04513 26528 27542 25032 22031 9320517 9024520 8525509 8421506
 8117512 7817017 7512016 7209529 6509041
04061212 13509 25019 26539 26042 27022 9826022 9325004 9226503 8928511
 8626022 8326514
04061300 03502 26038 29031 25537 31523 9932023 9630026 9528523 9228512
 8927519 8427019 7603505 7403008 6308033
04061312 11505 28031 28035 27539 27516 9533008 9127017 8926014 8226528
 7827507 7201505 7008509
04061400 04005 25026 28027 35517 29029 9226513 8626028 8326026 7931512
 7634516 7402517 6708036 6410028
04061412 14522 27537 27031 25009 99900
04061500 25528 29530 29023 25008 19502 9526015 8729026 8029009 7400000
 7130003 6804011 6404520 6008029 5212032
04061512 29012 28027 26524 27028 99900
04061600 30022 29017 30017 27521 32028 8505018 7407013 6110546
04061612 33009 28025 30510 28030 36019 9835014 9004510 8802512 8406509
 8307510 7707028 7007006 6706512 6507540
04061700 35517 21023 25010 02007 13006 9913506 9518010 9311512 9110016
 8510021 8311018 8117517 7917516 7712519 7611523 7318015 6718011
04061712 09515 24524 26014 23003 05519 9706524 9408517 9111514 8820012
 8720514 8314019 8213519 7821512 7617507 7511010 7100510 7035514
04061800 10507 27527 26516 07511 06016 9604007 9229011 8926007 8208008
 7801504 7407526 6808538 6310551 6113031
04061812 25020 29015 29021 22008 23023 9721515 9214503 8926511 8426520
 8129026 8030521 7833512 7735511 7504516 7304017 7107037 6607554 6308038
04061900 24016 26019 27514 24529 24020 9825525 9431512 9333013 8932529
 8833531 8004026 7606528 7207549 6709031 6309058
04061912 30524 24506 23502 26544 29035 9929035 9031515 8702006 8505010
 8304013 8007517 7609529 6611037
04062000 28015 25031 04509 28534 28516 9928513 9632510 9330504 9007010
 8410527 8017016 7917516 7311521 7210523 6912023 6610537
04062012 28027 24525 09008 31016 12010 9613005 9411512 9011528 8511525
 8116516 7915015 7719508 7512506 7005511 6805514 6508026 5909555 5609044
04062100 27508 23533 21013 27507 01512 9212005 9013010 8711521 8512519
 8217017 7919023 7419007 7213503 7006512 6007562 5408054
04062112 27012 27026 22029 23024 26016 9927010 9635002 9116510 8819524
 8520529 8320523 8018015 7820515 7516010 7407504 7200510 6805029 6008559
 5807055
04062200 26527 31530 29022 22016 26018 9424024 8830009 8729509 8231509
 7605520 7308528 7111036 6711549 6409571 6008062 5610054
04062212 26513 99900 99900 99900 99900
04062300 31527 25005 33518 19515 32027 9731518 9631018
04062312 31513 27025 34009 99900 99900
04062400 21518 31018 25028 28031 29517 9320503 8921509 8221008 7615009
 7208517
04062412 25004 31524 27036 27534 07010 9118019 8318012 8111503 7603010
 7404516 6905037
04062500 02510 27529 26037 30539 19504 9521508 9021012 8822015 8322004
 8217502 8002010 7701516 7207531 6908547 6211040 5808541
04062512 15011 27035 26531 26021 23520 9724022 9524521 9023012 8826506
 8635510 8100524 7206035 6708028
04062600 26021 25539 26525 30026 30010 9635010 9402014 8902508 8803507
 8208522 7907531 7009035 6809534
04062612 24026 26533 28018 29026 32513 9428512 8618503 8316507 8009025
 7210543 6909034 6208561 5909056
04062700 32005 30022 25517 27517 09510 9213008 8914012 8511024 7112038
04062712 26008 30535 31520 24010 12010 9811006 9008009 8012007 7713515
 7412015
04062800 28013 31018 26023 26023 28514 9726504 9619501 8617004 8407011
 6806531
04062812 27519 28009 28521 26027 18008 8314002 7709019 7409019
04062900 28519 24017 27019 26539 20516 8918510 8229002 7903009 7605515
04062912 24525 24521 24534 27041 99900
04063000 27514 27021 25528 27039 33513 9434528 8801534 7607522 7409024
 7010036 6509051 5711074 5310569
04063012 99900 99900 99900 99900 99900
04070100 27020 32506 99900 99900 99900
04070112 35506 23518 30024 21013 29516 9832010 9305004 8910010 8510517
04070200 17509 25037 06512 24039 32504 9934503 9513510 9015022 8814026
 8315029 7810031 7508036 7108541 5708056 5109069
04070212 21513 25037 11517 24043 21002 9923005 9119518 8718010 8113006
 7907513 7404527 7106524
04070300 32508 26040 22526 27043 17010 9619010 9012505 8705015 8502519
 8202525 7806024 7008542 6410056 5209563
04070312 05005 29040 23543 27035 23506 9921504 8703003 8535009 7901021
 7505024 7207521 6709047 5711051
04070400 26010 30511 26546 24517 19503 8907009 8505017 8009033 7111546
 6510045
04070412 06009 30506 26037 24024 36004 9203009 8435523 7907025 7109530
04070500 20018 22014 26526 21012 34011 9935009 9735507 9205014 8908024
 8609037 8013018 7610526 6407032 5706536 5009552
04070512 21022 27021 23525 24512 09506 9519010 9116508 8911013 8610518
 8116016 7915516 7812014 7307530 6708536
04070600 23014 26537 28007 24520 24507 9821508 9214510 8813510 8415013
 7914017 7611512 7207023 6806026 6509531
04070612 24520 27537 26037 28529 20503 9118012 8820013 7610502 7303011
 7107026 6809036
04070700 30515 28536 26525 24027 01510 9804010 9007508 8912506 8512512
 8309013 6910054 5910060
04070712 27019 29031 24548 26518 08010 9909010 9415512 8712504 8609002
 8304510 8007014 7208547 6509529 6207023 5208064 5108060
04070800 03009 24519 27031 23019 19517 9422013 9021010 8212011
04070812 11011 31016 23528 24022 18511 9719006 9005511 8806010 8709009
 8610010 7812550 7409546 6908048 6210545 5909055 5208040
04070900 02513 27003 29015 25009 28019 9726515 9429510 9133516 8633515
 6813022 6310024 5809048 5608537 5208556 5007551
04070912 08510 26021 24015 26018 01517 9736016 8502016 7611015 6806031
 5908061 5209530
04071000 17510 28027 25036 36014 29016 9033005 8733005 8406517 7709035
 7109520 6010544 5911048 5513042 5112035 5010545
04071012 35003 26025 24527 23004 00514 9802007 9215012 8816517 8212524
 7912034 7613026
04071100 32518 29531 28524 24030 07032 9012011 8709515 8410528 8113523
 7913522 7608018 6608048 6009035 5709039 5510058 5309046
04071112 25529 29031 26530 27534 12510 9913009 9416505 8808013 8209516
 7806021 7405028 6609043 6207546 5908032
04071200 25524 27025 24016 29031 18010 9614502 9513002 9003510 8904012
04071212 28032 27525 26517 25035 20508 8623002 8305011 8008524 7410533
 6607556 6308569 5910542 5712042 5511539 5310042 4810532
04071300 31506 25014 27515 28022 34010 9934009 9633505 9206516 8606538
 8107517 6309553 6009519 5608024 5209033
04071312 26518 31511 27517 27520 99900
04071400 26538 33512 25019 27017 19010 9919511 9122514 8817008 8716510
 8418519 8016032
04071412 26035 24010 31515 30528 26011 9326004 9204503
04071500 30032 27511 25525 29013 23517 9923517 9822515 9516511 9416010
 9217510 8210016 7707536 7005549 6607061 6307561 5908085 5509063 5309067
04071512 26029 28014 28510 25507 30020 9729017 9630516 9103515 8804513
 6608570 6010074 5810062
04071600 28516 26012 26014 32519 14005 9509514 8210046 7210055 6611022
 5710544
04071612 27010 27016 27016 28516 05020 9209031 8809537 8612035 7815042
 7311038 7109550 6506544
04071700 24517 27530 26531 32005 20027 9820531
04071712 29019 28028 26537 06507 26519 9926022 9228009 8734509 8406515
 8307015 7903512 7604521
04071800 28006 30025 26516 22005 26519 9626525 8532019 8136019 8002018
 7805022 7507034 6807530 6008573 5709063 5108030
04071812 08506 26010 29015 34013 28508 8901512 8636014 8501015 8004041
 7806552 7308057 7009053 6009574
04071900 04515 26034 05505 22517 22020 9922021 9622014 9314511 8912011
 8711019 8312031 7709548 7409534 6910053
04071912 09032 28528 21503 31010 35033 9836033 7613035
04072000 15518 24518 17009 27017 03022 9802519 9703520 9108029 8410543
 8110024 8011521 7615520 7415519 7313516 7211518
04072012 27019 26030 26021 26514 04526 9706026 9305522 8609037 8209039
 7709027 7408019 7206535 6507566 6009071 5610561
04072100 36011 23521 31026 34007 09524 9909027 9308532 8710532
04072112 03508 24533 31020 27517 99900
04072200 12008 26036 03513 08518 21522 9822525 9122527 8721015 8211510
 8112006 7410544 7111534 6708046 6209058
04072212 12011 28030 15515 12518 24046 9624534 8718010 8407006 8205010
 7904020 7308037 6908551 6106045 5609571
04072300 99900 99900 99900 99900 99900
04072312 23016 29015 25020 23015 26521 9327015 9227515 8731021 8203518
 8106022 7108568 6610053 6008574
04072400 24008 24021 24524 25515 28528
04072412 23032 23523 30521 23523 31516 9833510 9333502 9231502
04072500 31517 29031 31010 26516 10005 9809011 9409507 8818013 8520016
 8519516 8316017 8214519 7911033 6807560 6308575 5808572
04072512 32514 26038 17005 26026 06005 9608008 9006506 8911504 8719512
 8415521 7109053 6808559 6410082 6011062 5610072
04072600 05514 29531 25517 27014 24012 8927015 8330011 7603036 6807061
04072612 13522 33521 25032 32011 02004 9932502 9722004 9418011 9221014
 8824513 8628012 8435010 8204017 7409052 6609555
04072700 16507 15509 25523 33508 23031 9923031 9423017 8827517 8632011
 8535513 8201521 7807029 7210541 6509049 6308041
04072712 29514 28008 27031 08016 24025 9924525 9525518 9033009 8836010
 7511020 7012049 6208544 5609061
04072800 31511 24522 27521 09519 30517 9632528 9333020 8801509 8532003
 7816510 7009537 6607039 6208067 5509550 5109572
04072812 27515 26019 27521 16015 33015 9833520 9536024 8805512
04072900 99900 99900 99900 99900 99900
04072912 28036 26531 33507 24514 12516 9612026 9412522 9017020 8317511
 8114508 7909010 7808013 7608515
04073000 28021 29024 32508 23012 12020 9317519 8918524 8222008 7926504
 7203507 7007520 6508550 6108031 5906537 5608558 5208549
04073012 03012 29524 12505 25018 19520 9818517 9319023 8709003 8502012
 7408537
04073100 19008 26517 23024 27514 24517 9824514 9321510 9027508 8635015
 7906528 7409532 7110543 6512036 6311536 5600531
04073112 21519 29013 26032 24521 30012 9831012 9634513 8601026 7807538
 6909046 6508038 6307548 6009073 5709561
04080100 27022 23016 26034 25009 35519 9800521 9202013 9005507 8908010
 8708022 7910535 7008042 6410561 6011557
04080112 27525 27029 27537 24519 02525 9903024 9705019 9508027 9209039
 8809529
04080200 34509 27031 28024 22517 99900
04080212 22509 28023 28039 23518 14016 9612019 9315518 9013018 8415523
 7005030 6906031 6408547 5909058
04080300 26024 04011 32016 25510 99900
04080312 25536 04518 23512 30515 19505 9821503 9724502 8934515 8401017
 8005034 7706047 7008049 6909051 6511542 6010040
04080400 28528 07017 22525 33019 34543 9934544 9102031 8405545 8006558
 7408544 6908540
04080412 29006 29504 23035 30017 35030 9736032 8508543 6811045
04080500 25522 22514 27028 33015 03021 9806028 9508037 9208548 8213535
 7713037 6915027 6510522
04080512 24531 22512 28031 29509 13007 9509526 9310520 9016010 8516505
 8206513 7506529 6908051 6307051 5809065 5610561 5110569
04080600 27024 01005 29031 21508 08517 9218012 8912003 8604510 7504036
 6705546 6208555 6008559
04080612 30013 26020 31013 24021 11014 8917521 8512505 8404502 8103011
 7606023 7107038
04080700 99900 99900 99900 99900 99900
04080712 22522 29522 26534 25022 25515 9926514 9533512 9434013 9233514
 8904021 8207534 7510024 7309033 6710044
04080800 16006 30510 27022 29521 24011 9826508 9135013 8936018 8605018
 8308021 7608520 6706050 6306565
04080812 27507 26024 99900 99900 99900
04080900 01014 25523 24528 01015 32021 9535016 9205517 8713022 8115010
 8014008 7609513 7207022 6506546 6009562 5511544
04080912 11504 29528 25033 28012 05525 9907027 9508021 8717509 8510503
 8107512 7906524 7508545 7109047
04081000 05514 25532 30520 20504 99900
04081012 09504 29021 28526 26011 09035 9909036 9213021 8713520 8117515
 7717013 7513510 7306504 7105510 69028023 6608040 6109052 5809036 5108548
 4909065
04081100 99900 99900 99900 99900 99900
04081112 22004 27014 23002 23018 24004 9827003 9103511 8801016 8601019
 7807033
04081200 25507 21519 18505 32009 27016 9032515 7902532 6807558 5908557
04081212 35517 26538 31004 32004 24005 9928004 9401012 7809046 7610543
 7310545
04081300 07008 27534 26016 18005 03521 9904021 7709038 7107556
04081312 05016 26031 28517 18513 25005 9920002 8913511 7914037 7509040
 7207544 6808057 6307542
04081400 27031 31016 23522 99900 99900
04081412 21022 01512 26030 28009 28511 9232506 8803511 8202517 7108548
 6909049 6211044 5311048 4808549
04081500 25513 08004 29517 34503 30507 9321503 8813508 7809538 7609041
 7209036
04081512 01008 26529 25011 08011 30510 9215002 8816506 8410012 8209515
 7610042
04081600 99900 99900 99900 99900 99900
04081612 10013 27028 23519 23009 13511 9711019 9412016 9010033 8910028
 8513025 8011025 7811033 7407545 7108051 6708048
04081700 99900 99900 99900 99900 99900
04081712 08517 29025 26519 05517 27005 9334509 8935010 8701510 8407018
 8208526 7110537 6210062
04081800 22505 24007 26517 04010 06013 9103014 8308523 7809025 7508515
 7407520 6710043 6109039 5910538 5709038
04081812 19509 25013 25516 10510 35018 9801521 9302026 8506519 8306020
 6909552 6610549 5808553 5508551 4709056 4609069
04081900 23519 27006 27520 17014 05031 9905530 9706025 8707541 7808026
 6809539 6510533 6309030 6107033 5507040 5109073
04081912 99900 99900 99900 99900 99900
04082000 28507 25528 29034 24007 18517 9715514 9112522 8514516 8213012
 7811017 7011030 6507034 6106536 5707566 5108569 4609047 4408552
04082012 28017 26027 26031 33521 21015 9421509 9129006
04082100 25008 31514 29025 33511 28506 9831005 9532510 8934019
04082112 08508 30508 26021 33512 35024 9735027 9402531 8108047 7809041
 7409061 7010054 6510077
04082200 15510 26009 25020 05021 05005 9809511 9511516 9010015 8109559
 7014533 6814028 6410041 6110524
04082212 29003 26008 26026 06023 04006 9807510 9410014 9213012 8611036
 8211542 7214026 7011523
04082300 06510 00502 29032 10524 09507 9606010 9305509 9115504 8820510
 8521020 8120509 7713011 7414013 6811007 6605513 5909045 5709543
04082312 06515 24524 99900 99900 99900
04082400 99900 99900 99900 99900 99900
04082412 99900 99900 99900 99900 99900
04082500 27004 01508 24509 35522 26018 9825522 9231004 8930510 8604011
 8506517 8108536 7411020 7110035 6911032 6009037 5808562
04082512 99900 99900 99900 99900 99900
04082600 28518 16512 26519 06505 30512 9930513 9532017 9033506 8606512
 8508012 8212513 7712509 7508516 7006533 6607039 6406537
04082612 34507 25019 27013 15017 03016 8909533 8710524 8512515 8116523
 7210535
04082700 26015 27016 29509 08513 19009 9617512 9215020 8316008 8114006
 7811511 7506520 7205026 6608533 5709062
04082712 03011 27024 28510 07511 14019 9417013 9115512 8816016 8513017
 7709510 7206512 6908523
04082800 13505 24512 02506 15508 25510 9827011 8931504 8734004 8205017
 8004518 7905522 7807027 7107558 6707060 6607060
04082812 34008 28512 22011 21512 35015 9935013 9701012 9635512 9401511
 9302513 8906527 8208545 7909541 7710041 6309567 6109058
04082900 07003 26517 22011 25511 32502 8705501 8411010 8008029 7707524
 7409512 7307516 6907532
04082912 26019 29009 25524 25514 27506 9318504 9009013 8410028 8211021
 7913511 7311038 7012026
04083000 24021 25009 28030 25509 03011 9601010 9207516 8510007 8315012
 7714514
04083012 99900 99900 99900 99900 99900
04083100 31514 25524 31519 24006 23020 9822520 9325512 9129009 8933511
 7704032 6607546
04083112 28005 26031 30010 26512 27513 9928512 9001020 8107025 7906024
 6908065 6109556
04090100 36009 27039 31510 24011 01514 9804017 9505020 9104017 8708526
 7808530 7409045 6907562 6408548
04090112 08503 28042 25017 28020 16015 9614012 9513012 9411015 8812523
 7709552 6510065 5410539
04090200 01006 30528 27020 02503 32010 9231502 8511511 7812032 7412025
 7114020 6512523
04090212 10007 32531 25026 34518 03510 9806513 9405514 8411028 8213020
 7911022 7711517 7312020 6909024 6408528 6207038 5407572
04090300 29024 02518 26033 08016 06022 9407010 9020003 7902005 7735504
 7008037 6908544 5510085 5310568
04090312 26026 14502 26036 12508 08530 9809531 9308522 9011017 8710018
 8114005 7809012 7311017 6709561 6310075 6210074
04090400 27542 17023 27530 09014 09511 9710004 9204506 8829011 8529503
 8208011 7810031 7611525 7313027 7116027 6614537 6513539 6209563
04090412 28036 25502 28039 12512 18534 9618026 8821012 8134502 7305507
04090500 99900 99900 99900 99900 99900
04090512 27513 29016 33008 20513 32009 9533015 9433017
04090600 99900 99900 99900 99900 99900
04090612 26521 30003 16518 01520 99900
04090700 30519 25037 21515 08524 10044 9809546 9312541 7509531 6609544
 6310062
04090712 99900 99900 99900 99900 99900
04090800 99900 99900 99900 99900 99900
04090812 29005 30030 24522 10526 99900
04090900 10511 29528 29528 11020 12526 9613030 9113014 8911511 8808514
 8208533 7408521 6911040 6611534
04090912 19503 33522 28534 10518 34001 9535011 9201513 9001015 8706522
 8607527
04091000 99900 99900 99900 99900 99900
04091012 01504 08015 29027 04013 04015 9605019 9309024 9109030 8013523
 7717022 7417024
04091100 01510 19509 28016 02520 19513 9820011 9009006 8710010 8402003
 8130010 7729505 7401011 7135513 6606532 6308053
04091112 07009 26020 23013 07514 13014 9517006 9417006 8709015 8310014
 7909502 7722501 7403013 7203518 6907530 6508052 5508572 5309065
04091200 15007 28521 24024 06514 14017 9914017 9412510 8910020 8810020
 8611017 8309017 7812511 7612011 7109027 6110056
04091212 12010 29030 26530 07014 10517 9509520 9011519 8815017 8317019
 7717510 7234002
04091300 99900 99900 99900 99900 99900
04091312 20011 26527 13509 13027 10019 9910019 9506523 8506526 7808556
 7113526 6813033 6611024 6208533 5707554
04091400 28511 27514 23009 13028 10517 9810017 8210040 7713528 7112025
04091412 35510 26520 24528 10015 08511 9707014 9110513 8910012 8308542
 8008033 7412513 7213016 6809017 6609021 5711057
04091500 13508 24023 25522 09026 99900
04091512 20508 23021 27523 36003 07024 9410526 8715020 8415519 7809019
 7406520
04091600 26014 23523 25018 09507 05523 9706023 8911528 8713027 8213523
 7007514 6305517 4709563
04091612 99900 99900 99900 99900 99900
04091700 27024 29004 12008 01516 12016 9911518 9307521 8407013 8009010
 7508030 6912039 5909058
04091712 28024 28512 22523 08008 07019 9403531 8804028 8207535 7811528
 7713031 7212530 7009539 5507561 5009574 4809565
04091800 29523 13508 22525 05510 07027 9305031 8607541 7809513 7208526
04091812 34505 14011 27525 12512 06534 9606543 8809047 8013521 7613520
 7009031 6008548
04091900 09016 23010 27021 11527 07522 9707028 9607526 9212526 8515014
 7911006 7507012 6310058 5910546 5311055 5109553
04091912 19030 24017 27023 11523 10536 9711029 9215022 8713516 8409008
 8205513 7803520 7303023 6508044
04092000 12509 26022 28526 11531 10017 9911514 9712514 9312512 9015010
 8406503 8007510 7708515 7407025 7008543 6411531
04092012 14014 27510 28524 12021 15510 9915510 9306005 8802010 8600515
 8201530 7209554 6611028 5908036
04092100 11004 25519 31510 04526 09010 9507505 9304506 9002016 8107040
 7708050 6710012 6405017 4810080
04092112 05015 28016 26504 02530 18011 9916004 9807502 9501010 8606034
 8307045 7608550 7409046
04092200 02010 24014 99900 99900 99900
04092212 09518 27017 23517 05009 99900
04092300 15519 27027 29018 15019 07536 9609047 9211038 8012517 7609519
04092312 18017 24526 31531 17533 12034 9912533 8412524 7915012
04092400 20008 34527 28011 11515 14022 9513019 9115012 9011507 8907510
 7904517 6710049
04092412 26516 35015 24518 00504 14010 9914009 8805525 7706032
04092500 34520 18006 27020 01036 11017 9711014 9509008 9206015 8905022
 8505533 8108036 7509051 7009527 6509523 5908038 5310560
04092512 99900 99900 99900 99900 99900
04092600 02004 25012 28015 03524 07518
04092612 06506 24517 25514 09023 99900
04092700 27024 27017 24020 12012 08517 9808027
04092712 27526 29525 25027 16523 09022 9409036 8712510 7304025 6902532
 6706535 6409034 5609050
04092800 29035 28522 32025 17513 10510 9513014 9111520 8716502 8610002
 8105011 7907023 7403029 7003532
04092812 28030 25515 28526 21508 04011 9906517 8605533 6908562 6109558
04092900 29524 20516 32522 35013 07036 9308549 8410039 7610058 6912548
 6309548
04092912 30026 27510 32020 99900 99900
04093000 25011 20501 07021 02524 11036 9911036 9411518 8411535 7909552
 7210539 6808038 6606540 6208068 5809566
04093012 33005 99900 99900 99900 99900
04100100 01006 35015 24020 06005 14520 9711013 9609515 8806521 7207535
 6707066 6007578 5908071
04100112 32010 23524 26533 09029 06012 9403020 8207039
04100200 00509 24028 24521 07022 08524 9509037 8512023 7710055 7011035
04100212 18507 24526 24029 20005 02516 9507024 8408529 8109539 7712037
 7211041 6912031 6208544 5909050
04100300 23021 28532 24026 35516 08047 9409052 8910041 8313519 7708525
 7308522 6705034 6505037
04100312 23519 28540 24533 11011 11036 9315516 9014012 8208024 7808537
 7307022 5909047
04100400 26517 29040 28524 11012 11036 9013011 8912510 8809512 8105514
 7308035 6807526
04100412 28015 30526 26526 17021 14021 9710014 9608017 8706531 7808054
 7108545 6309557
04100500 24508 29012 32032 15021 11513 9810512 9709010 9607012 9305016
 8805522 7809549 7611043
04100512 20505 33025 32520 21009 12019 9910518 9708019 9206521 8708529
 8009561 7211046 6609058 6110062
04100600 29518 20016 01008 35513 03526 9603026 9006531 8310053 7711542
 6608558 6109053
04100612 28027 16507 17515 34524 08025 9606523 9008526 8709536 8611043
 8112537
04100700 33022 24504 22519 10010 08040 9210048 8812043 8512537 7809036
 6808023 6608531
04100712 32006 32521 23023 05522 11523 9911523 9412529 8606534 7705036
 7506042
04100800 31004 28531 27524 12028 10034 9810032 9113528 8511025 8212527
 7810524 7609532 6711051 5811021 5608025 5208032
04100812 17006 29529 28529 13023 14536 9814533 8809029 8509024 7508537
04100900 33505 29020 30017 03517 14523 9413523 9110519 8908519 8105530
 6809041 6408547 5908033 5108556 4708050 4208588
04100912 26507 18505 09503 10516 04034 9803036 8707556 7909035 7510537
 6509561 6009549
04101000 24522 17009 24020 04520 07525 9807024 9406029 8208556 7710053
 6809037 6008554
04101012 27519 23517 29013 08033 08541 9607543 8709059 7811533 7110538
04101100 32518 24030 28519 15017 08047 9909049 9710548 8513037 7812025
 7108032 6907040 6408065 6109051 5708048 5007559
04101112 29512 27538 29522 13017 09525 9007526 7809559 5908549
04101200 06013 28039 33535 07011 11533 9711035 9009030 8509020 7609548
 7210041
04101212 15515 30536 05018 04515 06522 9706024 9409025 9008516 8710020
 8109035 7509555 7208049 6709545
04101300 16512 28022 13515 03023 07524 9708027 9103529 8903524 8406525
 8206021 7807521 7509034 6907041 6609539 6109533
04101312 99900 99900 99900 99900 99900
04101400 18003 27527 21019 04531 99900
04101412 22010 30029 22517 09523 10514 9310019 8812522 8413024 7710526
 6310536
04101500 34510 30517 22033 99900 99900
04101512 23505 34017 27523 14529 10019 9511020 9209515 8708020 6706032
04101600 27017 27513 27522 11523 12015 9812514 9510510 8507512 8109013
04101612 29532 28009 29532 13530 09007 9006503 7906006 7504012 6908021
 6706520
04101700 25027 07003 30536 06034 02016 8903019 8505517 8206523 7309533
 6410060
04101712 17511 15003 31528 05017 08531 9809031 8809520 8408517 7507535
04101800 23017 22512 33516 04033 09531 8708531 6609527 5807538 5108046
04101812 23002 26016 02010 07032 09020 9909020 9210517 8511527 7209529
04101900 20005 29021 21522 10520 10020 9708520 9108513 8111018 7708019
 6509018 6110051 5910045 5309050 5108568 4909063
04101912 30507 99900 99900 99900 99900
04102000 31014 25519 99900 99900 99900
04102012 34011 25521 27533 13024 07541 8210024
04102100 24020 24025 28535 18011 10043 8111030 7310546 7011040 6408532
04102112 22029 26520 30539 15014 99900
04102200 23522 30021 32035 04019 10035 9711028 8209016 6805024 6506541
04102212 27034 29526 99900 99900 99900
04102300 26534 30029 27509 07045 08528 9808025 9106033 7007544 6111049
04102312 26530 29516 99900 99900 99900
04102400 28018 28019 19018 09039 10523 8711029 8310028 7811524 7310537
 6910026
04102412 29525 27019 23017 09537 08514 9807011 8814506 8514511 7912518
 7714028
04102500 31028 25528 21018 14023 08022 9411516 9111517 8608516 8405516
 8106517 7809516 7611023 7311030 6811517
04102512 28513 25520 99900 99900 99900
04102600 25516 27524 30014 09025 09533 9012027 7809514 6806529 6209535
 5610040
04102612 99900 28024 23015 10526 11034 9712032 8107519 7706520 7005525
 6309032 6006037 5607538 5406543
04102700 23524 25030 16504 07049 10547 9711049 8811037 8209024 7506538
 7107550 6509040 5510046 5309068
04102712 24524 26526 20513 04534 10050 9810552 8307021 8106022 7311042
 6610055 6108043 5508064
04102800 28013 27531 21512 09552 09537 9810041 9508544 8609048 7210038
 5010067 4710051
04102812 26013 28532 99900 99900 99900
04102900 29020 28017 34514 10052 07530 8106515 7607021
04102912 29020 23513 30016 09044 09025 9310522 9110523
04103000 25517 27514 31009 05541 09533 9611032 8910527 8213524 7711021
 6908530 6308030
04103012 25032 05506 25003 11017 11026 9712026 8710532 7911524 7107024
 6007543
04103100 26036 22507 00510 06034 07031 8909034 7505532 6806546 6409060
 6110050
04103112 24031 32508 25004 06531 99900
04110100 35510 32517 18512 10537 08035 9007531 8708027 7909543 7015042
 6815049 6514545
04110112 26518 18503 24027 12031 12026 9112518 8012030 7615028
04110200 99900 22017 24026 11036 08526 9209019 8312027
04110212 99900 99900 99900 99900 99900
04110300 29516 22026 27524 10522 99900
04110312 11007 24014 24508 08024 10535 9511532 9009029 8307524 7806029
 7307040 6712032 6210543 5810039
04110400 03005 30512 23021 07027 08527 9508528 7909540 7411530 6207038
04110412 14514 29022 22528 10520 12532 9811531 9212525 8709523 8510032
04110500 15010 28031 22528 06541 06020 9906018 9011527 8412537 7413523
 6608026 5811539 5409567 5108547
04110512 18510 30043 21523 08541 99900
04110600 24515 30529 28011 11046 09523 8108524 6603531
04110612 26017 29527 32517 10542 12516 9408009 9306509 8803010 8606513
 8004015 7504022 7205017 6511013 6209519 6010528 5608043 5111043 4810052
 4610050
04110700 30015 20020 32512 07541 09018 9312514 8711017 8312515 7408019
 7108525
04110712 30504 24521 16007 07044 08516 9409514 9107519 8710021 8309019
 7412013 7211510 7109512 6608515 6310527 5908529
04110800 36019 24522 07503 08038 07019 9806018 8509016 8008018 6609513
 6211030 5209056 5009553
04110812 00508 28025 18005 08542 06527 9906527 9106026 8308539 7112026
 6813027 6112539 5509545
04110900 99900 99900 99900 99900 99900
04110912 23512 31026 18523 99900 99900
04111000 27510 26508 16504 11033 09029 9408535 7410042 6710533
04111012 10002 24022 23009 11037 10531 8809037 8408536 7012527 6612023
 6309524 5208548
04111100 35516 26024 30517 07038 10537 9510045 7610023 7209017 6906018
 6806524
04111112 02008 22514 31031 07033 08548 9008549 7611530 6808515 6408024
 5308056 5108548
04111200 05019 29012 33021 11038 07543 9209045 8807538 6907018 6607530
04111212 06015 32516 99900 99900 99900
04111300 22004 33013 04504 10045 09028 9212030 7912034 7413026 7011019
 6612025 5410038 5110535
04111312 08012 35515 10012 99900 99900
04111400 20517 04005 14012 06533 11037 8908543 8006528 7706527 7208524
 6810027 5609031 5310044
04111412 08006 15007 12502 07023 07536 8805545 8005541 7109030 7009530
 6310540 5608045 5309541
04111500 30016 24506 32007 06533 07025 9707024 8608535 8009023 7710019
 7112519 6612026 6313033 5710524
04111512 31025 22503 31515 05525 08030 9708031 8211541 6708029 5809026
 5509531
04111600 29516 23516 33521 09036 11541 9011551 8311529 7508016 7205517
 7106019
04111612 29015 23505 03509 10532 13031 9413536 8713047 8012039 7109025
 6906522 6805522 6606524 6305031 5709035 5409048 5007536
04111700 25514 06504 12504 12028 08538 9309042 8607037 6710027 6210037
04111712 26018 07006 18514 13025 09036 9709538 8509037 7605026 7106521
 7007021 6511024 6111023 5810538 5610530
04111800 27514 09519 23014 08529 08025 9506525 8908527 8507025 7412521
 7115526 6714527 6516031
04111812 27508 07023 25536 12537 07524 9407523 8710020 8508016 8109015
 7613017 6512539 5909025
04111900 10004 07513 27017 08041 08510 9107512 8809012 8607514 8210013
 7306016 6907512 6405516
04111912 11003 09513 26021 06533 05507 9407504 6901508 6501013
04112000 20007 09007 33017 08038 10015 9413517 8910016 8209016 7905523
 7406526
04112012 07007 24511 32509 07530 11516 9411514 9007517 8208518 7006035
 6407537
04112100 20504 30037 25016 10041 05025 9305025 8406518 8009017 6713524
 6313025
04112112 23507 30018 25521 10027 08034 9908034 8709532 8009030 7013525
 6414533 6011035 5711537
04112200 29514 29508 28013 10540 10029 9410026 8710043 7810519 7512514
 7413514 7010016 6806017 6604028 6304030 6006537 5808520 5403002 5301002
 5130011
04112212 99900 99900 30012 09538 11041 9511547 8810035 8512031 8011022
 7507017
04112300 29025 26021 27518 09048 09533 8510549 7510028 7207519
04112312 28515 26018 27516 99900 99900
04112400 28525 30516 27028 07546 06025 9505025 8706024 8309024 7609022
 6712528 5713538
04112412 32525 99900 99900 99900 99900
04112500 24017 31506 24519 09555 09522 8311031 7506017 6909530 5909534
04112512 28020 16506 27020 09551 99900
04112600 31013 23522 28511 11056 08046 9408540 8113537 6410514 6207015
 6107021 5909524 5606519 5309538 5110026
04112612 26018 26513 27525 09057 99900
04112700 28017 26027 33028 09568 07542 8609535 7711051 6508013 6410009
04112712 29510 23011 32522 08570 05030 9607035 9206032 8708541 7809051
 7208057 6506519
04112800 04501 27524 08525 09557 09532 8906034 8006537 7510055 7112026
 6913520 6510508 6213510 5913518 5611012 5512021 5310030 5107511 5004506
 4832011
04112812 34513 28024 18013 08061 10523 8308530 7806528 7409548 6907517
 6805513 6704514 6403518 6206519 5802029 5703024 5408518
04112900 26008 29019 16530 09557 10048 9211033 8809530 8308533
04112912 26517 29516 21016 08556 08547 8908034 8005542 7409052 6906522
 6705022 6307016 6006512 5703023
04113000 26523 29019 35015 10060 05536 9106037 8509042 7911040 6708028
 6509538 5908021 5708015 5408520 5211026 5112019 5010510 4909011 4809010
04113012 25521 99900 99900 99900 99900
04120100 27016 24023 35031 08547 09051 8509557 7309044 6910537 6509541
 6010018 5908523 5709528 5306510 5235004 5125008
04120112 28522 25023 03025 08047 99900
04120200 27019 28017 08529 08554 10541 9408547 8608560 7709552 7207538
 6509522
04120212 28015 30525 10510 08549 09531 8107048 6908544 6409026
04120300 26528 31512 18030 11044 08035 8409055 7512053 7010040 6211518
 6113014 6017510 5919510 5724026 5624531 5326529
04120312 26528 28510 19025 10555 08043 9507048 7310541 6508030
04120400 27037 24518 16505 09555 11537 9311535 8411032 7807034 7406033
 7005030 6707529 6413014 6312512 6108014 5909010 5810010
04120412 26027 26514 22015 07542 10033 9511033 8909532 7811034 7408529
04120500 26021 24514 32505 09053 11030 8410530 7406033 6908522 6405522
 6007520 5714515 5514515
04120512 26523 26009 28021 08549 06520 9906021 8804026 7405530 6809035
04120600 30517 30019 32006 09040 09025
04120612 30010 28515 25520 08547 99900
04120700 30019 27015 21513 11548 10528 9710520 8808526 8110532 7710033
 7410525 7106528 6705532 6606532 6208026 5807510 5436008
04120712 28514 24528 99900 99900 99900
04120800 32518 27536 32506 09542 05521 9905521 9407019 9208020 7707023
 6512024 5613025 5514528
04120812 30011 29038 32519 10033 07029 9409031 8110531 7412045 6911030
 6510046 6111029 6011533 5710535 5013042
04120900 15008 27024 31017 09029 08026 8909528 8411531 8110042 7608530
 6909545 6509022 6309524 6106519 6005021 5703521 5408518 5314515 5019524
04120912 99900 99900 99900 99900 99900
04121000 34515 28530 26511 08545 10029 9710038 8108018 7511025 7109010
 6713516 6413529 6015022 5713520 5514517
04121012 32023 28022 25012 08045 12024 9110536 8508015 7909529 7506516
 7209022 6809016 6707511 6610012 6210023 6011518 5914514 5611009 5533007
04121100 30027 30024 17007 10045 09546 9308044 8604529 7909037 7409523
 7110546 6712033 6411544 6112541 5816534 5717528 5318502 5115009 4915017
04121112 29535 27009 25514 08048 09026 9809537 9310018 8713023 7411533
04121200 30520 99900 99900 99900 99900
04121212 29524 24521 99900 99900 99900
04121300 17520 24515 06527 08560 99900
04121312 28019 32018 08020 09054 13014 9712528 9116016 8309013 7702003
 7135005 6411014 6209505 5933512 5533515
04121400 12007 31518 10516 09056 08528 9509517 9210523 8009537 7506010
 7007504 6610524 6410008 6232002 5617516 5520521 5420523 5320521 5025011
 4927524
04121412 21007 30517 16023 09051 03021 9703023 9405528 8405533 8207037
 7610013 7312016 7012014 6711537 6314522 5712043
04121500 22519 31511 21017 08550 07029 8703536 8008553 7406021 7108012
 6910525 6710539
04121512 13011 27508 10009 09541 08535 9807534 9007537 8010060 7209535
 6710059 6309543 5610548
04121600 32011 19011 33014 09546 09537 9112045 8511046 8212053 7911557
 7509546 6909563 6407039 6205043 6006042
04121612 06015 21512 14526 09535 99900
04121700 30508 30509 34015 09042 07555 9607557 7411561 6711071 6211528
 5707021 5507022
04121712 24517 19503 00517 08042 99900
04121800 27013 32507 10515 09050 10047 9309537 8605029 7805033 7606027
 7009544 6510507 6419504 6226010 6127512 5423005
04121812 28521 32021 09005 09048 09036 7008023
04121900 27014 29513 20016 10548 08035 9210033 8407535 7609030
04121912 24521 34511 22506 10542 07031 9706527 8808029 8312037 8112033
04122000 23506 27511 21013 08556 10541 8910039 7109558 6707534 6502020
 6436023 6335523 6103022 5806026 5608017 5403004 5327008
04122012 21006 01010 21018 07542 09044 9809037 8108041 7410549 6710019
 6302013
04122100 35503 00502 24515 08555 06532 9508042 8409039 7306031 7007548
 6807524 6501512
04122112 36017 10001 99900 99900 99900
04122200 32024 19014 01004 08065 09526 9808021 9509524 8908516 8508018
 8110526 7709022 6911542 6413509 6314507
04122212 31014 21010 32015 09057 11524 9309516 8912530 8614022 8112514
 7912018 7714023 7213017 6915020 6612529 6412528
04122300 02009 28019 33010 09556 09534 9810532 8908525 8513014 8313512
 8212511 8010512 7614014 7312023 7108518 7009018 6609535
04122312 28002 28019 06510 09549 07532 9506026 7607034 6805034 6308056
 6006538
04122400 99900 99900 12508 09052 09537 9709033 9310034 8908535 7610035
 7208541 6309058 5908025
04122412 25508 99900 99900 99900 99900
04122500 99900 99900 99900 99900 99900
04122512 00000 33005 30503 09044 08524 9609027 8704522
04122600 32017 26006 26514 10552 10538 9611028 9109025 8111527 7409027
 7009543 6710027
04122612 29521 25514 33517 09544 11538 8612524 8311039 7909024 7707517
 7503521 6904019
04122700 27522 19005 30021 10558 08544 9708532 8410023 7911037 6908027
 6609525 6011543 5715531
04122712 27514 00000 30513 08547 07048 9006534 8509027 7110523 6811024
 6610026
04122800 99900 99900 99900 99900 99900
04122812 99900 99900 99900 99900 99900
04122900 24024 28023 24014 09057 07560 8109042 6408054
04122912 26021 28022 23024 10051 08547 9608044 6810058 6410046
04123000 26015 27526 25008 09558 09033 9909032 9107037 8209039 7407548
 6908541 6609562 6311049
04123012 30011 30014 25006 09548 10041 8709531 7711037 6709031 6008047
 5609511 5433003
04123100 35513 23018 25010 09051 07035 9706029 8308527 7710531 6210058
 5807047 5406521 5303513 5201516 5002015
04123112 02004 28008 21013 08545 08530 9709036 9408027 8606031 7008531
 6410552 5706042 5105019 4902511
