
95010100 22002 11520 27050 25549 25046 9625046
95010112 11511 09016 26560 26045 26053 9326552 7030535 6429536
95010200 07513 06514 26549 25041 27544 9327044
95010212 07520 28531 27047 28051 28059 8428552 7227019 6226544 5322540
 4823555 4524040
95010300 06010 28045 27036 27038 27575
95010312 15004 27042 25534 27051 27063 9127066 5725549 4635516 4132031
95010400 19011 27526 28535 25549 27060 8727562 6328539 5131023 4730525
 3825512
95010412 99900 99900 99900 99900 99900
95010500 26518 01503 26032 27055 99900
95010512 29509 36009 25542 27558 24568 9924566 8427068 7526559 6926574
 6427072 5626528 5030024 4527032 4027049
95010600 01510 13517 26540 26543 99900
95010612 10013 10520 26539 27063 27059 7827052 6524568
95010700 07529 08024 26545 26053 99900
95010712 10036 07017 27543 99900 99900
95010800 07535 07006 27547 25556 27036 9228038 8727040
95010812 99900 99900 99900 99900 99900
95010900 10542 28519 26059 27035 27545 9427543
95010912 99900 99900 99900 99900 99900
95011000 08032 28533 27045 27035 26052 8226049
95011012 09531 27515 26550 27530 99900
95011100 07506 27523 27539 25029 27039 8227036
95011112 19508 28020 27037 26541 28041 9627535 7826542
95011200 20004 28028 26538 99900 99900
95011212 28002 26521 27036 28551 26043 7429032 6825045 5923036
95011300 28013 30010 28551 29039 26041 9926040
95011312 27508 15513 28554 27045 27058 7224038 6224061 5520516 4806013
95011400 31016 29505 27556 25520 29053 9828555
95011412 26010 29006 28553 28525 28036 8326026 6526534
95011500 15506 29518 27046 25540 27035 8726025
95011512 18011 28015 26543 26542 26543 9526536 7724542 6401521 5536023
 5126009 4612022
95011600 15001 30516 25536 28550 26534 8524024
95011612 29507 32012 27041 29050 29037 9627043 8828526 7727048 6428031
 5321039 4813538 4512531
95011700 30012 21014 29031 27041 24034 9624032 8725527
95011712 30504 21514 28029 27550 28032 9928532 6125535 5228528 4925528
 4430007
95011800 16502 23022 26528 25554 31520
95011812 19008 27025 26041 26549 28041 9627047 8424529 7224054 5920514
 5114531 4810033 3936010
95011900 20016 28019 26539 26038 99900
95011912 99900 99900 99900 99900 99900
95012000 99900 99900 99900 99900 99900
95012012 30017 12007 26540 28536 29049 7027532
95012100 35517 22017 27040 99900 99900
95012112 26007 29507 25041 28028 26548 8331027 7527514 6335530
95012200 24008 31523 25022 29530 29534 9429534
95012212 99900 99900 99900 99900 99900
95012300 24023 04023 28529 26017 28531 9328529
95012312 24515 10018 30529 27523 28020 9727514 8229030 7120504 6721014
95012400 31006 14018 29533 99900 99900
95012412 10512 18018 32528 29531 28019 9228524 8631012 6527517
95012500 12507 22504 30513 26018 30012 8932010
95012512 13505 35509 29013 29519 30511 9131522 7507023 6334519 5308504
 4411040
95012600 15511 00521 27020 04507 99900
95012612 10004 01519 26017 01008 32524 9331516 7504016 6306007 5618023
 5019021 4108039
95012700 06011 07503 27011 04507 34020
95012712 06011 15008 31019 28511 33531 8632536 7832529 7122019 5107017
95012800 07010 18016 28021 34504 99900
95012812 36004 16020 26521 29018 99900
95012900 15517 17009 28022 28010 25523 9726030
95012912 16511 31005 27521 30027 26045 8524545 6614522 5717508 5329016
 4935518 4010057
95013000 07506 01009 28028 27518 27045 9627041
95013012 02505 36016 27527 27030 23048 8723026 7815512 6808516 5911516
95013100 34010 34512 28527 26537 25514 8725031
95013112 33509 35010 25025 27042 26034 7827553 6827036 6121047 5919514
 4701026
95020100 34505 17006 26032 26037 27045 7825543
95020112 18501 20009 27531 27547 24558 8623539 7724045
95020200 20008 22511 27530 28039 26543 9227034
95020212 14009 30007 26033 27541 25544 9825545 8123526
95020300 99900 99900 99900 99900 99900 9728047 8027035
95020312 13013 99900 99900 99900 99900
95020400 06006 29012 28035 26053 26527 9325031
95020412 99900 99900 99900 99900 99900
95020500 17007 03002 27040 27038 99900
95020512 10507 02004 25535 27038 21512 8524524 6533514 6007014
95020600 11514 22521 26028 26021 06502 9126007 7231031 5303006 5201002
95020612 99900 99900 99900 99900 99900
95020700 10519 28013 29526 25026 28019
95020712 08019 19508 28023 28032 27035 7828041 4410047
95020800 05526 21517 26531 24032 28534 9328537
95020812 08017 12506 26537 28040 26036 9525539 7219507 6412519 6010543
 5210019
95020900 09525 25504 26539 28537 99900
95020912 10534 02005 25539 29039 28029 9328032 7628512 6630022 5935502
 5408526
95021000 10033 31017 27035 34013 27527 9127522
95021012 09031 30513 30031 27511 26023 8327532 6118527
95021100 07530 28013 31520 18013 28509 9229006
95021112 06533 26519 28515 23518 26015 7824037
95021200 08531 25513 23011 24006 25006 8722009
95021212 13012 30022 22515 31023 25007 9826507 8028020
95021300 26530 34010 24510 34016 21008 9220010
95021312 99900 99900 99900 99900 99900
95021400 99900 99900 99900 99900 99900
95021412 99900 99900 99900 99900 99900
95021500 25516 29506 24513 29013 99900
95021512 23015 24518 18012 27025 24515 8624028 6015512 5306519
95021600 21016 24012 29014 27026 21517 9520516
95021612 31004 28512 28527 27531 99900
95021700 28520 31006 31034 27016 26024 9926025 7529516
95021712 29517 30501 29023 29017 27526 7419511 6428505
95021800 29020 31009 24022 23507 31524 9431018
95021812 25514 32013 21515 29018 01512 9106018 7506002 6430516
95021900 25518 22506 25517 30011 02009 7515003
95021912 25520 08509 26024 32530 20012 8317015 7121022 6414519 5920009
 5204018
95022000 27012 01008 29514 25006 19509 9320013 7826011
95022012 25516 07508 31518 29513 25524 6532017 5035514
95022100 26526 12009 32016 22019 25010 9322011
95022112 26029 12017 26009 24524 26523 9130523 5925508 5824510
95022200 25028 12025 27019 24523 25023 9525522
95022212 22519 09517 24521 30527 26534 8628541 7332032 6428522
95022300 23513 01513 27532 30015 28527
95022312 22009 01024 27032 31516 28027 9133024 7333006 5736010
95022400 09505 01513 28536 31520 30511
95022412 34009 13509 29524 27016 24019 7123516 6112502 4311533
95022500 32016 25505 28519 27029 24505 8918012
95022512 28009 19011 28023 29012 99900
95022600 17008 31517 27523 28016 18514 9616022
95022612 20504 32517 25517 31021 29023 9929525 8029504 7224519 6117515
 5009530
95022700 08504 30016 24523 24513 29527 8929025
95022712 12512 28524 23014 28020 27521 9125524 7429517 6827019
95022800 06012 26031 33020 27520 99900
95022812 08008 24022 31517 28524 27520 8324527 5815023 5716512 4710045
95030100 32006 19521 29015 31010 24016 9923515
95030112 21506 11509 30515 27018 25027 8330019 6924513
95030200 21003 28513 25008 27019 99900
95030212 14505 32016 26509 27023 26020 8927030
95030300 33504 27529 23516 28018 24511
95030312 02005 28022 27020 27027 25523 9125035 7925020 6025515 5418018
95030400 29504 26013 27025 99900 99900
95030412 26510 21008 28024 29030 25024 6325526 5414006 4707039 4508036
95030500 16515 29012 27021 30537 99900
95030512 19012 25507 27023 30038 24025 8431032 7127034 5528506 4605017
95030600 15507 27011 26521 28026 31021 8931026
95030612 08013 27516 26013 29031 32533 9632536 6924019 6125008 5404009
95030700 09515 28516 26515 26019 33520
95030712 11020 31025 27514 27023 27519 8023031 6526515
95030800 00509 15513 25020 27516 99900
95030812 04519 18507 27040 27012 25024 8423544 7823042 7127521 5836020
95030900 05021 21516 28027 30520 99900
95030912 10008 00000 30034 25526 27515 8924533 8226026
95031000 12021 27013 28025 99900 99900
95031012 12508 33513 25520 26526 27018 8726525 6229009 5206026
95031100 10011 31011 26526 21525 99900
95031112 99900 99900 99900 99900 99900
95031200 99900 99900 99900 99900 99900
95031212 04011 99900 99900 99900 99900
95031300 06007 17509 26520 27017 99900
95031312 03513 14011 27510 28515 27014 8726524 6216014 5913018 5108060
 4808547
95031400 09019 06012 28012 25018 34006 9633505
95031412 99900 99900 99900 99900 99900
95031500 09520 03010 32006 26029 32510 9532010
95031512 09021 05003 25504 26540 24505 8723002 6312031 5509060 5109063
 4809561
95031600 10006 20011 24019 28522 99900
95031612 09012 23508 27518 29021 26013 9324018 8520006 7307028 7209528
 6608544 5108552
95031700 07506 99900 26520 31024 20510 8823010
95031712 99900 99900 99900 99900 99900
95031800 31011 08016 30517 24522 22006 8928504
95031812 99900 99900 99900 99900 99900
95031900 07516 00502 27517 24027 99900
95031912 99900 28014 27008 26529 24017 9127017 8122503 6812032 4708543
95032000 10021 34503 24516 25012 25004 8829005
95032012 12022 25014 25008 30524 29512 8427015
95032100 99900 99900 99900 99900 99900
95032112 99900 99900 99900 99900 99900
95032200 06522 27026 29510 29022 26021 9425025
95032212 10531 28526 20510 24531 99900
95032300 99900 99900 99900 99900 99900 9729023
95032312 12020 32024 28518 26534 28015 8724019 7131507
95032400 08519 28520 28519 29029 99900
95032412 11018 28018 30029 29526 22515 9122022 7532505 6407543 5005027
 4309058
95032500 09506 26022 25519 31030 27008 7830014
95032512 32510 27019 27519 29020 30535 9730539 8832527 8127021
95032600 18013 23511 24023 29517 35515
95032612 14508 26011 27516 26016 34027 8329007 7703020
95032700 06019 25012 29016 26020 17503 8620513
95032712 06020 28515 29518 29002 18004 7317517 7012519 6715519
95032800 99900 99900 99900 99900 18515
95032812 15018 30528 26528 32017 22518 9821520 9033004 7706516
95032900 99900 99900 99900 99900 99900
95032912 99900 99900 99900 99900 99900
95033000 32520 23009 23007 27524 99900
95033012 35514 21517 34019 24538 30511 9322518 7923019 6507043
95033100 28017 22012 27013 26037 20021
95033112 99900 99900 99900 99900 99900
95040100 26519 29524 28514 29032 99900
95040112 99900 99900 99900 99900 99900
95040200 25516 31014 25534 29528 99900
95040212 28020 35509 27532 28526 26013 9425017 8710001 7412033 5806557
 5108040 4407556
95040300 25022 18508 27021 24525 99900
95040312 27015 19014 28040 24524 32011 9419508 7612019 7006537 6208558
 5709561 5310554
95040400 99900 99900 99900 99900 99900
95040412 29506 20515 26531 22026 21018 9721017
95040500 34510 06501 24015 29032 28013 8929013
95040512 99900 02018 23517 29037 24021 9127512 8108526 7311528 6408546
95040600 10508 33004 28020 28038 99900
95040612 10504 99900 99900 99900 99900
95040700 02005 26029 26017 26539 31020 9831016
95040712 15512 27036 24520 25540 28543 8823503 8013535 6907530 8008049
95040800 09508 26538 28024 27537 99900
95040812 13005 28028 29535 26047 12029 8510059 8009553 7407069
95040900 11015 27021 27027 27033 07010 8811518
95040912 08513 30021 28018 26030 14506 9210513
95041000 10510 27016 31020 28527 09506 9506005
95041012 10508 30017 30515 26521 00510 7809045 5810542
95041100 12510 28012 25027 27019 07526 9607532 8210545 7710037
95041112 99900 99900 99900 99900 99900
95041200 03009 25010 24018 28530 15507 9716505
95041212 11006 31019 25010 28547 15519 9116029 7611513 5707044 8308553
95041300 01006 29015 27522 27530 99900
95041312 14006 29026 27520 26529 04003 9810504 7112031 6208020 5411529
 4810043
95041400 09011 26021 28509 26533 15518 8713008
95041412 99900 99900 99900 99900 99900
95041500 02504 29506 30019 28029 99900
95041512 99900 99900 99900 99900 99900
95041600 01004 29505 25522 26526 33511
95041612 09504 09502 27026 28522 31013 9724510 8412531 7109545
95041700 06505 19509 28027 28530 99900
95041712 10515 22003 27528 27025 21507 9712003 8111051 6711550
95041800 07027 35502 27525 27528 99900
95041812 08520 35512 26031 27526 07005 9509519
95041900 10012 32014 26526 26527 99900
95041912 11521 99900 99900 99900 99900
95042000 09508 00000 25521 26530 28003 9536004
95042012 99900 99900 99900 99900 99900
95042100 34002 17509 26520 28532 04509 9903009
95042112 99900 99900 99900 99900 99900
95042200 08013 25013 29019 30023 10020 9710530 8008050
95042212 09017 31514 31012 28029 09024 8510045 6008048
95042300 07013 34503 25514 26025 04518 8508027
95042312 99900 99900 99900 99900 99900
95042400 07519 27503 23525 27529 07020 7808536
95042412 09517 29019 26517 29027 06528 8310042 7608540 6611538 5711030
 5310054 4809557
95042500 10010 27022 31512 29030 99900
95042512 99900 99900 99900 99900 99900
95042600 09006 27025 31516 28533 17015 8811518
95042612 99900 99900 99900 99900 99900
95042700 05016 25523 27025 27532 99900
95042712 08512 30020 99900 99900 99900
95042800 99900 99900 99900 99900 99900
95042812 10007 32015 27538 27538 11049 6108552
95042900 01504 27512 28524 28538 09036 8708047
95042912 34505 24514 28023 26547 06552 9506554 7911047 7309543
95043000 01003 23018 28531 28031 05021 9805525 9006018
95043012 12503 99900 99900 99900 99900
95050100 33502 26028 26543 26531 05018 9605012
95050112 28007 29520 27050 25536 99900 8910047 6607047
95050200 26010 31020 28040 28528 99900
95050212 29515 33012 99900 99900 99900
95050300 28518 25511 27035 27025 99900
95050312 99900 99900 99900 99900 99900
95050400 28025 27527 27031 28536 07533 9009551 7909555
95050412 27517 26033 27543 27534 99900
95050500 28006 27025 27029 28535 08539 9709043 8309048
95050512 15508 28028 26031 27032 99900
95050600 06013 27521 26535 28025 05528
95050612 03011 26524 27534 26039 08058 6109567 5510061
95050700 03505 25030 28535 27035 99900
95050712 11522 26527 29038 26542 09548
95050800 15009 26031 26534 27028 08543 9209048 6909046
95050812 99900 99900 99900 99900 99900
95050900 26014 28020 29029 27045 07541 9308547
95050912 25531 99900 99900 99900 99900
95051000 25033 27533 27023 29035 99900
95051012 99900 99900 99900 99900 99900
95051100 28018 26027 26523 25519 08048 9707543
95051112 28019 27031 23530 26523 10041 9310536
95051200 03505 26032 28028 26525 99900
95051212 24009 27036 27521 24045 09045 8508550 4610066
95051300 25515 27026 28534 25532 99900
95051312 26028 27520 29031 28028 99900
95051400 25537 26509 29030 29519 09547 9309046
95051412 26033 27517 26528 30026 10040 8709032 7711051 6511050 5507525
 4507041
95051500 26024 26013 24035 29522 99900
95051512 99900 99900 99900 99900 99900
95051600 30019 22519 25520 28524 09037
95051612 27012 27025 29024 24526 99900
95051700 31505 23523 30532 25028 10045 9810045 8609043
95051712 33507 28018 29033 24536 09558 9410059 8308552
95051800 99900 99900 99900 99900 99900
95051812 01014 29522 26526 28536 99900
95051900 01008 28512 24528 30039 09551 9009554
95051912 15504 27518 25529 30520 99900
95052000 99900 99900 99900 99900 99900
95052012 26004 24024 30533 27522 99900
95052100 33506 26023 30026 26530 08549 9708051 7909061
95052112 07507 29027 29034 24536 99900
95052200 04006 29522 27531 26535 09060
95052212 29004 28027 25535 24530 09557 9009062 7208550
95052300 17008 27517 26030 28034 09534
95052312 27508 25517 29028 29025 09546 7211547 6508543 5210041
95052400 27016 26518 28022 99900 99900
95052412 18002 25516 30022 26034 08057 9307565 7610533 5407560 4807554
 4609538 4408541
95052500 03512 27016 24528 28539 99900
95052512 35511 25019 27531 27032 09063 9709567 7409545 6209555 4708526
95052600 03513 26534 27527 30018 99900
95052612 99900 99900 99900 99900 99900
95052700 13513 28031 26036 29023 09550
95052712 09021 29029 27030 25520 08558 9010060 6208046
95052800 01013 27020 28028 99900 99900
95052812 99900 99900 99900 99900 99900
95052900 03509 27527 27026 26027 99900
95052912 27513 27518 29033 26037 07058 8108069 7708554 6609072 5708573
 5110044
95053000 26520 25026 28536 27523 08555
95053012 24017 26523 26037 26033 09058 9610064 7509571 4909551 4211521
95053100 25528 28519 26038 28523 09041
95053112 26033 25014 26536 27027 11057 9710565 7208043 6508562 5405560
 4907563
95060100 24537 32012 25530 28022 09051 8007063 7407559
95060112 99900 99900 99900 99900 99900
95060200 99900 99900 99900 99900 99900
95060212 29019 26012 26528 25025 08053 9408051
95060300 34515 26517 27530 26013 99900
95060312 01502 28518 26525 26034 09060 7808071 7008573 6009572
95060400 19505 28016 26527 30525 10052 8509550
95060412 25511 27017 28025 31515 08052 8908539 7407572 6212045 4707559
 3805030
95060500 25527 26022 27025 25012 11041 9911042 8607553
95060512 26032 27518 26524 27523 08550 7308560 6207538 5211527 4910535
95060600 27533 28018 27035 26522 09050 9309552
95060612 27533 30015 26035 26029 09058 8309560 7006535 5608065 5307552
 5233010 4319513
95060700 29015 29012 27034 25029 99900
95060712 25011 30514 27038 27530 08558 9809060 8110040 7208069 7008073
 6410062 6109565
95060800 24518 23510 26524 28030 99900
95060812 28524 99900 99900 99900 09063 8410056
95060900 02002 27526 27033 28526 99900
95060912 99900 99900 99900 99900 99900
95061000 11014 28038 27031 30020 10075
95061012 04017 29036 26522 24524 08576 9908576 7609069
95061100 16503 28022 27521 25032 99900
95061112 24506 28523 26029 25031 09564 9309562
95061200 29018 25533 28522 26524 99900
95061212 30007 25540 29026 25032 99900
95061300 03510 26542 27522 30527 10053 9809552
95061312 04028 27542 31522 26532 09533 8210060 7710554
95061400 05013 28030 24030 27531 09555 8209555
95061412 07027 27531 24045 28034 08052 6909067
95061500 25536 27026 25537 29519 08556 8808561 8109551
95061512 27033 25526 28541 29527 09564
95061600 26528 26523 29041 34509 08553 8908550
95061612 30019 27521 28551 22009 08053 9607554 7910052 6508559
95061700 30012 25526 29048 23519 09057 7710052
95061712 99900 99900 99900 99900 99900
95061800 23511 25517 25026 28026 99900
95061812 15510 25532 24527 29524 09054 8009562
95061900 23509 26030 25026 34008 99900
95061912 31503 26025 27028 25019 08549 9508549
95062000 30014 26523 28033 24507 09058 9109058
95062012 27016 27024 27035 25016 10549 9711546 7909060
95062100 26530 26028 28039 35006 09552
95062112 99900 99900 99900 99900 99900
95062200 27022 25025 26032 24009 08552 7609049
95062212 99900 99900 99900 99900 99900
95062300 25516 26523 28034 21512 10052 9710052 7710062
95062312 27020 26019 29524 28014 09545 9510044 8309060 7509558
95062400 25011 25023 26515 27521 09555 8008566
95062412 28506 27517 26022 26018 08055 9707553 9608052
95062500 21510 28015 24013 24512 07562 8608576 7108571
95062512 36007 28519 24523 27020 09062 8809065
95062600 10503 24019 26025 24517 99900
95062612 05008 27525 27534 26524 09062 9909062 8310053
95062700 07011 26026 26524 26017 09545
95062712 10015 29026 27033 26529 08052 8007562 7408067 6710053
95062800 09009 29029 28026 27525 08561 9608061
95062812 13511 27529 27532 26528 99900
95062900 04020 28031 26043 99900 99900
95062912 07011 28537 26539 26020 99900
95063000 06515 27023 25030 32514 99900
95063012 07018 28533 27033 30515 07065 9907065 8109069 7509069
95070100 02008 26531 27522 21519 08561
95070112 24511 26536 28028 21014 10058 8708068 7909553 6508579
95070200 24526 29028 30025 28009 08562
95070212 29015 27023 27030 24005 99900
95070300 28510 27027 27028 24014 10064 8609072 7609562
95070312 99900 99900 99900 99900 99900
95070400 25510 29019 27039 21521 08561 9108564 8308067
95070412 26513 28024 27538 25022 99900
95070500 99900 99900 99900 99900 99900 8209071
95070512 26015 30006 27037 27518 09064 9209070 8109057 6809071 5909063
 4607047
95070600 30512 23526 27032 29528 08560 8709075 7209080 6509076 5810542
 4109021
95070612 99900 99900 99900 99900 99900
95070700 99900 99900 99900 99900 99900
95070712 99900 99900 99900 99900 99900
95070800 29513 27034 28527 16007 09555 8708562 7609560 6409545 5807024
95070812 30511 27025 28036 31501 07075 9408075 8111543 7209046 6511548
 5706529
95070900 28026 26532 25030 27506 08571 9509071 5409521
95070912 27519 26044 26032 33021 99900
95071000 26521 26528 25029 34011 09068 8410071 7109062 5111519
95071012 26523 26534 29033 07511 07558 9907558 8008574 7309070 6510056
 6108562 4910525 4610532
95071100 99900 99900 99900 99900 99900
95071112 29013 26013 30526 14011 09056 9609048 7808084 6409559 4711523
 4311025
95071200 24518 28008 29509 17019 09567 8509080 8009082 6608560 4817015
95071212 27022 23506 22009 17506 08070 8009583 7308093 5507041
95071300 26529 26505 27009 01512 09073 8308594 6109068
95071312 26530 15505 26520 35006 09074 9008591 8908591 7810582 7009591
 5708567
95071400 99900 99900 99900 02505 99900 9709074 7408102 5310044
95071412 99900 99900 99900 99900 99900
95071500 29527 27021 28030 21508 09079 7809104 6408089
95071512 28513 27529 30026 26515 09074 7409609
95071600 25525 28014 29026 18006 08580 8409100 7108598 6009058 5709561
95071612 26523 28006 28517 21518 08072 9208080 7008582 6108076 5010025
95071700 29022 25017 30012 28014 09079 7008082 5907556 5213023 4910026
95071712 27016 27018 24029 34026 99900
95071800 29510 26032 25532 08509 09565 8008576 6409548 5909567
95071812 99900 99900 99900 99900 99900
95071900 00506 26037 27037 11004 09066 6708579 5408568 4311545 3212513
95071912 20505 28537 28530 18019 08058 8809070 5808546
95072000 24012 29519 28523 20506 09053 7708540 7009561 5808543
95072012 27007 30017 23510 02012 08561 9410546 6707533 6116512 4512506
95072100 28010 26015 28013 33010 09060 7307561 6307051 5434515 5200513
95072112 02007 26025 24014 36008 09551 8007067 7408081 6808581 6108563
 5106013 4906523
95072200 25006 25536 30012 06512 09057 7108574
95072212 33007 27036 25518 03511 09058 9009553 7208088 5411057
95072300 99900 99900 99900 99900 99900
95072312 25510 28026 22015 10010 99900
95072400 28017 29006 26524 05002 09044 7009569 6809568 5602023 5101013
 4307023
95072412 99900 99900 99900 99900 99900
95072500 34015 25529 28520 07020 09541 9110051 7008577 6309064 5206521
 4310517
95072512 03510 27039 27007 13507 09054 9210557 7308084 6309067 5115031
 4515021 4211025
95072600 23519 30020 25028 23502 10567 9511069 7609589 6110562 5812536
 4711523
95072612 99900 99900 99900 99900 99900
95072700 27049 30024 26044 02508 09067 8709070
95072712 28041 24013 28547 10011 08059 9908059 7609572 7110070
95072800 28044 27014 29526 20013 08560
95072812 27030 26020 28028 20514 09560
95072900 26523 28519 26013 99900 99900
95072912 26028 27526 27028 26023 08558 7807079 7607581 6809064 5005540
 4518024 3923518
95073000 25533 31018 25530 28006 08558 8008064
95073012 27034 30013 27038 34004 09056 8208567 8008568 6511048 5508557
95073100 27517 26507 27531 19011 09063 8109573
95073112 28019 24013 32025 27505 09063 8809557 7709078 4912022 4813522
95080100 99900 99900 99900 99900 99900
95080112 24517 25532 08510 29022 10552 8507550 7308065 6809051 5808065
 5406554 4815019
95080200 25028 28028 00000 34510 09556 9409057
95080212 27524 29028 26512 08503 99900
95080300 29518 26510 27022 99900 99900
95080312 31014 25519 27532 23529 10063 8711072 7608079 6709056 5407060
 4212516
95080400 16509 25519 29012 27519 09070 8509073 8009564
95080412 22005 25026 26516 31527 08564 8308075 7709073 7008089 6908089
 5908567
95080500 22034 28515 25022 01520 09079 9109080
95080512 24027 29521 26026 10012 08068 8608580 8208579 7110064 5309068
 4510041
95080600 25028 25524 26527 16511 09567 9509068
95080612 28035 99900 99900 99900 99900
95080700 27012 27045 32520 19520 09581 9609581
95080712 30519 26547 33513 13012 99900
95080800 21513 29543 19511 31509 08066 8208069
95080812 24022 28535 23016 34524 08060 8608577 5904517 5201524
95080900 23522 28018 22018 99900 99900
95080912 28515 24512 28521 13524 09562 9311071 8809581 8709582 7511056
 6609524 5909536
95081000 30514 99900 99900 99900 99900
95081012 24012 26020 35016 16025 08060 9006558 7208076 6707556 5812536
 4910046
95081100 28511 25511 20511 10018 09576 8209074
95081112 22518 29008 23020 35512 10582 7810587 6310071
95081200 99900 99900 99900 99900 99900
95081212 24025 25504 25030 01520 07579 9708082 7308061 6214031 5410036
95081300 27029 23014 25534 11532 09071
95081312 28030 25517 24536 16524 09061 9010550 7409066 6008026 5308033
95081400 28021 25014 27523 13005 09059 8508560
95081412 28024 27519 27024 07013 08058 9207567 7209578 6009560
95081500 27517 28521 29514 10505 08073 8309085
95081512 99900 99900 99900 99900 09079 8110071 6907548
95081600 16505 26020 30014 99900 99900
95081612 27006 27032 25512 08020 09588 9410084 8208585 7609092
95081700 24515 09528 23519 12029 09569
95081712 31002 28521 24530 10521 08570 7808086 6911055 5511032 5107544
 4311521
95081800 22006 24507 29517 10017 99900
95081812 28005 24518 32015 10018 09568 9609070 7709591 6006038 5710027
 5210018
95081900 23009 23538 25006 08521 99900
95081912 23009 27534 21515 08012 09069 8308078 6608582 5910057
95082000 27033 29031 22514 08016 99900
95082012 26527 31523 24521 07016 09075 8209568
95082100 27533 03511 28519 14512 99900
95082112 29032 07008 29019 17010 08588 8109066 7309091 5911056
95082200 28533 18019 31515 31512 09077
95082212 28527 21514 30015 31010 09571 8608606 7210072
95082300 25525 23529 31011 04510 99900
95082312 99900 99900 99900 99900 99900
95082400 24024 30522 21513 99900 99900
95082412 99900 99900 23018 99900 99900 8608593 8209078 6409578 5308556
 4909528 4210542
95082500 23017 28516 26026 24005 08575 9609078
95082512 30520 28017 26525 33009 09573 9509074 8110567 7209580 6408562
 5709568
95082600 99900 99900 99900 99900 99900
95082612 25514 25028 32028 09502 08576 8608551 7008061 6608049
95082700 27018 26026 32008 06511 99900
95082712 26013 25526 19005 10503 08575 8308582 6908059 6109544 5207517
 5005022 4706019
95082800 25020 28027 17020 05011 09082 8909085
95082812 26517 28020 21516 07510 99900
95082900 27024 24531 15002 12016 99900
95082912 28020 26026 27012 16505 08569 7808579 7008066 6509063 6409564
95083000 27020 30022 29017 09515 08071 9408071
95083012 32018 30521 31014 36007 08567 8909080 8409081 6211071 5710066
95083100 21016 30013 30506 04523 09566 9906566
95083112 99900 99900 99900 99900 99900
95090100 27512 26013 24512 08016 09576 9309574
95090112 29019 99900 99900 99900 99900
95090200 26015 26026 26023 11024 09070 8709073
95090212 27513 27027 27024 14516 10061 7808570 6409545 5709553 4805526
95090300 29512 26522 31015 09509 99900
95090312 32016 28021 22009 05007 08552 9808051 8109579 6909090 6408583
 5209557
95090400 31510 25042 29508 09009 09058 9909056
95090412 24005 27038 26019 05013 10065 8708592 8108591 6309571 5308561
 4609533
95090500 24026 27535 33006 09010 99900
95090512 27016 27535 23008 15007 08071 7110080 6108559 5610049 5009549
95090600 27030 31516 22005 04507 99900
95090612 27522 33012 24016 02009 10078 8309087 7709088 6810083 5508568
 4811056
95090700 29515 22519 29018 08510 99900
95090712 26008 25025 27519 16017 08585 8009616 6808600 5411539 4411538
95090800 99900 99900 99900 99900 99900
95090812 27009 26526 26516 10507 99900
95090900 25013 27525 26009 05511 09560 9709561
95090912 25513 99900 99900 99900 99900
95091000 25518 26011 30509 10521 99900
95091012 28014 23003 99900 99900 99900
95091100 27024 23014 26007 12024 99900
95091112 27516 26008 25514 12017 99900
95091200 21002 31515 28517 09516 09067
95091212 99900 99900 99900 99900 99900
95091300 13508 24015 34019 05526 99900
95091312 12004 26023 34518 07511 99900
95091400 23506 27526 09512 10021 09068 9509063
95091412 23504 27024 14007 14521 09060 7509080 5110535
95091500 28517 27516 21015 08516 99900
95091512 28511 27516 21518 99900 99900
95091600 27016 24517 24017 10515 99900
95091612 19009 25519 26012 15518 99900
95091700 33510 26013 34523 99900 99900
95091712 03504 26021 31514 08018 99900 8208574
95091800 26504 27523 00513 07030 99900
95091812 25017 26529 02512 99900 09556 9709059
95091900 26523 27524 14024 11518 99900
95091912 25525 28027 16019 17017 99900
95092000 26016 26022 34010 09504 10059
95092012 29012 26532 28006 20011 09557 7609092 6809574
95092100 30522 29025 30511 04008 99900
95092112 30514 29034 33516 03007 08554
95092200 27506 28025 36013 06522 99900
95092212 26016 29020 36009 09015 99900 8609074 8209581
95092300 26032 27507 07514 11517 99900
95092312 99900 99900 99900 99900 99900
95092400 29525 22014 18513 12512 99900
95092412 99900 99900 99900 99900 99900
95092500 31015 99900 99900 99900 99900
95092512 25515 27520 24014 16011 99900
95092600 26014 29016 34513 05013 99900
95092612 26019 31511 33515 07007 08076 8909065 7910078 7810077
95092700 29013 20009 34019 04514 99900
95092712 30508 23008 33012 99900 99900
95092800 29515 23527 04501 99900 99900
95092812 31507 26022 19514 12517 99900 8609060 8208555
95092900 26023 27026 23009 11019 99900
95092912 29011 29527 21022 08518 08560 8210574 5904003 4621508
95093000 26518 27522 26012 10534 99900
95093012 30512 27530 22015 10023 10063 9209578 7909057 7308580 5610059
95100100 24006 27537 00000 09035 99900
95100112 20507 25533 01519 09527 09070 9308574 8209097 7710087
95100200 99900 99900 99900 99900 99900
95100212 33506 28033 99900 99900 99900
95100300 33508 26531 14513 10531 09059 9409560
95100312 23006 99900 99900 99900 99900
95100400 23512 28525 06004 08522 99900
95100412 25023 28027 04509 11026 09555 7809575 6311039 5311030 4908039
95100500 28030 29022 08516 07531 99900
95100512 28030 29014 07018 08023 09050 6909585 6308588 5306554 4808048
95100600 31512 24523 10522 09024 99900
95100612 25506 29020 17513 08027 09566 7709072 6209063
95100700 25504 28027 13007 11524 09064
95100712 25011 28519 99900 99900 99900
95100800 99900 99900 99900 99900 99900
95100812 27518 24516 09509 06017 08566 8009079 6710571
95100900 30520 25518 08011 07527 99900
95100912 29021 27525 08509 12020 09061 8408572 6908561 5017016
95101000 27520 26513 09008 09021 99900
95101012 27021 23512 13009 13026 08551 9809052 8710045 8108542
95101100 24012 99900 99900 99900 99900
95101112 30508 01004 26509 11009 08551 9409549 7908059 6709539 5907029
 5309518
95101200 32010 19010 18004 07021 99900
95101212 15001 21515 23506 09528 09059 9410060 8408075
95101300 17506 27512 35004 09526 99900
95101312 20007 28515 32514 07022 09085 9809084 8410066 7208582
95101400 31507 23524 34010 10520 99900
95101412 30505 26526 32008 14029 08056 9607563 7908569 7408568 5310523
95101500 02006 26520 99900 99900 99900
95101512 05008 25529 31510 99900 99900
95101600 05506 25025 30007 08029 99900
95101612 24501 99900 99900 99900 99900
95101700 23013 26529 10511 09034 99900
95101712 21518 27542 16016 09034 08560 9908563 6911040 6510553 5105531
 4610007
95101800 27022 29527 07514 12032 99900
95101812 28009 27531 06005 99900 99900
95101900 29011 27529 06511 11023 10065
95101912 99900 99900 99900 99900 99900
95102000 26535 29514 08513 10527 99900
95102012 28030 99900 99900 99900 99900
95102100 27038 29522 13509 08031 99900
95102112 26537 99900 99900 99900 99900
95102200 29526 25018 07511 11528 99900
95102212 26526 26522 99900 99900 99900
95102300 26022 29519 07508 09018 99900
95102312 26520 23514 06508 12026 07063 9207070 8310065 7609071 6311038
 6206539 5309022 4707515
95102400 24020 25513 12016 07529 99900
95102412 25519 99900 99900 99900 99900
95102500 27016 23520 10505 09545 99900
95102512 28018 99900 99900 99900 99900
95102600 28522 26014 04015 10038 99900
95102612 26518 28514 99900 99900 99900
95102700 28014 25019 05513 09038 99900
95102712 23518 99900 99900 99900 99900
95102800 25520 29026 08509 10533 99900
95102812 24519 99900 99900 99900 99900
95102900 27519 31022 11515 11531 99900
95102912 28012 28519 12513 11026 09053
95103000 31509 25506 11008 10526 99900
95103012 27009 23528 99900 99900 99900
95103100 26505 24533 07016 08039 99900
95103112 99900 99900 99900 99900 99900
95110100 21513 28023 08518 08536 99900
95110112 25516 28524 10015 08533 10548 7209060 6208019
95110200 28016 29528 11020 08038 99900
95110212 30515 29030 08525 09536 08051 9308060 8709555 4825532
95110300 29514 29029 07024 09039 09052 8909051
95110312 31512 25020 08524 10530 09552 9710051 7609037 6714018 5705507
 4525541 4426032
95110400 20517 24531 08521 08535 99900
95110412 20516 25535 99900 99900 99900
95110500 99900 99900 99900 99900 99900
95110512 99900 99900 99900 99900 99900
95110600 31016 26523 09021 09533 99900
95110612 99900 99900 99900 99900 99900
95110700 26011 28030 08025 08027 99900
95110712 28014 29530 07019 07520 09063 9208067 6126003 5529033 4826557
 4626556
95110800 26514 31519 08017 08028 99900
95110812 24026 99900 99900 99900 99900
95110900 21515 19016 09521 08520 99900
95110912 26526 21520 08024 11025 09064 9009574 8609069 8309041 6308019
95111000 30508 24022 09026 09526 99900
95111012 24008 99900 99900 99900 99900
95111100 22013 27015 04521 08538 99900
95111112 99900 99900 99900 99900 99900
95111200 21507 29017 07026 09545 99900
95111212 29504 31027 08036 11034 08558 8808558 6807508 5927550
95111300 25001 28521 05521 08043 99900
95111312 34007 27013 99900 99900 99900
95111400 04005 25032 09532 08045 99900
95111412 18507 24533 10029 07544 09554 9410045 8710055 7501508 6934525
95111500 22012 27532 09524 99900 99900
95111512 25524 26532 99900 99900 99900
95111600 23515 24521 06527 09042 08043
95111612 99900 99900 99900 99900 99900
95111700 29519 28530 08032 07535 99900
95111712 25019 99900 99900 99900 99900
95111800 28020 27508 09534 08539 99900
95111812 99900 99900 99900 99900 99900
95111900 99900 99900 99900 99900 99900
95111912 99900 99900 99900 99900 99900
95112000 24515 24512 10522 09546 99900
95112012 26508 29019 11025 09037 10566 9810572 7709012 6830034
95112100 99900 99900 99900 99900 99900
95112112 18007 30034 10034 08536 07559 9109056
95112200 30005 99900 99900 99900 99900
95112212 99900 99900 99900 99900 99900
95112300 31005 24010 07529 09546 99900
95112312 28523 24013 99900 99900 99900
95112400 27518 23509 10026 08538 09562 9309573 6935506 5027566 4727054
95112412 25520 30514 99900 99900 99900
95112500 27021 30011 06526 09045 08567 9409072 7133513 5527555 5427557
95112512 27027 29012 08530 08540 09564 8009538 7506508 6326080
95112600 28513 32505 07023 10051 08582 8035505 6925038 6026034
95112612 22509 99900 99900 99900 99900
95112700 35506 25513 10033 09545 08563 9908563 9808562 9631510 7701006
95112712 10506 26513 09030 08047 11540 9209042 8730022 7629523
95112800 05507 26020 09034 08044 08550 9609052 8120501 7523003
95112812 10016 25519 09042 10044 07544 7916005 6828061 6327560
95112900 15008 24524 09039 09543 09540 9809541 8318006 7823514
95112912 11504 99900 99900 99900 99900
95113000 33505 30016 08031 09543 10548 9710550 7732506 6527027 6226017
95113012 18510 31011 09526 09032 11038 8331019 5726551
95120100 28519 22014 07525 09039 09042 8712506 8026513
95120112 27526 99900 99900 99900 99900
95120200 28014 25024 09026 09048 09549 9411040 8321522 7724031 5125508
95120212 25018 99900 99900 99900 99900
95120300 33018 26041 09024 11047 10057 7419501 6825003
95120312 26505 28039 99900 99900 99900
95120400 30005 25542 08029 09536 09547 7931001 6923540 5925523
95120412 27514 25538 99900 99900 99900
95120500 23016 29025 08028 09049 09536
95120512 25514 99900 99900 99900 99900
95120600 27009 26523 09041 08558 09036 9100000 7731519 5824537 5525030
95120612 22505 27018 09541 10048 05526 9103532 8504023 8301015 6728520
95120700 31512 23524 11043 99900 99900
95120712 32507 26019 09540 09039 08545 7124026 5128556
95120800 22515 25027 08049 08042 09546 9709540 8417513 8020013 7514513
95120812 25519 24017 09037 07549 08048 9010520 7611511
95120900 25035 32025 08042 09050 09056 8503015 7626529 7226533
95120912 27025 30515 99900 99900 99900
95121000 29520 33012 09038 09555 07539 8506527 8008508 7621517 6220018
95121012 31516 32513 99900 99900 99900
95121100 06006 25518 10540 09558 08534 9115008 7125535
95121112 09507 24020 09547 09048 09045 8525518 8127542 7628023 7326521
95121200 08010 24522 10039 10051 09044 9010533 8323505 7329011
95121212 13013 25525 09536 09048 07528 8321004 7128023 5923016
95121300 14507 29520 09533 10052 06526 8900506 7730512
95121312 99900 99900 99900 99900 99900
95121400 28025 28014 08538 09540 09038 8801507 7531539 5829025
95121412 26519 26017 08536 08045 08524 8733523 7131527
95121500 29015 26015 09025 08545 10526 9510527 9410026
95121512 23012 28013 09527 07541 10523 9414514 6924024
95121600 25014 28522 10042 09032 09046 9308528 8016514 7231005 5918505
95121612 24015 29525 10032 10036 06543 9305520 7717511 6726031 5934516
 5326517
95121700 25510 29024 10529 09538 07549 8404525 7413506 5325526 5225523
95121712 30010 28019 08529 07036 09536 9001018 6427031
95121800 30019 26512 08534 08544 09538 8104502
95121812 25523 22008 08036 08039 12535 8713507 6333037
95121900 27525 27013 09042 09543 08542 9207534 6503007 5326522 4825015
95121912 27020 26016 08534 09040 08541 8705534 7713510 6128508
95122000 35008 26523 11039 09551 07540 9307026 6924037 6325039
95122012 02505 25519 09531 09043 08030 8916502 7622550 6925522 5626025
95122100 08508 29023 08536 09053 12521 9513510 7834020 6330529 6230527
95122112 12513 30024 10027 08545 10028 8507511 8125504 6931032 5501510
95122200 17511 31026 08034 08546 09540 8534005 6727013 6021526
95122212 24012 31530 99900 99900 99900
95122300 28512 28014 08530 09551 08541 9908041 6702507 6600508
95122312 30520 24013 09526 08540 09048 9308031 8011516 6903511 5127546
95122400 32019 22036 09524 10050 09046 7802516 7232529 6431035 5125033
95122412 33512 22027 11023 08045 12037 8111517 6930531 5926535
95122500 99900 99900 99900 99900 99900
95122512 27010 25520 09537 09042 07044 9707548 9206023 7629014
95122600 13005 28528 10530 09051 09542 9109528
95122612 14013 29532 09521 08040 10530 9215019 8116510 7026036 6527029
95122700 17509 31539 08532 10060 09027 8601509 7428044 4822016 4124027
95122712 23515 32036 08525 09042 99900
95122800 29031 33023 08527 09555 09515 9506502 8529031 7428038 6230518
 5429521
95122812 28535 99900 99900 99900 99900
95122900 29047 27511 10033 09039 10524 9711023
95122912 29038 24515 10032 08032 04518 6434507
95123000 28022 21512 08533 09038 08520 8806008 7407020 6419003 4422522
95123012 28015 22511 99900 99900 99900
95123100 31014 27028 08526 10056 09524 7211005 5317522 5217521
95123112 33011 26028 09031 07556 09015 9305510 6122505
