USSR01 WSSS 031200
TTAA  53111 48698
99006 28830 06002 00088 28222 00000 92778 23834 16012
85515 19636 18510 70165 10848 25504 50591 04322 04006
40763 13967 10516 30975 28765 02519 25103 39166 03514
20251 51956 08025 15432 65960 08051 10668 81356 01010
88999
77999
31313 73508 81046=



UKSR01 WSSS 031200
TTBB  53118 48698
00006 28830 11940 24005 22922 23845 33745 14257 44730 12641
55646 08256 66601 05058 77522 02912 88457 09709 99452 08756
11443 09759 22429 11143 33423 10970 44387 16162 55371 18165
66363 18965 77358 19559 88330 23957 99324 24362 11261 36767
22234 43365 33211 49156 44172 60744 55162 62559 66141 67162
77100 81356
21212 00006 06002 11990 16504 22940 15514 33912 17516 44847
18010 55801 23504 66786 19006 77737 20008 88724 19004 99708
26004 11697 25004 22670 29004 33663 36002 44656 32002 55639
25002 66634 13502 77617 05004 88586 03504 99575 11004 11571
11006 22560 07004 33553 06504 44542 09004 55526 08004 66515
03504 77485 04008 88476 02508 99465 03008 11435 09012 22378
11514 33339 08523 44304 03016 55256 02014 66242 05018 77210
07018 88183 08043 99162 08054 11151 08051 22138 07519 33133
04018 44121 02514 55115 04010 66108 08512 77103 02510 88100
01010
31313 73508 81046
41414 38478=



ULSR01 WSSS 031200
TTCC  53111 48698
70872 74363 28041 50071 67575 25027 30385 59784 07516
20642 52786 10547 10102 40789 10066
88913 82956 05519
77082 08072 42118
31313 73508 81046=



UESR01 WSSS 031200
TTDD  5311/ 48698
11913 82956 22822 82756 33806 77361 44778 73962 55716 75762
66656 73565 77633 69968 88572 71770 99532 67774 11487 67776
22457 63181 33404 63783 44368 60384 55332 62583 66283 55585
77256 57784 88240 57584 99220 52186 11188 51986 22175 47587
33133 47587 44111 41789 55103 42588 66091 37990 77070 37190
88067 33991 99060 33791 11051 26793
21212 11972 03512 22933 04018 33901 07019 44829 08533 55790
13510 66775 22510 77756 26518 88714 28039 99657 28529 11635
26527 22541 28025 33500 25027 44473 26525 55451 29527 66382
29527 77361 33023 88324 34016 99310 07018 11304 07016 22284
14027 33262 17525 44256 17025 55232 08031 66221 09549 77211
11053 88172 10056 99163 08051 11107 10068 22082 08072 33076
08556 44070 08560 55062 10045 66059 08541 77056 08516 88055
06506 99053 07516 11051 01518
31313 73508 81046=
