USSR01 WSSS 251200
TTAA  75111 48698
99005 30458 31003 00079 29657 28512 92770 24050 31002
85502 19435 23512 70151 09438 21006 50587 04357 21508
40760 14358 04502 30972 28540 33510 25099 38950 35514
20249 51964 06519 15429 67756 07529 10664 79343 06021
88999
77999
31313 73508 81044=



UKSR01 WSSS 251200
TTBB  75118 48698
00005 30458 11947 25238 22881 21657 33848 19434 44803 16857
55782 14828 66699 09436 77680 08658 88619 04034 99547 01722
11500 04357 22494 04945 33485 05356 44438 09944 55416 11756
66376 18356 77338 22132 88228 44348 99221 46149 11212 48162
22195 53163 33177 58956 44129 74756 55100 79343
21212 00005 31003 11988 24508 22964 25006 33953 28004 44929
27002 55921 34002 66915 34504 77906 29002 88897 28504 99877
23008 11844 23012 22821 24510 33775 23510 44764 24508 55753
28510 66731 30508 77719 24506 88708 26006 99695 19006 11682
23504 22666 17002 33664 09002 44663 08002 55657 18004 66647
22008 77640 19506 88615 21008 99609 25004 11601 23006 22587
26508 33539 25510 44531 27506 55525 23506 66517 24508 77493
20506 88468 23006 99459 19508 11444 20008 22436 12002 33433
16002 44420 13502 55416 03504 66414 03006 77406 12004 88401
07502 99400 04502 11398 28502 22394 18502 33384 18006 44375
23004 55372 18502 66367 16514 77362 13514 88354 13506 99350
05006 11343 35504 22309 33508 33293 35012 44240 35508 55234
03510 66215 04012 77210 08016 88185 05518 99159 06529 11132
10514 22126 01512 33109 06537 44100 06021
31313 73508 81044
41414 28478=



ULSR01 WSSS 251200
TTCC  75111 48698
70870 73562 31041 50070 67969 23512 30388 59975 20516
20642 53785 09051 10098 43188 09064
88990 79742 05521
77086 08586 42262
31313 73508 81044=



UESR01 WSSS 251200
TTDD  7511/ 48698
11990 79742 22945 77357 33736 75560 44663 70165 55623 68366
66575 70966 77511 68768 88479 64571 99449 63770 11415 58374
22340 57573 33260 62578 44250 62380 55238 57584 66166 52186
77156 49187 88130 47787 99116 42788 11095 44388 22090 44588
33088 43188 44087 43188 55086 42988 66083 38989 77082 39389
88081 32991 99067 35390 11064 36390 22062 35390 33057 34990
21212 11944 07512 22925 11510 33895 15010 44865 16510 55847
22512 66795 29014 77702 31039 88605 28027 99573 28519 11540
32014 22529 28510 33517 27510 44506 24508 55491 24514 66462
20008 77450 10510 88443 11508 99438 20506 11436 22010 22412
26039 33383 25521 44336 28023 55323 27014 66315 23510 77296
18514 88286 10512 99274 06019 11238 08549 22209 09553 33195
08547 44187 09060 55137 10053 66126 08570 77116 08562 88101
09564 99086 08586 11083 07586 22069 05514 33067 01518 44061
06512 55060 05008 66059 35006 77058 30510 88057 29016
31313 73508 81044=
