USSR01 WSSS 200000
TTAA  70001 48698
99008 28237 05503 00101 27823 02502 92787 22822 15010
85527 19650 25510 70167 10860 27010 50589 04957 11512
40761 16935 08514 30971 31738 08514 25097 42156 09023
20244 53158 09043 15424 65165 12535 10663 74362 26529
88114 77159 06037
77999
31313 73508 82330=



UKSR01 WSSS 200000
TTBB  70008 48698
00008 28237 11967 24806 22887 22057 33819 18060 44750 13257
55734 13064 66687 09656 77541 02727 88526 02558 99480 06359
11421 15127 22372 19939 33240 44350 44216 49359 55187 56350
66174 59956 77168 61560 88151 65165 99114 77159 11112 75361
22109 73363 33100 74362
21212 00008 05503 11995 00502 22993 04502 33991 10502 44942
16010 55910 14506 66902 19502 77892 29004 88887 30006 99880
27502 11867 29006 22855 26008 33821 27014 44809 30014 55798
27514 66782 27016 77765 29510 88754 27010 99720 28508 11705
27012 22668 32018 33630 30518 44608 31514 55593 29016 66582
30512 77575 35508 88567 35506 99556 05504 11550 36002 22543
06504 33536 07506 44529 12008 55519 09512 66508 12512 77502
12012 88491 06508 99484 09006 11452 08008 22438 06008 33381
10019 44351 10014 55336 06518 66310 06516 77300 08514 88271
09014 99262 08016 11218 09051 22149 12535 33125 04523 44115
05535 55110 08519 66109 10512 77107 19012 88103 21012 99102
24014 11100 26529
31313 73508 82330
41414 11432=



ULSR01 WSSS 200000
TTCC  7000/ 48698
88999
77999
31313 73508 82330=



UESR01 WSSS 200000
TTDD  7000/ 48698
11768 74366
21212 11953 25545 22887 26045 33852 27027 44768 27039
31313 73508 82330=
