USSR01 WSSS 161200
TTAA  66111 48698
99005 32061 20005 00072 30860 19510 92768 24857 25508
85506 20260 30012 70153 11457 32510 50587 05730 08021
40760 12966 06019 30972 29959 09014 25100 40161 11027
20248 53138 08053 15427 66758 07078 10665 79358 06516
88105 79158 13510
77156 06580 41648
31313 73508 81030=



UKSR01 WSSS 161200
TTBB  66118 48698
00005 32061 11971 28257 22859 19844 33839 20265 44788 17069
55767 17069 66720 12658 77643 05840 88547 01949 99537 02559
11507 05337 22488 06550 33473 08121 44440 10159 55404 12566
66378 15567 77275 35157 88253 39361 99197 53932 11150 66758
22144 65363 33105 79158 44100 79358
21212 00005 20005 11988 18004 22955 17506 33945 12502 44937
21504 55929 25508 66906 26506 77897 31502 88886 29504 99876
23506 11863 29508 22856 30512 33833 28021 44808 28527 55723
30014 66715 31510 77707 31006 88697 33010 99687 31508 11677
33010 22668 30010 33661 33008 44638 34014 55602 03514 66593
03012 77579 05510 88535 08019 99522 06518 11509 08019 22478
06516 33471 08516 44442 09518 55389 06018 66379 04018 77320
05014 88288 11508 99281 11012 11267 12516 22231 09035 33156
06580 44142 08066 55121 09023 66118 13012 77105 13510 88100
06516
31313 73508 81030
41414 11432=



ULSR01 WSSS 161200
TTCC  66111 48698
70870 72566 30021 50071 69381 28545 30388 56785 15016
20647 51386 10045 10104 41589 08558
88807 78362 27543
77999
31313 73508 81030=



UESR01 WSSS 161200
TTDD  6611/ 48698
11956 74362 22807 78362 33744 78561 44723 77962 55700 72566
66653 69768 77609 71370 88558 66576 99498 69781 11464 67182
22450 62183 33366 61983 44324 56385 55264 57984 66213 51986
77191 52786 88155 47387 99119 47187 11101 42188 22091 43188
33081 42188 44075 38789 55058 39589
21212 11937 11502 22934 27502 33929 28504 44857 25525 55811
27041 66764 29533 77728 29033 88669 31514 99636 26025 11614
25535 22578 29021 33569 27021 44499 28545 55445 35014 66424
31512 77415 33012 88390 28523 99377 28019 11351 31502 22348
15002 33341 11004 44295 16018 55252 07031 66216 10049 77150
08556 88125 08047 99078 09060 11077 09062 22071 08541 33065
12019 44061 09018 55058 07021
31313 73508 81030=
