USSR01 WSSS 050000
TTAA  55001 48698
99006 26227 34001 00091 26624 22006 92777 23456 19506
85511 20058 31012 70164 10856 26510 50589 05131 09510
40761 14756 07518 30973 29758 08019 25100 39956 09025
20248 52556 06043 15428 67156 04051 10662 81950 06023
88999
77999
31313 73508 82335=



UKSR01 WSSS 050000
TTBB  55008 48698
00006 26227 11973 26057 22812 18058 33642 05832 44587 02058
55558 00544 66542 01356 77519 03333 88420 13141 99402 14550
11383 15965 22372 17359 33359 19761 44329 24956 55212 49158
66168 61546 77130 73944 88100 81950
21212 00006 34001 11991 21008 22983 22008 33954 18006 44935
18006 55876 26506 66864 26506 77852 31010 88823 26012 99809
22010 11779 27012 22721 28512 33706 26508 44654 33010 55646
32010 66639 34508 77618 36008 88608 31006 99597 34504 11585
34004 22581 04504 33576 04006 44570 07006 55550 04510 66542
08008 77503 09512 88486 09008 99472 03506 11459 12504 22453
07508 33447 09010 44440 07014 55378 07521 66358 05018 77329
07016 88321 06019 99283 09023 11251 09025 22196 06049 33154
04051 44133 06056 55115 08037 66100 06023
31313 73508 82335
41414 18438=



ULSR01 WSSS 050000
TTCC  55001 48698
70867 73769 27019 50067 68981 27023 30384 58784 26018
20639 56785 08035 10094 45787 08572
88990 82150 06023 
77089 09578 41813
31313 73508 82335=



UESR01 WSSS 050000
TTDD  5500/ 48698
11990 82150 22979 81950 33968 77560 44960 74961 55792 78163
66747 78365 77702 73769 88658 73772 99626 69780 11589 68182
22553 70581 33510 69981 44493 66782 55403 63383 66396 60783
77352 58384 88275 59784 99238 58984 11221 54785 22203 56585
33194 56385 44190 53385 55164 52786 66157 49986 77116 44988
88102 45987 99095 42188 11080 39789 22069 33791
21212 11908 10004 22901 12502 33894 19502 44889 21504 55846
27019 66772 29031 77718 29518 88703 27519 99678 26523 11642
29518 22606 30529 33533 28037 44508 28025 55483 26527 66440
27027 77386 21027 88363 24035 99334 28521 11308 27018 22284
23016 33265 21002 44263 03002 55253 35516 66238 02527 77224
10533 88211 08031 99197 08533 11187 09054 22176 10053 33104
08568 44089 09578 55081 09570 66073 09068 77069 09551
31313 73508 82335=
