USSR01 WSSS 081200
TTAA  58111 48698
99006 30056 20504 00088 29246 16506 92780 23831 22004
85510 19027 20506 70155 09618 09504 50588 03950 06010
40761 14363 09523 30973 29560 06531 25101 38770 06529
20250 51364 06529 15430 66558 08533 10666 77558 08014
88999
77999
31313 73508 81045=



UKSR01 WSSS 081200
TTBB  58118 48698
00006 30056 11950 25014 22910 23456 33842 18221 44830 18050
55758 14450 66710 10012 77589 03041 88543 01516 99482 05950
11473 06359 22465 06160 33432 10956 44428 10759 55423 11156
66416 11762 77392 15169 88379 16765 99355 19776 11345 21576
22336 22766 33333 23360 44320 25957 55309 27561 66293 30758
77284 31965 88248 39171 99164 62758 11138 70358 22112 77158
33100 77558
21212 00006 20504 11987 15510 22965 18008 33944 17006 44926
22004 55913 21006 66901 24010 77890 22510 88861 23506 99853
21004 11832 22008 22817 24506 33791 22002 44781 01002 55779
09502 66761 24002 77756 04502 88751 06002 99746 27502 11737
24502 22731 14002 33727 16004 44708 13502 55691 04002 66682
06506 77670 02504 88662 08504 99644 33002 11641 15502 22633
13502 33627 24002 44622 26502 55613 19506 66604 23004 77598
31502 88589 29504 99580 32002 11574 26502 22561 33002 33555
20502 44542 16002 55535 06502 66481 05014 77437 10518 88427
09018 99413 10521 11355 07025 22288 05537 33227 07525 44208
06529 55148 09033 66123 07029 77110 01023 88100 08014
31313 73508 81045
41414 12432=



ULSR01 WSSS 081200
TTCC  58111 48698
70871 69766 28035 50069 69776 29531 30386 57984 25518
20645 51186 08549 10104 41789 09062
88853 82157 05004 
77082 09578 42211
31313 73508 81045=



UESR01 WSSS 081200
TTDD  5811/ 48698
11853 82157 22785 79358 33774 78359 44750 69366 55560 73772
66543 69775 77504 70375 88438 63983 99401 63983 11352 56785
22318 55985 33261 60783 44248 56585 55234 56585 66229 52786
77207 50386 88195 52186 99148 49187 11116 43588 22089 41389
33065 35990
21212 11925 16504 22902 13502 33882 16502 44873 05502 55865
03504 66858 04004 77830 12006 88809 20512 99757 26512 11720
27529 22589 30033 33556 28519 44519 28533 55489 29533 66460
30008 77418 24018 88395 26516 99387 24010 11362 23510 22352
21508 33334 22027 44293 26514 55287 25014 66269 26512 77255
33506 88250 05508 99242 05021 11230 08041 22222 10041 33203
08547 44180 09558 55155 11051 66138 09062 77126 09053 88097
09056 99082 09578 11073 09072 22065 09529
31313 73508 81045=
