USSR01 WSSS 201200
TTAA  70111 48698
99006 30050 21004 00087 29238 15002 92775 23422 12506
85510 19446 23508 70162 11057 32016 50589 06146 11006
40760 15757 07514 30971 30958 09029 25097 41560 10029
20245 52568 09533 15425 65366 09531 10664 74959 25535
88124 74357 04527
77999
31313 73508 81030=



UKSR01 WSSS 201200
TTBB  70118 48698
00006 30050 11957 25208 22831 18246 33804 17250 44791 17261
55773 16663 66765 15857 77740 15061 88703 11257 99648 08460
11481 07356 22466 09127 33425 13926 44402 15557 55357 21757
66342 23562 77309 29556 88255 40558 99245 42363 11164 61367
22124 74357 33100 74959
21212 00006 21004 11987 14508 22973 16006 33961 14006 44907
12006 55896 15504 66882 14002 77878 23002 88871 22002 99860
23504 11844 23506 22830 20010 33817 26510 44781 25006 55772
17502 66769 20502 77766 27502 88748 31004 99742 34002 11731
30504 22712 34006 33704 32514 44694 33016 55679 30516 66628
27512 77619 29014 88572 26018 99565 27518 11542 26006 22529
28502 33528 27502 44524 08502 55508 04004 66504 10504 77490
13006 88485 12006 99474 14506 11467 10010 22452 12008 33432
07014 44424 08514 55397 07014 66369 09518 77333 07514 88262
10031 99212 07533 11190 11035 22160 10533 33118 03516 44112
00506 55111 34004 66110 27004 77109 26008 88100 25535
31313 73508 81030
41414 39432=



ULSR01 WSSS 201200
TTCC  70111 48698
70869 77362 28019 50071 62779 28551 30388 58184 09021
20645 49986 08049 10102 42988 10066
88471 64781 28045
77105 10072 42112
31313 73508 81030=



UESR01 WSSS 201200
TTDD  7011/ 48698
11879 77360 22705 77562 33654 75163 44632 70967 55578 68169
66547 63175 77523 61377 88471 64781 99412 64383 11364 58584
22310 56585 33292 59384 44277 60184 55220 55785 66206 51386
77183 52786 88151 47587 99132 48587 11107 43188 22074 39189
33063 40589 44060 40589 55055 37190 66050 30992 77049 28392
88048 27393 99041 30192
21212 11921 27049 22845 27033 33749 26535 44697 28019 55632
27031 66579 27516 77564 34008 88551 28512 99526 28541 11495
28051 22448 27531 33418 30027 44397 29023 55388 30512 66378
02008 77367 02502 88364 21002 99349 25002 11348 24002 22346
13002 33335 10008 44316 11516 55301 09521 66292 10025 77279
14019 88253 07535 99210 09543 11196 07549 22150 09551 33133
09047 44105 10072 55093 10560 66077 09066 77070 08053 88060
11035 99057 09545 11049 10008 22048 28506 33046 32514 44044
34004 55043 07004 66041 08518
31313 73508 81030=
