USSR01 WSSS 230000
TTAA  73001 48698
99007 28644 05504 00094 28034 02504 92779 22619 12508
85514 19248 18506 70157 10241 05504 50589 05158 27508
40761 14969 15506 30972 29771 02012 25099 40764 07027
20248 51767 16508 15427 67156 21523 10663 78757 32019
88999
77999
31313 73508 82334=



UKSR01 WSSS 230000
TTBB  73008 48698
00007 28644 11967 25218 22854 19446 33795 15013 44760 13650
55726 11227 66669 08859 77569 01458 88555 01062 99501 04958
11475 06960 22446 09769 33407 13970 44335 25562 55302 29569
66221 46368 77189 54966 88166 62356 99135 72356 11100 78757
21212 00007 05504 11981 09006 22955 09506 33932 12010 44874
14506 55846 19006 66834 18004 77818 25004 88799 17504 99786
21002 11785 20002 22782 08502 33768 03504 44743 20002 55737
04002 66734 03502 77716 09004 88709 09006 99698 05504 11683
08504 22661 03502 33656 09502 44646 05502 55628 14002 66621
26502 77616 21502 88600 17004 99569 13010 11556 14506 22549
11502 33541 17502 44537 26002 55535 27002 66524 27002 77518
28504 88484 27006 99472 17504 11459 18006 22441 14514 33418
15010 44408 18008 55393 12002 66380 16508 77366 15504 88356
22004 99337 22004 11332 33004 22318 04008 33304 02010 44283
02012 55253 07025 66233 06531 77216 08514 88204 16008 99184
22508 11173 23518 22166 21523 33117 24518 44100 32019
31313 73508 82334
41414 11432=



ULSR01 WSSS 230000
TTCC  73001 48698
70868 73567 34008 50071 64183 26021 30386 60983 04527
20643 54385 08549 10094 44788 09568
88940 80956 30519
77086 09097 43052 
31313 73508 82334=



UESR01 WSSS 230000
TTDD  7300/ 48698
11940 80956 22825 79158 33803 78559 44786 74562 55718 74764
66690 73967 77676 69172 88637 65579 99587 64583 11523 68182
22497 63583 33431 65982 44378 60384 55316 61783 66292 59584
77287 56984 88244 57784 99205 55385 11195 51986 22137 52786
33129 49786 44107 47987 55099 44188 66088 44388 77083 39789
88073 36790 99072 36790 11071 36590 22069 32991 33068 29992
44062 29792 55058 28592
21212 11962 30019 22901 30512 33871 33512 44843 30012 55818
31512 66804 36008 77793 07506 88780 08502 99770 21502 11766
17002 22754 18006 33691 36006 44673 27512 55636 26037 66562
27039 77522 30019 88489 25027 99452 24539 11410 25035 22358
31519 33346 30519 44326 01519 55260 11537 66240 08533 77198
08551 88184 08541 99168 08554 11125 10551 22116 09568 33109
09560 44086 09097 55082 08572 66077 09554 77076 09549 88074
09545 99071 09058 11070 09066 22062 06553 33058 06027
31313 73508 82334=
