sing20161127.12
TTAA 77121 48698
99006 28638 07005 00072 27841 03508 92760 22212 34512
85494 18223 32014 70138 09614 32509 50587 03918 12504
40760 13524 17506 30973 28529 16502 25101 38550 08001
20250 51744 09506 15430 67756 10521 10661 87747 11530
88999
77999=
TTCC 77121 48698
70861 75565 04510 50058 70572 24515 30371 63180 25524
20627 57983 27540 10081 44390 23040
88963 89143 10538
77999=
TTDD 7712/ 48698
11963 89143 22922 87956 33879 79160 44800 81760 55715
74965 66688 75965 77657 71570 88581 74966 99511 69773
11481 70772 22463 65778 33402 61580 44301 63379 55257
56184 66203 58583 77168 51587 88158 53586 99134 44390
11123 43190 22112 46189 33085 40991 44084 41391 55081
37992 66075 40191 77072 36593 88052 40191 99050 38592
11048 31394 22047 31594
21212 11938 10050 22909 10029 33890 08013 44854 02503
55808 10011 66779 09015 77753 11513 88739 10512 99725
06010 11700 04510 22689 35005 33683 29510 44655 28032
55618 29537 66596 30531 77574 29523 88553 32018 99544
30514 11535 28015 22509 25016 33495 25014 44463 29014
55444 28010 66432 30013 77403 26019 88375 26517 99359
25019 11334 26525 22317 25026 33280 27026 44254 26541
55230 28538 66214 28042 77180 27536 88172 28027 99166
29530 11136 26047 22110 25037 33104 23534 44090 19043
55087 18037 66083 13528 77082 12030 88075 10046 99069
11523 11062 11031 22059 09538 33055 07031 44050 08032
55049 07014 66047 09023=
