sing20161105.12
TTAA 55121 48698
99007 27841 27504 00082 27042 26010 92768 21820 27522
85501 19040 27021 70150 10229 30020 50587 04706 24012
40760 14122 24514 30972 28923 21506 25100 39328 14511
20249 52156 12012 15428 68149 08529 10659 87345 10059
88999
77999=
TTCC 55127 48698
70861 75563 18012 50062 ///// /////
88965 88356 09566
77958 09068 41944=
TTDD 5512/ 48698
11965 88356 22939 80958 33855 82158 44767 73964 55704
76363 66641 75565 77617 70170 88591 71169 99567 66175
11562 66575
21212 11958 09068 22860 06554 33814 09026 44777 09513
55740 14505 66704 18510 77684 18013 88631 11526 99595
12011 11583 07005 22575 00510 33562 35516=
