sing20161109.12
TTAA 59121 48698
99008 28842 19003 00094 29058 21507 92784 22627 28511
85517 18834 28509 70159 08821 31008 50588 04557 02507
40760 14913 05506 30972 29333 14503 25099 39541 20003
20248 52345 23006 15427 68348 15517 10659 83741 08054
88999
77999=
TTCC 59121 48698
70861 79959 18005 50060 64775 25033 30377 57181 26034
20638 54582 25539 10094 38592 02016
88931 86150 07563 88687 80359 17003
77920 07564 42374=
TTDD 5912/ 48698
11931 86150 22897 85158 33866 76960 44825 74363 55687
80359 66669 79560 77630 70969 88605 69970 99574 71968
11566 71570 22554 65775 33514 64176 44453 67174 55404
60579 66363 60778 77340 57581 88281 56181 99277 56381
11261 51184 22245 50984 33188 54982 44140 51384 55123
42390 66102 38192 77069 43390 88066 38992 99061 38392
11057 31194 22051 34393 33041 30795
21212 11920 07564 22860 09520 33852 11013 44841 15509
55835 18010 66823 20014 77767 22012 88737 25010 99682
11001 11669 06510 22658 07517 33645 05015 44628 06512
55605 05514 66591 07010 77557 35011 88544 35010 99535
31005 11528 27010 22516 25021 33484 24537 44436 25023
55431 26020 66414 29028 77373 29034 88347 28015 99341
26522 11326 28039 22264 26529 33251 25037 44238 26538
55222 25544 66192 26037 77162 30034 88145 28520 99139
29511 11137 27015 22123 28525 33119 29017 44115 26515
55109 27010 66106 00000 77104 04010 88100 02016 99097
03019 11086 02033 22077 07045 33072 09040 44056 06558
55046 08551 66041 13047=
