sing20161107.00
TTAA 57001 48698
99010 27618 06001 00109 26817 35003 92796 22614 24505
85529 17800 23009 70171 08826 27502 50590 05539 19513
40762 14556 10011 30974 29166 02514 25102 39956 04516
20250 52957 03512 15429 67161 15009 10662 87537 09540
88999
77999=
TTCC 57001 48698
70861 74565 11025 50063 65575 20018 30380 57780 25034
20639 51184 28032 10094 43590 09007
88901 91941 09560 88592 69770 34012
77904 09561 43736=
TTDD 5700/ 48698
11901 91941 22883 91556 33863 87158 44850 79759 55813
75162 66757 77362 77743 74564 88702 74965 99688 72569
11676 66374 22661 65576 33592 69770 44541 69572 55502
65376 66468 68773 77388 58980 88344 58780 99320 59779
11205 51384 22193 51784 33135 47987 44128 49186 55116
45189 66115 45189 77107 46787 88099 43190 99076 45589
11069 41191 22065 41791 33063 36992 44053 32994
21212 11904 09561 22806 07534 33741 07522 44727 08521
55697 11025 66686 10513 77677 02503 88663 29510 99646
28018 11627 29519 22580 35510 33538 00000 44512 21510
55478 20524 66463 19517 77439 22508 88428 26511 99406
25017 11370 26027 22346 27023 33306 25033 44237 28532
55225 28035 66173 27530 77147 24533 88128 26524 99113
32026 11106 33010 22102 03004 33099 09010 44094 05015
55092 04519 66089 07023 77083 08021 88079 11532 99075
12030 11071 11547 22068 10537 33062 13525 44058 15049
55053 15531=
