sing20161119.12
TTAA 69121 48698
99004 29247 21002 00054 28841 11504 92744 22818 30502
85479 19029 27006 70127 11036 28003 50587 03359 04507
40760 14335 15004 30972 29146 11506 25099 39734 03009
20248 51764 07516 15427 67957 09529 10661 83549 03518
88999
77999=
TTCC 69121 48698
70856 75762 13532 50057 63577 29032 30372 59780 28537
20629 53384 27517 10089 45789 29019
88752 89956 08044
77999=
TTDD 6912/ 48698
11785 88546 22752 89956 33730 87559 44722 78562 55598
66574 66555 66174 77504 63177 88410 65976 99360 63378
11347 59581 22292 60579 33252 54383 44236 56382 55182
51385 66172 52184 77155 44989 88131 42790 99098 46189
11076 38592 22068 42391 33064 35993 44063 36593
21212 11979 01520 22826 06023 33761 07545 44714 13538
55672 13022 66650 10519 77625 10014 88601 00506 99588
35010 11576 34010 22562 29513 33544 30515 44532 28519
55519 30022 66450 28547 77368 25535 88347 28036 99280
29028 11251 29040 22219 29524 33200 27517 44186 24016
55155 22036 66147 23543 77128 26027 88118 29527 99110
28526 11106 30022 22103 28521 33098 30019 44092 01024
55089 03018 66087 07512 77086 10013 88078 13020 99073
07014 11070 09015 22068 06517 33066 09519 44064 06518
55063 07519=
