sing20161113.00
TTAA 63001 48698
99009 26219 31502 00105 25417 30506 92791 22445 26506
85522 17004 25507 70159 08619 14504 50589 04556 09012
40761 14564 08521 30973 29371 09013 25100 40163 09018
20248 53156 09016 15427 68757 11520 10660 84356 02008
88999
77999=
TTCC 63001 48698
70859 73758 04009 50057 62564 29519 30374 55174 30031
20634 51384 25540 10090 41591 06503
88909 87750 04016 88083 43990 08022
77066 13066 44933=
TTDD 6300/ 48698
11909 87750 22855 88148 33834 87156 44809 80557 55731
78557 66683 72759 77633 74159 88608 71360 99551 73960
11509 67962 22495 62164 33397 66566 44366 62968 55358
58970 66299 55174 77274 56775 88241 51179 99210 53781
11114 45589 22108 46189 33094 40191 44083 43990 55081
44390 66076 42590 77071 33794 88067 34993 99057 31194
21212 11966 01511 22923 02515 33892 06019 44865 04519
55846 06023 66818 12023 77800 13526 88762 10023 99736
09036 11714 07520 22700 04510 33692 36007 44663 01510
55636 03510 66529 18002 77508 28510 88493 30022 99482
31020 11444 24519 22403 23529 33370 27012 44364 30007
55360 32010 66345 32024 77311 29023 88296 30532 99277
31525 11267 29012 22257 27514 33251 24016 44241 25530
55231 24035 66213 24041 77185 27037 88161 27019 99149
22522 11141 22527 22120 25532 33109 29018 44105 26010
55100 00502 66099 09510 77095 13519 88093 14022 99088
10023 11081 08018 22076 08554 33068 12066 44066 13066
55057 12036=
