  1.11.2016   0 Uhr

 99.9 -28.7  -2.5   94.4 -29.9   5.3   83.2 -11.7   5.4   81.3  -4.7   6.7
 76.3   3.5   7.5   74.3   5.9   4.1   73.5   6.5   1.7   72.6   7.7  -0.7
 70.7   9.3  -4.3   70.0   8.9  -4.1   62.3  -0.3   0.4   52.9   4.7  -2.2
 51.0  11.3   1.0   50.0  12.8   1.1   48.6  11.9   3.2   47.0  11.8   1.0
 45.1  15.1  -8.7   42.9  12.2  -8.6   41.7  11.1  -2.0   41.1  13.4  -0.0
 37.1  17.5  -0.0   30.2  13.9  -3.7   30.0  13.9  -3.7   27.9  15.4   1.3
 24.2  18.2  -8.5   21.5  13.5  -6.3   20.3  14.3   1.3   20.0  16.4   1.4
 19.2  10.4   2.8   16.2  17.4   6.3   14.7  17.4  -1.5   11.6   8.6  -1.5
 10.3   3.3  -3.9   10.0   5.5  -3.8    9.5   3.3  -7.0    8.8   2.7  -9.9
  8.5  -1.0  -5.6    8.4  -2.9  -1.1    7.7  -3.3   3.9    7.1  -8.0  11.4
  6.7  -5.7  12.1    6.3 -13.7   2.4    5.6 -16.9  -9.8    5.0 -18.1 -12.7
  4.9 -16.4 -11.5

 99.9 -28.7  -2.5   90.0 -22.9   5.3   80.0  -2.6   6.9   70.0   8.9  -4.1
 60.0   0.9  -0.2   50.0  12.8   1.1   45.0  15.0  -8.7   40.0  14.5  -0.0
 35.0  16.5  -1.1   30.0  13.9  -3.7   25.0  17.6  -6.3   22.5  15.3  -7.1
 20.0  16.4   1.4   15.0  17.4   0.1   12.0   9.8  -1.5   10.0   5.5  -3.8
  8.0  -3.1   1.8    7.0  -7.4  11.6    6.0 -15.0  -2.7    5.0 -18.1 -12.7
  4.0   0.0   0.0

  1.11.2016  12 Uhr

 99.9 -27.7   2.4   95.1 -10.8   0.0   93.4  -5.1   0.4   91.1  -0.1   1.5
 86.4   5.0   1.3   83.1   9.8   5.7   78.1   3.6   3.6   74.9  -0.3   0.4
 70.1  -2.8   1.3

 99.9 -27.7   2.4   90.0   1.0   1.5   80.0   6.0   4.4   70.0  -2.9   1.3
 60.0   0.0   0.0   50.0   0.0   0.0   45.0   0.0   0.0   40.0   0.0   0.0
 35.0   0.0   0.0   30.0   0.0   0.0   25.0   0.0   0.0   22.5   0.0   0.0
 20.0   0.0   0.0   15.0   0.0   0.0   12.0   0.0   0.0   10.0   0.0   0.0
  8.0   0.0   0.0    7.0   0.0   0.0    6.0   0.0   0.0    5.0   0.0   0.0
  4.0   0.0   0.0

  2.11.2016   0 Uhr

 99.9 -22.8  -4.0   93.3  -7.5  -2.0   91.3  -0.4  -2.0   88.2   4.2  -3.0
 86.3   7.1  -1.3   84.4   9.2  -0.8   80.1   5.6   0.5   75.5  -0.5   5.6
 74.8  -1.3   5.0   72.3  -0.2   0.5   70.0  -4.1  -0.7   62.7  -0.3   1.5
 59.7   2.4   8.9   58.5   0.4   5.1   57.5   1.0   1.2   55.7   5.1   0.9
 54.4   7.6  -1.3   50.0  12.8   1.1   48.6  15.7   2.8   43.0  11.8  -1.0
 39.6  15.9  -4.3   34.9  15.4  -0.0   32.5  19.3  -7.0   31.2  12.9  -7.5
 30.0  16.4  -4.4   27.7  13.8  -1.2   25.9  20.3  -7.4   23.3  15.7  -2.8
 20.0  20.0  -1.7   19.5  20.0  -1.7   16.8  21.3  -3.8   15.1  16.9  -6.2
 13.5   1.2   1.7   13.1   3.6   3.6   12.4   7.6   9.1   12.1  10.5   7.4
 11.7  10.7   5.0   10.7   5.9   4.1   10.4   2.7   3.8   10.3   2.2   4.7
 10.0  -2.8   7.7    9.9  -4.4   7.6    9.1  -4.1   7.1    8.8  -1.9   7.0
  8.5  -3.7   7.9    8.1   0.0  12.9    7.6   0.9   5.1    7.4   1.3   2.8
  7.0  -8.9  -4.1    6.8 -10.2 -10.2    6.0 -16.5 -23.6    5.3 -16.9  -4.5
  4.7 -16.3   7.6

 99.9 -22.8  -4.0   90.0   1.5  -2.4   80.0   5.5   0.6   70.0  -4.1  -0.7
 60.0   2.1   8.2   50.0  12.8   1.1   45.0  13.2   0.4   40.0  15.4  -3.9
 35.0  15.4  -0.1   30.0  16.4  -4.4   25.0  18.8  -5.8   22.5  16.7  -2.5
 20.0  20.0  -1.7   15.0  16.0  -5.7   12.0  10.6   6.8   10.0  -2.8   7.7
  8.0   0.2  11.3    7.0  -8.9  -4.1    6.0 -16.5 -23.6    5.0 -16.6   1.4
  4.0   0.0   0.0

  2.11.2016  12 Uhr

 99.9 -22.4 -10.4   91.5  -8.6  -1.5   90.0  -5.1   0.0   87.2  -0.1   1.0
 84.2   5.1   0.9   82.5   7.2  -0.6   80.8   6.1  -2.8   77.0   5.1   4.3
 75.1   3.9   3.3   72.6  -0.0  -0.0   71.1  -0.9  -5.1   70.0  -3.0  -6.5
 69.5  -3.9  -6.7   67.2  -5.3  -3.1   63.9   0.0   2.1   62.0   0.4   5.1
 60.8   0.0   7.7   58.1   2.1   8.0   56.6   8.9   5.1   54.9  13.4   3.6
 51.4  16.4   6.0   50.0  14.0   6.5   47.9  13.5   6.3   45.9  12.6  -4.6
 41.9  11.0  -7.7   38.7   9.7   0.9   34.3  13.4  -3.6   32.1  16.2  -2.9
 30.0  10.8  -0.9   27.3  19.3  -3.4   25.6  21.4 -10.0   24.6  16.9 -11.8
 22.8  15.4  -4.1   20.7  20.6  -0.0   20.0  23.7  -0.0   18.9  24.2  -0.0
 15.5  17.2  -3.0   13.6  13.4   3.6   13.0  15.4   4.1

 99.9 -22.4 -10.4   90.0  -5.1   0.0   80.0   5.9  -1.3   70.0  -3.0  -6.5
 60.0   0.6   7.8   50.0  14.0   6.5   45.0  12.2  -5.3   40.0  10.2  -2.7
 35.0  12.8  -2.9   30.0  10.8  -0.9   25.0  18.7 -11.1   22.5  16.1  -3.6
 20.0  23.7  -0.0   15.0  16.3  -1.4   12.0   0.0   0.0   10.0   0.0   0.0
  8.0   0.0   0.0    7.0   0.0   0.0    6.0   0.0   0.0    5.0   0.0   0.0
  4.0   0.0   0.0

  3.11.2016   0 Uhr

 99.9 -32.9   0.0   98.0 -35.5   0.0   93.6 -20.1   0.0   89.5  -9.8  -5.7
 89.1  -8.4  -5.9   87.5  -4.1  -8.9   85.8  -2.1  -5.8   80.1   2.1   1.5
 71.1 -10.2  -0.9   70.0  -6.7   0.6   69.5  -4.8   1.8   66.0  -0.5   0.1
 61.7  -0.2   0.5   59.7   5.1  -0.9   55.5  15.7  -2.8   52.1  12.7  -2.2
 50.0  13.7   2.4   47.8  13.5   6.3   45.7  15.4  -1.3   42.6  11.8   1.0
 40.5  16.3   7.6   36.5  17.2   3.0   31.5  14.0   5.1   30.0  20.5   1.8
 28.2  21.3  -7.7   24.6  10.1  -7.1   21.6  21.6  -0.0   20.0  17.7  -3.1
 18.3  14.9  -7.0   16.2  10.6  -1.9   15.8   8.9  -2.4   15.1   1.2   1.0
 14.2   6.3   5.3   12.5   8.9   4.1   11.7   7.9   3.7   11.5   6.1   1.1
 11.2   4.7  -2.2   10.5   4.7  -2.2   10.1   1.3  -5.0   10.0  -0.0  -4.6
  9.6  -0.0  -0.0    8.9  -3.0   4.2    8.6  -2.6   4.5    8.1  -4.6   0.8
  7.9  -7.9  -3.7    6.7 -26.6  -9.7    6.6 -28.8  -7.7    5.9 -17.3  12.1
  5.3 -19.0  13.3    4.8 -14.3  -1.3    4.5 -24.2   0.0

 99.9 -32.9   0.0   90.0 -11.1  -5.0   80.0   2.0   1.5   70.0  -6.7   0.6
 60.0   4.3  -0.7   50.0  13.7   2.4   45.0  14.6  -0.8   40.0  16.4   7.1
 35.0  16.3   3.6   30.0  20.5   1.8   25.0  11.4  -7.2   22.5  18.0  -2.2
 20.0  17.7  -3.1   15.0   1.7   1.5   12.0   8.3   3.9   10.0  -0.0  -4.6
  8.0  -6.2  -1.4    7.0 -21.7  -8.1    6.0 -19.0   9.2    5.0 -16.2   4.7
  4.0   0.0   0.0

  3.11.2016  12 Uhr

 99.9 -35.0   0.0   99.0 -37.0   0.0   91.1 -11.8   1.0   86.0  -6.7  -0.6
 83.8  -5.1  -3.5   81.0  -3.5   0.9   79.2  -4.7   2.2   74.8  -8.7  -0.8
 71.8  -9.1  -1.6   70.2  -5.1   0.0   70.0  -4.6   0.0   67.9   0.1   0.5
 65.5   4.7  -2.2   63.6   3.3  -5.8   62.4   4.4  -6.3   59.4   8.0  -2.1
 58.0  11.4  -3.1   54.5  10.8  -0.0   53.1   8.1  -1.4   51.8   7.6   1.3
 51.2   7.7   2.8   50.0   9.2   3.3   48.8   8.5   4.9   46.7   9.2  -0.8
 42.0   8.6   1.5   39.2  12.7  -2.2   35.3  12.1   4.4   32.9  17.9   1.6
 31.2  16.0   5.8   30.0  17.7   3.1   27.5  18.4   4.9   26.2  14.9   4.0
 25.1  22.9   6.1   22.5  24.3   6.5   20.0  21.0  -1.8   17.6  14.5  -5.3
 16.1  10.2  -0.9   15.6  12.7   2.2   13.6  14.2   2.5   12.1   9.1  -1.6
 11.9   6.3  -4.4   11.6   3.5  -9.7   11.2  -0.0 -10.8   10.9  -6.2  -8.8
 10.7  -8.3 -11.8   10.0  -6.3  -5.3    9.1  -8.6  -1.5    8.6  -8.1  -1.4
  8.3  -9.7  -0.9    7.7  -8.9  -4.1    7.4  -8.6 -10.2    6.4 -18.9  -6.9
  6.1 -25.6  -2.2    5.8 -22.8  10.7    5.5 -21.8  12.6

 99.9 -35.0   0.0   90.0 -10.7   0.7   80.0  -4.1   1.6   70.0  -4.6   0.0
 60.0   7.2  -3.0   50.0   9.2   3.3   45.0   9.0   0.0   40.0  11.5  -1.1
 35.0  12.8   4.1   30.0  17.7   3.1   25.0  22.9   6.1   22.5  24.3   6.5
 20.0  21.0  -1.8   15.0  13.1   2.3   12.0   7.7  -3.0   10.0  -6.3  -5.3
  8.0  -9.3  -2.5    7.0 -12.6  -8.9    6.0 -24.7   2.0    5.0   0.0   0.0
  4.0   0.0   0.0

  4.11.2016   0 Uhr

 99.9 -41.0   3.6   99.6 -41.0   3.6   95.6 -36.4   3.2   90.5 -14.4   0.0
 86.5  -1.3   0.9   83.6  -3.6   3.6   81.5  -4.3   3.6   78.4  -5.1  -0.4
 73.7  -3.3   3.9   71.5  -2.6   4.5   70.0   0.3   3.1   67.7   2.9   1.1
 66.4   4.5  -2.6   64.2   4.3  -9.3   62.6   3.2 -11.9   59.6   5.1  -5.1
 57.9   7.2   0.6   54.3   3.1   0.3   52.1   4.4   4.4   50.1   9.1   1.6
 50.0   9.2   0.8   37.8  13.8  -1.2   35.3  18.0  -0.0   31.4  16.0   5.8
 30.0  16.4   4.4   28.8  13.9   3.7   24.3  24.7   9.0   20.0  21.3  -3.8
 19.4  19.3  -7.0   17.6   9.6  -1.7   16.2  10.1   1.8   15.6   9.9  -2.7
 14.0  10.8   0.9   12.2   7.5  -6.3   11.7   1.3  -7.6   11.4  -3.1  -5.3
 11.2  -7.0  -3.3   10.5 -12.2   2.1   10.1  -7.6   7.6   10.0  -8.0   8.0
  9.8  -8.8   6.2    9.6  -6.9   8.3    8.2  -5.9   8.4    8.0  -6.7   5.6
  7.8  -9.3   4.3    7.4 -12.7   2.2    6.9 -23.2   8.4    6.6 -19.8  13.9
  6.1 -29.3   0.0    6.0 -28.3   0.0

 99.9 -41.0   3.6   90.0 -12.8   0.1   80.0  -4.7   1.7   70.0   0.3   3.1
 60.0   4.8  -6.0   50.0   9.2   0.8   45.0  11.0   0.0   40.0  12.9  -0.8
 35.0  17.9   0.4   30.0  16.4   4.4   25.0  22.9   8.1   22.5  23.3   3.9
 20.0  21.3  -3.8   15.0  10.2  -1.3   12.0   5.1  -6.8   10.0  -8.0   8.0
  8.0  -6.7   5.6    7.0 -21.1   7.2    6.0 -28.3   0.0    5.0   0.0   0.0
  4.0   0.0   0.0

  4.11.2016  12 Uhr

 99.9 -32.9   5.8   96.3 -34.3   3.0   88.1  -8.0   4.6   82.0 -13.1   4.8
 72.9  -5.5  -1.5   70.0  -1.3   0.9   65.1   3.9  -3.3   62.0  -0.0  -7.2
 53.3   1.0   0.2   50.5   4.7  -2.2   50.0   7.7  -2.8   48.7  11.7  -5.4
 45.5   7.5  -3.5   44.2  12.2   2.1   40.2  19.0  -1.7   37.4  18.2  -3.2
 32.9  16.9   4.5   31.0  14.9  -0.0   30.0  16.4  -1.4   29.7  16.4  -1.4
 24.9  26.6   2.3   22.3  19.8  -3.5

 99.9 -32.9   5.8   90.0 -14.3   4.2   80.0 -11.4   3.4   70.0  -1.3   0.9
 60.0   0.2  -5.6   50.0   7.7  -2.8   45.0   9.3  -1.3   40.0  18.9  -1.8
 35.0  17.5   0.8   30.0  16.4  -1.4   25.0  26.4   2.2   22.5  20.3  -3.0
 20.0   0.0   0.0   15.0   0.0   0.0   12.0   0.0   0.0   10.0   0.0   0.0
  8.0   0.0   0.0    7.0   0.0   0.0    6.0   0.0   0.0    5.0   0.0   0.0
  4.0   0.0   0.0

  5.11.2016   0 Uhr

 99.9 -31.8  -2.8   93.4 -42.2   0.0   87.3 -15.2  -2.7   84.3  -7.0  -3.3
 82.5  -6.0  -1.6   76.5 -10.3   4.8   75.0  -7.1   6.0   73.6  -5.3   3.1
 72.5  -4.0  -1.1   70.7  -3.9  -3.3   70.0  -4.0  -4.0   66.5  -8.7  -7.3
 65.4 -10.7  -6.2   64.2 -10.6  -3.9   61.0  -0.4   5.1   59.1   0.9   5.1
 58.0   1.0   0.3   57.0   3.0  -4.2   56.1   4.1  -5.9   54.4   3.3  -3.9
 53.3   2.9  -2.1   52.5   5.1  -0.4   50.3  10.1   1.8   50.0   9.4   2.5
 41.2  14.5  -6.7   39.6  11.2  -5.2   37.7  17.4   1.5   34.2  17.4   4.7
 30.0  17.3  -8.0   29.8  17.3  -8.0   25.3  22.9  -6.1   21.5  10.7  -5.0
 21.0  11.1  -2.0   20.0  12.3  -0.0   19.5  12.9   3.5   17.6  11.0   7.7
 14.7  15.5   5.6   14.3  15.2   2.7   12.5   9.9   2.7   12.1   5.9   5.0
 10.9   6.7   4.7   10.7   4.0   4.7   10.6   0.0   5.1   10.5  -1.9   5.3
 10.0  -3.5  12.9    9.8  -4.9  13.5    8.9  -5.3   6.3    8.4  -5.0   1.3
  8.1  -4.2   2.0    7.8  -4.7   4.0    7.5  -4.6   3.2    7.4  -3.2   4.6
  6.7 -15.0  12.6    6.5 -20.5   9.6    6.2 -15.5  -5.6    5.8 -10.5 -10.5
  5.5  -8.4  -8.4    5.2  -8.6 -10.2    5.0 -13.5  -4.9    4.8 -12.6  -5.9


 99.9 -31.8  -2.8   90.0 -27.3  -1.5   80.0  -7.7   1.0   70.0  -4.0  -4.0
 60.0   0.3   5.1   50.0   9.4   2.5   45.0  12.2  -2.6   40.0  12.0  -5.6
 35.0  17.4   3.9   30.0  17.3  -8.0   25.0  21.9  -6.0   22.5  14.1  -5.3
 20.0  12.3  -0.0   15.0  15.0   5.9   12.0   6.0   4.9   10.0  -3.5  12.9
  8.0  -4.4   2.6    7.0  -9.8   9.1    6.0 -13.0  -8.1    5.0 -13.5  -4.9
  4.0   0.0   0.0

  5.11.2016  12 Uhr

 99.9 -29.9   5.3   95.8 -35.0   0.0   86.0 -25.2 -11.7   81.4 -13.4   0.0
 77.7  -6.7   0.6   74.0  -1.5   2.1   70.4   0.4   5.1   70.0   0.0   6.2
 68.4   0.0   6.7   63.1 -12.1   5.7   59.5  -4.9   2.8   58.3  -2.4  -0.9
 57.5  -0.4  -5.1   56.2   0.7  -8.2

 99.9 -29.9   5.3   90.0 -29.3  -6.8   80.0 -10.9   0.2   70.0   0.0   6.2
 60.0  -5.9   3.2   50.0   0.0   0.0   45.0   0.0   0.0   40.0   0.0   0.0
 35.0   0.0   0.0   30.0   0.0   0.0   25.0   0.0   0.0   22.5   0.0   0.0
 20.0   0.0   0.0   15.0   0.0   0.0   12.0   0.0   0.0   10.0   0.0   0.0
  8.0   0.0   0.0    7.0   0.0   0.0    6.0   0.0   0.0    5.0   0.0   0.0
  4.0   0.0   0.0

  6.11.2016   0 Uhr

 99.9 -33.3   8.9   94.4 -43.6   7.7   90.3 -29.8   0.0   85.8 -23.9  -6.4
 78.2  -5.0   1.3   75.7  -0.8   0.6   70.0  -4.1   0.0   67.3  -7.7  -0.7
 63.5 -11.1   2.0   61.9  -5.0   1.3   61.0  -0.1   1.0   60.2   5.1   0.9
 56.8  15.7  -2.8   51.5  12.3   1.1   50.0  11.3  -1.0   48.6  10.1  -1.8
 47.7   8.2   0.7   46.4   7.5   6.3   43.0   9.7  -0.9   40.8   9.4  -2.5
 39.9   9.2  -0.8   39.0  14.3   1.3   36.6  21.5  -1.9   32.9  17.3  -8.0
 30.8  12.1  -4.4   30.0  12.2  -2.1   29.0  12.9  -0.0   26.3  15.4  -4.1
 23.5  10.9  -2.9   21.8   8.0   2.1   21.5   8.4   3.9   20.0  13.5   4.9
 18.2  13.5   9.4   14.4  18.9   5.1   13.3  13.9  -0.0   11.5  14.5   6.7
 10.8   8.0   2.1   10.1   5.5   5.5   10.0   4.7   4.7    9.7   6.7   0.6
  9.5   6.1   1.1    9.2   4.2   3.0    9.0  -0.0  -0.0    8.3  -3.1  -5.3
  8.1  -6.7  -5.6    7.9  -4.4  -4.4    7.7  -5.1  -0.9    7.6  -6.1   0.5
  7.0 -16.4   4.4    6.5 -21.3  -3.8    6.2 -17.9  -1.6    6.0  -8.9  -5.1
  5.9  -6.5  -9.3    5.5  -8.2  -0.7    5.2 -10.4   2.8

 99.9 -33.3   8.9   90.0 -29.4  -0.4   80.0  -9.6  -0.5   70.0  -4.1   0.0
 60.0   5.7   0.7   50.0  11.3  -1.0   45.0   8.4   3.4   40.0   9.2  -1.0
 35.0  19.7  -4.5   30.0  12.2  -2.1   25.0  13.4  -3.6   22.5   9.2   0.0
 20.0  13.5   4.9   15.0  18.0   5.8   12.0  14.3   4.8   10.0   4.7   4.7
  8.0  -5.5  -5.0    7.0 -16.4   4.4    6.0  -8.9  -5.1    5.0   0.0   0.0
  4.0   0.0   0.0

  6.11.2016  12 Uhr

 99.9 -30.4   0.0   92.2 -38.6   0.0   87.8 -23.1   2.0   82.0 -14.9   0.0
 78.5  -4.7   4.7   73.9  -2.0   1.7   70.0  -4.6   5.5   67.8  -5.3   6.3
 64.7  -9.3   6.5   63.2  -4.7   2.2   62.4   0.3   1.0   61.4   5.1  -0.0
 59.9   8.4  -2.3   56.7  12.6  -4.6   53.5   7.1  -6.0   51.1   8.9  -2.4
 50.0   7.7  -2.8   48.2   6.0  -1.6   47.9   5.6  -1.0   46.8   6.3   4.4
 45.7   7.6   7.6   42.5   7.3   2.6   41.3   9.1  -1.6   38.1  12.9  -0.0
 36.9  14.9  -4.0   34.8  13.5  -6.3   32.5  10.3  -4.8   30.0  10.8  -0.9
 29.5  10.2   0.9   29.0  11.7   2.1   26.4  14.3   1.3   24.4  14.3   8.2
 22.2  16.0   9.3   21.2  18.2   8.5   20.0  17.4   4.7   17.0  15.4  -1.3
 12.5  16.2   2.9   11.5  14.7   2.6   10.4   9.3  -6.5   10.1   7.2  -5.0
 10.0   4.6  -5.5    9.9   3.3  -5.8    8.8  -1.2 -13.8    8.5  -2.7  -9.9
  8.2  -5.1  -5.1    8.0  -8.7   0.0    7.6 -13.7   2.4    7.4 -18.4  -1.6
  7.0 -24.7   0.0    6.1 -11.6 -11.6    5.9 -11.4  -9.6    5.5 -10.1   7.1
  5.0  -6.7   5.6    4.6  -8.0   8.0    4.4 -11.1   4.0

 99.9 -30.4   0.0   90.0 -30.9   1.0   80.0  -9.1   2.7   70.0  -4.6   5.5
 60.0   8.2  -2.1   50.0   7.7  -2.8   45.0   7.6   6.6   40.0  10.6  -1.0
 35.0  13.7  -6.1   30.0  10.8  -0.9   25.0  14.3   6.1   22.5  15.8   9.1
 20.0  17.4   4.7   15.0  15.7   0.4   12.0  15.5   2.7   10.0   4.6  -5.5
  8.0  -8.7   0.0    7.0 -24.7   0.0    6.0 -11.5 -10.6    5.0  -6.7   5.6
  4.0   0.0   0.0

  7.11.2016   0 Uhr

 99.9 -20.5   1.8   90.4 -31.3   2.7   80.6 -16.9  -4.5   74.1 -10.9  -2.9
 72.7 -10.8  -0.9   70.0 -12.1   4.4   69.7 -12.1   4.4   68.6  -6.5   1.7
 67.7  -0.7  -1.4   66.3   4.7  -2.2   64.6   9.1  -1.6   62.7   8.9  -4.1
 58.0   0.4  -5.1   53.8  -0.0  -0.0   51.2   3.0   4.2   50.0   3.2   8.7
 47.8   5.2  11.2   46.3   2.3   8.4   43.9   2.9   2.9   42.8   5.6   0.5
 40.6   8.2   3.0   37.0  13.7   2.4   34.6  11.8  -0.0   30.6  16.0   5.8
 30.0  16.4   6.0   23.7  15.9  -4.3   22.5  17.7  -3.1   20.0  16.2  -2.9
 17.3  15.4  -1.3   14.7  15.4   7.2   12.8  12.3   1.1   11.3   8.6 -10.2
 10.6   2.6  -4.5   10.2  -1.0  -1.8   10.0  -3.6   0.0    9.9  -5.1   0.0
  9.4  -5.9  -5.0    9.2  -6.9  -6.9    8.9 -11.1  -4.0    8.3 -10.6  -1.9
  7.9 -14.9   7.0    7.5 -13.4   7.7    7.1 -21.9  10.2    6.8 -18.4   4.9
  6.2  -9.1   9.1    5.8 -12.6  21.8    5.3  -6.7  14.5

 99.9 -20.5   1.8   90.0 -30.7   2.4   80.0 -16.4  -4.4   70.0 -12.1   4.4
 60.0   4.1  -4.7   50.0   3.2   8.7   45.0   2.6   5.5   40.0   9.1   2.9
 35.0  12.1   0.4   30.0  16.4   6.0   25.0  16.0  -2.0   22.5  17.7  -3.1
 20.0  16.2  -2.9   15.0  15.4   6.1   12.0  10.4  -4.8   10.0  -3.6   0.0
  8.0 -13.8   4.7    7.0 -20.7   8.5    6.0 -10.8  15.4    5.0   0.0   0.0
  4.0   0.0   0.0

  7.11.2016  12 Uhr

 99.9 -33.9  -6.0   93.4 -28.9   5.1   87.8 -31.9  11.6   82.1 -17.9   1.6
 77.0  -9.8  -4.6   74.1  -3.5  -7.5   72.4  -2.0  -7.5   70.4  -3.3  -3.9
 70.0  -2.9  -2.9   68.7  -0.1  -1.5   67.6   4.2  -3.0   64.7  11.1  -4.0
 62.9  10.2  -0.9   60.2   8.1  -1.4   53.1  -0.6  -0.8

 99.9 -33.9  -6.0   90.0 -30.7   9.0   80.0 -14.6  -0.9   70.0  -2.9  -2.9
 60.0   7.9  -1.4   50.0   0.0   0.0   45.0   0.0   0.0   40.0   0.0   0.0
 35.0   0.0   0.0   30.0   0.0   0.0   25.0   0.0   0.0   22.5   0.0   0.0
 20.0   0.0   0.0   15.0   0.0   0.0   12.0   0.0   0.0   10.0   0.0   0.0
  8.0   0.0   0.0    7.0   0.0   0.0    6.0   0.0   0.0    5.0   0.0   0.0
  4.0   0.0   0.0

  8.11.2016   0 Uhr

 99.9   0.0   0.0   90.0   0.0   0.0   80.0   0.0   0.0   70.0   0.0   0.0
 60.0   0.0   0.0   50.0   0.0   0.0   45.0   0.0   0.0   40.0   0.0   0.0
 35.0   0.0   0.0   30.0   0.0   0.0   25.0   0.0   0.0   22.5   0.0   0.0
 20.0   0.0   0.0   15.0   0.0   0.0   12.0   0.0   0.0   10.0   0.0   0.0
  8.0   0.0   0.0    7.0   0.0   0.0    6.0   0.0   0.0    5.0   0.0   0.0
  4.0   0.0   0.0

  8.11.2016  12 Uhr

 99.9 -26.3   4.6   89.3 -31.9   0.0   85.6 -16.5   0.0   80.9 -10.1  -1.8
 79.0  -5.1   0.4   77.0  -0.1   1.0   74.4   5.1  -0.4   72.2   8.7  -0.8
 70.0   8.4  -2.3   69.0   8.0  -2.1   63.2   1.9  -5.3   61.5   4.3  -5.1
 59.7   1.8  -4.8   56.2  -5.1  -3.5   54.9  -5.3   1.9   54.1  -3.6   3.6
 53.1  -1.4  -0.7   51.0  -0.4  -5.1   50.0  -0.0  -6.2   41.6   9.6   1.7
 40.3  12.2   2.1   37.1  11.9  -3.2   33.8  11.7   2.1   31.7  11.2  -5.2
 30.0  12.1  -4.4   27.7  13.9  -3.7   26.6  13.1  -6.1   24.5  17.2   3.0
 21.8  14.3  -1.3   20.4  18.4   4.9   20.0  17.9   4.8   18.1  21.3   7.7
 16.1  16.4   1.4   15.7  12.9  -3.5   15.5  12.0  -6.9   13.1  14.9  -7.0
 12.5  13.0 -10.9   11.8   9.5  -7.9   11.5   8.4  -2.3   11.4   8.7  -0.8
 11.0   9.7   0.9   10.4   6.5   6.5   10.0   0.0   7.7    9.9  -1.4   8.1
  9.2   0.0   5.1    8.8  -1.9   5.3    8.6  -8.4   3.9    8.3 -10.2   0.9
  7.9 -17.9  -6.5    7.5 -26.3  -7.1    6.7 -24.2  -8.8    6.3 -28.7  -2.5
  5.6 -18.2  -8.5    5.2 -30.2  -2.6    5.1 -27.9  -4.9

 99.9 -26.3   4.6   90.0 -31.5   0.3   80.0  -7.8  -0.7   70.0   8.4  -2.3
 60.0   2.2  -4.9   50.0  -0.0  -6.2   45.0   5.6  -1.6   40.0  12.1   1.7
 35.0  11.8   0.1   30.0  12.1  -4.4   25.0  16.2   0.8   22.5  15.1  -0.1
 20.0  17.9   4.8   15.0  12.6  -6.9   12.0  10.5  -8.8   10.0   0.0   7.7
  8.0 -16.0  -4.6    7.0 -25.0  -8.1    6.0 -24.3  -5.0    5.0 -25.5  -7.2
  4.0   0.0   0.0

  9.11.2016   0 Uhr

 99.9 -25.2   0.0   93.4 -30.7  -2.7   88.8 -29.7  -2.6   85.6 -12.9  -3.5
 83.0 -10.9  -2.9   80.6  -5.1   0.0   78.9  -0.5   1.5   70.0   1.2  -1.7
 67.7  -3.9  -3.3   66.4  -6.7  -4.7   63.0  -1.8  -4.8   62.0  -3.0  -4.2
 59.4  -5.1   3.5   58.2  -6.0   7.1   57.1  -5.6   6.7   55.8  -4.7   2.2
 53.7  -3.0  -4.2   52.2  -3.3  -3.9   51.1   0.7  -0.7   50.1   4.5   2.6
 50.0   4.9   2.8   47.6  10.6   3.9   46.7  10.2   5.9   45.2   7.5   6.3
 40.5  14.0  -5.1   39.0  15.4  -1.3   36.9  16.2  -2.9   35.2  16.0  -9.3
 30.1  16.2  -2.9   30.0  16.2  -2.9   26.8  18.4  -4.9   25.1  14.2  -2.5
 20.8  21.3   7.7   20.0  18.9   6.9   19.1  15.0   5.5   17.2  13.1  -4.8
 14.4   8.3  -6.9   13.6   8.2  -0.0   13.0   3.4  -1.2   12.5   6.6   1.2
 12.2   9.2   3.3   11.8   7.6   1.3   11.3   5.0   1.3   11.2   3.4   2.4
 11.1   3.6   3.6   10.6   8.0   8.0   10.1   7.0   3.3   10.0   6.2   3.6
  9.8   3.0   4.2    9.6  -0.4   0.3    9.4  -2.6  -4.5    9.2  -1.2  -6.6
  8.9  -6.3  -7.5    8.1 -12.6 -21.8    7.5 -29.3  -7.9    6.4 -36.8  -9.9
  5.6 -22.8 -10.7    4.6 -29.8   0.0    4.4 -28.5  10.4

 99.9 -25.2   0.0   90.0 -30.0  -2.6   80.0  -3.5   0.5   70.0   1.2  -1.7
 60.0  -4.6   1.7   50.0   4.9   2.8   45.0   7.8   5.8   40.0  14.5  -3.9
 35.0  16.0  -9.0   30.0  16.2  -2.9   25.0  14.3  -2.3   22.5  18.4   3.5
 20.0  18.9   6.9   15.0   9.4  -6.5   12.0   8.4   2.3   10.0   6.2   3.6
  8.0 -15.3 -19.6    7.0 -32.6  -8.7    6.0 -30.0 -10.2    5.0 -26.9  -4.4
  4.0   0.0   0.0

  9.11.2016  12 Uhr

 99.9 -27.4  -4.8   92.0 -31.8  -8.5   86.0 -10.2   0.9   85.2  -6.3   2.3
 84.1  -2.0   4.2   83.5   0.0   5.1   82.3   2.5   6.8   76.7   4.0   4.7
 73.7   4.8   1.8   70.0   0.0   2.6   68.2  -0.5   0.2   66.9  -4.7  -2.2
 65.8  -8.4  -2.3   64.5  -5.9  -5.0   62.8  -5.6  -2.6   60.5  -5.9  -4.1
 59.1  -4.8  -1.8   55.7   1.0  -5.6   54.4   0.9  -5.1   53.5   2.0  -1.7
 52.8   5.1  -0.0   51.6  10.2   3.7   50.0  16.0   5.8   48.4  17.3   8.0
 43.6  11.1   4.0   43.1  10.1   1.8   41.4  13.5  -4.9   37.3  16.4  -6.0
 34.7   7.6  -1.3   34.1  11.3   1.0   32.6  19.8  -3.5   30.0  17.2   3.0
 26.4  14.9   1.3   25.1  17.9   6.5   23.8  19.5   1.7   22.2  21.9   5.9
 20.0  19.4   5.2   19.2  18.7   3.3   16.2  15.1  -8.7   14.5   9.9  -2.7
 13.9   5.1  -2.4   13.7   7.7  -0.0   12.3  12.4  -3.3   11.9   8.2  -3.0
 11.5   7.7   0.7   10.9   5.1  -0.0   10.6  -0.0  -0.0   10.4  -3.3  -3.9
 10.0  -2.8  -7.7    9.7  -4.9  -8.5    8.6  -5.8 -16.0    7.7 -21.8  -7.9
  7.2 -20.6   0.0    5.6 -27.0 -12.6    4.6 -26.1  -2.3    4.1 -18.5  15.5


 99.9 -27.4  -4.8   90.0 -24.7  -5.4   80.0   3.1   5.9   70.0   0.0   2.6
 60.0  -5.5  -3.3   50.0  16.0   5.8   45.0  13.0   5.2   40.0  14.5  -5.3
 35.0   8.6  -1.9   30.0  17.2   3.0   25.0  18.0   6.1   22.5  21.4   5.1
 20.0  19.4   5.2   15.0  11.5  -4.5   12.0   9.3  -3.1   10.0  -2.8  -7.7
  8.0 -16.3 -10.7    7.0 -21.3  -1.5    6.0 -25.3  -9.2    5.0 -26.5  -6.6
  4.0 -16.9  19.3

 10.11.2016   0 Uhr

 99.9   0.0   0.0   90.0   0.0   0.0   80.0   0.0   0.0   70.0   0.0   0.0
 60.0   0.0   0.0   50.0   0.0   0.0   45.0   0.0   0.0   40.0   0.0   0.0
 35.0   0.0   0.0   30.0   0.0   0.0   25.0   0.0   0.0   22.5   0.0   0.0
 20.0   0.0   0.0   15.0   0.0   0.0   12.0   0.0   0.0   10.0   0.0   0.0
  8.0   0.0   0.0    7.0   0.0   0.0    6.0   0.0   0.0    5.0   0.0   0.0
  4.0   0.0   0.0

 10.11.2016  12 Uhr

 99.9 -18.0   0.0   97.5 -10.6   3.9   96.4  -7.5   6.3   93.9  -1.8  10.1
 90.2   5.1   8.9   82.7  11.0   9.3   80.1   8.7   8.7   74.4   1.1   6.1
 72.8  -1.7   3.7

 99.9 -18.0   0.0   90.0   5.3   8.9   80.0   8.6   8.7   70.0   0.0   0.0
 60.0   0.0   0.0   50.0   0.0   0.0   45.0   0.0   0.0   40.0   0.0   0.0
 35.0   0.0   0.0   30.0   0.0   0.0   25.0   0.0   0.0   22.5   0.0   0.0
 20.0   0.0   0.0   15.0   0.0   0.0   12.0   0.0   0.0   10.0   0.0   0.0
  8.0   0.0   0.0    7.0   0.0   0.0    6.0   0.0   0.0    5.0   0.0   0.0
  4.0   0.0   0.0

 11.11.2016   0 Uhr

 99.9 -10.4   2.8   97.2  -4.9   2.8   95.1   0.5   1.5   90.8   5.1   0.4
 88.8   6.5   1.7   85.2   6.7  -0.0   84.1   5.1   0.4   76.0  -4.8   1.8
 74.1  -7.3   2.6   72.0  -7.7  -0.7   70.0 -10.2  -0.9   66.3 -10.8  -0.9
 65.0  -5.7   0.0   64.1   0.0   1.0   63.0   5.0   1.3   61.2  10.4   2.8
 58.7   5.5   4.6   55.3   6.6   7.9   50.8   7.6  -1.3   50.0   7.0  -1.9
 48.6  10.8  -0.9   47.2  10.3   4.8   44.2  13.4  -0.0   39.2  14.3  -1.3
 37.8  11.4   8.0   36.7  13.5   4.9   32.7  15.9   7.4   30.1  16.4  -1.4
 30.0  16.4  -1.4   27.7  17.0  -0.0   21.5  16.9 -14.2   20.0  10.2  -8.6
 19.1   5.3  -6.3   18.5   6.3  -2.3   17.9   9.1   1.6   17.0  17.2   3.0
 16.1  15.9   4.3   13.9  13.7  -2.4   13.0   9.7   0.9   12.1  10.8  -0.9
 11.7   5.0  -1.3   10.6  -0.2   0.5   10.0  -1.4  -0.7    9.5  -1.5   0.0
  9.2  -5.0   1.3    8.6 -11.9   3.2    8.1  -9.6  11.4    7.7 -20.3   3.6
  7.5 -23.2   0.0    6.0 -13.4   0.0    5.7 -10.6   3.9    5.5 -11.7   5.4
  5.1 -24.7   0.0    5.1 -15.4   4.1    5.0 -15.9   4.3

 99.9 -10.4   2.8   90.0   5.7   1.0   80.0   0.2   1.1   70.0 -10.2  -0.9
 60.0   8.1   3.7   50.0   7.0  -1.9   45.0  12.5   1.3   40.0  14.2  -1.0
 35.0  14.5   5.9   30.0  16.4  -1.4   25.0  17.0  -5.9   22.5  17.0 -11.7
 20.0  10.2  -8.6   15.0  14.8   1.0   12.0   9.3  -1.0   10.0  -1.4  -0.7
  8.0 -12.2   9.5    7.0 -20.1   0.0    6.0 -13.4   0.0    5.0 -15.9   4.3
  4.0   0.0   0.0

 11.11.2016  12 Uhr

 99.9  -0.9   3.5   82.7  10.3  -0.0   81.1   8.2   0.7   80.0   4.6   3.2
 78.6  -1.6   6.0   77.3  -6.9   6.9   71.1 -10.3   0.0   70.0 -11.3   0.0
 66.9 -13.7   2.4   65.3  -8.2   0.0   64.7  -5.0  -1.3   63.3   0.1  -0.5
 59.6   5.0   1.3   56.8   4.0   4.7   55.8   3.0   4.2   53.2   5.3  -1.9
 50.0   7.7  -0.7   47.9  10.4   2.8   46.3   8.4   2.3   43.1   6.5  -1.7
 39.3  12.6  -4.6   37.6  12.1   4.4   35.5  17.3   8.0   30.1  13.9  -0.0
 30.0  13.9  -0.0   26.6  14.5  -6.7   23.7  17.8 -10.3   22.5  10.6  -8.9
 21.0   7.5  -3.5   20.2   6.3   2.3   20.0   6.1   2.8   19.4   4.4   4.4
 17.4  15.4   7.2   14.9  18.7  -3.3   13.6  15.9  -7.4   12.2  10.7  -5.0
 11.5  11.8  -8.3   11.1   3.3  -5.8   10.8   3.9  -3.3   10.5   0.4  -1.5
 10.0  -2.4  -3.4    9.7  -5.1   0.4    9.4 -11.0   7.7    9.2  -9.8   9.8
  8.7 -18.9   6.9    8.5 -14.5   6.7    8.2  -9.4  13.5    7.9  -8.9  12.6
  7.8 -10.6   8.9    7.2 -20.9  -5.6    6.8 -19.9  -5.3

 99.9  -0.9   3.5   90.0   5.3   1.5   80.0   4.6   3.2   70.0 -11.3   0.0
 60.0   4.4   1.1   50.0   7.7  -0.7   45.0   7.7   0.7   40.0  11.4  -4.0
 35.0  17.0   7.3   30.0  13.9  -0.0   25.0  16.3  -8.7   22.5  10.6  -8.9
 20.0   6.1   2.8   15.0  18.6  -2.9   12.0  11.0  -5.9   10.0  -2.4  -3.4
  8.0  -9.1  12.9    7.0 -20.4  -5.5    6.0   0.0   0.0    5.0   0.0   0.0
  4.0   0.0   0.0

 12.11.2016   0 Uhr

 99.9   8.6   1.5   97.2   6.7  -0.0   92.4   1.1  -2.9   89.6   0.4  -5.1
 86.7   2.0  -7.5   81.9  -5.0  -5.9   80.2  -8.1  -1.4   76.4 -14.4   3.9
 72.6 -14.2  -2.5   70.0 -16.5   0.0   69.0 -16.4   1.4   67.5 -14.9   4.0
 64.5  -5.1   0.4   63.2  -1.3   0.9   54.3   0.2   0.5   52.9   3.6  -3.6
 50.7   7.5   2.0   50.0   8.4   3.9   48.8   8.8   6.2   47.4   7.6   4.4
 46.5   7.0   1.9   45.5   8.1  -1.4   42.8  11.6  -4.2   40.9   9.1  -1.6
 39.4  11.6   4.2   36.2  17.4   6.3   32.3  11.9  -3.2   31.8  12.1  -5.7
 30.0  14.5  -5.3   29.2  14.9  -4.0   25.5  13.9  -9.7   24.0   6.8  -9.7
 22.2   3.6  -4.3   20.8   2.8  -1.3   20.3   6.8   2.5   20.0   9.7   3.5
 18.3  18.9   5.1   14.2   9.1  -7.6   13.4   7.5  -6.3   11.5   5.1   0.4
 11.1   2.1   5.8   10.8   0.8   9.2   10.3   3.9  10.6   10.0   1.5   8.6
  9.6  -3.5   7.5    9.2  -3.3   9.2    9.0  -6.5   6.5    8.9  -7.9   6.6
  8.3 -18.0   0.0    7.1 -34.3  -9.2    6.0 -30.2   2.6    5.7 -20.0   1.7
  5.6 -20.5   1.8

 99.9   8.6   1.5   90.0   0.5  -4.8   80.0  -8.4  -1.2   70.0 -16.5   0.0
 60.0  -0.8   0.7   50.0   8.4   3.9   45.0   8.7  -1.9   40.0  10.6   1.9
 35.0  15.8   3.5   30.0  14.5  -5.3   25.0  11.6  -9.7   22.5   4.2  -5.2
 20.0   9.7   3.5   15.0  11.1  -4.9   12.0   5.8  -1.4   10.0   1.5   8.6
  8.0 -21.9  -2.2    7.0 -33.9  -8.2    6.0 -30.2   2.6    5.0   0.0   0.0
  4.0   0.0   0.0

 12.11.2016  12 Uhr

 99.9   0.0   0.0   90.0   0.0   0.0   80.0   0.0   0.0   70.0   0.0   0.0
 60.0   0.0   0.0   50.0   0.0   0.0   45.0   0.0   0.0   40.0   0.0   0.0
 35.0   0.0   0.0   30.0   0.0   0.0   25.0   0.0   0.0   22.5   0.0   0.0
 20.0   0.0   0.0   15.0   0.0   0.0   12.0   0.0   0.0   10.0   0.0   0.0
  8.0   0.0   0.0    7.0   0.0   0.0    6.0   0.0   0.0    5.0   0.0   0.0
  4.0   0.0   0.0

 13.11.2016   0 Uhr

 99.9  -1.4  -3.9   96.6  -1.5  -5.5   92.3  -3.3  -7.0   89.2  -8.5  -4.9
 86.5  -6.9  -6.9   84.6 -10.2  -5.9   81.8 -10.2   5.9   80.0  -9.5   9.5
 76.2 -11.7   2.1   73.6 -18.5   0.0   71.4  -9.9  -2.7   70.0  -3.0  -3.5
 69.2  -0.0  -3.6   66.3  -1.3  -5.0   63.6  -3.0  -4.2   52.9   0.0   1.0
 50.8   5.0  -1.3   50.0   8.9  -4.1   49.3   9.8  -5.7   48.2   7.9  -6.6
 44.4   8.9   4.1   40.3  12.2   8.6   37.0   6.2  -0.0   36.4   3.1  -1.8
 36.0   3.3  -3.9   34.5   7.9  -9.5   31.1  11.1  -4.0   30.0  13.8  -8.0
 29.6  13.5  -9.4   27.7   9.1  -9.1   26.7   5.8  -2.1   25.7   7.2  -0.6
 25.1   7.1   4.1   24.1  14.9   4.0   23.1  15.6   9.0   21.3  18.3  10.5
 20.0  19.9   5.3   18.5  19.0  -0.0   16.1   9.8  -0.0   14.9   8.0   8.0
 14.1   9.8   9.8   12.0  15.9   4.3   10.9   8.7  -3.2   10.5   5.1   0.9
 10.0  -1.4  -0.7    9.9  -5.1   0.4    9.5  -6.9   6.9    9.3  -7.3   8.7
  8.8 -11.7   2.1    8.1  -9.1  -1.6    7.6 -27.7  -2.4    6.8 -29.4  17.0
  6.6 -26.0  21.8    5.7 -16.0   9.3

 99.9  -1.4  -3.9   90.0  -7.1  -5.4   80.0  -9.5   9.5   70.0  -3.0  -3.5
 60.0  -2.0  -2.5   50.0   8.9  -4.1   45.0   8.7   2.4   40.0  11.7   7.8
 35.0   6.4  -7.6   30.0  13.8  -8.0   25.0   7.9   4.1   22.5  16.5   9.5
 20.0  19.9   5.3   15.0   8.2   7.3   12.0  15.9   4.3   10.0  -1.4  -0.7
  8.0 -12.8  -1.8    7.0 -29.0  12.0    6.0 -19.5  13.6    5.0   0.0   0.0
  4.0   0.0   0.0

 13.11.2016  12 Uhr

 99.9   1.4   3.9   85.6  -0.4   0.3   81.5  -4.8   1.8   80.3  -4.6   3.2
 78.4 -11.7   2.1   75.3 -17.5   0.0   70.8 -14.9  -1.3   70.0 -11.4  -3.1
 67.6  -6.0  -7.1   66.5  -4.4  -6.3   64.7  -8.4  -2.3   59.7  -5.5   1.5
 59.3  -4.8   1.8   58.6  -2.1   2.9   58.0   0.0   5.1   56.8   3.0   8.2
 54.6   2.8   7.7   53.2   5.1   5.1   51.6   4.4   4.4   50.7   3.9   3.3
 50.0   4.1  -0.4   49.6   4.8  -1.8   48.0   7.5  -6.3   46.7   5.3  -6.3
 45.2   0.9  -5.1   43.9   4.6  -3.2   42.5   4.1  -0.0   41.7   5.8   2.1
 40.6   8.9   4.1   38.4   8.7   0.8   36.4   6.7  -5.6   34.7  11.4  -9.6
 33.1  10.1  -7.1   31.6  10.8  -0.0   31.3  11.1   2.0   30.0  14.2   2.5
 28.4  13.4   3.6   26.7  15.2  10.6   24.5  22.7   8.3   20.0  23.1  -2.0
 17.8  24.7 -11.5   16.1  11.9  -3.2   15.7  10.8  -0.9   14.8  12.2   8.6
 14.0  17.4  10.0   13.3  13.8  11.6   12.3  12.4   3.3   11.2   7.3   2.6
 10.8   3.1   5.3   10.4   1.3   5.0   10.1  -0.0  -0.5   10.0  -1.0  -0.3
  9.8  -5.0   1.3    9.5  -8.9   2.4    8.8  -6.9  -6.9    8.5 -10.2  -8.6
  8.0 -10.5  -7.4    7.1 -33.3   2.9    6.7 -31.3  -8.4    6.2 -29.8   0.0
  5.1 -24.7 -11.5

 99.9   1.4   3.9   90.0   0.1   1.4   80.0  -5.7   3.1   70.0 -11.4  -3.1
 60.0  -5.6   1.2   50.0   4.1  -0.4   45.0   1.5  -4.8   40.0   8.8   3.2
 35.0  10.6  -8.9   30.0  14.2   2.5   25.0  21.0   8.8   22.5  22.9   3.9
 20.0  23.1  -2.0   15.0  11.9   6.4   12.0  11.0   3.1   10.0  -1.0  -0.3
  8.0 -10.5  -7.4    7.0 -32.8   0.1    6.0 -29.0  -2.0    5.0 -24.2 -12.7
  4.0   0.0   0.0

 14.11.2016   0 Uhr

 99.9  -8.8  -6.2   96.6  -3.7  -7.9   91.7  -4.6  -5.5   80.9 -22.7  -8.3
 72.3  -8.2   0.7   70.0  -9.7  -0.9   69.7  -9.2  -0.8   67.7  -4.7   2.2
 57.5  -4.7   2.2   56.2   0.1   0.5   50.3   2.2  -4.7   50.0   1.9  -5.3
 48.6   2.5  -6.8   47.8   1.3  -5.0   46.7   0.5  -0.2   45.8   5.1  -0.4
 44.8   8.7  -0.0   42.0   9.2   0.8   40.2  10.2  -5.9   35.9  13.5  -4.9
 34.8  12.2  -2.1   32.9  17.3   8.0   30.3  22.5   2.0   30.0  22.5   2.0
 26.8  15.2   2.7   24.6  20.4   5.5   20.0  17.3  -8.0   19.2  17.8 -10.3
 17.6   6.9  -6.9   17.1  10.2  -3.7   15.3  15.9   1.4   14.4  12.4   3.3
 13.3  10.2  -0.9   11.0   4.8   1.8   10.8   5.0   1.3   10.4   0.9  -2.4
 10.1  -1.3  -5.0   10.0  -2.6  -7.3    9.7  -5.0 -10.7    8.9  -5.7   0.0
  8.6  -6.2  -3.6    7.6 -27.2   2.4    7.2 -25.1   2.2    6.8 -19.1  -8.9
  6.5 -14.7  -2.6    6.2 -19.4  -5.2

 99.9  -8.8  -6.2   90.0  -7.4  -5.9   80.0 -21.3  -7.4   70.0  -9.7  -0.9
 60.0  -4.7   2.2   50.0   1.9  -5.3   45.0   8.0  -0.1   40.0  10.4  -5.9
 35.0  12.4  -2.7   30.0  22.5   2.0   25.0  19.4   4.9   22.5  19.0  -0.5
 20.0  17.3  -8.0   15.0  14.7   2.0   12.0   7.3   0.6   10.0  -2.6  -7.3
  8.0 -18.6  -0.1    7.0 -22.1  -3.3    6.0   0.0   0.0    5.0   0.0   0.0
  4.0   0.0   0.0

 14.11.2016  12 Uhr

 99.9   0.0   0.0   90.0   0.0   0.0   80.0   0.0   0.0   70.0   0.0   0.0
 60.0   0.0   0.0   50.0   0.0   0.0   45.0   0.0   0.0   40.0   0.0   0.0
 35.0   0.0   0.0   30.0   0.0   0.0   25.0   0.0   0.0   22.5   0.0   0.0
 20.0   0.0   0.0   15.0   0.0   0.0   12.0   0.0   0.0   10.0   0.0   0.0
  8.0   0.0   0.0    7.0   0.0   0.0    6.0   0.0   0.0    5.0   0.0   0.0
  4.0   0.0   0.0

 15.11.2016   0 Uhr

 99.9   0.0   0.0   90.0   0.0   0.0   80.0   0.0   0.0   70.0   0.0   0.0
 60.0   0.0   0.0   50.0   0.0   0.0   45.0   0.0   0.0   40.0   0.0   0.0
 35.0   0.0   0.0   30.0   0.0   0.0   25.0   0.0   0.0   22.5   0.0   0.0
 20.0   0.0   0.0   15.0   0.0   0.0   12.0   0.0   0.0   10.0   0.0   0.0
  8.0   0.0   0.0    7.0   0.0   0.0    6.0   0.0   0.0    5.0   0.0   0.0
  4.0   0.0   0.0

 15.11.2016  12 Uhr

 99.9  -2.6   7.3   93.1  -0.2   2.0   86.3  -4.7   2.2   84.1  -9.7  -0.9
 78.9 -19.0  -1.7   74.7 -13.3  -1.2   72.5  -6.8  -2.5   71.3  -3.6  -3.6
 70.0  -2.1  -3.6   66.0  -5.0  -1.3   62.7  -1.3   1.6   59.6   0.6  -6.7
 58.2   1.5  -8.6   56.2  -2.8  -4.9   50.0   0.2  -2.0   49.6   1.0  -1.8
 48.4   5.1  -0.9   45.9   9.7  -0.9   44.7  11.7  -5.4   43.4  12.1  -4.4
 41.9  13.3   1.2   38.3  13.1   4.8   36.1  16.9   4.5   33.6  13.7   2.4
 31.9  14.7  -2.6   30.0  13.7  -2.4   28.2  11.8  -1.0   27.2  10.6  -1.9
 25.2  16.0  -5.8   23.1  11.6  -4.2   21.9  13.2   2.3   21.0  11.3  -0.0
 20.0  10.2   5.9   19.9   9.7   6.8   19.5  10.2  10.2   17.8  17.7  14.9
 14.3  12.6  15.0   12.5   9.3   4.3   12.2   7.2  -0.0   11.9   8.9  -5.1
 11.5   9.5  -7.9   10.7   4.7  -4.7   10.6   4.2  -3.0   10.3   1.5   1.5
 10.2  -1.8   4.8   10.0  -2.8   6.1    9.7  -6.7   5.6    9.0 -10.3  14.7
  8.1 -21.8  12.6    7.7 -21.0   1.8    6.8 -21.3  -3.8    6.3 -11.8   0.0
  6.0  -8.9   4.1    5.7  -8.9   2.4    5.5  -8.4  -3.9    5.2  -7.5  -3.5
  4.9 -20.1   0.0

 99.9  -2.6   7.3   90.0  -2.2   2.1   80.0 -17.0  -1.5   70.0  -2.1  -3.6
 60.0   0.3  -5.6   50.0   0.2  -2.0   45.0  11.2  -4.3   40.0  13.2   3.0
 35.0  15.5   3.6   30.0  13.7  -2.4   25.0  15.5  -5.7   22.5  12.4  -1.0
 20.0  10.2   5.9   15.0  13.7  15.0   12.0   8.3  -3.4   10.0  -2.8   6.1
  8.0 -21.6   9.9    7.0 -21.2  -2.5    6.0  -8.9   4.1    5.0 -15.8  -1.2
  4.0   0.0   0.0

 16.11.2016   0 Uhr

 99.9   0.0   0.0   90.0   0.0   0.0   80.0   0.0   0.0   70.0   0.0   0.0
 60.0   0.0   0.0   50.0   0.0   0.0   45.0   0.0   0.0   40.0   0.0   0.0
 35.0   0.0   0.0   30.0   0.0   0.0   25.0   0.0   0.0   22.5   0.0   0.0
 20.0   0.0   0.0   15.0   0.0   0.0   12.0   0.0   0.0   10.0   0.0   0.0
  8.0   0.0   0.0    7.0   0.0   0.0    6.0   0.0   0.0    5.0   0.0   0.0
  4.0   0.0   0.0

 16.11.2016  12 Uhr

 99.9  -3.6   6.2   95.6  -2.4   3.4   89.3  -5.3   6.3   86.1  -7.6   4.4
 80.2 -16.4  11.5   72.8 -17.4   4.7

 99.9  -3.6   6.2   90.0  -5.0   6.0   80.0 -16.5  11.3   70.0   0.0   0.0
 60.0   0.0   0.0   50.0   0.0   0.0   45.0   0.0   0.0   40.0   0.0   0.0
 35.0   0.0   0.0   30.0   0.0   0.0   25.0   0.0   0.0   22.5   0.0   0.0
 20.0   0.0   0.0   15.0   0.0   0.0   12.0   0.0   0.0   10.0   0.0   0.0
  8.0   0.0   0.0    7.0   0.0   0.0    6.0   0.0   0.0    5.0   0.0   0.0
  4.0   0.0   0.0

 17.11.2016   0 Uhr

 99.9  -8.0   8.0   93.8  -8.3   6.9   87.0 -11.8   1.0   82.3 -13.5   4.9
 80.0 -17.9   1.6   77.5 -17.2  -3.0   75.5  -8.2  -0.7   73.1   0.3   1.5
 70.3   3.9   3.3   70.0   3.9   3.3   68.2   4.7   2.2   64.4   4.3   5.1
 62.6   3.6   3.6   57.7  -1.8   4.8   54.7  -2.1   5.8   53.3   3.3   7.0
 50.9   5.6   8.0   50.0   6.7   3.9   49.2   9.2   0.8   45.6  11.7  -5.4
 43.5  10.7  -5.0   41.8  15.2  -2.7   35.0  20.9  -5.6   30.6  14.4  -0.0
 30.0  15.4   1.3   28.0   9.7   6.8   27.6   9.5   7.9   23.7  18.5  13.0
 20.0  12.3   1.1   18.8  11.7  -2.1   15.8   7.5   2.0   15.4   6.0  -1.6
 14.7   2.8  -6.1   13.3   5.1 -14.0   12.8   5.2 -11.2   11.5  -3.0  -6.5
 11.1  -5.3  -1.9   10.8  -5.6  -0.5   10.0   2.0   0.2    9.9   0.5  -0.9
  9.2  -5.4  -9.4    7.8 -24.8  -6.7    7.1 -15.7   2.8    6.7 -25.6  -2.2
  5.9 -22.3  -3.9

 99.9  -8.0   8.0   90.0 -10.2   3.7   80.0 -17.9   1.6   70.0   3.9   3.3
 60.0   0.8   4.3   50.0   6.7   3.9   45.0  11.4  -5.3   40.0  16.6  -3.4
 35.0  20.9  -5.6   30.0  15.4   1.3   25.0  15.4  11.2   22.5  16.6   9.3
 20.0  12.3   1.1   15.0   4.2  -4.1   12.0   0.2  -8.4   10.0   2.0   0.2
  8.0 -21.9  -7.1    7.0 -18.1   1.5    6.0 -22.7  -3.7    5.0   0.0   0.0
  4.0   0.0   0.0

 17.11.2016  12 Uhr

 99.9  -5.6   6.7   95.3  -7.1   4.1   85.8  -5.3   3.1   80.2  -7.6   7.6
 77.4 -13.1   6.1   74.5 -11.1  -4.0   72.6  -8.0  -2.1   71.1  -2.7   1.5
 70.0  -0.9   3.5   67.3  -0.4   5.1   64.9  -1.0   5.6   61.2  -6.7   4.7
 60.4  -6.2   6.2   59.4  -4.1   7.1   57.9  -4.1   5.9   57.2  -2.2   4.7
 55.3   0.2   0.5   53.6   4.5  -2.6   51.3   8.3  -9.9   50.0   7.1 -10.1
 49.7   6.8  -9.7   45.3  10.9   2.9   41.7  15.2   2.7   37.9  18.4  -4.9
 32.7  21.1  -0.0   30.0  17.3   8.0   29.4  16.5   9.5   25.0  15.6  10.9
 22.9  11.0   9.3   22.2  10.4   2.8   21.7  11.3   1.0   20.0  14.5  -5.3
 18.4  15.6  -9.0   17.3  17.7  -8.3   13.9  13.5 -13.5   13.3   5.7  -9.8
 13.1   1.5  -5.5   12.7  -2.0  -0.2   11.9  -1.3   5.0   11.5  -1.7   6.5
 11.0   4.1   8.9   10.9   5.3   7.6   10.0   4.7   4.7    9.1  -2.3   4.0
  8.8 -10.3   0.0    8.0 -22.5  -2.0    7.4 -22.3   3.9    6.7 -26.8  -7.2
  5.9 -25.3  -4.5    5.1 -19.8   7.2    4.6 -22.0   1.9

 99.9  -5.6   6.7   90.0  -6.2   3.6   80.0  -8.0   7.5   70.0  -0.9   3.5
 60.0  -5.4   6.6   50.0   7.1 -10.1   45.0  11.3   2.9   40.0  16.6  -0.7
 35.0  19.9  -2.2   30.0  17.3   8.0   25.0  15.6  10.9   22.5  10.7   5.6
 20.0  14.5  -5.3   15.0  14.9 -11.7   12.0  -1.4   4.3   10.0   4.7   4.7
  8.0 -22.5  -2.0    7.0 -24.8  -2.3    6.0 -25.5  -4.8    5.0 -20.3   6.2
  4.0   0.0   0.0

 18.11.2016   0 Uhr

 99.9  -9.4   5.4   93.1  -6.5   6.5   84.3  -5.8  -2.1   80.5 -12.7  -2.2
 78.9 -17.4  -6.3   77.9 -16.0  -9.3   73.9 -12.0  -6.9   71.0  -3.0  -6.5
 70.0  -1.8  -4.8   68.4  -0.9  -1.9   60.0   1.3   5.0   58.8   1.6   6.0
 56.2   5.1  -0.9   50.0   7.1  -4.1   49.9   7.1  -4.1   48.9  10.8  -0.9
 47.0  14.7   2.6   43.1  19.0  -0.0   39.9  17.4  -1.5   36.3  11.8  -0.0
 35.9  11.3   1.0   34.3  14.5   6.7   32.0  15.6  10.9   30.0  15.0   5.5
 27.2  15.7   2.8   24.4  17.3   8.0   24.0  16.8   7.8

 99.9  -9.4   5.4   90.0  -6.3   3.6   80.0 -14.1  -3.5   70.0  -1.8  -4.8
 60.0   1.3   5.0   50.0   7.1  -4.1   45.0  16.9   1.3   40.0  17.5  -1.5
 35.0  13.1   4.2   30.0  15.0   5.5   25.0  16.9   6.9   22.5   0.0   0.0
 20.0   0.0   0.0   15.0   0.0   0.0   12.0   0.0   0.0   10.0   0.0   0.0
  8.0   0.0   0.0    7.0   0.0   0.0    6.0   0.0   0.0    5.0   0.0   0.0
  4.0   0.0   0.0

 18.11.2016  12 Uhr

 99.9  -5.6   1.0   94.3  -7.0   1.9   87.2  -4.1  -0.7   81.7  -8.2   3.0
 75.6 -24.3  -4.3   71.0 -11.3  -1.0   70.0  -7.6  -1.3   69.2  -5.1  -2.4
 68.5  -4.5  -2.6   66.8  -4.9  -2.8   64.3  -2.9  -1.1   63.0  -5.1   0.4
 61.8  -6.7   3.9   59.8  -6.2   3.6   59.0  -3.9   3.3   56.5   5.1  -0.0
 54.5   7.5  -3.5   50.0  10.9  -2.9   45.4  17.4   1.5   42.9  18.4  -1.6
 35.3  20.9   5.6   33.1  19.5  -0.0   30.0  18.0  -0.0   24.1  14.4  -0.0
 22.7  17.7  -8.3   20.7  19.0 -13.3   20.0  18.5 -13.0   17.6  19.2 -11.1
 15.7   9.7  -3.5   15.0   1.8  -4.8   14.5   1.3  -2.2   13.7   5.7  -0.0
 12.3  13.9   3.7   11.7  20.0   1.7   10.6   6.5   3.0   10.2   5.6   0.5
 10.0   6.5  -3.0    9.8   6.7  -5.6    9.2   5.7  -9.8    9.0   0.6  -7.2
  8.7  -7.6  -4.4    7.9 -16.0   5.8    7.5 -13.9   3.7    7.3 -14.3   8.2
  7.0 -20.8   3.7    6.7 -25.8   4.6    6.1 -19.3   7.0    5.9 -17.7   3.1
  5.5 -24.3  -6.5    4.5 -17.4   1.5

 99.9  -5.6   1.0   90.0  -5.2   0.3   80.0 -12.6   1.0   70.0  -7.6  -1.3
 60.0  -6.3   3.6   50.0  10.9  -2.9   45.0  17.6   1.0   40.0  19.3   1.0
 35.0  20.7   4.8   30.0  18.0  -0.0   25.0  15.0  -0.0   22.5  17.8  -8.7
 20.0  18.5 -13.0   15.0   1.8  -4.8   12.0  16.9   2.7   10.0   6.5  -3.0
  8.0 -14.9   4.5    7.0 -20.8   3.7    6.0 -18.5   5.1    5.0 -21.0  -2.6
  4.0   0.0   0.0

 19.11.2016   0 Uhr

 99.9  -5.9  -8.4   93.4  -4.0 -14.9   88.7  -5.6 -15.5   84.6  -6.1 -13.1
 80.7  -9.1  -9.1   75.5 -23.2  -8.4   73.2 -14.9   1.3   71.3  -6.6  -1.2
 70.0  -5.8  -2.1   69.3  -5.3  -3.1   65.6  -3.9  -3.3   62.1  -1.3  -0.8
 54.0   7.9  -6.6   52.9  12.2  -2.1   50.0  15.2  -2.7   41.7  21.9   5.9
 35.9  18.9   5.1   30.5  19.3  -7.0   30.0  19.9  -5.3   25.8  15.1  -8.7
 23.2  20.0 -11.6   20.2  13.1  -9.1   20.0  12.2  -8.6   19.4  15.5  -5.6
 17.7   6.9  -6.9   17.2   7.6  -4.4   16.7   4.3  -3.6   16.4   4.8  -1.8
 15.6   2.3   6.3   15.3   1.5   8.6   13.8  14.5   5.3   13.1  14.2   2.5
 12.4  12.9   7.5   11.0  10.8   0.9   10.6   9.9   2.7   10.3   5.3  -1.9
 10.0   3.8  -5.5    9.4   6.9  -6.9    9.2   1.8  -4.8    9.1  -2.2  -2.2
  8.9  -5.1   0.9    8.7  -8.2   3.0    8.4 -13.3   1.2    7.8 -10.7   6.2
  7.0 -17.4  -6.3    6.7 -17.5   0.0    6.2 -13.7   2.4    5.9 -15.9  -4.3
  5.6 -13.7  -2.4

 99.9  -5.9  -8.4   90.0  -5.2 -15.3   80.0 -11.0  -9.0   70.0  -5.8  -2.1
 60.0   1.0  -2.2   50.0  15.2  -2.7   45.0  19.1   2.3   40.0  21.0   5.6
 35.0  19.0   3.1   30.0  19.9  -5.3   25.0  16.6  -9.6   22.5  18.5 -11.0
 20.0  12.2  -8.6   15.0   4.0   8.0   12.0  12.3   5.7   10.0   3.8  -5.5
  8.0 -11.6   4.5    7.0 -17.4  -6.3    6.0 -15.2  -2.0    5.0   0.0   0.0
  4.0   0.0   0.0

 19.11.2016  12 Uhr

 99.9  -5.3  -7.6   97.9  -2.7  -9.9   82.6 -10.2  -5.9   76.1 -22.4  -6.0
 71.4 -13.8  13.8   70.0 -11.6  11.6   67.2  -8.7   7.3   65.0  -9.4   2.5
 62.5  -7.1   1.3   60.1  -0.3  -3.1   58.8   0.9  -5.1   57.6   1.8  -4.8
 56.2   6.1  -2.8   54.4   6.3  -4.4   53.2   9.4  -2.5   51.9   9.8  -5.7
 50.0  15.5  -5.6   45.0  23.4  -6.3   36.8  17.4   4.7   34.7  18.2  -3.2
 30.0  18.4  -4.9   28.0  13.5  -4.9   25.1  19.3  -7.0   21.9  11.2  -5.2
 20.0   8.7  -0.8   18.6   7.1   4.1   15.5  11.9  14.2   14.7  18.1  12.7
 12.8  13.7   2.4   11.8  12.6  -5.9   11.0  12.9  -3.5   10.6   9.8  -5.7
 10.3  10.4  -2.8   10.0   9.2  -3.3    9.8   8.5  -4.9    9.2  -2.1 -12.2
  8.9  -4.6  -8.0    8.7  -6.0  -1.6    8.6  -6.6   1.2    7.8  -7.9   6.6
  7.3  -6.8  -2.5    7.0  -7.7   0.0    6.8  -7.9  -3.7    6.6  -9.7   0.9
  6.4  -8.4  -3.9    6.3  -9.4  -2.5

 99.9  -5.3  -7.6   90.0  -6.5  -7.9   80.0 -15.0  -5.9   70.0 -11.6  11.6
 60.0  -0.2  -3.2   50.0  15.5  -5.6   45.0  23.4  -6.3   40.0  19.8   0.2
 35.0  18.1  -2.1   30.0  18.4  -4.9   25.0  19.1  -7.0   22.5  12.8  -5.6
 20.0   8.7  -0.8   15.0  15.8  13.3   12.0  12.8  -4.2   10.0   9.2  -3.3
  8.0  -7.5   5.2    7.0  -7.7   0.0    6.0   0.0   0.0    5.0   0.0   0.0
  4.0   0.0   0.0

 20.11.2016   0 Uhr

 99.9  -7.7   0.0   86.3 -12.1  -4.4   79.5 -17.4  -1.5   75.8 -27.4  -4.8
 73.3 -21.4  10.0   70.8 -18.2   8.5   70.0 -15.0   5.5   67.3  -7.1  -1.3
 66.6  -4.9  -2.8   66.3  -3.6  -3.6   64.5  -1.0  -5.6   62.7  -0.0  -5.1
 60.9   0.1  -1.5   59.3   5.0  -1.3   53.9  16.7   2.9   50.0  19.0   1.7
 44.9  21.5   1.9   40.1  16.9   1.5   34.9  14.9  -7.0   30.1   8.9  -2.4
 30.0   8.9  -2.4   28.4  16.5  -0.0   23.0  13.8  -1.2   21.3  11.2   5.2
 21.0  12.5   7.2   20.0  18.2   8.5   17.1  23.3  10.9   15.2  21.3   7.7
 12.0  15.5  -5.6   11.3  15.4  -4.1   10.6   3.2  -2.6   10.3   8.6   1.5
 10.2   9.9   2.7   10.0   8.1   1.4    9.4   6.2  -0.0    9.2   1.8  -3.1
  9.0  -4.8  -1.8    8.9  -9.2   0.8    8.4  -6.2   6.2    7.9  -9.6  11.4
  7.5  -8.9  10.6    7.1  -7.1   1.3    6.6 -12.5   7.2    6.2  -9.4   2.5
  6.0  -7.5   3.5

 99.9  -7.7   0.0   90.0 -10.9  -3.2   80.0 -17.0  -1.7   70.0 -15.0   5.5
 60.0   2.8  -1.4   50.0  19.0   1.7   45.0  21.5   1.9   40.0  16.9   1.3
 35.0  15.0  -6.8   30.0   8.9  -2.4   25.0  14.9  -0.7   22.5  13.1   0.6
 20.0  18.2   8.5   15.0  20.9   7.0   12.0  15.5  -5.6   10.0   8.1   1.4
  8.0  -8.9  10.4    7.0  -8.1   2.4    6.0  -7.5   3.5    5.0   0.0   0.0
  4.0   0.0   0.0

 20.11.2016  12 Uhr

 99.9 -11.1   2.0   90.7 -15.9  -1.4   80.7 -19.0  -1.7   74.6 -31.8   8.5
 71.1 -26.1   9.5   70.0 -21.9   5.9   67.3  -8.0  -2.1   66.7  -6.5  -3.0
 65.2  -5.1  -0.9   62.6  -1.0   1.2   61.1   4.7   2.2   58.2  13.9   3.7
 52.4  16.2  -2.9   50.0  19.5  -1.7   46.3  21.0  -1.8   42.7  19.0   1.7
 39.9  15.4  -1.3   30.4  13.2   2.3   30.0  14.3   1.3   25.7  15.9  -4.3
 21.9  15.7   2.8   21.0  19.1   8.9   20.0  21.8   7.9   19.2  22.7   8.3
 15.4  15.2   2.7   14.3  14.9  -4.0   13.1  13.1  -6.1   11.7  12.3   1.1
 11.1   8.6   1.5   10.3  10.9  -2.9   10.0   5.6  -6.7    9.9   4.7  -6.7
  9.7  -1.1  -6.1    9.6  -7.6  -5.3    9.1  -8.4   3.9    8.3  -7.6   5.3
  7.5  -9.8   4.6    7.2  -7.5  -2.0    6.9 -15.4  -1.3    6.6 -12.2   8.6
  6.4 -10.9   2.9    6.0  -7.6   5.3    5.8 -15.9   7.4    5.4 -11.9   3.2
  5.1  -8.9   4.1    4.9 -11.8   8.3    4.6 -22.4  10.4

 99.9 -11.1   2.0   90.0 -16.1  -1.4   80.0 -20.4  -0.5   70.0 -21.9   5.9
 60.0   8.1   2.8   50.0  19.5  -1.7   45.0  20.3  -0.6   40.0  15.5  -1.2
 35.0  14.3   0.5   30.0  14.3   1.3   25.0  15.9  -3.0   22.5  15.7   1.6
 20.0  21.8   7.9   15.0  15.1   0.3   12.0  12.5  -0.5   10.0   5.6  -6.7
  8.0  -8.4   5.0    7.0 -12.7  -1.6    6.0  -7.6   5.3    5.0 -10.3   6.2
  4.0   0.0   0.0

 21.11.2016   0 Uhr

 99.9 -14.5  -5.3   92.1 -16.3  -7.6   85.1 -19.0   0.0   83.0 -21.8   3.8
 76.4 -29.9   5.3   73.5 -19.9   5.3   70.0  -4.9   8.5   69.5  -3.5   7.5
 68.1  -1.3   5.0   66.2   1.3   2.8   65.1   4.2   3.0   60.0  17.4   1.5
 55.9  14.4  -3.9   50.0  17.5  -0.0   48.5  18.4   1.6   40.8  10.2  -3.7
 35.6  16.4   1.4   32.4  19.3   3.4   30.0  17.7   3.1   29.0  15.9   1.4
 26.8  12.6   5.9   25.1  15.4  -4.1   22.2  10.8  -0.9   20.7  15.9   1.4
 20.0  15.4  -0.0   18.6  16.4  -1.4   16.0  16.9   6.2   13.6  14.7  -2.6
 11.5  18.0  -0.0   11.0   8.2  -3.0   10.3  14.5  -5.3   10.0  13.1  -4.8
  9.6   6.7  -0.0    9.4   2.4   3.4    9.3   0.0   5.1    8.9  -1.0  11.8


 99.9 -14.5  -5.3   90.0 -17.1  -5.4   80.0 -25.4   4.5   70.0  -4.9   8.5
 60.0  17.4   1.5   50.0  17.5  -0.0   45.0  14.8  -0.7   40.0  11.1  -2.9
 35.0  16.9   1.8   30.0  17.7   3.1   25.0  15.3  -4.0   22.5  11.3  -1.3
 20.0  15.4  -0.0   15.0  16.0   2.6   12.0  17.2  -0.6   10.0  13.1  -4.8
  8.0   0.0   0.0    7.0   0.0   0.0    6.0   0.0   0.0    5.0   0.0   0.0
  4.0   0.0   0.0

 21.11.2016  12 Uhr

 99.9 -15.2  -2.7   92.2 -16.8  -7.8   84.5 -20.5  -1.8   78.9 -29.9   5.3
 74.6  -9.3   0.0   71.0  -4.0   4.7   70.0  -2.6   5.6   68.6  -0.9   5.1
 66.9   4.2   3.0   65.7   8.4   2.3   63.2   6.7   5.6   59.2  15.2   2.7
 57.6  14.9  -0.0   52.1  13.7   2.4   50.0  13.3   1.2   40.7  11.1  -4.0


 99.9 -15.2  -2.7   90.0 -17.8  -6.1   80.0 -28.0   3.9   70.0  -2.6   5.6
 60.0  13.5   3.3   50.0  13.3   1.2   45.0  12.2  -1.5   40.0  10.9  -4.5
 35.0   0.0   0.0   30.0   0.0   0.0   25.0   0.0   0.0   22.5   0.0   0.0
 20.0   0.0   0.0   15.0   0.0   0.0   12.0   0.0   0.0   10.0   0.0   0.0
  8.0   0.0   0.0    7.0   0.0   0.0    6.0   0.0   0.0    5.0   0.0   0.0
  4.0   0.0   0.0

 22.11.2016   0 Uhr

 99.9 -14.5  -6.7   90.0 -20.2 -14.2   82.0 -30.9  -5.4   78.4  -8.4  -2.3
 77.2  -4.7  -2.2   75.2  -0.2   0.5   73.8   5.1  -0.4   70.0   9.8  -0.0
 67.4  13.8  -1.2   64.8  12.3  -1.1   61.0  11.7   5.4   57.6  16.7   2.9
 54.0  12.8  -1.1   50.1  12.8  -1.1   50.0  12.8  -1.1   47.0   9.8  -5.7
 42.9   8.2   0.7   41.8   9.9  -2.7   39.0  15.9   1.4   33.6  12.8   1.1
 30.6  15.4  -1.3   30.0  15.4  -1.3   29.0  16.4   1.4   26.8  17.9  -4.8
 24.3  22.4   6.0   21.3  23.8  -4.2   20.6  22.2  -8.1   20.0  21.3  -7.7
 17.7  21.0  -1.8   14.9  15.0  -5.5   13.2   5.1   2.4   13.1   5.1   3.5
 12.4  10.7   5.0   12.1   9.4   5.4   10.3   6.6  -1.2   10.2   5.1  -0.4
 10.0   2.9   2.1    9.8   2.2   4.7    9.6   4.1   5.9    9.2   0.7   8.2
  9.0   0.7   7.7    8.2 -11.1   2.0    7.0 -23.8   4.2

 99.9 -14.5  -6.7   90.0 -20.2 -14.2   80.0 -18.5  -3.7   70.0   9.8  -0.0
 60.0  13.1   4.7   50.0  12.8  -1.1   45.0   9.0  -2.6   40.0  13.7  -0.1
 35.0  13.6   1.2   30.0  15.4  -1.3   25.0  21.1   2.9   22.5  23.2  -0.0
 20.0  21.3  -7.7   15.0  15.2  -5.3   12.0   9.2   5.1   10.0   2.9   2.1
  8.0 -13.2   2.3    7.0 -23.8   4.2    6.0   0.0   0.0    5.0   0.0   0.0
  4.0   0.0   0.0

 22.11.2016  12 Uhr

 99.9   0.0   0.0   90.0   0.0   0.0   80.0   0.0   0.0   70.0   0.0   0.0
 60.0   0.0   0.0   50.0   0.0   0.0   45.0   0.0   0.0   40.0   0.0   0.0
 35.0   0.0   0.0   30.0   0.0   0.0   25.0   0.0   0.0   22.5   0.0   0.0
 20.0   0.0   0.0   15.0   0.0   0.0   12.0   0.0   0.0   10.0   0.0   0.0
  8.0   0.0   0.0    7.0   0.0   0.0    6.0   0.0   0.0    5.0   0.0   0.0
  4.0   0.0   0.0

 23.11.2016   0 Uhr

 99.9 -14.0  -6.5   85.3 -30.4  -5.4   81.5  -9.8   0.0   79.6  -5.1   0.9
 77.9  -0.4   1.5   76.4   4.2   3.0   73.4   8.6   1.5   71.8   6.7  -0.6
 70.0   3.0  -4.2   68.5  -0.5  -5.6   68.1  -1.3  -5.0   66.6   0.9  -0.4
 64.3   1.8   4.8   60.6   5.6   1.0   58.1   9.9  -2.7   56.6   8.9  -4.1
 55.1   7.1  -4.1   53.9   7.2  -0.6   53.5   7.2   0.6   50.5   7.5   2.0
 50.0   8.1   1.4   49.1   9.1  -1.6   46.3   6.8   2.5   43.4   8.7  -0.8
 41.9  11.6   4.2   37.5  12.6   4.6   34.2  13.4  -3.6   30.0  18.4  -4.9
 29.6  19.4  -5.2   24.2  15.5   5.6   20.9  13.9  -0.0   20.0  14.9  -1.3
 17.9  16.4  -4.4   16.9  19.5   1.7   15.4  17.9  -1.6   14.2  14.2   2.5
 13.7  17.0  -0.0   11.4  11.4  -8.0   10.9   7.0  -1.9   10.4   5.1  -3.5
 10.2   2.6  -0.0   10.0   2.6   3.2    9.9   2.6   4.5    9.1  -6.9  12.0
  8.3  -8.7  -3.2    8.2  -8.9  -2.4    8.0 -13.2   2.3    7.2 -20.9  12.1
  6.3 -10.3   4.8    5.6 -11.8   8.3    5.4 -14.9   7.0    5.2  -9.3   4.3
  5.1  -7.2  -0.6    5.0  -7.9  -3.7    4.8  -9.7   3.5

 99.9 -14.0  -6.5   90.0 -24.9  -5.7   80.0  -6.1   0.7   70.0   3.0  -4.2
 60.0   6.6   0.1   50.0   8.1   1.4   45.0   7.6   1.0   40.0  12.0   4.4
 35.0  13.2  -1.6   30.0  18.4  -4.9   25.0  16.1   3.9   22.5  14.7   2.8
 20.0  14.9  -1.3   15.0  16.7  -0.2   12.0  12.9  -5.8   10.0   2.6   3.2
  8.0 -13.2   2.3    7.0 -18.7  10.5    6.0 -10.9   6.2    5.0  -7.9  -3.7
  4.0   0.0   0.0

 23.11.2016  12 Uhr

 99.9 -18.4  -4.9   90.3 -25.7   0.0   87.5 -24.7   0.0   79.5 -10.2  10.2
 76.7  -8.3   9.9   70.8   4.7   6.7

 99.9 -18.4  -4.9   90.0 -25.6   0.0   80.0 -11.1   9.5   70.0   6.5   6.3
 60.0   0.0   0.0   50.0   0.0   0.0   45.0   0.0   0.0   40.0   0.0   0.0
 35.0   0.0   0.0   30.0   0.0   0.0   25.0   0.0   0.0   22.5   0.0   0.0
 20.0   0.0   0.0   15.0   0.0   0.0   12.0   0.0   0.0   10.0   0.0   0.0
  8.0   0.0   0.0    7.0   0.0   0.0    6.0   0.0   0.0    5.0   0.0   0.0
  4.0   0.0   0.0

 24.11.2016   0 Uhr

 99.9 -18.2  -3.2   87.5 -26.1  -2.3   84.5 -23.2   0.0   81.9  -7.5   2.0
 80.7  -3.0   3.5   80.0  -1.8   4.8   79.0  -1.8   4.8   77.9   1.1   6.1
 75.3   4.1   7.1   73.4   5.8   2.1   70.0   7.2   5.0   69.6   7.2   5.0
 67.8   3.6   3.6   64.1   0.1   1.0   58.6   5.0  -1.3   54.9   0.4   5.1
 50.0   4.2   3.0   47.1   6.1   1.1   44.1   9.3   4.3   39.8   8.4   2.3
 38.6  10.1  -1.8   35.5  18.2  -3.2   31.2  17.4   4.7   30.0  18.2   3.2
 25.8  14.7   2.6   24.8  14.2  -2.5   23.9  14.0  -6.5   22.8  18.9  -6.9
 22.6  16.5  -9.5   20.0 -43.6   7.7   12.2  14.3   1.3   11.6  13.1   4.8


 99.9 -18.2  -3.2   90.0 -24.5  -2.5   80.0  -1.8   4.8   70.0   7.2   5.0
 60.0   3.7  -0.7   50.0   4.2   3.0   45.0   8.3   3.3   40.0   8.5   2.4
 35.0  18.1  -2.3   30.0  18.2   3.2   25.0  14.3  -1.5   22.5  14.3  -8.9
 20.0 -43.6   7.7   15.0  -8.9   3.8   12.0  13.9   2.4   10.0   0.0   0.0
  8.0   0.0   0.0    7.0   0.0   0.0    6.0   0.0   0.0    5.0   0.0   0.0
  4.0   0.0   0.0

 24.11.2016  12 Uhr

 99.9 -22.1   0.0   92.7 -22.9  -6.1   88.4 -12.9   0.0   87.3  -8.0   2.1
 85.0  -0.4   4.1   84.2   2.2   4.7   82.5  10.2   8.6   78.4  20.5  11.8
 75.5  15.6  10.9

 99.9 -22.1   0.0   90.0 -16.6  -2.3   80.0  16.5  10.6   70.0   0.0   0.0
 60.0   0.0   0.0   50.0   0.0   0.0   45.0   0.0   0.0   40.0   0.0   0.0
 35.0   0.0   0.0   30.0   0.0   0.0   25.0   0.0   0.0   22.5   0.0   0.0
 20.0   0.0   0.0   15.0   0.0   0.0   12.0   0.0   0.0   10.0   0.0   0.0
  8.0   0.0   0.0    7.0   0.0   0.0    6.0   0.0   0.0    5.0   0.0   0.0
  4.0   0.0   0.0

 25.11.2016   0 Uhr

 99.9 -22.2   8.1   93.3 -21.8   3.8   89.3 -19.3   7.0   85.3  -5.1   0.9
 83.4   0.0   0.5   81.9   5.1   0.4   76.6  15.9  -4.3   74.0  10.6  -3.9
 70.9   3.9  -3.3   70.2   3.1  -1.8   70.0   3.1  -1.8   64.0  -4.8  -1.8
 58.2  -0.0  -0.0   55.4   3.6   3.6   54.5   6.5   6.5   53.3   4.7   6.7
 51.5   8.7   0.8   50.0  11.7  -2.1   47.5  13.1  -6.1   43.9  11.2  -5.2
 40.8  21.5  -1.9   35.9  16.9   6.2   33.7  16.4   6.0   31.3  15.9  -4.3
 30.0  16.4  -6.0   25.2  15.4  -4.1   21.8  13.3   1.2   20.0  12.9  -0.0
 16.4  15.9  -0.0   14.0  13.5   6.3   12.7  12.8   1.1   11.7  12.6   4.6


 99.9 -22.2   8.1   90.0 -19.8   6.5   80.0   8.9  -1.2   70.0   3.1  -1.8
 60.0  -1.5  -0.6   50.0  11.7  -2.1   45.0  11.8  -5.5   40.0  20.8  -0.6
 35.0  16.7   6.1   30.0  16.4  -6.0   25.0  15.3  -3.8   22.5  13.8   0.0
 20.0  12.9  -0.0   15.0  14.6   3.6   12.0  12.6   3.5   10.0   0.0   0.0
  8.0   0.0   0.0    7.0   0.0   0.0    6.0   0.0   0.0    5.0   0.0   0.0
  4.0   0.0   0.0

 25.11.2016  12 Uhr

 99.9 -21.8  -3.8   93.5 -19.0  -1.7   89.7 -10.8  -0.9   87.8  -5.3  -1.9
 86.5  -0.4  -2.0   85.5   4.7  -2.2   81.1  11.3  -0.0

 99.9 -21.8  -3.8   90.0 -11.4  -1.0   80.0  13.0   0.6   70.0   0.0   0.0
 60.0   0.0   0.0   50.0   0.0   0.0   45.0   0.0   0.0   40.0   0.0   0.0
 35.0   0.0   0.0   30.0   0.0   0.0   25.0   0.0   0.0   22.5   0.0   0.0
 20.0   0.0   0.0   15.0   0.0   0.0   12.0   0.0   0.0   10.0   0.0   0.0
  8.0   0.0   0.0    7.0   0.0   0.0    6.0   0.0   0.0    5.0   0.0   0.0
  4.0   0.0   0.0

 26.11.2016   0 Uhr

 99.9 -28.7  -2.5   91.8  -8.7  -3.2   90.9  -4.9  -2.8   90.0  -0.0  -2.1
 87.5   4.7  -2.2   85.6  11.3  -0.0   84.4  12.8   1.1   81.8  11.8  -0.0
 75.0   1.6  -6.0   71.4  -2.5  -0.4   70.3  -3.6   3.6   70.0  -4.7   4.0
 64.5  -3.3   9.2   62.0  -3.1   5.3   61.0  -0.9   5.1   59.8   1.3   1.6
 59.1   5.0  -1.3   57.7   9.8  -4.6   53.9  10.1  -1.8   52.3  11.1  -4.0
 51.2  10.3  -4.8   50.0  10.9  -2.9   48.5  17.2   3.0   46.3  21.4   5.7
 39.1  10.3  -0.0   36.0  12.3  -0.0   30.0  12.0  -6.9   29.9  12.5  -7.2
 27.3  18.3 -10.5   25.1  15.0  -5.5   23.9   9.2   3.3   21.3  13.5   6.3
 20.6  14.3   1.3   20.0  11.6   4.2   19.9  12.6   4.6   18.0  15.4  -1.3
 15.9  15.4  -4.1   13.3  15.9   4.3   12.0  15.9  -1.4   11.0  14.9   1.3
 10.3   6.6  -1.2   10.0   3.3  -3.3    9.7   2.2  -4.7    9.3   5.3  -3.1
  9.0   4.8  -1.8    8.9   1.5  -2.1    8.7  -3.0  -4.2    8.3  -9.3  -4.3
  7.5 -17.7  -3.1    6.8 -12.5  -7.2    6.4 -11.6   4.2    6.2  -9.6   1.7
  6.1  -7.3  -2.6    5.7 -14.2  -2.5    5.4  -7.1  -4.1    5.3  -9.8   0.0
  5.0 -12.1  -4.4    4.8 -11.8  -1.0

 99.9 -28.7  -2.5   90.0  -0.0  -2.1   80.0   9.2  -1.5   70.0  -4.7   4.0
 60.0   1.0   2.2   50.0  10.9  -2.9   45.0  19.5   4.7   40.0  11.7   0.8
 35.0  12.3  -1.1   30.0  12.0  -6.9   25.0  14.5  -4.7   22.5  11.5   4.9
 20.0  11.6   4.2   15.0  15.6  -1.3   12.0  15.9  -1.4   10.0   3.3  -3.3
  8.0 -12.4  -3.9    7.0 -14.0  -6.0    6.0  -9.0  -2.6    5.0 -12.1  -4.4
  4.0   0.0   0.0

 26.11.2016  12 Uhr

 99.9 -24.7   0.0   95.9 -12.8  -1.1   94.5  -8.7  -3.2   92.8  -5.9  -4.1
 86.6   1.7  -2.0   76.2  -0.4  -2.0

 99.9 -24.7   0.0   90.0  -2.5  -3.2   80.0   0.4  -2.0   70.0   0.0   0.0
 60.0   0.0   0.0   50.0   0.0   0.0   45.0   0.0   0.0   40.0   0.0   0.0
 35.0   0.0   0.0   30.0   0.0   0.0   25.0   0.0   0.0   22.5   0.0   0.0
 20.0   0.0   0.0   15.0   0.0   0.0   12.0   0.0   0.0   10.0   0.0   0.0
  8.0   0.0   0.0    7.0   0.0   0.0    6.0   0.0   0.0    5.0   0.0   0.0
  4.0   0.0   0.0

 27.11.2016   0 Uhr

 99.9 -20.5  -1.8   90.3 -29.7  -2.6   84.8 -16.9  -9.8   79.9 -13.3   1.2
 77.0  -6.5  -1.7   75.4  -0.0  -2.6   74.2   4.5  -2.6   71.5   8.0  -4.6
 70.0   9.9  -2.7   69.0  11.8  -1.0   67.2   9.7   0.9   61.8   7.0  -3.3
 59.0  12.9  -7.5   57.5  11.7  -5.4   55.4  11.9   3.2   50.0   9.7   3.5
 45.6   7.6   4.4   44.6   6.7  -0.0   44.0   6.5  -3.0   42.4   5.5  -5.5
 35.6  12.2   2.1   34.1  15.9   1.4   30.7  14.0   6.5   30.0  14.5   6.7
 28.6  14.9  -0.0   23.2  16.9   6.2   20.0  14.9  -4.0   18.1  15.1  -8.7
 15.3  18.2  -3.2   14.4  15.0  -5.5   13.4  14.2   2.5   10.3   9.7  -0.9
 10.0  10.3  -0.0    9.6  12.3   1.1    9.2  10.8  -0.9    8.6   1.5   8.6
  8.0  -4.4   7.6    7.8  -0.9   5.1    7.7  -6.3   5.3    7.5 -15.6   9.0
  7.0 -11.1   6.4    6.8  -9.9  11.8    6.5 -17.3  14.5    6.3 -16.5   9.5
  5.8 -13.2  15.8    5.2 -12.1   5.7    4.8  -9.7   6.8    4.5 -10.2   3.7
  4.3  -1.8   4.8

 99.9 -20.5  -1.8   90.0 -29.0  -3.0   80.0 -13.4   0.9   70.0   9.9  -2.7
 60.0  10.8  -5.9   50.0   9.7   3.5   45.0   7.0   1.8   40.0   7.7  -2.9
 35.0  13.6   1.8   30.0  14.5   6.7   25.0  16.2   4.0   22.5  16.5   4.0
 20.0  14.9  -4.0   15.0  17.2  -4.0   12.0  12.3   1.1   10.0  10.3  -0.0
  8.0  -4.4   7.6    7.0 -11.1   6.4    6.0 -14.6  13.2    5.0 -10.9   6.2
  4.0   0.0   0.0

 27.11.2016  12 Uhr

 99.9 -14.0   6.5   93.8 -25.3   4.5   90.9 -14.7   2.6   89.0  -6.6  -1.2
 85.4  -0.7  -1.4   80.8  -5.6   1.0   77.9  -7.7   0.0   75.3  -6.1   2.8
 73.9  -6.0   1.6   72.5  -4.5  -2.6   70.0  -3.6  -3.6   68.9   0.4  -2.5
 68.3   4.7  -2.2   65.5  16.2  -2.9   61.8  17.3  -8.0   59.6  13.1  -9.1
 57.4  10.7  -5.0   55.3   6.0  -7.1   54.4   5.9  -4.1   53.5   7.6  -1.3
 50.9   7.7   2.8   50.0   7.0   3.3   49.5   6.8   2.5   46.3   6.8  -2.5
 44.4   5.1  -0.9   43.2   5.8  -3.3   40.3   9.6   1.7   37.5   8.7   0.8
 35.9   9.2   3.3   33.4  12.8   1.1   31.7  12.6   4.6   30.0  11.9   3.2
 28.0  13.4  -0.0   25.4  21.0   1.8   23.0  18.9  -5.1   21.4  21.3  -3.8
 20.0  20.5  -1.8   18.0  18.4  -1.6   17.2  13.7  -2.4   16.6  14.0  -6.5
 13.6  23.8   4.2   11.0  17.9   6.5   10.4  14.3  10.0   10.0  15.8  13.2
  9.0   3.8  21.8    8.7   0.0  19.0    8.3 -10.2  10.2    8.2 -13.4   7.7
  7.5 -23.3   4.1    6.9 -10.7   5.0    6.2 -15.0   5.5    5.9 -19.5   1.7
  5.5 -15.0  -5.5    5.0 -16.2  -2.9    4.9  -6.8  -2.5    4.7 -11.8   0.0


 99.9 -14.0   6.5   90.0 -10.9   0.8   80.0  -6.2   0.7   70.0  -3.6  -3.6
 60.0  13.8  -8.9   50.0   7.0   3.3   45.0   5.6  -1.4   40.0   9.5   1.6
 35.0  10.5   2.6   30.0  11.9   3.2   25.0  20.7   0.7   22.5  19.6  -4.7
 20.0  20.5  -1.8   15.0  19.1  -1.0   12.0  20.3   5.6   10.0  15.8  13.2
  8.0 -16.1   6.7    7.0 -12.9   4.8    6.0 -18.0   3.0    5.0 -16.2  -2.9
  4.0   0.0   0.0

 28.11.2016   0 Uhr

 99.9 -24.7   0.0   87.3 -31.4   0.0   81.3 -11.3   1.0   78.4  -5.8  -2.1
 77.2  -0.0  -3.6   76.1   3.9  -3.3   74.2   8.9  -2.4   70.4  16.4  -1.4
 70.0  16.5  -0.0   67.5  15.2   2.7   61.1  13.7  -2.4   59.0   4.7  -2.2
 57.3  -0.0  -0.0   55.3   1.3   5.0   54.2   2.6   7.3   52.8   0.9   5.1
 50.4   0.5  -0.1   50.0   0.9  -0.5   46.3   4.2   3.0   45.4   7.2   0.6
 37.1  17.7  -3.1   33.5  14.4  -3.9   31.2  12.3  -1.1   30.0  14.9   1.3
 27.3  18.9   5.1   23.5  12.1  -4.4   20.1  16.7  -2.9   20.0  16.7  -2.9
 17.8  11.3  -1.0   17.1  15.9   4.3   16.4  19.3   3.4   14.8  19.5  -1.7
 13.6  21.5   1.9   10.2  12.7  12.7   10.0  13.4  11.2    9.2   8.8   6.2
  9.1   6.2   6.2    8.9   0.7   8.2    8.8  -3.2   8.7    7.9 -12.1   4.4
  7.3 -19.3   7.0    6.6  -5.8   2.1    6.1 -16.5   0.0    5.8  -8.0  -2.1
  5.4 -11.8  -1.0    5.3  -5.1  -0.4    5.2  -0.0  -0.0    5.0   4.7  -2.2
  4.9   3.6  -0.3

 99.9 -24.7   0.0   90.0 -29.9   0.0   80.0  -8.8  -0.4   70.0  16.5  -0.0
 60.0   9.0  -2.3   50.0   0.9  -0.5   45.0   7.7   0.5   40.0  13.9  -1.8
 35.0  15.8  -3.5   30.0  14.9   1.3   25.0  14.9  -0.5   22.5  13.4  -4.0
 20.0  16.7  -2.9   15.0  19.4  -1.0   12.0  17.6   6.7   10.0  13.4  11.2
  8.0 -11.1   4.9    7.0 -13.7   5.0    6.0 -13.7  -0.7    5.0   4.7  -2.2
  4.0   0.0   0.0

 28.11.2016  12 Uhr

 99.9 -20.8   3.7   91.0 -30.7  -2.7   84.7  -7.1   1.3   84.1  -4.8   1.8
 83.0  -0.4   2.5   81.8   4.5   2.6   80.6   8.0   2.1   73.6  13.4   3.6
 70.0   8.0   8.0   69.0   6.9   8.3   67.0   4.2   3.0   66.2   4.1   0.7
 59.8  -0.9   5.1   58.7  -2.8   4.9   56.6  -1.8   4.8   54.3   3.3   3.9
 52.3   4.2   3.0   50.3   0.9  -2.4   50.0   0.5  -3.0   49.3   1.8  -4.8
 45.3   6.3  -5.3   43.8   8.6  -1.5   37.9  16.8  -7.8   34.2  13.1  -6.1


 99.9 -20.8   3.7   90.0 -27.1  -2.1   80.0   8.4   2.3   70.0   8.0   8.0
 60.0  -0.7   4.9   50.0   0.5  -3.0   45.0   6.8  -4.5   40.0  13.8  -5.5
 35.0  13.9  -6.5   30.0   0.0   0.0   25.0   0.0   0.0   22.5   0.0   0.0
 20.0   0.0   0.0   15.0   0.0   0.0   12.0   0.0   0.0   10.0   0.0   0.0
  8.0   0.0   0.0    7.0   0.0   0.0    6.0   0.0   0.0    5.0   0.0   0.0
  4.0   0.0   0.0

 29.11.2016   0 Uhr

 99.9 -24.1   2.1   96.5 -27.7   2.4   89.5  -8.1  -1.4   88.5  -5.1  -0.4
 86.9  -0.4   1.5   84.1   5.1   0.4   80.1  11.3  -1.0   78.8  10.1  -1.8
 76.4   9.2   0.8   70.0   7.6  -1.3   69.2   7.1  -1.3   67.7   5.1   0.9
 63.3   0.4   0.3   58.4   4.7  -2.2   56.7   5.5  -1.5   52.8   4.6  -8.0
 50.4   3.3  -5.8   50.0   3.2  -4.6   49.7   3.6  -3.6   49.1   5.0  -1.3
 48.8   6.1   0.5   45.0  16.4   6.0   41.7  11.9   3.2   38.3  15.4  -4.1
 36.5  13.8  -1.2   33.2  12.1  -4.4   31.4  13.2  -2.3   30.0  20.5   1.8
 29.3  22.5   2.0   23.4  15.7  -2.8   21.9  19.3  -7.0   20.0  19.0  -0.0
 19.9  19.5  -0.0   18.7  16.9  -1.5   17.0  17.4   6.3   15.5  21.8   7.9
 13.8  20.5   9.6   13.3  16.0   9.3   11.8  11.8   1.0   11.3  10.8   0.9
 10.8   6.8  -2.5   10.4   2.6  -0.0   10.1   5.0  -1.3   10.0   7.0  -3.3
  9.6  13.8  -8.0    8.8   9.3 -11.0    8.5   1.0 -11.3    7.8 -19.8  -7.2
  7.6 -21.0  -1.8    7.2 -27.1  -9.9    6.9 -31.3  -2.7    6.5 -18.9  -5.1
  5.8 -24.2   0.0    5.6 -21.3   3.8    5.1  -4.2  -3.0    5.0  -2.0  -1.7
  4.9  -5.1   0.0    4.7 -12.1   5.7    4.3 -31.9  11.6

 99.9 -24.1   2.1   90.0  -9.5  -1.1   80.0  11.2  -1.0   70.0   7.6  -1.3
 60.0   3.3  -1.4   50.0   3.2  -4.6   45.0  16.4   6.0   40.0  13.6  -0.4
 35.0  13.1  -2.6   30.0  20.5   1.8   25.0  17.7  -1.4   22.5  17.9  -5.3
 20.0  19.0  -0.0   15.0  21.4   8.4   12.0  12.4   2.2   10.0   7.0  -3.3
  8.0 -13.7  -8.4    7.0 -29.9  -5.1    6.0 -22.6  -1.5    5.0  -2.0  -1.7
  4.0   0.0   0.0

 29.11.2016  12 Uhr

 99.9 -27.7   2.4   95.9 -10.2   5.9   92.8   1.7   6.5   92.0   3.6   6.2
 88.1  11.6   4.2   85.3  13.7   2.4   83.0  11.1   6.4   78.9   6.1   1.1
 77.7   5.1  -0.4   76.6   4.0  -4.0   72.4   2.6  -4.5   70.0   0.4  -0.4
 69.5  -0.0  -0.0   62.5   0.0   5.1   62.1  -0.4   5.1   57.0   1.8  -2.5


 99.9 -27.7   2.4   90.0   7.7   5.2   80.0   7.5   2.5   70.0   0.4  -0.4
 60.0   0.4   2.0   50.0   0.0   0.0   45.0   0.0   0.0   40.0   0.0   0.0
 35.0   0.0   0.0   30.0   0.0   0.0   25.0   0.0   0.0   22.5   0.0   0.0
 20.0   0.0   0.0   15.0   0.0   0.0   12.0   0.0   0.0   10.0   0.0   0.0
  8.0   0.0   0.0    7.0   0.0   0.0    6.0   0.0   0.0    5.0   0.0   0.0
  4.0   0.0   0.0

 30.11.2016   0 Uhr

 99.9  10.5   7.4   90.2  20.8   3.7   81.5  15.7   2.8   75.0   6.9   6.9
 72.3   4.6   3.2   70.0   1.3   2.8   67.7   1.3   5.0   65.6  -1.9   0.7
 63.6  -3.3  -3.9   58.8   0.9  -5.1

 99.9  10.5   7.4   90.0  20.7   3.6   80.0  13.7   3.7   70.0   1.3   2.8
 60.0  -0.2  -4.8   50.0   0.0   0.0   45.0   0.0   0.0   40.0   0.0   0.0
 35.0   0.0   0.0   30.0   0.0   0.0   25.0   0.0   0.0   22.5   0.0   0.0
 20.0   0.0   0.0   15.0   0.0   0.0   12.0   0.0   0.0   10.0   0.0   0.0
  8.0   0.0   0.0    7.0   0.0   0.0    6.0   0.0   0.0    5.0   0.0   0.0
  4.0   0.0   0.0

 30.11.2016  12 Uhr

 99.9   0.0   4.1   94.9   6.3   4.4   87.9  16.0   5.8   78.4   6.2   3.6
 77.0   2.8  -1.3   74.7  -0.0  -5.1   72.2  -2.5  -9.4   70.0  -1.3  -7.1
 68.9  -1.1  -6.1   63.6   3.2  -4.6   63.2   3.3  -3.9   62.5   3.5  -0.6
 61.8   4.7   2.2   59.4   7.3   7.3   54.5   7.2  -0.0   53.7   6.7  -0.0
 52.2   2.5   2.5   51.2   2.2   4.7   50.0   4.6   5.5   46.6   8.9  -4.1
 44.6  10.2  -5.9   43.3  12.2  -2.1   40.3  19.4  -5.2   37.6  16.5  -0.0
 30.0  18.7  -3.3   24.5  22.5  -2.0   22.0  22.7   8.3   20.0  26.9   4.7
 18.8  27.2   2.4   17.4  23.1   2.0   16.5  29.7  -2.6   14.6  30.9  -0.0
 13.9  24.6   2.2   13.0  32.3  -2.8   11.7  26.2  -0.0   10.3  20.8  -7.6
 10.0  14.5  -6.7    9.8   8.7  -7.3    9.5   1.8  -4.8    9.2  -1.5  -2.1
  9.0  -5.1   0.9    8.7  -8.0   5.6    7.3 -18.6  18.6    7.1 -16.0   9.3
  6.9 -19.4   5.2    6.4 -21.3   7.7    5.8 -16.4  -6.0    5.4 -14.7  -8.5
  5.1 -12.8  -1.1    4.7  -6.7   0.0

 99.9   0.0   4.1   90.0  13.0   5.4   80.0   7.9   4.0   70.0  -1.3  -7.1
 60.0   6.6   6.0   50.0   4.6   5.5   45.0  10.0  -5.6   40.0  19.1  -4.6
 35.0  17.2  -1.1   30.0  18.7  -3.3   25.0  22.2  -2.1   22.5  22.7   6.2
 20.0  26.9   4.7   15.0  30.6  -0.6   12.0  27.7  -0.7   10.0  14.5  -6.7
  8.0 -13.1  11.9    7.0 -17.7   7.2    6.0 -18.1  -1.3    5.0 -11.3  -0.8
  4.0   0.0   0.0


Monatsmittelwind fuer den 11 2016

Niveau Anzahl     U     V   DD FF
 [hPa]        [m/s] [m/s]     [kn]
  99.9     53 -17.6   0.4   91 34
  90.0     53 -12.4  -0.7   87 24
  80.0     53  -5.4   1.5  105 11
  70.0     48  -2.1   0.6  107  4
  60.0     46   2.9   0.2  265  6
  50.0     42   8.9  -0.1  271 17
  45.0     42  11.4  -0.2  271 22
  40.0     42  13.6  -0.6  272 26
  35.0     41  15.0  -0.5  272 29
  30.0     40  15.7  -0.6  272 31
  25.0     40  17.0  -0.6  272 33
  22.5     39  16.2  -0.7  272 32
  20.0     38  15.0   0.1  270 29
  15.0     38  13.7   0.9  266 27
  12.0     37  11.5   0.2  269 22
  10.0     35   3.1   0.6  260  6
   8.0     34 -11.9   1.4   97 23
   7.0     34 -19.2   0.5   92 37
   6.0     30 -17.7  -0.3   89 34
   5.0     21 -14.9  -1.6   84 29
   4.0      1 -16.9  19.3  139 50
