USSR01 WSSS 070000
TTAA  57001 48698
99010 24625 06007 00123 23612 01010 92799 20830 01527
85530 17624 01516 70166 08625 21510 50589 05957 30508
40761 16562 30512 30970 30970 23006 25097 41963 15018
20244 54164 08525 15422 68162 11545 10659 80962 30018
88999
77999
31313 73508 82335=



UKSR01 WSSS 070000
TTBB  57008 48698
00010 24625 11856 17826 22788 12803 33755 12219 44689 08231
55641 03005 66639 04225 77632 05256 88626 05058 99618 04250
11560 00861 22531 02756 33473 07760 44433 11958 55420 13363
66327 26572 77272 37363 88227 47168 99174 61559 11150 68162
22140 66767 33100 80962
21212 00010 06007 11991 01016 22966 02025 33939 00525 44876
04016 55846 00516 66834 02512 77807 34510 88781 02008 99773
33508 11750 34506 22736 31002 33717 18506 44686 23012 55645
19516 66638 22514 77608 25512 88592 23510 99568 27506 11560
31508 22546 26510 33519 27512 44493 32008 55472 31014 66465
32512 77436 34510 88419 30510 99389 31012 11370 26512 22345
29514 33337 28514 44318 31008 55294 20008 66274 19008 77268
16012 88239 14014 99233 10012 11214 08018 22180 10539 33161
12039 44149 11047 55140 13519 66134 19018 77131 18006 88128
23016 99121 24027 11106 26519 22100 30018
31313 73508 82335
41414 38472=



ULSR01 WSSS 070000
TTCC  57001 48698
70860 80761 28006 50057 68577 26531 30366 64783 24008
20621 56385 25527 10074 48187 08021
88960 82361 33514
77999
31313 73508 82335=



UESR01 WSSS 070000
TTDD  5700/ 48698
11960 82361 22835 82761 33796 80163 44735 81761 55698 80761
66686 77164 77636 78163 88624 77364 99616 73767 11565 69571
22440 63783 33397 66782 44311 65982 55272 62583 66258 57784
77236 55585 88174 56984 99147 50186 11138 45388 22108 47587
33103 48587 44096 48587 55095 48587 66092 45787 77081 44788
88077 42188 99071 42788
21212 11927 00512 22915 36010 33860 23002 44849 07002 55832
09002 66824 01002 77802 31510 88788 29016 99722 31516 11706
28010 22657 31023 33631 29021 44604 25025 55561 27025 66502
26031 77483 29033 88395 27041 99328 25523 11315 23523 22300
24008 33278 28018 44260 29021 55228 25525 66171 22016 77163
16006 88162 16504 99160 27002 11159 28506 22144 26510 33136
31016 44132 26506 55130 19004 66128 18006 77123 28508 88121
29006 99120 27504 11118 12504 22113 09512 33110 03510 44107
03008 55103 07508 66097 08027 77091 07527 88085 10018 99080
09533 11073 04523 22071 05021
31313 73508 82335=
