USSR01 WSSS 171200
TTAA  67121 48698
99007 27856 07009 00098 27450 04008 92785 21635 02514
85515 18239 08006 70162 10858 10010 50589 03964 09512
40761 15368 32010 30971 32543 06008 25097 41936 09523
20244 52162 08021 15423 67561 28029 10657 83757 13033
88999
77999
31313 73508 81130=



UKSR01 WSSS 171200
TTBB  67128 48698
00007 27856 11947 22219 22791 14632 33752 14259 44679 09450
55607 03857 66590 02457 77574 01460 88569 01268 99565 01279
11559 00665 22548 00568 33545 00372 44541 00963 55529 01959
66519 02365 77461 09164 88432 10969 99396 15568 11347 24364
22318 29750 33266 38541 44236 45333 55214 50547 66199 52163
77100 83757
21212 00007 07009 11991 03514 22900 02016 33878 35506 44869
06504 55862 05506 66852 07506 77837 07504 88824 02006 99810
05502 11805 10002 22796 07502 33780 18502 44779 18002 55775
09002 66756 05506 77740 09506 88730 08008 99691 09510 11682
11510 22654 10012 33627 13508 44608 13010 55597 15508 66591
14508 77572 16006 88552 14506 99535 07508 11519 11506 22482
06504 33476 11004 44470 11508 55459 18004 66455 16504 77447
17002 88446 16002 99444 04502 11443 03502 22429 07004 33422
34004 44415 30006 55409 32508 66398 32010 77369 26006 88344
33510 99319 33504 11312 00504 22307 06506 33254 08523 44242
11521 55211 11027 66186 06014 77174 31512 88162 28521 99125
24521 11106 13018 22100 13033
31313 73508 81130
41414 11432=



ULSR01 WSSS 171200
TTCC  67121 48698
70857 74163 10027 50059 70773 26039 30373 55385 31514
20631 55385 28519 10085 44988 10035
88936 86750 11533
77999
31313 73508 81130=



UESR01 WSSS 171200
TTDD  6712/ 48698
11936 86750 22875 86556 33795 81558 44764 75962 55716 75761
66680 71366 77669 66969 88496 70973 99472 66976 11402 68576
22359 63381 33338 56385 44253 53785 55192 56385 66130 46987
77106 44988 88097 45787 99078 40789
21212 11884 09539 22862 11539 33779 08041 44743 07523 55702
10029 66678 07506 77672 33006 88667 31010 99646 30523 11580
29031 22559 27029 33500 26039 44464 28033 55394 27023 66369
29516 77355 32512 88311 33518 99278 27018 11227 29519 22207
27016 33201 28018 44179 27019 55171 25019 66139 22031 77128
20010 88125 14008 99108 10029 11099 10033 22095 11543 33084
06533 44080 08553 55078 09053
31313 73508 81130=
