USSR01 WSSS 110000
TTAA  61001 48698
99010 25826 06006 00117 25015 02510 92797 20412 04016
85526 17430 07506 70157 07404 14508 50587 05737 07508
40758 13573 07508 30970 30361 15516 25097 40960 19523
20245 52561 22521 15424 66759 29031 10659 83340 18504
88999
77999
31313 73508 82345=



UKSR01 WSSS 110000
TTBB  61008 48698
00010 25826 11897 18609 22854 17630 33710 07605 44624 03007
55604 01613 66596 00844 77587 00416 88571 01156 99552 01530
11542 01756 22521 04128 33446 11536 44431 10571 55392 14374
66341 22376 77270 36956 88261 38559 99223 47957 11217 48962
22176 58759 33164 61763 44116 77757 55100 83340
21212 00010 06006 11994 03010 22906 04016 33874 06508 44835
05506 55825 00504 66803 06506 77793 05504 88787 09004 99774
11502 11763 11008 22751 13508 33724 15006 44712 11506 55703
16008 66694 10508 77683 09010 88668 09510 99660 07506 11646
06512 22637 10010 33624 09010 44617 11510 55609 09012 66590
10512 77585 09010 88567 09506 99537 05016 11505 06014 22491
09512 33458 10014 44435 14506 55429 09004 66419 09506 77409
13006 88397 05508 99364 04019 11350 03516 22307 15008 33252
19523 44217 16521 55204 22016 66179 29023 77142 28535 88128
30537 99108 28016 11102 23006 22100 18504
31313 73508 82345
41414 38432=



ULSR01 WSSS 110000
TTCC  61001 48698
70857 76362 09019 50056 63977 29021 30371 60982 24539
20628 49786 30043 10080 52186 12035
88880 88932 08502 
77058 08060 42011
31313 73508 82345=



UESR01 WSSS 110000
TTDD  6100/ 48698
11880 88932 22852 86950 33825 86740 44813 84756 55700 76362
66670 76762 77639 74564 88629 71167 99566 71169 11501 64177
22357 64383 33272 58382 44245 58984 55206 49786 66155 51986
77130 52386 88116 48187 99098 52985 11090 47587 22073 42388
33063 35990 44050 30192
21212 11972 14006 22886 14502 33876 07002 44849 12008 55838
01008 66774 04019 77736 08041 88717 09537 99671 08510 11659
11008 22643 20508 33636 22510 44614 25016 55574 21018 66544
15008 77541 16504 88534 26006 99514 29516 11479 30025 22441
28518 33397 25025 44255 25045 55215 27037 66207 29037 77189
29537 88171 28531 99158 25521 11147 25510 22144 20504 33143
22004 44142 26504 55141 28008 66132 28004 77131 27002 88129
09002 99128 06504 11126 33506 22121 05014 33118 04025 44110
09533 55099 12035 66093 09053 77077 08551 88068 10056 99058
08060 11050 07551
31313 73508 82345=
