USSR01 WSSS 251200
TTAA  75111 48698
99006 29457 21504 00084 29256 13508 92775 23648 18016
85509 18842 20519 70158 11258 31504 50589 04142 26502
40762 14733 04508 30974 29182 11527 25101 40150 08035
20250 52343 06037 15429 66757 03558 10667 72962 36018
88121 76758 07549
77143 04060 41636
31313 73508 81116=



UKSR01 WSSS 251200
TTBB  75118 48698
00006 29457 11965 26037 22902 23058 33859 19438 44739 13261
55719 12056 66675 09862 77638 06645 88604 04462 99596 04266
11591 03867 22588 03261 33573 02263 44564 01458 55528 01559
66491 04931 77459 06959 88444 08564 99430 10760 11421 11962
22411 13741 33404 14331 44396 15137 55391 15943 66386 16163
77377 17157 88367 18943 99357 20357 11356 20361 22350 19978
33308 27582 44296 29981 55268 36357 66190 55538 77138 70760
88121 76758 99118 76959 11115 73961 22100 72962
21212 00006 21504 11990 16006 22953 15516 33913 19018 44863
18518 55774 25510 66744 22506 77729 25004 88725 32004 99713
33502 11706 29502 22698 30504 33686 13004 44675 15002 55668
10002 66662 17502 77656 16002 88652 07502 99637 04002 11632
10504 22622 14008 33595 10512 44585 13010 55571 10006 66553
14506 77546 10504 88530 18508 99523 16508 11514 18004 22507
12502 33503 17002 44500 26502 55496 27502 66492 05002 77486
35504 88480 01506 99473 07008 11454 08008 22445 13006 33438
09010 44431 09510 55399 04508 66391 09008 77365 07510 88341
12021 99312 12529 11246 07537 22215 05529 33143 04060 44126
07053 55115 09527 66108 16006 77107 15504 88105 07006 99103
02508 11100 36018
31313 73508 81116
41414 11438=



ULSR01 WSSS 251200
TTCC  75111 48698
70874 70165 26514 50075 68970 24023 30386 63173 09041
20641 51386 10068 10101 39789 09054
88825 77560 28014
77149 08580 41527
31313 73508 81116=



UESR01 WSSS 251200
TTDD  7511/ 48698
11825 77560 22767 76361 33728 71165 44681 68167 55544 71168
66461 66771 77431 68369 88382 63374 99335 64371 11214 56585
22202 51786 33154 50386 44147 49986 55139 45787 66102 40389
77075 39389 88061 37190 99047 30399
21212 11925 26518 22834 27514 33772 31012 44746 30510 55718
27012 66610 27543 77509 24019 88493 24027 99465 24014 11432
26514 22422 30512 33395 02010 44377 13016 55373 14018 66336
07031 77325 09533 88218 08560 99206 09574 11191 10060 22149
08580 33126 10056 44111 09066 55097 09054 66085 09056 77068
08031 88067 07541 99066 08025 11062 09519 22061 11514 33055
11518 44054 14006 55053 23510 66051 26518 77047 26525
31313 73508 81116=
