USSR01 WSSS 151200
TTAA  65111 48698
99007 30257 22004 00091 29450 14008 92779 23232 14012
85519 19256 18510 70158 11258 29010 50589 06328 09012
40762 12571 15019 30974 30158 08014 25101 39963 03525
20249 52538 04541 15429 65365 08029 10666 77358 20012
88111 79156 08504
77999
31313 73508 81041=



UKSR01 WSSS 151200
TTBB  65118 48698
00007 30257 11955 25027 22880 21659 33788 14437 44739 12658
55729 11650 66710 11858 77673 08656 88642 07658 99584 02041
11554 00756 22496 06723 33474 07338 44461 06961 55443 08765
66433 09758 77424 11156 88405 11967 99388 14378 11302 29758
22280 33165 33254 39163 44237 43560 55233 44556 66171 61336
77167 62335 88161 62759 99154 64364 11111 79156 22100 77358
21212 00007 22004 11992 14010 22976 15512 33924 14012 44898
17008 55891 15008 66856 19014 77837 17012 88803 24504 99797
22002 11782 22502 22778 35002 33768 00508 44757 35506 55743
01006 66737 32002 77699 29010 88691 31508 99681 31004 11664
35006 22657 30006 33650 20504 44647 21004 55639 29502 66634
18502 77631 26502 88628 29004 99618 29506 11605 19506 22585
18008 33574 22008 44569 21506 55557 16512 66548 15506 77539
19002 88526 12002 99524 04002 11522 01002 22518 02506 33510
09506 44500 09012 55485 11523 66419 11523 77411 15019 88343
18519 99320 15012 11315 10008 22279 04023 33259 03023 44176
06051 55167 06554 66151 08031 77142 04027 88122 07006 99117
13004 11116 12002 22114 04502 33113 05002 44112 08504 55111
08504 66110 03504 77108 01504 88107 30002 99106 25502 11105
06002 22104 08504 33103 15004 44102 18506 55100 20012
31313 73508 81041
41414 38432=



ULSR01 WSSS 151200
TTCC  65111 48698
70874 69767 31016 50075 68972 31010 30387 58984 08549
20644 51386 09078 10110 40189 10049
88999
77201 09078 42009
31313 73508 81041=



UESR01 WSSS 151200
TTDD  6511/ 48698
11937 78358 22858 75960 33824 71163 44748 73763 55669 66770
66624 69569 77586 67172 88531 69171 99494 69372 11467 64177
22408 66176 33332 65578 44303 59384 55278 60384 66252 58184
77241 54385 88212 53585 99189 48587 11169 47987 22151 43188
33117 38789 44091 41988 55074 42588 66068 41789 77056 35190
88052 35390 99050 35790 11048 35790 22046 33791 33044 30192
21212 11967 22527 22910 22518 33861 22025 44824 26533 55769
29045 66704 31518 77677 26010 88635 24523 99605 27525 11554
28033 22508 29512 33487 34506 44470 04014 55465 03008 66450
27008 77439 26014 88402 30514 99382 35014 11365 07018 22351
08514 33338 05018 44315 10041 55291 08558 66275 08054 77261
08070 88237 10066 99201 09078 11133 09554 22122 09560 33095
10049 44070 08051 55066 08056 66063 07551 77055 06029 88051
09014 99048 08527 11046 09531 22044 07519
31313 73508 81041=
