sing20220910.00
TTAA  60001 48698
99009 27236 19506 00116 26427 19008 92799 21628 17516
85529 18256 27012 70162 07814 02010 50588 06301 14504
40759 16514 07014 30970 30357 10027 25096 41343 08529
20244 54156 08053 15422 69359 07558 10657 70361 10504
88113 79558 07066
77129 08076 42124=
TTCC  60001 48698
70868 72959 14012 50070 62759 09035 30396 55756 25037
20655 53159 27031 10111 41989 26537
88999
77999=
TTDD  6000/ 48698
11812 69959 22697 72959 33671 73756 44650 72358 55612 70957
66595 66960 77565 64358 88539 64956 99526 66157 11456 55160
22440 53562 33428 53958 44300 55756 55284 55757 66280 53559
77259 55557 88213 52560 99190 53559 11176 49962 22137 51166
33101 42788 44092 40189 55077 41789 66069 41389 77060 38989
88055 34791
21212 11996 13502 22991 22002 33976 25510 44943 25523 55860
27518 66799 01502 77796 04502 88790 14502 99786 16002 11745
18514 22710 15012 33638 11527 44551 07525 55508 08535 66456
15014 77440 23516 88424 26029 99380 28039 11341 27031 22314
25541 33289 24531 44262 24545 55235 27039 66174 25512 77168
20004 88162 23012 99156 23525 11127 25023 22110 25041 33090
27025 44081 21510 55078 17508 66075 18006 77073 23008 88069
20008 99066 24506 11064 20002 22063 10504 33055 07533=
