sing20220930.12
TTAA  80111 48698
99005 29256 06502 00078 28446 11008 92770 22820 12008
85501 19233 09504 70144 10644 36010 50587 04345 07518
40760 14350 10025 30972 29548 07539 25099 39956 05539
20248 52338 05047 15426 68357 06037 10660 81757 11023
88105 82557 12029
77999=
TTCC  80115 48698
70866 72763 11023 50068 61981 00514
88999
77999=
TTDD  8011/ 48698
11914 82356 22858 74361 33765 74760 44727 71564 55642 73765
66627 74365 77617 70169 88570 67570 99533 61378 11505 62580
22443 56988
21212 11926 08527 22868 09027 33766 07535 44700 11023 55632
08021 66589 13518 77555 11010 88530 02012 99517 00516 11480
36002 22476 30502 33475 27002 44473 25004 55459 23510 66443
27012=
