sing20220907.12
TTAA  57111 48698
99007 26647 21003 00098 26038 14002 92783 21427 27518
85516 19057 26012 70159 08617 29012 50587 05707 09516
40759 15526 10027 30970 29558 07531 25098 39937 06537
20245 53144 06035 15423 69750 05051 10656 79750 08068
88109 81541 09072
77108 09074 43133=
TTCC  57115 48698
70868 69962 04004 50070 65971 13514
88999
77999=
TTDD  5711/ 48698
11979 75558 22946 73757 33908 66761 44818 69558 55740 68162
66663 72162 77630 71564 88611 68167 99583 68767 11569 65770
22541 64171 33510 66571 44486 66171 55469 61574 66367 60977
21212 11957 09560 22893 08529 33780 02506 44735 04502 55726
09002 66722 06502 77694 03506 88598 07529 99559 10018 11534
14514 22492 14008 33473 19508 44455 21008 55448 26008 66442
27512 77410 28519 88383 32014 99367 28514=
