sing20220919.12
TTAA  69111 48698
99007 28656 21004 00099 27446 25006 92782 23056 22008
85514 18256 22510 70153 08223 24514 50587 05328 07512
40759 15532 05023 30970 30731 07531 25097 40757 09535
20244 53946 10054 15422 70147 09549 10659 72963 14516
88116 77750 07064
77132 08074 43335=
TTCC  69111 48698
70864 72764 09549 50070 62381 20006 30390 57784 26047
20650 49986 32014 10107 43388 24521
88856 77961 04006
77999=
TTDD  6911/ 48698
11856 77961 22755 77560 33707 74163 44646 64570 55630 62572
66592 65173 77570 64976 88560 61979 99488 62980 11426 61783
22409 58784 33332 55785 44309 57784 55224 51386 66175 48587
77133 50786 88119 44988 99087 44788 11079 43588 22072 39189
33071 36790 44050 36990
21212 11954 16008 22938 14506 33922 09504 44892 05004 55845
03508 66738 09041 77664 10043 88605 05037 99557 08019 11538
12006 22524 19004 33504 19006 44486 25002 55480 31004 66472
32006 77444 27512 88421 31504 99411 27008 11396 27025 22320
26049 33281 26037 44245 28539 55234 29527 66213 27018 77199
32012 88188 25518 99175 26523 11157 26027 22142 22514 33133
24527 44112 23019 55099 24523 66093 22014 77086 25029 88080
25525 99075 25031 11068 23521 22061 27508 33060 30008 44055
33519 55053 03029 66050 06062=
