sing20220905.12
TTAA  55111 48698
99007 27856 33502 00092 27250 33504 92778 23857 19506
85513 18848 21008 70155 09038 21508 50588 05518 07002
40760 15521 10021 30971 29556 07031 25098 40157 07037
20246 53358 07547 15424 69156 07068 10656 76359 07568
88111 81950 07611
77109 07613 43280=
TTCC  55111 48698
70869 72570 12521 50071 64383 01008 30391 57384 27529
20653 50986 29539 10108 42988 27027
88738 72570 13014
77999=
TTDD  5511/ 48698
11994 73361 22962 69163 33918 69163 44888 65570 55738 72570
66693 72770 77672 69573 88608 66575 99527 67381 11507 64183
22445 63983 33425 63583 44414 61783 55407 57384 66394 54385
77357 57184 88303 57384 99252 50986 11171 50986 22118 48187
33104 43588 44082 41189 55061 35590 66060 33991 77053 35790
88042 34791
21212 11951 08554 22861 13006 33843 18006 44796 18510 55751
13510 66644 11018 77621 08018 88571 07518 99543 04010 11508
03010 22490 34012 33452 31014 44425 35506 55410 29008 66399
26519 77381 25533 88355 27039 99327 26037 11254 28025 22197
29537 33148 26025 44139 27519 55126 24525 66110 25031 77085
30018 88077 32033 99073 33039 11068 35019 22066 31510 33065
32008 44063 04016 55061 05531 66057 04037 77048 09510 88047
07006 99046 00504 11044 12504 22043 09506 33042 09512=
