sing20220920.12
TTAA  70111 48698
99006 28256 22002 00084 27241 15504 92775 23257 17506
85505 19657 20008 70144 09457 29021 50587 05730 20008
40759 15927 21008 30969 30736 08016 25096 40946 07021
20244 53757 09041 15422 70356 08556 10658 73561 18504
88123 77556 09570
77134 08574 41538=
TTCC  70111 48698
70865 72764 10529 50069 60374 36012 30389 57577 29027
20649 52186 24531 10106 45388 25525
88372 60373 26047
77999=
TTDD  7011/ 48698
11834 76361 22672 72565 33633 70967 44595 65570 55537 64571
66460 56574 77422 59370 88399 57177 99372 60373 11341 60772
22322 57578 33243 52985 44214 54185 55171 50786 66158 46987
77134 48387 88113 47787 99092 42388 11061 37790 22058 38390
33056 39189 44054 39589 55053 39789 66052 39789 77050 34990
88045 23994
21212 11985 17502 22977 22002 33941 36004 44932 02006 55898
01512 66848 06510 77820 12014 88801 12519 99755 10037 11712
11029 22626 08541 33598 09535 44577 12027 55524 11506 66512
03008 77490 34010 88466 24512 99411 27027 11380 26045 22347
26045 33297 29025 44282 27019 55235 24027 66187 25043 77139
27535 88091 25525 99085 32012 11079 26518 22071 25025 33062
24012 44060 18508 55059 17508 66058 10504 77056 06506 88055
09006 99054 08012 11050 11547 22049 11551 33045 07516=
