sing20220912.12
TTAA  62111 48698
99005 30860 25004 00082 30059 20002 92773 23437 30006
85503 18035 01008 70148 10046 19508 50587 06140 18004
40759 16541 10512 30969 31958 08525 25095 40969 08533
20243 53567 08529 15421 69156 06543 10658 72763 27006
88130 75756 09049
77999=
TTCC  62111 48698
70865 75764 08521 50068 57384 27510 30390 58384 27031
20649 51586 27035 10109 47187 25531
88895 76762 26016
77999=
TTDD  6211/ 48698
11895 76762 22738 76962 33629 72367 44577 66174 55558 60580
66531 61183 77509 57384 88484 58384 99473 55985 11423 58184
22303 58384 33230 54585 44207 52986 55194 47387 66121 45188
77102 46987 88095 46387 99088 41789 11065 40189 22056 36590
21212 11963 24012 22873 25518 33845 24016 44813 18012 55751
11512 66707 08518 77657 09035 88601 07047 99538 10029 11512
12506 22505 25504 33492 28016 44446 28043 55396 27047 66361
27031 77342 26033 88309 27033 99237 25037 11175 28027 22167
26021 33157 25041 44147 25033 55138 26545 66127 27533 77114
25535 88085 25533 99075 30512 11065 26008 22060 11506 33059
10010 44056 10527=
