sing20220930.00
TTAA  80001 48698
99007 27630 29501 00091 27422 00000 92783 22833 15510
85512 19056 14504 70155 09436 06504 50587 05541 12006
40760 14950 08521 30971 30364 08033 25097 40768 07035
20245 53159 06551 15423 69156 06054 10655 82756 12031
88999
77999=
TTCC  80001 48698
70861 71973 06529 50066 61783 25016 30388 58784 27547
20646 50786 28547 10104 46987 26039
88980 83550 11529
77999=
TTDD  8000/ 48698
11980 83550 22943 82156 33930 78559 44875 79157 55829 78359
66796 72964 77688 71778 88623 64383 99567 65382 11523 60584
22492 62383 33486 62583 44475 57584 55420 54385 66336 57984
77290 58784 88235 56984 99205 51386 11166 47587 22123 45388
33111 44988 44097 48587 55075 46787 66067 40789 77057 36190
88053 36790 99049 33391
21212 11959 11027 22894 14023 33850 13025 44760 06523 55654
07025 66626 10514 77597 19516 88586 21019 99533 20518 11514
24014 22465 26512 33450 25010 44424 27023 55343 27033 66319
28049 77288 27043 88271 28039 99218 26537 11202 28547 22182
29531 33159 26012 44133 28037 55114 28037 66100 26039 77082
26037 88076 24012 99074 16510 11058 21508 22057 03002 33054
05529 44049 07045=
