sing20220926.00
TTAA  76001 48698
99007 27234 01001 00095 27229 15502 92779 21805 18023
85513 17614 19523 70152 09257 21516 50586 06321 12506
40758 17123 08506 30968 31336 09518 25095 41347 08535
20242 54561 07045 15419 70157 07549 10656 75963 31508
88126 75161 09066
77133 08072 43148=
TTCC  76001 48698
70862 71569 05527 50066 60184 26504 30388 55185 27037
20646 53385 27025 10100 44788 26027
88921 77762 31004
77999=
TTDD  7600/ 48698
11921 77762 22801 78961 33773 73765 44678 71971 55646 69976
66637 66780 77585 62383 88526 64583 99505 60584 11483 58984
22437 62383 33322 54785 44261 56785 55218 52985 66182 53785
77153 48987 88130 49786 99090 43588 11078 43788 22076 44388
33066 36990 44062 33391 55055 33591
21212 11980 28510 22936 29008 33909 33502 44891 10002 55868
12508 66747 11521 77723 07019 88701 05527 99661 06533 11639
08029 22606 06008 33578 14006 44561 23506 55543 26004 66511
21002 77496 26506 88429 28018 99412 29518 11368 28523 22344
25027 33294 27537 44213 28529 55183 25525 66156 24041 77131
27029 88121 26539 99107 27533 11093 25521 22084 28016 33078
25521 44069 27019 55067 33018 66060 06029 77055 05549=
