  1. 9.2022   0 Uhr

 99.9 -17.9   1.6   90.5 -16.7  -2.9   85.4 -24.3  -6.5   80.6 -21.8   3.8
 75.8 -17.0   0.0   70.0 -23.2   0.0   68.4 -24.2   0.0   59.3  -7.2  -0.6
 57.9  -2.8   1.3   56.6   1.8   2.5   56.1   3.9   3.3   53.5   7.1   6.0
 50.7   9.6   1.7   50.0  10.8   0.9   46.0   9.6   1.7   39.6   5.6  -2.6
 36.2   4.2  -3.0   34.7   6.1   0.5   32.5   8.9  -2.4   31.2  11.8   1.0
 30.0  14.7   2.6   27.6  16.0   5.8   20.0  13.5   6.3   19.9  14.0   5.1
 17.6  11.4  -8.0   16.2   7.6  -5.3   15.4   9.7  -0.9   11.4  13.8   8.0
 10.0  13.7  -2.4    9.5  12.0  -6.9    9.0  11.4  -9.6    8.3   6.2  -3.6
  8.2   1.8  -2.5    8.1  -1.0  -0.4    7.7  -3.0   0.8    7.6  -1.1   2.9
  7.4  -0.5   6.1    6.9  -6.8   2.5    6.3 -25.1  -2.2    6.1 -19.0   0.0
  5.6  -4.6   8.0

 99.9 -17.9   1.6   90.0 -17.5  -3.3   80.0 -21.2   3.4   70.0 -23.2   0.0
 60.0  -8.5  -0.6   50.0  10.8   0.9   45.0   9.0   1.1   40.0   5.9  -2.3
 35.0   5.8  -0.2   30.0  14.7   2.6   25.0  15.2   6.0   22.5  14.4   6.1
 20.0  13.5   6.3   15.0  10.1  -0.0   12.0  13.1   6.5   10.0  13.7  -2.4
  8.0  -1.5  -0.1    7.0  -5.5   3.2    6.0 -16.2   1.6    5.0   0.0   0.0
  4.0   0.0   0.0

  1. 9.2022  12 Uhr

 99.9 -20.0   1.7   93.5 -26.3  -7.1   86.2 -24.1  -2.1   80.8 -21.8  -7.9
 70.0 -20.8   3.7   68.6 -18.9   6.9   60.6 -20.4  -5.5   54.5  -3.0  -4.2
 52.7   4.7  -4.0   50.2   9.8  -4.6   50.0  10.7  -5.0   43.9   8.4  -3.9
 41.2   7.2   0.6   40.3   5.1   3.5   38.1   2.6   3.2   37.1  -1.3   1.6
 35.4   3.0   6.5   32.9   8.8   6.2   30.0  16.0   5.8   25.4  21.8   3.8
 20.0  16.4  -4.4   17.5   7.5  -3.5   16.8   8.5   4.9   16.1  15.6  10.9
 12.0  11.1   6.4   10.0   9.2  -3.3    9.2   4.0 -11.1    8.8   7.2 -15.4
  7.8 -17.3 -12.1    7.4 -20.8  -7.6    6.7 -11.7  -5.4    6.3 -20.8  -3.7
  6.1 -26.1  -2.3    5.7 -15.4  -4.1    4.8 -15.6  -9.0

 99.9 -20.0   1.7   90.0 -25.3  -4.7   80.0 -21.7  -7.1   70.0 -20.8   3.7
 60.0 -18.7  -5.3   50.0  10.7  -5.0   45.0   8.8  -4.1   40.0   4.7   3.5
 35.0   4.0   6.5   30.0  16.0   5.8   25.0  21.4   3.3   22.5  19.0  -0.4
 20.0  16.4  -4.4   15.0  14.5   9.8   12.0  11.1   6.4   10.0   9.2  -3.3
  8.0 -12.2 -12.8    7.0 -15.6  -6.4    6.0 -23.5  -2.7    5.0 -15.5  -7.9
  4.0   0.0   0.0

  2. 9.2022   0 Uhr

 99.9 -25.3  -6.8   95.1 -21.4  -5.7   88.7 -27.0 -12.6   71.2 -22.8   4.0
 70.0 -21.0   1.8   63.6 -21.4  -5.7   58.3  -6.1  -1.1   57.4  -2.7  -1.5
 55.8   1.5  -2.7   51.1   5.1   0.9   50.0   6.1   1.1   49.7   6.1   1.1
 46.4   4.7  -2.2   40.9   2.2   4.7   35.9   2.7   1.5   35.0   4.0  -1.1
 32.8  11.1  -6.4   30.0  10.6  -1.9   29.4  11.8   1.0   25.6  19.0   1.7
 20.0  11.8  -0.0   18.6   6.1   0.5   17.8   3.0   4.2   16.9  11.1   6.4
 10.1   9.8  -4.6   10.0   9.4  -5.4    8.8 -14.0  -5.1    7.1 -13.8  -1.2
  6.6 -23.2   0.0    6.4 -27.2   2.4    6.3 -28.7   2.5    5.5  -8.4   3.9
  5.2   0.0   8.2

 99.9 -25.3  -6.8   90.0 -25.9 -11.2   80.0 -25.0  -4.7   70.0 -21.0   1.8
 60.0 -11.1  -2.6   50.0   6.1   1.1   45.0   4.0  -0.5   40.0   2.3   4.1
 35.0   4.0  -1.1   30.0  10.6  -1.9   25.0  18.3   1.5   22.5  15.2   0.8
 20.0  11.8  -0.0   15.0  10.8   3.7   12.0  10.2  -1.1   10.0   9.4  -5.4
  8.0 -13.9  -3.3    7.0 -15.7  -1.0    6.0 -21.3   3.0    5.0   0.0   0.0
  4.0   0.0   0.0

  2. 9.2022  12 Uhr

 99.9   0.0   0.0   90.0   0.0   0.0   80.0   0.0   0.0   70.0   0.0   0.0
 60.0   0.0   0.0   50.0   0.0   0.0   45.0   0.0   0.0   40.0   0.0   0.0
 35.0   0.0   0.0   30.0   0.0   0.0   25.0   0.0   0.0   22.5   0.0   0.0
 20.0   0.0   0.0   15.0   0.0   0.0   12.0   0.0   0.0   10.0   0.0   0.0
  8.0   0.0   0.0    7.0   0.0   0.0    6.0   0.0   0.0    5.0   0.0   0.0
  4.0   0.0   0.0

  3. 9.2022   0 Uhr

 99.9 -41.7 -11.2   95.5 -30.7  -2.7   90.3 -24.2   0.0   83.9 -25.2   0.0
 76.6 -14.0   5.1   70.6 -11.8  -1.0   70.0 -11.8  -1.0   64.3 -20.0  -1.7
 57.7  -6.2   3.6   55.4  -4.0   1.1   54.5  -3.0  -0.5   52.6   1.1  -4.0
 51.7   2.1  -3.6   50.0   1.1  -2.9   49.2   1.3  -2.8   47.8   1.9  -0.9
 46.6   0.9  -0.4   46.2   0.6  -0.8   45.7   0.4  -0.9   44.9   1.0   0.1
 43.7   3.6   2.1   43.0   4.8   1.8   41.1   2.9  -2.9   37.8   3.1  -5.3
 35.1   8.4  -8.4   31.2  17.4   4.7   30.0  21.4   5.7   23.6   9.2  -3.3
 22.0  11.8   1.0   20.0  13.8   1.2   16.5  18.0  -0.0   11.9  18.2  -8.5
 10.6  12.0  -6.9   10.0  11.4  -3.1    9.3   4.1   0.4    9.2   1.9   0.9
  9.1  -1.0   1.8    9.0  -3.4   2.4    8.6  -7.1   6.0    7.6   2.8  10.4
  7.3   5.5  15.0    6.9   3.6   6.2    6.8   1.3   5.0    6.7  -2.9   2.9
  6.3 -13.7  -2.4

 99.9 -41.7 -11.2   90.0 -24.2   0.0   80.0 -19.3   2.7   70.0 -11.8  -1.0
 60.0 -11.2   1.7   50.0   1.1  -2.9   45.0   1.0  -0.0   40.0   3.0  -3.7
 35.0   8.6  -8.0   30.0  21.4   5.7   25.0  12.0  -1.2   22.5  11.0  -0.4
 20.0  13.8   1.2   15.0  18.1  -2.6   12.0  18.2  -8.3   10.0  11.4  -3.1
  8.0  -1.3   8.6    7.0   4.1   8.5    6.0   0.0   0.0    5.0   0.0   0.0
  4.0   0.0   0.0

  3. 9.2022  12 Uhr

 99.9   0.0   0.0   90.0   0.0   0.0   80.0   0.0   0.0   70.0   0.0   0.0
 60.0   0.0   0.0   50.0   0.0   0.0   45.0   0.0   0.0   40.0   0.0   0.0
 35.0   0.0   0.0   30.0   0.0   0.0   25.0   0.0   0.0   22.5   0.0   0.0
 20.0   0.0   0.0   15.0   0.0   0.0   12.0   0.0   0.0   10.0   0.0   0.0
  8.0   0.0   0.0    7.0   0.0   0.0    6.0   0.0   0.0    5.0   0.0   0.0
  4.0   0.0   0.0

  4. 9.2022   0 Uhr

 99.9 -43.6  -7.7   94.7 -26.8  -7.2   91.1 -21.0  -9.8   77.9  -5.6   2.6
 72.8  -6.1   1.1   70.0 -12.8  -1.1   69.5 -14.9  -1.3   64.2 -17.4   4.7
 61.4 -11.4   3.1   59.5  -6.8  -2.5   54.3  -5.1  -3.5   51.6  -6.1   0.5
 50.0  -2.4   3.4   49.6  -1.4   3.9   45.7   2.2   2.2   44.5   2.4  -3.4
 44.1   2.6  -5.6   41.5   5.3  -7.6   38.3   4.0 -11.1   35.5  12.8  -1.1
 31.1  20.1  -0.0   30.0  20.1  -0.0   29.1  19.0  -1.7   26.3  16.4   4.4
 23.3  18.0  -0.0   20.8  16.0   5.8   20.0  14.0   5.1   16.4  16.9  -6.2
 12.6  14.7  -2.6   11.7  11.7   2.1   10.3   7.2  -0.0   10.0   9.2  -0.8
  9.1   4.1  -5.9    8.4  -3.2  -2.6    8.2  -0.7  -1.9    7.7  -1.0   0.3
  7.6   2.8   1.3    7.4   3.7   1.7    6.9   7.5  -3.5    6.4  -8.2  -0.7
  6.3  -9.6   1.7    4.9  -4.7   2.2    4.8  -1.0   1.8

 99.9 -43.6  -7.7   90.0 -19.8  -8.8   80.0  -8.2   0.5   70.0 -12.8  -1.1
 60.0  -8.0  -1.0   50.0  -2.4   3.4   45.0   2.3  -1.0   40.0   4.7  -9.2
 35.0  13.6  -1.0   30.0  20.1  -0.0   25.0  17.1   2.5   22.5  17.4   1.8
 20.0  14.0   5.1   15.0  16.1  -4.9   12.0  12.7   0.5   10.0   9.2  -0.8
  8.0  -0.8  -1.1    7.0   6.7  -2.4    6.0  -8.6   1.8    5.0  -5.0   2.1
  4.0   0.0   0.0

  4. 9.2022  12 Uhr

 99.9 -52.2  -9.2   93.0 -21.0  -1.8   89.7 -11.8   0.0   70.6  -8.4  -3.9
 70.0  -8.9  -4.1   67.2 -17.4  -4.7   65.1 -19.0  -1.7   61.2  -6.1  -0.5
 60.1  -5.1   0.0   54.7  -6.9  -6.9   50.8  -0.4  -2.0   50.2   2.0  -0.2
 50.0   3.0   0.5   49.1   4.8   1.8   46.3   4.1  -0.4   44.0   2.6  -5.6
 43.0   1.9  -7.0   40.1   5.9  -4.1   37.2   6.8  -2.5   34.9  18.7  -3.3
 32.5  20.8  -3.7   30.0  17.7   3.1   29.8  17.4   4.7   26.9  23.4   6.3
 25.1  21.0  -1.8   22.6  15.9  -0.0   20.0  17.9   1.6   19.0  19.4   5.2
 16.6  15.9  -1.4   12.4  10.7  -5.0   10.7   7.2  -0.6   10.0   7.1  -6.0
  9.2   2.2  -4.7    8.7   1.3  -1.6    8.6  -0.4  -2.0    8.5  -0.6  -0.8
  8.4   1.9  -0.9    8.3   1.6  -1.3    8.0   2.2   2.2    7.9   3.0   4.2
  7.0   5.8   2.1    6.5  -5.1  -3.5    6.2  -5.0   1.3    5.9 -15.7   2.8
  5.4 -12.2  14.6    5.0 -11.4   8.0

 99.9 -52.2  -9.2   90.0 -12.7  -0.2   80.0 -10.2  -1.9   70.0  -8.9  -4.1
 60.0  -5.2  -0.1   50.0   3.0   0.5   45.0   3.3  -3.3   40.0   5.9  -4.1
 35.0  18.2  -3.3   30.0  17.7   3.1   25.0  20.8  -1.8   22.5  16.0   0.1
 20.0  17.9   1.6   15.0  14.0  -2.7   12.0   9.9  -4.0   10.0   7.1  -6.0
  8.0   2.2   2.2    7.0   5.8   2.1    6.0 -12.1   2.3    5.0 -11.4   8.0
  4.0   0.0   0.0

  5. 9.2022   0 Uhr

 99.9 -31.8  -8.5   88.7  -9.3   0.0   80.3  -4.8   1.8   75.7  -6.2   0.0
 70.0 -16.7   2.9   69.0 -19.0   1.7   63.5 -15.7   2.8   60.4  -8.0   4.6
 56.5  -7.5   3.5   53.7   3.1   5.3   51.0   6.1   1.1   50.0   6.2  -0.0
 48.6   7.1  -1.3   45.1   1.9 -10.6   42.9   1.4  -8.1   41.1   5.5  -4.6
 39.3   6.5  -3.0   36.2  20.0  -1.7   30.0  15.9  -0.0   22.8  13.7   2.4
 20.0  15.9  -1.4   16.5  14.7 -10.3   15.0  19.8  -3.5   12.7  11.1  -4.0
 11.9  14.7   2.6   10.0  10.7   5.0    9.4   9.2   3.3    8.8   4.4   4.4
  8.1   2.6   3.2    6.7   5.3  -3.1    6.6   3.9  -1.4    6.4   3.1   5.3
  6.1  -0.6   7.2    6.0  -5.1   3.5    5.8  -9.2   0.8    5.1   0.7   4.1
  5.0   7.0   1.9

 99.9 -31.8  -8.5   90.0 -12.0  -1.0   80.0  -4.9   1.6   70.0 -16.7   2.9
 60.0  -8.0   4.5   50.0   6.2  -0.0   45.0   1.9 -10.5   40.0   6.1  -3.7
 35.0  19.2  -1.4   30.0  15.9  -0.0   25.0  14.4   1.6   22.5  13.9   2.0
 20.0  15.9  -1.4   15.0  19.8  -3.5   12.0  14.2   1.7   10.0  10.7   5.0
  8.0   2.8   2.7    7.0   4.7  -1.7    6.0  -5.1   3.5    5.0   7.0   1.9
  4.0   0.0   0.0

  5. 9.2022  12 Uhr

 99.9 -33.8  -9.1   95.1 -27.7  -2.4   86.1  -2.4   2.0   84.3   0.0   3.1
 79.6   0.4   5.1   75.1  -3.6   3.6   70.0  -8.8   6.2   64.4  -8.7   3.2
 62.1  -9.1  -1.6   57.1  -8.9  -2.4   54.3  -3.3  -3.9   50.8  -2.6  -4.5
 50.0  -0.7  -4.1   49.0   2.1  -5.8   45.2   5.5  -4.6   42.5   0.3  -3.1
 41.0   3.9  -1.4   39.9   9.7   0.9   38.1  16.4   4.4   35.5  20.1  -0.0
 32.7  18.7   3.3   30.0  14.9  -1.3   25.4  12.7  -2.2   20.0  18.2  -8.5
 19.7  17.3  -8.0   14.8  12.7   2.2   13.9   9.7  -0.9   12.6  11.7   5.4
 11.0  15.0   5.5   10.0  13.9  -0.0    8.5   8.0  -4.6    7.7  10.9 -13.0
  7.3  10.0 -17.4    6.8   1.7  -9.6    6.6   3.6  -3.6    6.5   2.6  -3.2
  6.3  -5.3  -6.3    6.1 -13.1  -9.1    5.7 -12.2 -14.6    4.8  -5.1   0.4
  4.7  -2.9  -1.1    4.6  -0.2  -2.0    4.4  -1.7   1.2    4.3  -3.1   0.3
  4.2  -6.1   0.5

 99.9 -33.8  -9.1   90.0 -13.6   0.0   80.0   0.4   4.9   70.0  -8.8   6.2
 60.0  -9.0  -1.9   50.0  -0.7  -4.1   45.0   5.1  -4.5   40.0   9.2   0.6
 35.0  19.8   0.6   30.0  14.9  -1.3   25.0  13.0  -2.7   22.5  15.5  -5.5
 20.0  18.2  -8.5   15.0  12.9   1.8   12.0  12.9   5.4   10.0  13.9  -0.0
  8.0   9.8  -9.8    7.0   5.1 -12.8    6.0 -12.9 -10.5    5.0  -6.8  -3.1
  4.0   0.0   0.0

  6. 9.2022   0 Uhr

 99.9 -36.5  -6.4   90.2  -7.5   3.5   87.1  -1.8   2.5   85.0   1.5   1.5
 82.6   2.8   1.3   79.9   2.0   2.4   76.2   0.7   0.8   72.2  -4.1   0.7
 70.0  -4.5   2.6   68.4  -5.6   2.6   67.1  -7.2   0.6   61.5 -11.7  -5.4
 58.4 -14.7  -8.5   51.8 -10.2  -3.7   50.0  -7.1   1.3   47.5  -4.0   4.7
 45.8   3.5   5.1   42.6  13.9   9.7   31.4  15.0  -5.5   30.0  17.4  -4.7
 28.3  15.9  -1.4   25.5   7.6  -7.6   23.6  12.4  -3.3   20.0  10.7  -5.0
 19.5  11.7  -5.4   15.7  16.4   4.4   13.7  11.1   4.0   10.6  18.9  -6.9
 10.0  17.9  -6.5    9.2  14.4  -3.9    8.4   3.5  -7.5    8.3   0.8  -9.2
  6.8  -8.9  -4.1    6.6  -3.3  -3.9    6.5  -0.0  -4.1    6.2  -7.6  -5.3
  6.1 -10.5  -7.4    5.6  -8.8  -6.2    5.4  -9.6   1.7    5.2  -7.7   2.8
  4.8   3.1   5.3    4.5   4.7   6.7    4.4  -0.5   6.1

 99.9 -36.5  -6.4   90.0  -7.1   3.4   80.0   2.0   2.3   70.0  -4.5   2.6
 60.0 -13.1  -6.9   50.0  -7.1   1.3   45.0   6.1   6.2   40.0  14.1   6.5
 35.0  14.6  -0.2   30.0  17.4  -4.7   25.0   8.9  -6.5   22.5  11.9  -3.8
 20.0  10.7  -5.0   15.0  14.6   4.3   12.0  15.2  -1.7   10.0  17.9  -6.5
  8.0  -1.0  -8.3    7.0  -7.5  -4.9    6.0 -10.2  -7.1    5.0  -2.4   4.1
  4.0   0.0   0.0

  6. 9.2022  12 Uhr

 99.9   0.0   0.0   90.0   0.0   0.0   80.0   0.0   0.0   70.0   0.0   0.0
 60.0   0.0   0.0   50.0   0.0   0.0   45.0   0.0   0.0   40.0   0.0   0.0
 35.0   0.0   0.0   30.0   0.0   0.0   25.0   0.0   0.0   22.5   0.0   0.0
 20.0   0.0   0.0   15.0   0.0   0.0   12.0   0.0   0.0   10.0   0.0   0.0
  8.0   0.0   0.0    7.0   0.0   0.0    6.0   0.0   0.0    5.0   0.0   0.0
  4.0   0.0   0.0

  7. 9.2022   0 Uhr

 99.9 -26.9   4.7   94.0 -28.7   2.5   89.3 -15.9   1.4   81.5  -4.2  -3.0
 72.3  -6.8   2.5   70.0  -8.2   0.0   69.2  -9.1  -1.6   63.3  -9.4  -2.5
 58.9 -13.9   0.0   54.9  -7.1   1.3   50.8   4.1   7.1   50.0   4.6   8.0
 47.5   3.2   8.7   44.1  11.7   2.1   38.9  10.6  -1.9   37.0   9.7   0.9
 34.6  10.2  -3.7   31.4  11.7  -5.4   30.0  12.8  -1.1   28.3  18.0  -0.0
 26.1   9.6   1.7   25.6   9.2   3.3   20.0  14.7   2.6   19.4  15.9   1.4
 17.1   7.1  -1.3   15.7  13.9  -0.0   11.5  17.9  -1.6   10.9  12.8  -1.1
 10.0  14.9  -1.3    9.6  17.7  -3.1    8.9  12.9  -0.0    8.0   8.4   8.4
  7.2   6.9   8.3    6.9  -3.2   8.7    6.6  -0.4   2.0    6.5   0.9   1.9
  6.2  -8.0   5.6    5.7 -21.0   9.8    5.1 -13.8   1.2    4.7  -9.4  -5.4
  4.4 -12.6  -5.9

 99.9 -26.9   4.7   90.0 -17.8   1.6   80.0  -4.6  -2.1   70.0  -8.2   0.0
 60.0 -12.8  -0.6   50.0   4.6   8.0   45.0   9.4   3.8   40.0  10.9  -1.0
 35.0  10.1  -2.9   30.0  12.8  -1.1   25.0   9.7   3.3   22.5  12.1   2.9
 20.0  14.7   2.6   15.0  14.5  -0.2   12.0  17.4  -1.4   10.0  14.9  -1.3
  8.0   8.4   8.4    7.0   0.2   8.6    6.0 -13.1   7.2    5.0 -12.7  -0.4
  4.0   0.0   0.0

  7. 9.2022  12 Uhr

 99.9 -34.5  -6.1   95.7 -30.7   2.7   89.3 -14.9  -1.3   78.0  -1.3  -2.8
 73.5  -0.7  -0.7   72.6  -1.0   0.0   72.2  -0.9  -0.4   70.0  -1.3  -1.6
 69.4  -1.8  -2.5   59.8 -14.4  -3.9   55.9  -9.1   1.6   53.4  -4.1   5.9
 50.0  -5.1   5.1   49.2  -2.6   3.2   47.3   1.1   4.0   45.5   2.1   3.6
 44.8   4.1   0.7   44.2   6.1  -0.5   41.0   9.4  -2.5   38.3   4.6  -5.5
 36.7   7.0  -1.9

 99.9 -34.5  -6.1   90.0 -16.6  -0.9   80.0  -3.8  -2.5   70.0  -1.3  -1.6
 60.0 -14.1  -3.8   50.0  -5.1   5.1   45.0   3.5   1.5   40.0   7.7  -3.6
 35.0   0.0   0.0   30.0   0.0   0.0   25.0   0.0   0.0   22.5   0.0   0.0
 20.0   0.0   0.0   15.0   0.0   0.0   12.0   0.0   0.0   10.0   0.0   0.0
  8.0   0.0   0.0    7.0   0.0   0.0    6.0   0.0   0.0    5.0   0.0   0.0
  4.0   0.0   0.0

  8. 9.2022   0 Uhr

 99.9 -38.5  -6.8   91.4  -7.1   6.0   88.4  -0.8   3.0   84.1   1.0  -0.4
 82.9  -0.0  -1.0   80.7  -2.2  -2.2   77.3  -2.9  -1.1   76.0  -0.7  -0.7
 75.2   0.8  -0.6   74.8   1.0  -0.3   73.3   2.0  -0.4   70.5   3.2  -2.6
 70.0   2.6  -3.2   68.0  -1.3  -5.0   61.1 -19.4  -5.2   54.8  -8.0   4.6
 52.7  -6.1   0.5   50.8  -2.4  -3.4   50.0  -1.7  -3.7   48.3  -1.6  -1.3
 47.5  -0.7   0.7   47.1  -0.9   1.9   43.9   6.8   2.5   38.5   4.0  -1.1
 36.2   6.3   5.3   32.3  15.4   7.2   30.0  14.5   6.7   27.9   8.4   8.4
 23.4  16.0  -5.8   20.0  21.0  -1.8   18.7  22.1  -0.0   15.4  21.8   3.8
 13.5   8.9  -2.4   11.9   8.9  -4.1   10.7  22.0  -1.9   10.0  24.8  -4.4
  7.7  11.8  -0.0    7.0   6.3   5.3    6.6  -6.5   6.5    6.3  -7.7   2.8
  6.1  -9.3   0.0    5.6 -23.1  -2.0

 99.9 -38.5  -6.8   90.0  -4.2   4.6   80.0  -2.3  -2.0   70.0   2.6  -3.2
 60.0 -17.5  -3.5   50.0  -1.7  -3.7   45.0   4.1   2.3   40.0   4.8  -0.1
 35.0   9.0   5.9   30.0  14.5   6.7   25.0  13.1  -0.6   22.5  17.2  -4.8
 20.0  21.0  -1.8   15.0  19.2   2.6   12.0   8.9  -4.0   10.0  24.8  -4.4
  8.0  13.7  -0.6    7.0   6.3   5.3    6.0 -12.0  -0.4    5.0   0.0   0.0
  4.0   0.0   0.0

  8. 9.2022  12 Uhr

 99.9 -31.8   2.8   89.4  -1.2   1.7   88.4   2.0   0.4   83.1   2.9  -1.1
 81.3  -0.2  -2.0   78.3  -2.9  -2.9   74.0  -1.6  -6.0   70.0  -1.8  -4.8
 67.2  -0.8  -3.0   64.3  -5.9  -4.1   59.4 -15.9  -1.4   54.4  -7.5   6.3
 50.8  -1.7   1.2   50.0  -0.7  -0.8   49.8  -0.1  -1.0   47.5  -1.5  -1.5
 44.8  -1.3   1.6   44.2   0.3   1.0   44.1   0.7   0.8   43.7   2.0  -0.2
 42.4   0.8  -3.0   40.8  -3.0  -4.2   39.5  -0.7  -1.9   39.1   1.9  -0.7
 38.5   6.1   1.1   37.0  13.7   2.4   30.0  13.8   8.0   29.1  14.5   6.7
 24.9  19.4  -5.2   20.1  27.2   2.4   20.0  27.2   2.4   15.0  19.0  -1.7
 13.6   7.2   0.6   12.9   8.7   3.2   12.1  16.4   4.4   10.0  14.7  -2.6
  8.3  13.7  -2.4    7.5   1.3  -7.1    6.9   1.5  -1.5    6.8  -0.2  -1.0
  6.6  -4.7  -2.2    6.3 -10.6  -1.9    6.2  -9.6  -1.7    5.6 -16.0  -5.8
  5.4 -23.1  -2.0    5.0 -19.0   0.0

 99.9 -31.8   2.8   90.0  -3.0   1.8   80.0  -1.4  -2.4   70.0  -1.8  -4.8
 60.0 -14.6  -1.7   50.0  -0.7  -0.8   45.0  -1.3   1.3   40.0  -1.6  -2.8
 35.0  13.7   3.9   30.0  13.8   8.0   25.0  19.3  -4.9   22.5  23.1  -1.6
 20.0  27.2   2.4   15.0  19.0  -1.7   12.0  16.3   4.1   10.0  14.7  -2.6
  8.0   9.1  -4.1    7.0   1.4  -2.4    6.0 -11.7  -3.0    5.0 -19.0   0.0
  4.0   0.0   0.0

  9. 9.2022   0 Uhr

 99.9 -15.4  -7.2   89.2   1.0   0.3   80.3   0.9  -0.5   79.6  -1.0  -0.2
 72.1  -5.5   4.6   70.0  -7.1   4.1   68.2  -6.0   1.6   62.8 -14.5   6.7
 54.5  -9.4   2.5   52.0  -4.7  -4.0   50.2  -8.4  -8.4   50.0  -9.1  -9.1
 47.0  -6.7  -4.7   45.4  -5.1  -5.1   42.5  -5.8  -2.1   42.1  -4.1   0.0
 41.4   0.3   3.1   40.4   7.1   6.0   38.6  17.4   4.7   36.5  22.4   6.0
 31.0  15.4   4.1   30.0  16.9   1.5   26.4  16.3  -7.6   24.2  14.9   1.3
 21.3  21.0   1.8   20.0  19.0   1.7   16.6  17.7  -3.1   14.1   9.8  -0.0
 13.7   9.1   1.6   11.4  17.7   3.1   10.0  12.0   6.9    9.7  14.5   6.7
  8.9  13.7   2.4    8.3   3.0  -0.8    8.1  -2.7  -1.5    7.8  -1.8  -2.5
  7.6   1.8  -2.5    7.5   0.5  -3.0    7.4   0.4  -2.0    7.3  -1.0  -1.8
  7.1  -3.6  -2.1    6.7  -6.7  -4.7    6.2  -7.7  -2.8    5.8 -20.8  -3.7
  5.7 -24.1  -2.1    5.1 -12.8   1.1    4.8  -4.7  -6.7    4.4  -2.4  -2.0
  4.2  -2.0   0.4

 99.9 -15.4  -7.2   90.0  -0.3  -0.3   80.0   0.1  -0.4   70.0  -7.1   4.1
 60.0 -12.8   5.4   50.0  -9.1  -9.1   45.0  -5.2  -4.7   40.0   9.4   5.7
 35.0  20.5   5.5   30.0  16.9   1.5   25.0  15.4  -2.0   22.5  18.4   1.6
 20.0  19.0   1.7   15.0  12.7  -1.2   12.0  15.4   2.7   10.0  12.0   6.9
  8.0  -2.4  -1.9    7.0  -4.3  -2.7    6.0 -14.2  -3.2    5.0 -10.2  -1.5
  4.0   0.0   0.0

  9. 9.2022  12 Uhr

 99.9  -6.1   0.5   96.4   4.0   4.7   94.7   8.7   3.2   83.3  14.9   1.3
 77.2   8.2   0.7   75.5   5.8   2.1   73.1   1.3   5.0   70.0  -1.4   8.1
 62.6 -12.2   8.6   57.7 -13.7   2.4   56.1 -10.2  -3.7   53.5  -8.3  -6.9
 50.0 -12.6  -5.9   49.2 -15.0  -5.5   44.9  -4.5   2.6   43.8   2.6   4.5
 43.1   7.1   6.0   40.7  15.4   7.2   32.1  16.0  -5.8   30.0  15.4  -4.1
 28.2  13.1  -4.8   25.1  16.0   5.8   23.1  24.7   9.0

 99.9  -6.1   0.5   90.0  11.2   2.4   80.0  11.3   1.0   70.0  -1.4   8.1
 60.0 -13.0   5.3   50.0 -12.6  -5.9   45.0  -4.7   2.4   40.0  15.4   6.2
 35.0  15.8  -1.2   30.0  15.4  -4.1   25.0  16.4   6.0   22.5  27.4  10.0
 20.0   0.0   0.0   15.0   0.0   0.0   12.0   0.0   0.0   10.0   0.0   0.0
  8.0   0.0   0.0    7.0   0.0   0.0    6.0   0.0   0.0    5.0   0.0   0.0
  4.0   0.0   0.0

 10. 9.2022   0 Uhr

 99.9  -2.0   0.5   99.6  -0.7   0.7   99.1   0.7   0.8   97.6   5.0   1.3
 94.3  11.4   3.1   86.0   9.2  -0.8   79.9  -0.3  -1.0   79.6  -0.7  -0.7
 79.0  -0.6   0.8   78.6  -0.4   1.0   74.5   0.6   7.2   71.0  -3.1   5.3
 70.0  -4.0   4.7   63.8 -12.6   5.9   55.1 -12.4  -3.3   50.8 -17.9  -1.6
 50.0 -18.0   0.0   45.6  -3.6   6.2   44.0   6.7   4.7   42.4  14.7   2.6
 38.0  19.8  -3.5   34.1  15.9  -0.0   31.4  20.4   5.5   30.0  17.9   6.5
 28.9  14.5   6.7   26.2  21.0   9.8   23.5  20.1  -0.0   20.0  15.9  -0.0
 17.4   6.0   1.6   16.8   0.7   1.9   16.2   4.7   4.0   15.6  10.5   7.4
 12.7  11.1   4.0   11.0  19.8   7.2   10.0  19.0   1.7    9.0  12.9  -0.0
  8.1   3.0   4.2    7.8  -0.4   4.1    7.5   0.0   3.1    7.3   3.2   2.6
  6.9   1.4   3.9    6.6   2.8   1.3    6.4   0.4   1.0    6.3  -2.0   0.5
  5.5 -16.4  -4.4

 99.9  -2.0   0.5   90.0  10.3   1.1   80.0  -0.1  -1.0   70.0  -4.0   4.7
 60.0 -12.5   2.0   50.0 -18.0   0.0   45.0   0.2   5.7   40.0  17.4  -0.7
 35.0  16.9  -0.8   30.0  17.9   6.5   25.0  20.6   5.5   22.5  18.9  -0.0
 20.0  15.9  -0.0   15.0  10.6   6.7   12.0  14.6   5.3   10.0  19.0   1.7
  8.0   1.9   4.2    7.0   1.9   3.6    6.0  -7.2  -1.3    5.0   0.0   0.0
  4.0   0.0   0.0

 10. 9.2022  12 Uhr

 99.9   5.1   0.9   96.0  13.9  -0.0   91.6  17.9   1.6   77.8   2.9   2.9
 75.2   0.2   2.0   73.9   1.5   2.7   70.5   0.5   2.0   70.0  -0.5   2.0
 68.9  -2.0   0.5   68.0  -4.1  -0.4   62.1 -13.7   2.4   55.6 -16.5  -9.5
 50.0 -17.4   4.7   49.1 -16.9   6.2   47.6  -9.7   6.8   45.9   5.3   6.3
 40.7  21.8  -3.8   38.3  17.7  -3.1   35.1  18.7   3.3   30.8  20.1  -0.0
 30.0  16.9   1.5   27.8  21.4   5.7   24.8  22.1  -0.0   20.0  14.0   5.1
 18.0  12.0   6.9   14.2  22.4   6.0   12.0  24.7   9.0   10.2  21.0  -1.8
 10.0  20.8  -3.7    9.4   6.9 -12.0

 99.9   5.1   0.9   90.0  16.3   1.7   80.0   5.4   2.7   70.0  -0.5   2.0
 60.0 -14.6  -1.3   50.0 -17.4   4.7   45.0   8.0   4.6   40.0  20.6  -3.6
 35.0  18.8   3.2   30.0  16.9   1.5   25.0  22.1   0.4   22.5  18.4   2.3
 20.0  14.0   5.1   15.0  20.0   6.2   12.0  24.7   9.0   10.0  20.8  -3.7
  8.0   0.0   0.0    7.0   0.0   0.0    6.0   0.0   0.0    5.0   0.0   0.0
  4.0   0.0   0.0

 11. 9.2022   0 Uhr

 99.9   2.5  -6.8   94.9   7.2  -0.6   89.5  10.6  -1.9   83.9   3.0  -0.8
 81.8   1.3   1.6   77.8   0.7   1.9   76.7  -1.9   0.7   75.8  -3.1   0.0
 70.3  -8.0  -4.6   70.0  -8.0  -4.6   64.2 -17.0   0.0   53.8 -15.4   4.1
 50.5  -3.5   7.5   50.0  -0.6   7.2   47.8  11.1   4.0   46.0  13.8  -1.2
 43.1  14.7  -2.6   39.1  22.8   4.0   32.7  19.8  -3.5   30.1  18.7   3.3
 30.0  18.7   3.3   26.1  19.0  -0.0   22.0  12.1   4.4   20.0  10.8  -0.0
 18.9  10.4  -2.8   17.3  14.9  -0.0   16.1  10.8   0.9   13.8  21.0   1.8
 10.8  20.0  -1.7   10.0  16.9   1.5    9.3   8.4   3.9    8.9  12.0   6.9
  8.8  15.6   9.0    7.9   9.4   2.5    7.0   1.4  -8.1    6.7   1.3  -7.1
  6.5  -4.0  -4.7    6.2 -10.5  -7.4    5.9 -18.2  -8.5    5.7 -20.0 -11.6
  5.3 -13.4  -3.6    4.9  -2.6  -4.5    4.6   3.9  -1.4

 99.9   2.5  -6.8   90.0  10.3  -1.8   80.0   1.0   1.7   70.0  -8.0  -4.6
 60.0 -16.4   1.6   50.0  -0.6   7.2   45.0  14.1  -1.7   40.0  20.9   2.5
 35.0  20.9  -0.7   30.0  18.7   3.3   25.0  17.3   1.1   22.5  13.0   3.8
 20.0  10.8  -0.0   15.0  15.5   1.4   12.0  20.4  -0.2   10.0  16.9   1.5
  8.0  10.1   3.3    7.0   1.4  -8.1    6.0 -15.6  -8.1    5.0  -5.3  -4.2
  4.0   0.0   0.0

 11. 9.2022  12 Uhr

 99.9  -2.2  -2.2   99.0  -0.4  -1.0   97.4   2.0  -0.5   95.4   4.1  -0.0
 85.6   8.2  -0.0   80.7   1.8   2.5   78.5  -1.7   3.7   75.4  -5.9   4.1
 72.6  -5.6   2.6   70.0  -5.1   0.0   69.4  -6.1  -1.1   61.7 -18.0   0.0
 53.7 -19.0   1.7   51.3  -6.5   6.5   50.0   0.9   5.1   48.6   8.0   2.1
 45.5  10.4  -2.8   41.8  19.0   1.7   37.4  26.1   2.3   34.0  21.8  -3.8
 30.0  21.1  -0.0   24.5  14.9   1.3   20.0  15.4   4.1   17.4  18.2   8.5
 14.0  19.0  -0.0   13.0  18.2  -8.5   11.6  18.2  -8.5   10.0   8.5  -4.9
  9.4   1.8  -2.5    9.3   0.9  -1.9    9.1   0.7   0.7    8.9   2.0   0.2
  8.5  10.4  -2.8    8.2  11.1  -4.0    7.2   2.4   2.0    7.0  -0.8   3.0
  6.8  -1.2   1.7    6.7  -2.0   0.5    6.1  -5.5   4.6    5.4 -13.9   0.0
  4.8  -8.2  -0.7    4.6  -3.5  -5.1

 99.9  -2.2  -2.2   90.0   6.3  -0.0   80.0   0.7   2.9   70.0  -5.1   0.0
 60.0 -18.2   0.3   50.0   0.9   5.1   45.0  11.6  -2.2   40.0  21.8   1.9
 35.0  23.1  -2.0   30.0  21.1  -0.0   25.0  15.5   1.2   22.5  15.1   2.5
 20.0  15.4   4.1   15.0  18.8   2.6   12.0  18.2  -8.5   10.0   8.5  -4.9
  8.0   9.4  -2.9    7.0  -0.8   3.0    6.0  -6.7   4.0    5.0 -10.2  -0.5
  4.0   0.0   0.0

 12. 9.2022   0 Uhr

 99.9   0.4  -0.9   99.3   1.9  -0.7   97.9   5.1  -0.0   93.2   9.4   2.5
 87.8  10.8   0.9   82.5   3.0   0.5   81.0   0.7  -0.7   80.6  -0.7  -0.7
 76.4  -6.1   1.1   71.3  -8.1  -1.4   70.0  -9.6  -1.7   60.2 -22.1   0.0
 53.0  -0.9   1.9   52.5   1.0   0.4   51.3   6.1  -1.1   50.0  10.4  -2.8
 48.1  14.0  -5.1   43.6  25.2  -0.0   37.0  20.4  -5.5   30.7  18.4   4.9
 30.0  19.4   5.2   20.0  13.1   4.8   18.8  12.6   5.9   15.7  14.5  -6.7
 14.3   9.1  -1.6   12.2  15.7   2.8   10.3   8.4   8.4   10.0   7.6   9.1
  8.8  17.9   6.5    7.6  11.4  -3.1    7.0   6.1   0.5    6.8   2.5  -1.8
  6.6  -0.7   0.8    6.5  -0.8   3.0    6.4  -1.7   3.7

 99.9   0.4  -0.9   90.0  10.2   1.6   80.0  -1.5  -0.5   70.0  -9.6  -1.7
 60.0 -21.6   0.0   50.0  10.4  -2.8   45.0  21.6  -1.6   40.0  22.6  -2.9
 35.0  19.8  -2.3   30.0  19.4   5.2   25.0  16.4   5.0   22.5  14.8   4.9
 20.0  13.1   4.8   15.0  11.8  -4.2   12.0  15.0   3.3   10.0   7.6   9.1
  8.0  13.7   0.2    7.0   6.1   0.5    6.0   0.0   0.0    5.0   0.0   0.0
  4.0   0.0   0.0

 12. 9.2022  12 Uhr

 99.9   3.1  -0.0   96.3   5.3   3.1   87.3   8.9   2.4   84.5   7.1   4.1
 81.3   0.0   6.2   75.1  -5.6   2.6   70.7  -9.2  -0.8   70.0 -10.8  -0.9
 65.7 -18.0   0.0   60.1 -22.7  -8.3   53.8 -14.7   2.6   51.2  -2.5   1.8
 50.5   2.0   0.5   50.0   5.1  -0.4   49.2   8.1  -1.4   44.6  21.8  -3.8
 39.6  24.2  -0.0   36.1  15.9  -0.0   34.2  16.7   2.9   30.9  17.0  -0.0
 30.0  15.9  -0.0   23.7  17.9   6.5   20.0  18.0  -0.0   17.5  13.7  -2.4
 16.7  10.6   1.9   15.7  19.8   7.2   14.7  16.0   5.8   13.8  23.1   2.0
 12.7  16.9  -1.5   11.4  17.4   4.7   10.0  15.4   4.1    8.5  16.4   4.4
  7.5   5.1  -3.5    6.5   4.1   0.7    6.0  -2.8   1.3    5.9  -5.1   0.9
  5.6 -13.4   3.6

 99.9   3.1  -0.0   90.0   7.8   2.6   80.0  -1.1   5.4   70.0 -10.8  -0.9
 60.0 -22.6  -8.1   50.0   5.1  -0.4   45.0  20.6  -3.6   40.0  24.0  -0.3
 35.0  16.4   1.7   30.0  15.9  -0.0   25.0  17.5   5.1   22.5  17.9   4.5
 20.0  18.0  -0.0   15.0  17.1   6.2   12.0  17.2   1.8   10.0  15.4   4.1
  8.0  10.9   0.5    7.0   4.6  -1.5    6.0  -2.8   1.3    5.0   0.0   0.0
  4.0   0.0   0.0

 13. 9.2022   0 Uhr

 99.9   4.0  -1.1   96.6   3.9   1.4   87.2   3.0   0.8   86.3   1.8   1.0
 86.0   0.7   0.7   85.9   0.6   0.8   83.6  -1.6   1.3   78.9  -6.1  -0.5
 70.0 -15.7   2.8   69.6 -15.7   2.8

 99.9   4.0  -1.1   90.0   3.3   1.0   80.0  -5.1  -0.1   70.0 -15.7   2.8
 60.0   0.0   0.0   50.0   0.0   0.0   45.0   0.0   0.0   40.0   0.0   0.0
 35.0   0.0   0.0   30.0   0.0   0.0   25.0   0.0   0.0   22.5   0.0   0.0
 20.0   0.0   0.0   15.0   0.0   0.0   12.0   0.0   0.0   10.0   0.0   0.0
  8.0   0.0   0.0    7.0   0.0   0.0    6.0   0.0   0.0    5.0   0.0   0.0
  4.0   0.0   0.0

 13. 9.2022  12 Uhr

 99.9   1.7  -1.2   97.2   2.0  -0.4   94.9   2.4   2.0   92.1   3.3   3.9
 87.0   4.7   2.2   85.2   2.0   2.4   84.1  -1.0   1.8   82.0  -6.1   1.1
 70.3 -15.9  -1.4   70.0 -15.7  -2.8   63.2 -23.8   4.2   57.0 -18.7  -3.3
 53.8  -0.7   0.7   53.4   0.9   0.5   52.7   4.1  -0.0   50.5  10.4  -2.8
 50.0  12.4  -3.3   46.8  19.0  -1.7   36.3  12.9   7.5   30.0  11.1  -6.4
 27.7   7.6  -9.1   23.3   7.7  -2.8   22.1   6.7   4.7   20.7  17.4  10.0
 20.0  19.1   8.9   17.7  12.6   5.9   16.6  25.3   6.8   14.0  30.7   2.7
 12.5  29.7  -2.6   11.5  19.8  -7.2   10.0  16.4  -4.4    9.7  20.4  -5.5
  9.0   5.6  -8.0    8.0  11.7  -5.4    7.4   4.1  -7.1    7.1   3.6  -6.2
  7.0   1.6  -6.0    6.7   1.8  -2.5    6.6   0.4  -0.9    6.5  -0.8  -0.7
  6.4  -3.1   0.0    6.3  -4.1   0.7    5.9  -6.1   1.1    5.2 -29.8  -8.0
  4.5 -20.0  -9.3

 99.9   1.7  -1.2   90.0   3.9   3.2   80.0  -7.7   0.7   70.0 -15.7  -2.8
 60.0 -21.2   0.4   50.0  12.4  -3.3   45.0  18.0  -0.2   40.0  15.2   4.1
 35.0  12.6   4.7   30.0  11.1  -6.4   25.0   7.7  -5.3   22.5   7.1   2.2
 20.0  19.1   8.9   15.0  28.6   4.3   12.0  24.8  -4.9   10.0  16.4  -4.4
  8.0  11.7  -5.4    7.0   1.6  -6.0    6.0  -5.6   1.0    5.0 -27.1  -8.4
  4.0   0.0   0.0

 14. 9.2022   0 Uhr

 99.9   5.0   1.3   98.5   4.5   2.6   92.9   8.4   3.9   86.6   1.0   1.8
 85.3  -1.8   1.0   84.7  -2.0   0.4   81.1  -7.1  -1.3   71.8 -12.9   7.5
 70.0 -13.9   9.7   64.6 -19.8   7.2   60.5 -20.0   1.7   56.8  -4.8  -1.8
 55.4   1.7  -3.7   52.4  15.4  -4.1   50.1  20.0  -1.7   50.0  20.0  -1.7
 44.1   8.7  -3.2   37.3  10.7   5.0   32.6   9.3  -0.0   30.2   6.8   2.5
 30.0   6.8   2.5   24.4  10.2  -3.7   21.3  17.4   4.7   20.0  18.7   3.3
 18.7  14.9   1.3   17.0  22.0   1.9   12.8  20.1  -0.0   11.6  12.9  -0.0
 10.2  18.9  -6.9   10.0  19.8  -7.2    9.3   8.0  -5.6    8.8   0.4  -5.1
  8.3   3.3  -3.9    8.2   3.0  -4.2    8.0   5.3  -3.1    7.8   3.6  -3.6
  7.2  -5.0  -1.3    6.7  -6.1   1.1

 99.9   5.0   1.3   90.0   5.0   2.9   80.0  -7.8  -0.3   70.0 -13.9   9.7
 60.0 -18.0   1.3   50.0  20.0  -1.7   45.0  10.5  -2.9   40.0   9.9   1.6
 35.0  10.0   2.6   30.0   6.8   2.5   25.0   9.8  -3.0   22.5  14.5   1.3
 20.0  18.7   3.3   15.0  21.1   1.1   12.0  15.3  -0.0   10.0  19.8  -7.2
  8.0   5.3  -3.1    7.0  -5.4  -0.4    6.0   0.0   0.0    5.0   0.0   0.0
  4.0   0.0   0.0

 14. 9.2022  12 Uhr

 99.9   8.9   4.1   93.9   9.2   3.3   84.3   2.4   2.0   83.5   1.0  -0.0
 83.1   0.4  -1.0   82.6  -0.4  -2.0   81.8  -2.4  -3.4   76.0 -10.5  -7.4
 70.0 -12.1   4.4   69.9 -12.1   4.4   66.0 -16.7  -2.9   62.5 -20.0  -1.7
 56.2  -1.7  -1.2   55.5   1.3  -1.6   54.9   2.4  -2.0   51.6   4.1  -5.9
 50.0   7.2  -0.6   49.1   9.6   1.7   45.1  12.8   1.1   40.6   8.5   4.9
 38.4   9.2  -0.8   33.4  10.5  -7.4   30.0   9.7  -0.9   29.5   9.7   0.9
 25.9  10.8  -0.0   23.0  21.8  12.6   20.0  22.7   8.3   17.9  28.8  -0.0
 17.1  28.7  -2.5   15.3   8.0  -5.6   14.6  13.8  -1.2   13.2  13.4  -3.6
 10.4  13.8   1.2   10.0  14.9  -1.3    9.8  16.4  -4.4    8.8   2.1  -3.6
  8.6  -0.5  -3.0    7.9  -2.5  -6.8    6.4 -11.8   1.0    5.1 -37.0   0.0
  4.7 -33.8  -3.0    4.0  -7.2   0.0

 99.9   8.9   4.1   90.0   6.5   2.8   80.0  -4.9  -4.6   70.0 -12.1   4.4
 60.0 -12.9  -1.5   50.0   7.2  -0.6   45.0  12.7   1.2   40.0   8.7   3.4
 35.0  10.1  -5.2   30.0   9.7  -0.9   25.0  14.1   3.8   22.5  22.0  11.9
 20.0  22.7   8.3   15.0  10.5  -3.7   12.0  13.6  -1.6   10.0  14.9  -1.3
  8.0  -2.2  -6.2    7.0  -7.9  -2.2    6.0 -19.1   0.7    5.0 -36.3  -0.7
  4.0  -7.2   0.0

 15. 9.2022   0 Uhr

 99.9   9.4   5.4   96.9   7.1   6.0   87.5  -3.7   1.7   85.6  -2.7  -1.5
 84.3  -3.2  -2.6   74.4 -10.2   3.7   70.0 -13.7  -2.4   66.4 -19.1  -8.9
 60.6 -17.9  -1.6   56.6  -2.9   1.1   55.6   1.3   2.8   52.9   3.0  -0.8
 51.5   6.1   1.1   50.0   8.9   4.1   47.6   8.4   3.9   45.7  10.7  -5.0
 44.6  12.0  -6.9   41.9  12.8  -1.1   40.2   9.8  -9.8   33.4   8.9  -2.4
 30.0  15.4   4.1   26.0  24.3   6.5   21.7  27.8  -0.0   20.2  26.9  -4.7
 20.0  26.9  -4.7   17.0   2.6  -5.6   15.4   7.7   2.8   13.6  15.4   4.1
 11.7  18.0  -0.0   10.0   8.9  -4.1    9.6   3.0  -0.5    9.4   2.2   2.2
  9.2   2.6   5.6    7.9   4.1   7.1    7.4  -1.9   7.0    6.9  -0.9  10.8
  6.4  -7.6   7.6    5.6 -25.1   2.2    5.2 -27.8   0.0

 99.9   9.4   5.4   90.0  -0.8   2.9   80.0  -6.1   0.0   70.0 -13.7  -2.4
 60.0 -15.7  -1.2   50.0   8.9   4.1   45.0  11.6  -6.2   40.0   9.8  -9.6
 35.0   9.2  -4.2   30.0  15.4   4.1   25.0  25.1   5.1   22.5  27.1   1.3
 20.0  26.9  -4.7   15.0   9.4   3.1   12.0  17.6   0.7   10.0   8.9  -4.1
  8.0   4.0   7.0    7.0  -1.1  10.0    6.0 -16.2   5.0    5.0   0.0   0.0
  4.0   0.0   0.0

 15. 9.2022  12 Uhr

 99.9   1.1   6.1   90.4  -4.0   4.7   85.2  -1.5  -2.7   83.9  -1.7  -3.7
 80.2  -8.2   0.0   76.5  -9.2  -3.3   73.7  -9.7  -0.9   70.0 -10.2  -3.7
 66.8 -13.8  -8.0   60.7 -15.4  -7.2   56.8  -2.1   0.0   56.4   0.5   0.9
 55.9   3.2   2.6   54.1   6.8   2.5   51.9   3.9  -1.4   50.0   7.2   0.6
 47.3   9.6   1.7   45.8  10.4  -2.8   42.0  12.6  -5.9   35.0  12.4  -3.3
 30.0  20.8   3.7   29.5  22.8   4.0   22.4  28.4  -5.0   20.0  20.0  -1.7
 19.2  12.8  -1.1   18.6   8.0   2.1   16.5  22.0   1.9   13.9  20.0   1.7
 10.7   5.8  -2.1   10.2   3.4   2.4   10.1   2.1   3.6   10.0   2.6   4.5
  9.7  -1.5   2.7    9.5  -4.1   0.0    9.3  -4.0   1.1    9.0   3.5   5.1
  8.7   7.6   5.3    7.3   0.8   9.2    6.3   0.0  11.8    5.8  -1.4   8.1
  5.6  -8.5   4.9    5.3 -24.1  -2.1

 99.9   1.1   6.1   90.0  -3.8   4.2   80.0  -8.3  -0.2   70.0 -10.2  -3.7
 60.0 -13.0  -5.9   50.0   7.2   0.6   45.0  10.9  -3.4   40.0  12.5  -5.2
 35.0  12.4  -3.3   30.0  20.8   3.7   25.0  26.2  -1.5   22.5  28.3  -4.9
 20.0  20.0  -1.7   15.0  20.9   1.8   12.0  11.9  -0.5   10.0   2.6   4.5
  8.0   4.3   7.2    7.0   0.6  10.0    6.0  -0.8   9.6    5.0   0.0   0.0
  4.0   0.0   0.0

 16. 9.2022   0 Uhr

 99.9  -5.1   0.4   90.7   0.7  -8.2   88.3  -0.6  -7.2   86.5  -4.7  -4.0
 83.5  -7.7  -2.8   78.9  -8.0  -5.6   71.4  -7.1  -1.3   70.0  -8.1  -1.4
 67.5 -13.9   0.0   63.1 -16.7   2.9   60.0  -7.1   4.1   58.4   2.1   5.8
 56.7   4.6   5.5   54.6   6.1  -0.5   51.0  11.7  -5.4   50.0  12.6  -5.9
 46.0  11.4  -8.0   42.6   7.1  -1.3   41.4   7.2  -0.0   39.1  15.4  -4.1
 38.0  15.0  -5.5   36.4  11.8  -0.0   30.4  20.8   3.7   30.0  21.8   3.8
 25.8  18.4  -4.9   23.1  21.4  -5.7   20.3  10.4  -2.8   20.0  10.6  -1.9
 19.1  12.7   2.2   18.0  20.8   3.7   16.0  19.8  -3.5   14.1  11.8  -0.0
 12.8  12.9  -0.0   12.0   8.0   4.6   10.2   6.5   6.5   10.0   7.5   6.3
  9.6  10.2   3.7    8.4  20.0   9.3    6.8  13.7   2.4    5.8   8.8  -6.2
  5.7   6.5  -3.0    5.6   2.0  -2.4    5.5  -5.1  -0.9    5.4 -13.9   0.0


 99.9  -5.1   0.4   90.0   0.3  -7.9   80.0  -7.9  -4.9   70.0  -8.1  -1.4
 60.0  -7.1   4.1   50.0  12.6  -5.9   45.0  10.1  -6.0   40.0  12.2  -2.5
 35.0  13.8   0.8   30.0  21.8   3.8   25.0  19.2  -5.2   22.5  19.1  -5.1
 20.0  10.6  -1.9   15.0  15.7  -1.7   12.0   8.0   4.6   10.0   7.5   6.3
  8.0  18.5   7.7    7.0  14.5   3.3    6.0   9.9  -4.4    5.0   0.0   0.0
  4.0   0.0   0.0

 16. 9.2022  12 Uhr

 99.9  -2.5   1.8   98.9  -2.0  -0.2   97.9  -0.9  -1.9   96.3  -0.0  -5.1
 87.7  -3.7 -10.2   82.5  -7.5   3.5   80.8  -7.1   4.1   75.3 -10.6  -1.9
 70.5  -9.6   1.7   70.0  -9.6   1.7   63.8 -15.7  -2.8   61.9 -17.9   1.6
 56.0  -1.0   0.3   55.7   1.0  -0.2   52.5  12.1  -4.4   50.0  17.3  -8.0
 49.4  17.3  -8.0   45.0  11.4  -9.6   40.8  10.8   0.9   38.2  15.4  -7.2
 36.3  11.7  -2.1   33.4  19.0  -1.7   30.0  20.0  -1.7   28.6  20.8  -3.7
 26.8  14.9  -0.0   24.1  22.7   8.3   20.8  12.1   4.4   20.0  12.6   5.9
 18.3  22.4   6.0   14.6   7.1  -4.1   12.8  13.8   1.2   10.0  23.8   4.2
  9.8  26.9   4.7    9.2  23.1   2.0    8.3  27.2   2.4    5.5   3.3 -12.4
  5.3 -11.1  -6.4    5.1 -23.1  -2.0    4.8 -15.9  -1.4    4.5  -7.1   4.1
  4.3  -9.7  -0.9    4.1  -9.8   0.0

 99.9  -2.5   1.8   90.0  -2.7  -8.8   80.0  -7.6   3.3   70.0  -9.6   1.7
 60.0 -12.6   1.2   50.0  17.3  -8.0   45.0  11.4  -9.6   40.0  12.2  -1.5
 35.0  14.9  -1.9   30.0  20.0  -1.7   25.0  20.1   5.4   22.5  17.7   6.4
 20.0  12.6   5.9   15.0   8.9  -2.9   12.0  16.5   2.0   10.0  23.8   4.2
  8.0  24.9   1.0    7.0  17.0  -4.0    6.0   8.1  -9.4    5.0 -20.7  -1.8
  4.0  -9.8   0.4

 17. 9.2022   0 Uhr

 99.9   4.4  -4.4   92.0  -3.7 -10.2   81.4  -7.2   0.0   70.6 -20.0  -1.7
 70.0 -21.0  -1.8   65.3 -25.3   6.8   60.8  -6.1  -0.5   57.8   2.6  -3.2
 56.9   5.3  -3.1   50.0  11.1  -4.0   49.9  11.1  -4.0   45.4   2.9  -2.9
 43.9   7.1  -1.3   42.4  12.9  -0.0   39.6   5.1  -5.1   37.4  11.8   1.0
 32.8  19.0   1.7   30.8  19.4  -5.2   30.0  19.4  -5.2   25.3  26.1   2.3
 23.7  19.0  -1.7   20.0  22.0   1.9   19.2  23.1   2.0   15.3   8.9  -2.4
 11.3   8.4  -3.9   10.3  23.2  -0.0   10.0  26.2  -0.0    7.6   9.4  -5.4


 99.9   4.4  -4.4   90.0  -4.3  -8.3   80.0  -8.8  -0.2   70.0 -21.0  -1.8
 60.0  -3.8  -1.2   50.0  11.1  -4.0   45.0   4.0  -2.5   40.0   6.2  -4.3
 35.0  15.4   1.4   30.0  19.4  -5.2   25.0  24.8   1.6   22.5  19.9  -0.5
 20.0  22.0   1.9   15.0   8.9  -2.5   12.0   8.5  -3.6   10.0  26.2  -0.0
  8.0  12.4  -4.4    7.0   0.0   0.0    6.0   0.0   0.0    5.0   0.0   0.0
  4.0   0.0   0.0

 17. 9.2022  12 Uhr

 99.9   2.6  -3.2   96.1  -3.1  -5.3   92.2  -9.1  -7.6   70.0 -23.1  -2.0
 67.7 -25.1   2.2   65.2 -25.8   4.6   60.3  -2.0  -0.4   59.7   1.2  -1.7
 59.0   3.9  -1.4   52.7   8.3  -6.9   50.0   3.2  -8.7   46.9   0.5  -2.0
 44.4  -0.9   0.4   44.1   0.4   1.0   43.8   1.8   1.0   43.3   4.0   1.1
 41.6   4.5   2.6   36.0  22.4  -6.0   30.0  17.7  -3.1   26.1  24.1  -2.1
 24.4  20.4  -5.5   20.0  21.4   5.7   18.3  21.8   3.8   17.4  17.0  -0.0
 15.5   4.9  -8.5   14.6   8.7  -3.2   13.4   7.6  -5.3   12.2   9.7  -0.9
 10.9  26.1  -2.3   10.6  29.7  -2.6   10.0  23.4  -6.3    8.0   3.9  -3.3
  7.6   2.1  -5.8    6.8   0.5  -3.0    6.7  -0.2  -2.0    6.6  -1.8  -1.0
  6.5  -4.1  -0.4    5.8  -9.4   2.5

 99.9   2.6  -3.2   90.0 -10.3  -7.1   80.0 -16.4  -4.7   70.0 -23.1  -2.0
 60.0  -0.4  -1.0   50.0   3.2  -8.7   45.0  -0.6  -0.2   40.0   9.4   0.2
 35.0  21.6  -5.5   30.0  17.7  -3.1   25.0  21.7  -4.3   22.5  20.8  -0.8
 20.0  21.4   5.7   15.0   7.0  -5.5   12.0  12.2  -1.1   10.0  23.4  -6.3
  8.0   3.9  -3.3    7.0   0.9  -3.8    6.0  -7.9   1.7    5.0   0.0   0.0
  4.0   0.0   0.0

 18. 9.2022   0 Uhr

 99.9 -11.4  -3.1   94.9 -10.6  -8.9   89.9 -15.0  -5.5   80.0 -16.9  -6.2
 73.3 -27.3   0.0   70.0 -27.7   2.4   68.7 -27.2   2.4   61.7  -2.4   2.0
 59.8   2.0   0.4   57.4   1.8  -1.0   55.2   1.9   0.7   52.5   2.2   2.2
 50.8  -1.8   2.5   50.0  -2.4   3.4   48.1  -1.3   5.0   45.3   9.8   4.6
 43.2  12.8   1.1   36.5  18.7  -3.3   30.0  20.0  -1.7   27.6  15.4  -4.1
 24.7  17.9   1.6   20.0  19.0  -1.7   19.8  19.0  -1.7   16.6   1.5  -2.7
 15.9  -0.8   0.6   15.7   1.5   1.5   15.6   2.9   1.1   15.1  11.7   2.1
 14.2   9.1   1.6   13.7  10.2   3.7   12.4  22.0   1.9   11.0  20.0  -1.7
 10.0  12.2  -8.6    8.8  -0.0  -5.1    8.6   0.4  -2.0    8.4  -0.9  -0.5
  8.3  -0.8   0.7    8.1  -2.8   1.3    6.4  -8.0   5.6    6.2  -6.9   8.3
  5.7 -16.7   2.9    4.9   0.9  -1.9    4.7   2.4   3.4    4.4   6.9   6.9
  4.2   8.2   0.7

 99.9 -11.4  -3.1   90.0 -14.9  -5.5   80.0 -16.9  -6.2   70.0 -27.7   2.4
 60.0   1.6   0.5   50.0  -2.4   3.4   45.0  10.2   4.1   40.0  15.6  -0.9
 35.0  19.0  -3.0   30.0  20.0  -1.7   25.0  17.7   1.0   22.5  18.4   0.1
 20.0  19.0  -1.7   15.0  11.4   2.0   12.0  21.5   0.9   10.0  12.2  -8.6
  8.0  -3.1   1.5    7.0  -6.1   4.0    6.0 -10.8   6.2    5.0  -1.4  -1.2
  4.0   0.0   0.0

 18. 9.2022  12 Uhr

 99.9 -13.9   0.0   94.2 -14.9   1.3   87.8  -6.9   6.9   84.5  -8.7   3.2
 78.7  -5.3   3.1   76.7  -3.6   3.6   72.5 -13.1   4.8   70.0 -17.9   6.5
 67.8 -19.1   8.9   63.7 -23.1   2.0   53.2  -7.1  -6.0   51.2  -5.1  -0.4
 50.0  -1.7   3.7   49.6  -0.4   5.1   47.5   5.3   6.3   41.0  11.4  -3.1
 35.3  15.7  -2.8   31.7   9.7   0.9   30.0  13.4   3.6   27.3  10.2   5.9
 24.9  17.9   6.5   20.3  19.0  -1.7   20.0  17.7  -3.1   18.6   6.1  -1.1
 16.5   8.9   4.1   15.2  23.1   2.0   14.1  16.4  -4.4   13.1  21.8  -7.9
 12.6  22.7  -8.3   11.8  13.1  -4.8   11.1   4.1  -8.9   10.0  -0.0  -5.1
  9.9  -0.0  -4.1    9.5  -2.4  -2.0    9.4  -2.4  -2.0    9.3  -2.0  -0.4
  9.2  -0.6   0.8    9.0   0.0   3.1    8.6  -0.5   3.0    8.5  -2.0   2.4
  7.8  -6.1  -1.1    7.4  -2.2   2.2    7.0  -7.1   1.3    6.5  -8.0   5.6
  6.0   2.4   8.9    5.4   0.0  10.8    5.2  -8.9  10.6    5.1 -14.7   8.5
  4.8  -6.3  -7.5

 99.9 -13.9   0.0   90.0  -9.7   5.0   80.0  -6.1   3.1   70.0 -17.9   6.5
 60.0 -17.7  -0.7   50.0  -1.7   3.7   45.0   7.6   2.8   40.0  12.1  -3.0
 35.0  15.2  -2.5   30.0  13.4   3.6   25.0  17.6   6.5   22.5  18.4   2.4
 20.0  17.7  -3.1   15.0  21.9   0.9   12.0  15.5  -5.6   10.0  -0.0  -5.1
  8.0  -4.9  -0.1    7.0  -7.1   1.3    6.0   2.4   8.9    5.0 -11.9   3.2
  4.0   0.0   0.0

 19. 9.2022   0 Uhr

 99.9  -7.5   6.3   98.6  -5.6   8.0   90.9  -3.5   7.5   81.9  -9.7  -0.9
 78.3 -12.1  -4.4   73.8 -22.8  -4.0   70.0 -21.0  -1.8   62.9 -21.1   0.0
 58.2 -10.2  -5.9   55.4  -8.1   1.4   53.0  -0.6   7.2   50.0   4.1   8.9
 49.9   4.1   8.9   47.8   4.1   7.1   43.7   7.2   0.6   38.5  10.4  -2.8
 34.5  10.8   0.9   33.3  15.0   5.5   30.0  21.4   5.7   25.5  21.8   3.8
 22.8  20.4  -5.5   20.8  10.2  -5.9   20.0  12.6  -5.9   16.6  11.8   1.0
 14.8   7.1  -4.1   13.9   8.2  -0.7   12.8   2.6  -5.6   11.1   1.3   1.6
 10.0   4.4   4.4    9.8   4.4   4.4    9.3  -1.3   5.0    8.9   4.6   5.5
  8.3   0.9   9.7    7.9   7.5  12.9    6.7   3.1  17.7    5.8   5.1   5.1
  5.6   0.5   3.0    5.5  -2.8   1.3    5.4  -9.2  -0.8    5.0 -21.0  -9.8


 99.9  -7.5   6.3   90.0  -4.1   6.7   80.0 -11.0  -2.7   70.0 -21.0  -1.8
 60.0 -14.5  -3.6   50.0   4.1   8.9   45.0   6.2   2.7   40.0   9.5  -1.8
 35.0  10.7   0.5   30.0  21.4   5.7   25.0  21.5   2.2   22.5  18.9  -5.5
 20.0  12.6  -5.9   15.0   7.7  -3.5   12.0   2.0  -2.3   10.0   4.4   4.4
  8.0   5.8  12.1    7.0   4.3  16.5    6.0   4.6   8.0    5.0 -21.0  -9.8
  4.0   0.0   0.0

 19. 9.2022  12 Uhr

 99.9  -4.7   6.7   95.4  -1.4   3.9   93.8  -1.8   2.5   92.2  -2.0   0.2
 89.2  -1.6  -1.3   84.5  -2.4  -3.4   73.8 -21.1   0.0   70.0 -25.1   2.2
 66.4 -21.8   3.8   60.5 -14.6 -12.2   55.7  -9.6  -1.7   53.8  -2.7   1.5
 52.4   0.4   2.0   50.4   0.5   3.0   50.0   1.1   2.9   48.6   1.0   0.4
 48.0   1.6  -1.3   47.2   2.0  -2.4   44.4   6.1  -0.5   42.1   1.5  -1.5
 41.1   4.1  -0.0   39.6  12.9  -0.0   32.0  24.8   4.4   30.0  23.8   4.2
 28.1  18.7   3.3   24.5  19.4  -5.2   23.4  12.6  -5.9   21.3   9.3  -0.0
 20.0   4.6  -5.5   19.9   4.0  -4.7   18.8   8.9   2.4   17.5  11.8   1.0
 15.7  13.7   2.4   14.2   5.1   5.1   13.3  12.6   5.9   11.2   7.5   6.3
 10.0   9.8   4.6    9.9  10.7   5.0    9.3   4.6   5.5    8.6  14.0   5.1
  8.0  12.4   3.3    7.5  15.0   5.5    6.8   8.8   6.2    6.1   4.1  -0.4
  6.0   3.6  -2.1    5.5   4.1  -8.9    5.3  -7.5 -12.9    5.0 -27.6 -15.9


 99.9  -4.7   6.7   90.0  -1.7  -0.9   80.0 -10.0  -2.0   70.0 -25.1   2.2
 60.0 -14.1 -11.2   50.0   1.1   2.9   45.0   5.2  -0.9   40.0  10.5  -0.0
 35.0  19.9   2.6   30.0  23.8   4.2   25.0  19.3  -4.0   22.5  11.2  -3.4
 20.0   4.6  -5.5   15.0   9.7   3.6   12.0   9.5   6.1   10.0   9.8   4.6
  8.0  12.4   3.3    7.0  10.6   6.0    6.0   3.6  -2.1    5.0 -27.6 -15.9
  4.0   0.0   0.0

 20. 9.2022   0 Uhr

 99.9  -4.8  -1.8   97.1  -1.8  -1.0   95.3   0.7  -1.9   84.9   0.7  -0.8
 84.6   0.1  -1.0   84.3  -1.0  -0.2   81.5  -6.2   3.6   77.0 -16.9   6.2
 71.3 -14.5   6.7   70.0 -14.0   5.1   63.1 -18.3 -10.5   59.3 -17.4  -4.7
 51.2   0.0   2.1   50.0  -1.0  -0.3   49.7  -1.8  -1.0   47.6   0.4  -2.0
 47.2   1.0  -0.1   46.4   2.2   2.2   45.7   2.6   4.5   41.6  13.4   3.6
 36.4  25.8   4.6   33.1  22.4   6.0   30.0  15.9  -0.0   26.3   8.4  -3.9
 23.4   9.6  -1.7   21.5  11.4   3.1   20.6   8.0   2.1   20.0   4.2   3.0
 18.4  14.0   5.1   14.9  15.4   4.1   14.2  20.4   5.5   13.5  15.9   1.4
 12.7  20.0  -1.7   10.5  11.7  -2.1   10.0  12.4  -3.3    9.1  12.4  -3.3
  8.1   6.1  -1.1    7.0   5.6   2.6    6.9   4.0   4.7    6.5   2.5   9.4
  5.5  -2.1  11.7    5.2 -16.4   4.4    4.9 -28.4   5.0

 99.9  -4.8  -1.8   90.0   0.7  -1.4   80.0  -9.8   4.4   70.0 -14.0   5.1
 60.0 -17.6  -5.8   50.0  -1.0  -0.3   45.0   4.4   4.3   40.0  17.1   3.9
 35.0  24.4   5.2   30.0  15.9  -0.0   25.0   8.9  -2.9   22.5  10.5   0.5
 20.0   4.2   3.0   15.0  15.4   4.2   12.0  17.5  -1.8   10.0  12.4  -3.3
  8.0   6.0  -0.8    7.0   5.6   2.6    6.0   0.3  10.5    5.0 -24.3   4.8
  4.0   0.0   0.0

 20. 9.2022  12 Uhr

 99.9   0.2   2.0   98.5  -0.1   1.0   97.7   0.7   0.8   94.1  -0.0  -2.1
 93.2  -1.1  -2.9   89.8  -1.6  -6.0   84.8  -4.7  -2.2   82.0  -6.2   3.6
 80.1  -8.0   5.6   75.5 -18.7   3.3   71.2 -14.0   5.1   70.0 -14.4   3.9
 62.6 -21.0  -1.8   59.8 -17.9   1.6   57.7 -12.0   6.9   52.4  -2.8   1.3
 51.2  -2.1  -3.6   50.0  -0.0  -6.2   49.0   1.8  -4.8   46.6   5.6   2.6
 41.1  13.9  -0.0   38.0  22.8   4.0   34.7  22.8   4.0   30.0  13.1  -4.8
 29.7  12.1  -4.4   28.2   9.8  -0.0   23.5  12.0   6.9   20.0  14.5   6.7
 18.7  20.8   7.6   13.9  17.9  -1.6   10.0  12.4   3.3    9.1  12.4   3.3
  8.5   4.0  -4.7    7.9   9.2   0.8    7.1  12.1   4.4    6.2   5.3   3.1
  6.0   0.4   4.1    5.9  -0.4   4.1    5.8  -2.0   0.5    5.6  -2.8  -1.3
  5.5  -3.1   0.0    5.4  -6.1  -1.1    5.0 -21.9  10.2    4.9 -23.8  11.1
  4.5  -8.0  -2.1

 99.9   0.2   2.0   90.0  -1.6  -5.8   80.0  -8.2   5.6   70.0 -14.4   3.9
 60.0 -18.2   1.3   50.0  -0.0  -6.2   45.0   7.9   1.9   40.0  17.0   1.4
 35.0  22.8   4.0   30.0  13.1  -4.8   25.0  11.3   4.6   22.5  12.7   6.9
 20.0  14.5   6.7   15.0  18.6   0.7   12.0  15.4   0.7   10.0  12.4   3.3
  8.0   8.3  -0.1    7.0  11.4   4.3    6.0   0.4   4.1    5.0 -21.9  10.2
  4.0   0.0   0.0

 21. 9.2022   0 Uhr

 99.9   0.5   6.1   92.5   1.7   3.7   89.3  -3.0   0.8   87.8  -5.1   0.0
 79.7 -10.7   5.0   70.0 -19.0   1.7   69.1 -19.0   0.0   64.5 -14.9  -1.3
 59.4  -3.4   2.4   58.6  -2.8   1.3   57.2  -2.8  -1.3   54.0  -0.4  -2.0
 51.5   0.4  -4.1   50.0   3.4  -2.4   49.5   4.8  -1.8   43.9  10.5   7.4
 41.7  12.4   3.3   38.4  20.4   5.5   31.8   9.4  -2.5   30.0   6.1   1.1
 25.1   6.9   6.9   21.8  16.2  13.6   20.0  22.4   6.0   19.9  23.4   6.3
 16.6  26.1   2.3   12.1  10.2  -3.7   10.0   4.8   1.8    9.2   6.8   2.5
  9.0   2.5   1.8    8.9   0.5   0.9    8.8  -1.7   1.2    8.3  -3.9   1.4
  8.1  -0.4   4.1    7.9   1.6   6.0    7.5   0.0   8.2    7.0   8.0   5.6
  6.7   3.9   8.4    6.5   7.6   5.3    6.0   3.2   2.6    5.9   1.5   2.7
  5.7  -4.0   1.1    5.1 -17.3  12.1    5.0 -22.8  10.7    4.7 -19.8   7.2


 99.9   0.5   6.1   90.0  -1.9   1.4   80.0 -10.5   4.8   70.0 -19.0   1.7
 60.0  -4.8   1.9   50.0   3.4  -2.4   45.0   9.4   5.5   40.0  16.5   4.4
 35.0  14.9   1.5   30.0   6.1   1.1   25.0   7.2   7.1   22.5  14.1  12.1
 20.0  22.4   6.0   15.0  20.9   0.3   12.0   9.9  -3.5   10.0   4.8   1.8
  8.0   0.6   5.0    7.0   8.0   5.6    6.0   3.2   2.6    5.0 -22.8  10.7
  4.0   0.0   0.0

 21. 9.2022  12 Uhr

 99.9  -1.4   3.9   92.9  -1.3   5.0   89.9  -6.8   2.5   87.5 -10.8   0.9
 83.0 -12.1   4.4   70.9 -16.7  -2.9   70.0 -16.7  -2.9   64.0 -17.9  -1.6
 61.2  -8.1   1.4   58.2   0.5   6.1   54.0   2.4   3.4   52.1   2.4  -2.0
 50.0   2.6  -4.5   49.1   2.4  -3.4   47.4   5.0   1.3   46.4   8.4   3.9
 43.5  15.7   2.8   39.1  18.9   6.9   32.3   8.2  -0.7   30.7   7.6   5.3
 30.0   8.8   6.2   28.3  14.7   8.5   22.9  19.8  13.9   20.0  22.0   1.9
 19.2  22.0  -1.9   14.4  13.1  -4.8   11.9   7.2  -0.0   11.4   8.7   3.2
 10.6  10.8  -0.0   10.0   8.4   3.9    9.9   8.0   4.6    8.4   8.9  10.6
  7.1  14.9  -0.0    6.1   1.3  -7.1    5.6  -7.7   2.8    4.9 -30.7   2.7
  4.7 -28.8   0.0

 99.9  -1.4   3.9   90.0  -6.6   2.5   80.0 -13.2   2.7   70.0 -16.7  -2.9
 60.0  -4.7   3.3   50.0   2.6  -4.5   45.0  11.9   3.4   40.0  18.2   6.0
 35.0  12.6   2.4   30.0   8.8   6.2   25.0  17.7  11.7   22.5  20.1  12.3
 20.0  22.0   1.9   15.0  14.3  -4.4   12.0   7.5  -0.2   10.0   8.4   3.9
  8.0  10.7   7.5    7.0  13.6  -0.7    6.0  -0.5  -5.2    5.0 -27.3   2.7
  4.0   0.0   0.0

 22. 9.2022   0 Uhr

 99.9 -14.9   1.3   91.5 -12.7   2.2   86.4 -12.8  -1.1   78.4  -4.1   0.0
 76.1  -2.0  -2.4   74.3  -1.7  -3.7   71.3  -1.5  -2.7   70.0  -1.3  -1.6
 65.9  -3.1   0.0   61.9  -9.6   1.7   57.5  -8.9   2.4   53.9  -9.1  -1.6
 51.9  -5.1   0.4   50.7   1.4   3.9   50.0   4.7   4.0   49.1   8.5   4.9
 47.1  16.0   5.8   38.5  10.8  -0.0   36.8  10.2  -3.7   33.4   6.8  -2.5
 31.9   8.7   3.2   30.0  13.1   4.8   25.8  14.7  10.3   22.2  19.4  -5.2
 20.0  21.4  -5.7   19.6  21.4  -5.7   17.2  10.8  -0.0   14.8  10.8  -0.0
 12.5  14.7   8.5   10.0  15.9  -1.4    9.9  15.4  -4.1    8.9  10.8  -0.9
  8.3  13.8  -1.2    7.0  10.6   1.9    6.4   5.0  -1.3    6.2   1.7  -3.7
  5.9  -2.6  -4.5    5.8  -5.1  -0.9    5.7  -8.9   2.4

 99.9 -14.9   1.3   90.0 -12.7   1.3   80.0  -5.9  -0.2   70.0  -1.3  -1.6
 60.0  -9.3   2.0   50.0   4.7   4.0   45.0  14.8   4.5   40.0  11.8   1.1
 35.0   8.4  -3.1   30.0  13.1   4.8   25.0  15.7   7.0   22.5  19.0  -3.8
 20.0  21.4  -5.7   15.0  10.8  -0.0   12.0  14.9   6.6   10.0  15.9  -1.4
  8.0  13.1  -0.5    7.0  10.6   1.9    6.0  -1.1  -4.2    5.0   0.0   0.0
  4.0   0.0   0.0

 22. 9.2022  12 Uhr

 99.9   0.0   0.0   90.0   0.0   0.0   80.0   0.0   0.0   70.0   0.0   0.0
 60.0   0.0   0.0   50.0   0.0   0.0   45.0   0.0   0.0   40.0   0.0   0.0
 35.0   0.0   0.0   30.0   0.0   0.0   25.0   0.0   0.0   22.5   0.0   0.0
 20.0   0.0   0.0   15.0   0.0   0.0   12.0   0.0   0.0   10.0   0.0   0.0
  8.0   0.0   0.0    7.0   0.0   0.0    6.0   0.0   0.0    5.0   0.0   0.0
  4.0   0.0   0.0

 23. 9.2022   0 Uhr

 99.9   7.0   1.9   93.2   3.7  -1.7   90.1  -0.0  -3.1   87.4  -2.4  -2.0
 85.1  -3.9  -1.4   82.0  -5.6  -2.6   76.5 -11.8   0.0   70.0 -12.7  -2.2
 67.4 -15.0  -5.5   62.3 -15.4  -4.1   60.0 -10.8   0.9   54.7  -1.5   1.5
 54.3   1.2   1.7   53.6   4.7   2.2   50.2  12.9  -0.0   50.0  13.9  -0.0
 39.8   8.2   0.7   37.9   8.0   5.6   35.4   9.8   9.8   30.0  15.9  -0.0
 29.3  16.7  -2.9   25.6  20.8  -7.6   22.0  12.7   2.2   20.1   8.0  11.4
 20.0   8.6  12.2   19.0  18.5  15.5   15.6  16.0   5.8   12.5  17.9  -6.5
 10.7  18.7  -3.3   10.0  16.4  -4.4    8.2   7.7  -2.8    7.6   5.1   5.1
  6.8   7.1   6.0    6.6   1.8  -1.0    6.5  -2.1  -3.6    5.9  -9.8   4.6


 99.9   7.0   1.9   90.0  -0.1  -3.0   80.0  -7.8  -1.7   70.0 -12.7  -2.2
 60.0 -10.8   0.9   50.0  13.9  -0.0   45.0  11.2   0.3   40.0   8.3   0.7
 35.0  10.3   9.1   30.0  15.9  -0.0   25.0  19.5  -6.0   22.5  13.8   0.8
 20.0   8.6  12.2   15.0  16.3   3.6   12.0  18.1  -5.7   10.0  16.4  -4.4
  8.0   6.9  -0.2    7.0   6.6   5.7    6.0  -8.5   3.2    5.0   0.0   0.0
  4.0   0.0   0.0

 23. 9.2022  12 Uhr

 99.9   2.2   2.2   98.6   0.5   2.0   95.2  -0.9   1.9   91.5  -3.1   0.0
 87.9  -7.0   1.9   83.4  -8.7  -3.2   78.5 -12.8  -1.1   74.2 -12.0  -6.9
 71.1 -15.6  -9.0   70.0 -17.3  -8.0   66.3 -15.7   2.8   60.8 -15.7   2.8
 57.5  -2.2   2.2   57.2   0.5   2.0   56.7   3.4   2.4   56.1   7.0   1.9
 52.4  13.7   2.4   50.0  13.9  -0.0   43.5   9.3  -0.0   40.3   8.5  -4.9
 32.5  10.6   1.9   30.0  11.4  -3.1   29.6  11.4  -3.1   26.3  22.4   6.0
 23.8  13.8   1.2   20.0  23.7   8.6   19.7  23.7   8.6   13.6  19.1  -8.9
 10.1   9.2  -0.8   10.0   8.1  -1.4    8.7  19.0  -1.7

 99.9   2.2   2.2   90.0  -4.7   0.8   80.0 -11.5  -1.8   70.0 -17.3  -8.0
 60.0 -12.5   2.6   50.0  13.9  -0.0   45.0  10.4  -0.0   40.0   8.5  -4.6
 35.0   9.9  -0.4   30.0  11.4  -3.1   25.0  18.0   3.5   22.5  17.1   3.6
 20.0  23.7   8.6   15.0  20.3  -4.5   12.0  14.9  -5.4   10.0   8.1  -1.4
  8.0   0.0   0.0    7.0   0.0   0.0    6.0   0.0   0.0    5.0   0.0   0.0
  4.0   0.0   0.0

 24. 9.2022   0 Uhr

 99.9   3.6  -3.6   98.7   5.3  -3.1   96.1   4.2  -3.0   92.3   1.1  -4.0
 89.4   0.3  -3.1   88.5  -0.4  -0.9   88.1  -0.9  -0.5   87.4  -2.0   0.2
 85.7  -4.7   2.2   76.7 -12.8  -1.1   70.7 -14.7   8.5   70.0 -13.9   9.7
 66.9 -15.6   9.0   62.5  -5.1   0.4   60.6  -1.3  -2.8   59.0  -0.8  -3.0
 56.9   5.1  -0.0   55.2  10.4   2.8   51.3   8.4   3.9   50.0   8.0   2.1
 46.1   8.0  -4.6   43.1   7.1  -4.1   39.3  13.7   2.4   37.0  14.4   3.9
 30.0  18.7  -3.3   29.2  17.4  -4.7   22.4  17.9   6.5   20.0  20.4   5.5
 19.2  19.4   5.2   14.8  13.1  -4.8   13.1   2.9  -2.9   12.4   9.7  -0.9
 11.4  17.7  -3.1   10.0  14.4  -3.9    8.6   7.1  -4.1    7.9  11.1   6.4
  7.2  11.7   2.1    6.8   7.6   5.3    6.6   7.2   0.6    6.5   3.6  -2.1
  6.4   0.9   0.4    6.3  -2.2   4.7    5.7 -16.9   6.2    4.9 -29.0  10.6


 99.9   3.6  -3.6   90.0   0.4  -3.3   80.0  -9.7   0.1   70.0 -13.9   9.7
 60.0  -1.1  -2.9   50.0   8.0   2.1   45.0   7.7  -4.4   40.0  12.4   1.2
 35.0  15.6   1.9   30.0  18.7  -3.3   25.0  17.7   2.0   22.5  17.9   6.3
 20.0  20.4   5.5   15.0  13.4  -4.3   12.0  12.9  -1.7   10.0  14.4  -3.9
  8.0  10.6   4.9    7.0   9.6   3.7    6.0  -9.4   5.4    5.0 -27.4  10.0
  4.0   0.0   0.0

 24. 9.2022  12 Uhr

 99.9   6.5  -3.0   95.4   1.0   0.3   94.6  -0.6   0.8   90.5  -4.6   5.5
 84.8  -8.1   1.4   80.8  -9.1   1.6   77.7 -10.7  -5.0   72.4 -15.0  -5.5
 70.0 -11.8   1.0   67.3  -9.4   5.4   63.6 -12.7   2.2   60.4  -2.1   0.0
 60.0  -0.8  -0.7   59.7   0.7  -1.9   57.8   2.6  -5.6   55.2   7.7  -2.8
 51.4   9.7  -0.9   50.0  11.1  -4.0   46.2   8.4  -8.4   43.5  12.2 -10.3
 39.5  14.4  -3.9   33.5   8.9  -2.4   31.6  11.7   5.4   30.0  18.9   6.9
 29.7  18.9   6.9   22.0  19.4   5.2   20.2  17.7  -3.1   20.0  16.4  -4.4
 16.1  12.1  -4.4   14.5   6.9  -8.3   13.6   6.1  -0.5   13.0  13.9  -0.0
 10.0  14.7  -2.6    9.8  16.9   1.5    8.6  15.4   4.1    7.0   6.0  -1.6
  6.8   5.1   0.9    6.3  -0.5  -6.1    6.2  -2.9  -2.9    6.1  -5.6   2.6
  6.0  -8.0   5.6    5.6 -13.9   0.0    5.1 -27.8   7.5    4.0 -30.8  -8.3


 99.9   6.5  -3.0   90.0  -4.9   5.2   80.0  -9.5  -0.1   70.0 -11.8   1.0
 60.0  -0.8  -0.7   50.0  11.1  -4.0   45.0  10.1  -9.2   40.0  14.1  -4.7
 35.0  10.4  -2.8   30.0  18.9   6.9   25.0  19.2   5.9   22.5  19.3   5.3
 20.0  16.4  -4.4   15.0   8.6  -7.0   12.0  14.1  -0.8   10.0  14.7  -2.6
  8.0  12.0   2.1    7.0   6.0  -1.6    6.0  -8.0   5.6    5.0 -28.1   6.1
  4.0 -30.8  -8.3

 25. 9.2022  12 Uhr

 99.9 -11.8  -1.0   95.5  -7.2   0.0   93.2  -2.4  -2.0   92.0   0.2  -2.0
 88.8   0.6  -0.8   87.9  -1.0   0.0   86.6  -2.7   1.5   80.8  -6.5   3.0
 77.9  -9.8   0.0   72.1 -10.2   3.7   70.0  -9.6  -1.7   67.7 -13.5  -6.3
 64.9 -15.0  -5.5   61.0  -3.9  -1.4   59.4  -0.4  -4.1   56.2  -0.5  -3.0
 55.5   2.8  -1.3   55.1   4.1  -0.4   52.2   4.2   3.0   50.0   7.2   0.6
 49.2   8.1  -1.4   46.9  13.1  -4.8   41.6  11.8  -1.0   38.6   9.4  -2.5
 33.0  12.4   3.3   30.0  18.7   3.3   27.9  19.0  -0.0   22.6  14.9  -1.3
 21.0  12.2  -8.6   20.0  12.2  -8.6   18.0  12.1  -4.4   17.0   8.9   2.4
 14.0  19.0   1.7   13.0  16.3   7.6   10.5  12.1   4.4   10.0  11.4   3.1
  8.7  14.9  -1.3    7.5   9.2   0.8    7.3   5.8   2.1    7.2   4.4   4.4
  6.8   3.3   3.9    6.5   1.6   6.0    6.3  -2.0   0.5    6.2  -3.1  -0.3
  6.0  -6.2   3.6    5.7 -12.7  -2.2    5.3 -20.4   5.5    5.0 -27.8   0.0
  4.4 -27.4  -4.8

 99.9 -11.8  -1.0   90.0   0.4  -1.3   80.0  -7.4   2.2   70.0  -9.6  -1.7
 60.0  -1.7  -3.1   50.0   7.2   0.6   45.0  12.6  -3.5   40.0  10.6  -1.8
 35.0  11.3   1.2   30.0  18.7   3.3   25.0  16.8  -0.7   22.5  14.7  -1.7
 20.0  12.2  -8.6   15.0  15.5   1.9   12.0  14.7   6.4   10.0  11.4   3.1
  8.0  11.6  -0.1    7.0   3.8   4.2    6.0  -6.2   3.6    5.0 -27.8   0.0
  4.0   0.0   0.0

 26. 9.2022   0 Uhr

 99.9   2.9  -2.9   98.0   5.0  -1.3   93.6   3.9  -1.4   90.9   0.4  -0.9
 89.1  -1.0   0.2   86.8  -3.4   2.4   74.7  -9.8   4.6   72.3  -9.2  -3.3
 70.1 -11.4  -8.0   70.0 -11.4  -8.0   66.1 -15.4  -7.2   63.9 -14.7  -2.6
 60.6  -3.6  -2.1   57.8  -2.0   2.4   56.1   2.5   1.8   54.3   2.0   0.4
 51.1   0.5   0.9   50.0   2.0   0.2   49.6   3.1   0.3   42.9   9.1  -1.6
 41.2   8.4  -3.9   36.8  11.4  -3.1   34.4  13.1   4.8   30.0  19.0  -0.0
 29.4  19.0  -1.7   21.3  14.4  -3.9   20.0  12.9  -0.0   18.3  12.4   3.3
 15.6  18.3  10.5   13.1  14.9  -0.0   12.1  20.0   1.7   10.7  16.9  -1.5
 10.0  13.7   2.4    9.3  10.4   2.8    8.4   8.1  -1.4    7.8  10.4   2.8
  6.9   9.8  -0.0    6.7   4.6  -8.0    6.0 -12.9  -7.5    5.5 -20.6 -14.5


 99.9   2.9  -2.9   90.0  -0.3  -0.4   80.0  -6.9   3.6   70.0 -11.4  -8.0
 60.0  -3.2  -1.1   50.0   2.0   0.2   45.0   7.2  -1.0   40.0   9.2  -3.7
 35.0  12.6   2.8   30.0  19.0  -0.0   25.0  16.6  -2.8   22.5  15.2  -3.5
 20.0  12.9  -0.0   15.0  17.5   8.1   12.0  19.8   1.5   10.0  13.7   2.4
  8.0   9.6   1.4    7.0   9.9   0.3    6.0 -12.9  -7.5    5.0   0.0   0.0
  4.0   0.0   0.0

 26. 9.2022  12 Uhr

 99.9   2.0   0.2   99.1   2.8  -1.3   95.1   0.5  -2.0   93.5  -1.0  -0.4
 92.7  -2.0  -0.2   88.5  -4.0   1.1   80.0  -9.1  -7.6   74.4 -15.9   0.0
 70.0 -14.7  -8.5   68.2 -16.5  -9.5   62.9 -17.9   6.5   54.9  -1.5   1.5
 53.3   1.6   1.3   50.0   9.1   1.6   39.2  10.8  -0.9   34.5  12.4   3.3
 30.0  16.0  -5.8   29.9  16.0  -5.8   26.0  14.9   1.3   22.4  11.8   1.0
 20.5  20.8   7.6   20.0  23.4   6.3   17.5  28.4   5.0   14.5  17.9   1.6
 12.4  23.2  -0.0   11.4  19.8   3.5   10.0  15.9  -1.4    9.6  15.4  -4.1
  8.1  13.8  -1.2    6.9  10.5 -10.5    6.6   2.4  -8.9    6.4  -3.2  -8.7
  5.6 -14.0  -5.1    4.9 -27.8   0.0

 99.9   2.0   0.2   90.0  -3.3   0.6   80.0  -9.1  -7.6   70.0 -14.7  -8.5
 60.0 -12.1   4.7   50.0   9.1   1.6   45.0   9.8   0.5   40.0  10.6  -0.7
 35.0  12.2   2.9   30.0  16.0  -5.8   25.0  14.0   1.2   22.5  11.9   1.0
 20.0  23.4   6.3   15.0  19.8   2.2   12.0  21.8   1.4   10.0  15.9  -1.4
  8.0  13.6  -1.9    7.0  10.8  -9.7    6.0  -8.5  -6.9    5.0 -25.7  -0.8
  4.0   0.0   0.0

 27. 9.2022   0 Uhr

 99.9   0.8  -3.0   98.0   0.1  -1.0   97.2  -0.3  -1.0   95.9  -1.0   0.2
 89.4  -2.2  -4.7   87.3  -5.1  -3.5   76.1 -17.7   3.1   72.8 -19.0  -1.7
 70.0 -17.9   1.6   67.5 -15.0   5.5   61.0  -2.1  -5.8   56.4  -2.5  -6.8
 52.2  -3.1   0.3   51.5   0.7   1.9   51.2   2.0   2.4   50.1   7.1   4.1
 50.0   7.1   4.1   43.1   8.4   3.9   41.3   7.1  -1.3   39.3   7.5  -3.5
 36.3  10.8  -0.9   31.6  16.7  -2.9   30.0  17.0  -0.0   28.1  17.4   4.7
 22.4  21.8   7.9   20.0  27.7  -2.4   17.1  22.7  -8.3   13.8  24.1   2.1
 12.2  15.4  -7.2   10.8  11.7  -2.1   10.3  11.7   2.1   10.0  12.4   3.3
  8.5  13.5   6.3    8.0  16.7   2.9    7.1   4.1  -0.4    7.0   3.0   0.5
  6.8  -1.3   2.8    6.7  -5.9   4.1    6.5 -10.2   3.7    5.9 -13.4   3.6
  5.4 -24.8   4.4    5.0 -25.6   9.3

 99.9   0.8  -3.0   90.0  -2.1  -4.2   80.0 -13.2   0.7   70.0 -17.9   1.6
 60.0  -2.2  -6.0   50.0   7.1   4.1   45.0   8.0   4.0   40.0   7.3  -2.7
 35.0  12.4  -1.5   30.0  17.0  -0.0   25.0  19.7   6.4   22.5  21.7   7.9
 20.0  27.7  -2.4   15.0  23.6  -1.9   12.0  14.9  -6.5   10.0  12.4   3.3
  8.0  16.7   2.9    7.0   3.0   0.5    6.0 -12.9   3.6    5.0 -25.6   9.3
  4.0   0.0   0.0

 27. 9.2022  12 Uhr

 99.9  -7.1  -1.3   94.8  -0.4  -4.1   92.7  -0.9  -5.1   87.0  -9.8  -4.6
 82.0 -17.9  -6.5   74.5 -18.4  -4.9   70.0 -14.9   1.3   65.7 -14.5   6.7
 60.2  -9.2  -0.8   58.8  -6.1   0.5   54.6   3.1   5.3   52.9   8.0   5.6
 50.0  14.0   5.1   49.0  15.4   4.1   42.2  10.2  -5.9   39.1  12.6  -5.9


 99.9  -7.1  -1.3   90.0  -5.1  -4.8   80.0 -18.0  -6.1   70.0 -14.9   1.3
 60.0  -8.8  -0.6   50.0  14.0   5.1   45.0  12.4  -1.6   40.0  11.9  -5.9
 35.0   0.0   0.0   30.0   0.0   0.0   25.0   0.0   0.0   22.5   0.0   0.0
 20.0   0.0   0.0   15.0   0.0   0.0   12.0   0.0   0.0   10.0   0.0   0.0
  8.0   0.0   0.0    7.0   0.0   0.0    6.0   0.0   0.0    5.0   0.0   0.0
  4.0   0.0   0.0

 28. 9.2022   0 Uhr

 99.9 -27.8  -7.5   95.7 -17.7   3.1   83.5 -19.0   0.0   78.2 -15.4   4.1
 74.5 -15.9   0.0   71.3 -17.7   3.1   70.0 -14.7   2.6   62.1  -1.0  -0.4
 61.7   0.7   0.8   57.2  14.4   3.9   51.9  13.8   1.2   50.0  13.8  -1.2
 46.2   8.0  -5.6   43.6   6.1  -0.5   39.8   9.8  -0.0   37.1  11.1  -4.0
 30.8  18.9   6.9   30.0  17.9   6.5   24.1  18.4   4.9   21.2  22.0  -1.9
 20.0  19.8  -3.5   18.6  12.9  -0.0   17.5  11.4   3.1   16.5  17.4   4.7
 13.6  19.0  -1.7   12.3  11.8  -0.0   11.4  14.0  -5.1   10.0  19.8  -3.5
  7.2   9.2  -0.8    7.0   4.5   2.6    6.5   6.3   5.3    6.2   0.7   4.1
  6.1  -1.7   3.7    5.6 -10.4  -2.8    4.9 -17.4   4.7

 99.9 -27.8  -7.5   90.0 -18.3   1.7   80.0 -16.7   2.7   70.0 -14.7   2.6
 60.0   5.8   1.9   50.0  13.8  -1.2   45.0   7.2  -3.3   40.0   9.6  -0.0
 35.0  13.6  -0.6   30.0  17.9   6.5   25.0  18.3   5.2   22.5  20.4   1.2
 20.0  19.8  -3.5   15.0  18.2   1.5   12.0  12.5  -1.7   10.0  19.8  -3.5
  8.0  12.5  -1.6    7.0   4.5   2.6    6.0  -3.4   2.5    5.0 -16.4   3.6
  4.0   0.0   0.0

 28. 9.2022  12 Uhr

 99.9   0.0   0.0   90.0   0.0   0.0   80.0   0.0   0.0   70.0   0.0   0.0
 60.0   0.0   0.0   50.0   0.0   0.0   45.0   0.0   0.0   40.0   0.0   0.0
 35.0   0.0   0.0   30.0   0.0   0.0   25.0   0.0   0.0   22.5   0.0   0.0
 20.0   0.0   0.0   15.0   0.0   0.0   12.0   0.0   0.0   10.0   0.0   0.0
  8.0   0.0   0.0    7.0   0.0   0.0    6.0   0.0   0.0    5.0   0.0   0.0
  4.0   0.0   0.0

 29. 9.2022   0 Uhr

 99.9   0.0   0.0   90.0   0.0   0.0   80.0   0.0   0.0   70.0   0.0   0.0
 60.0   0.0   0.0   50.0   0.0   0.0   45.0   0.0   0.0   40.0   0.0   0.0
 35.0   0.0   0.0   30.0   0.0   0.0   25.0   0.0   0.0   22.5   0.0   0.0
 20.0   0.0   0.0   15.0   0.0   0.0   12.0   0.0   0.0   10.0   0.0   0.0
  8.0   0.0   0.0    7.0   0.0   0.0    6.0   0.0   0.0    5.0   0.0   0.0
  4.0   0.0   0.0

 29. 9.2022  12 Uhr

 99.9 -12.8  -1.1   96.5 -13.9  -9.7   89.9 -10.8   0.9   84.6 -14.9   1.3
 80.1  -9.2   0.8   76.4  -3.5  -5.1   70.2  -8.1   1.4   70.0  -8.1   1.4
 68.5  -9.2   0.8   66.2  -7.1  -4.1   63.4  -4.7  -4.0   60.5  -1.8  -4.8
 58.0  -0.7  -0.8   57.7  -0.1  -1.0   57.3   0.4   0.9   57.2   0.7   0.7
 54.8   2.1   3.6   50.0   9.4   5.4   48.8  10.2   3.7   42.3   4.7   4.0
 40.2  11.7   2.1   30.0  26.3   7.1   29.8  26.8   7.2   22.0  20.8   7.6
 20.0  24.2  -0.0   16.7  19.8  -7.2   14.5   9.8  -0.0   13.9  12.4   3.3
 11.4  17.9   6.5   10.5  10.7   5.0   10.0  15.0   5.5    8.0  13.4  -3.6
  7.4  -2.1  -5.8    6.8  -7.7  -2.8    6.6  -5.0   1.3    6.2   2.9   1.1
  6.1   4.8   1.8    5.6   1.3  -7.1    5.4  -2.4 -13.7    4.9 -16.9 -14.2
  4.5  -8.9 -10.6    4.3  -9.8   0.0

 99.9 -12.8  -1.1   90.0 -10.8   0.8   80.0  -9.1   0.7   70.0  -8.1   1.4
 60.0  -1.5  -4.0   50.0   9.4   5.4   45.0   7.0   3.9   40.0  11.9   2.1
 35.0  18.8   4.5   30.0  26.3   7.1   25.0  23.3   7.4   22.5  21.2   7.5
 20.0  24.2  -0.0   15.0  12.1  -1.7   12.0  16.5   5.7   10.0  15.0   5.5
  8.0  13.4  -3.6    7.0  -5.8  -3.8    6.0   4.1   0.0    5.0 -14.0 -14.1
  4.0   0.0   0.0

 30. 9.2022   0 Uhr

 99.9 -13.8   8.0   95.9 -13.1   4.8   89.4  -7.6   9.1   85.0  -9.9   8.3
 76.0 -10.7  -5.0   70.0 -13.5  -6.3   65.4 -12.1  -4.4   62.6  -7.0   1.9
 59.7   2.1   8.0   58.6   4.9   8.5   53.3   3.9   8.4   51.4   6.2   3.6
 50.0   7.7   2.8   46.5   6.1   0.5   45.0   4.8   1.8   42.4  11.8  -0.0
 34.3  17.0  -0.0   31.9  24.8  -4.4   30.0  24.1  -2.1   28.8  22.1  -0.0
 27.1  19.8  -3.5   21.8  19.0   1.7   20.2  23.4  -6.3   20.0  23.4  -6.3
 18.2  14.5  -6.7   15.9   6.1   1.1   13.3  18.7  -3.3   11.4  18.7  -3.3
 10.0  19.8   3.5    8.2  18.7   3.3    7.6   5.3   3.1    7.4  -1.3   5.0
  5.8   2.4   3.4    5.7  -0.5  -0.9    5.4 -12.2  -8.6    4.9 -21.8  -7.9


 99.9 -13.8   8.0   90.0  -8.1   8.7   80.0 -10.3   1.0   70.0 -13.5  -6.3
 60.0   1.2   7.3   50.0   7.7   2.8   45.0   4.8   1.8   40.0  13.3  -0.0
 35.0  16.5  -0.0   30.0  24.1  -2.1   25.0  19.5  -1.5   22.5  19.1   0.9
 20.0  23.4  -6.3   15.0  10.3  -0.4   12.0  18.7  -3.3   10.0  19.8   3.5
  8.0  14.4   3.2    7.0  -0.5   4.6    6.0   1.9   3.6    5.0 -19.8  -8.0
  4.0   0.0   0.0

 30. 9.2022  12 Uhr

 99.9 -11.1   4.0   92.6 -13.8  -1.2   86.8 -13.9   0.0   76.6 -17.4  -4.7
 70.0 -11.1   4.0   63.2 -10.6  -1.9   58.9  -6.5   6.5   55.5  -4.8   1.8
 53.0  -2.1  -5.8   51.7  -0.7  -8.2   50.0  -0.6  -7.2   48.0  -0.0  -1.0
 47.6   0.8  -0.6   47.5   1.0  -0.0   47.3   1.9   0.7   45.9   4.2   3.0
 44.3   6.2  -0.0

 99.9 -11.1   4.0   90.0 -13.9  -0.7   80.0 -16.2  -3.1   70.0 -11.1   4.0
 60.0  -7.6   4.4   50.0  -0.6  -7.2   45.0   5.3   1.3   40.0   0.0   0.0
 35.0   0.0   0.0   30.0   0.0   0.0   25.0   0.0   0.0   22.5   0.0   0.0
 20.0   0.0   0.0   15.0   0.0   0.0   12.0   0.0   0.0   10.0   0.0   0.0
  8.0   0.0   0.0    7.0   0.0   0.0    6.0   0.0   0.0    5.0   0.0   0.0
  4.0   0.0   0.0


Monatsmittelwind fuer den  9 2022

Niveau Anzahl     U     V   DD FF
 [hPa]        [m/s] [m/s]     [kn]
  99.9     53 -10.1  -1.0   84 20
  90.0     53  -4.8  -0.4   85  9
  80.0     53  -8.0  -0.1   89 15
  70.0     53 -12.4   0.4   92 24
  60.0     52 -10.4  -0.6   87 20
  50.0     52   4.1  -0.1  272  8
  45.0     52   7.8  -0.4  273 15
  40.0     51  11.4  -0.6  273 22
  35.0     49  14.4   0.3  269 28
  30.0     49  16.6   1.3  266 32
  25.0     49  17.0   1.5  265 33
  22.5     49  17.2   1.8  264 34
  20.0     48  17.2   0.9  267 34
  15.0     48  15.2   0.4  268 29
  12.0     48  14.7   0.1  270 29
  10.0     48  13.4  -0.5  272 26
   8.0     46   6.8   0.5  266 13
   7.0     45   2.6   1.0  249  5
   6.0     42  -6.8   0.8   97 13
   5.0     30 -17.3  -0.1   90 34
   4.0      3 -15.9  -2.6   81 31
