sing20211002.00
TTAA  52001 48698
99009 24209 05508 00114 23212 01504 92797 23056 16508
85533 19057 13510 70170 08010 19508 50588 06710 12516
40760 15912 04529 30970 31127 02014 25097 41533 06519
20244 54556 08033 15421 70344 08062 10657 72157 34502
88127 78934 08064
77119 08578 41478=
TTCC  52001 48698
70865 73341 25014 50069 64740 24019 30385 60313 09054
20641 53311 08568 10105 43558 06027
88294 61114 09553
77173 08578 40810=
TTDD  5200/ 48698
11898 74550 22869 71357 33790 75146 44760 72757 55738 72947
66694 73545 77675 68958 88635 69547 99579 64956 11549 65332
22469 62947 33435 61142 44420 62523 55387 62930 66374 62318
77357 63328 88332 58537 99294 61114 11246 59513 22221 56312
33217 55319 44196 52710 55184 50923 66183 50141 77182 49931
88169 47322 99158 46720 11151 45536 22127 42146 33113 41156
44101 42958 55094 37962 66088 35565 77073 35168 88072 35768
99070 33372 11069 29976 22060 26393 33055 27593 44048 26193
21212 11992 29004 22926 25525 33800 30519 44756 34512 55710
25512 66596 35502 77593 03002 88590 13502 99589 15002 11568
21016 22554 23021 33531 23029 44485 25016 55445 20514 66414
18521 77376 07023 88331 07049 99296 09554 11248 08064 22173
08578 33144 08068 44111 10523 55101 06025 66096 09027 77092
10518 88091 12510 99089 21512 11084 24529 22076 24541 33072
24541 44066 30019 55062 26521 66058 25033 77048 29012=
