sing20211023.12
TTAA  73111 48698
99008 27640 02507 00104 27441 02004 92793 23037 22002
85527 19649 32002 70177 09206 01006 50590 05507 05016
40763 14358 08508 30974 30333 05510 25101 39963 10514
20249 53161 09021 15428 68561 08531 10661 80757 05014
88103 82156 07519
77999=
TTCC  73117 48698
70868 72765 30019
88999
77999=
TTDD  7311/ 48698
11978 76560 22884 78957 33858 74761 44707 73164 55681 70567
66604 74169 77536 67378
21212 11974 35010 22906 33012 33879 01006 44868 07004 55847
15008 66790 21514 77747 28516 88730 30019 99642 27525 11536
29521=
