sing20211029.00
TTAA 79001 48698
99010 28043 32505 00108 27237 09505 92794 22643 14511
85528 19050 18508 70170 10039 07009 50589 05904 07511
40761 15918 09519 30972 30522 09024 25099 40545 07524
20246 53132 09036 15425 68538 10046 10661 76958 25021
88120 78150 08545
77999=
TTCC 79001 48698
70867 70766 28032 50068 66572 26518 30380 59977 08052
20638 52581 09078 10102 37190 27506
88914 79357 25007
77177 09083 41013=
TTDD 7900/ 48698
11914 79357 22808 76559 33739 69767 44666 72366 55533
65573 66469 67172 77438 61975 88363 67572 99280 56379
11256 58777 22223 52981 33172 49383 44151 49982 55134
40588 66113 36790 77079 40988 88057 31194
21212 11970 28013 22884 27002 33838 20010 44761 27517
55685 28036 66638 30517 77612 29007 88557 30023 99533
29019 11510 26020 22481 27021 33466 27010 44460 24506
55444 14511 66433 11015 77401 12029 88382 11526 99367
08023 11351 09037 22298 08054 33285 09569 44270 10564
55246 09563 66177 09083 77165 08081 88147 09072 99141
08546 11131 09028 22123 11014 33120 07007 44118 05010
55115 06515 66113 02515 77109 02018 88103 33511 99100
26505 11098 23510 22090 28520 33085 28032 44076 28521
55074 27013 66073 27515 77071 24017 88066 24036 99057
24523=
