sing20211023.00
TTAA  73001 48698
99010 26828 36009 00124 25819 27502 92811 22439 21004
85540 17427 20006 70174 08006 11506 50589 05127 04016
40761 15350 05010 30971 30957 05510 25098 41160 08519
20245 53163 10027 15424 68363 08527 10659 78361 05510
88107 79361 08031
77999=
TTCC  73001 48698
70864 67178 27523 50067 66382 30019 30380 58784 09054
20638 49187 09068 10102 43188 26002
88999
77162 09072 40345=
TTDD  7300/ 48698
11832 80560 22802 78362 33791 74565 44704 67377 55598 69581
66487 65182 77444 66182 88427 63183 99398 64782 11346 64383
22312 59384 33236 56385 44199 48787 55159 46987 66150 43788
77116 44788 88110 42588 99090 42188 11081 43988 22072 41789
21212 11983 02510 22947 36014 33809 35008 44803 34006 55789
25508 66741 27023 77589 26029 88525 30021 99444 33021 11426
01508 22413 10504 33397 08008 44383 09525 55362 09045 66162
09072 77156 09072 88132 08016 99123 11010 11115 20012 22108
14012 33101 22502 44100 26002 55097 21002 66093 20002 77091
29502 88088 26006 99087 27510 11077 22008 22074 21508 33073
23010 44072 22512=
