sing20211024.00
TTAA  74001 48698
99009 26638 05007 00117 26033 03008 92800 23250 00502
85538 18650 26504 70181 09230 02010 50590 06102 07008
40762 14959 08504 30973 29962 08004 25100 40927 11006
20247 53956 05012 15426 67569 09019 10659 80950 07025
88114 81948 09027
77999=
TTCC  74001 48698
70865 69767 25535 50067 67382 27512 30382 58984 08551
20641 52186 09064 10100 38389 07018
88999
77199 09566 40808=
TTDD  7400/ 48698
11971 81956 22934 78358 33841 78359 44823 77759 55812 74362
66727 69965 77658 70367 88617 66970 99518 69181 11491 64982
22443 62183 33390 65182 44367 63383 55364 63583 66359 60184
77340 58584 88320 60983 99260 54185 11218 54185 22153 49386
33125 46387 44113 43988 55109 40789 66092 40189 77075 34391
88064 33591 99057 30392 11051 30592 22046 28392
21212 11961 04512 22921 31006 33889 28002 44878 16502 55837
15506 66816 20010 77754 27518 88720 25527 99579 31525 11497
28012 22489 30510 33473 04012 44456 06508 55438 15014 66400
16016 77368 09531 88349 09045 99285 08051 11257 10056 22199
09566 33197 09566 44147 09558 55137 09054 66122 09025 77115
13516 88109 10016 99093 05023 11085 04010 22082 05504 33080
34506 44070 32521 55064 27527 66060 26525 77056 24033 88052
25041 99046 25535=
