sing20211002.12
TTAA  52111 48698
99007 28438 04006 00094 27636 36004 92777 23056 13012
85511 19058 13512 70157 10040 17502 50589 05315 09008
40761 15321 05008 30972 30531 08516 25099 41131 09033
20246 54546 08039 15424 68957 07049 10661 73556 23506
88120 78350 08572
77125 08074 42661=
TTCC  52113 48698
70868 71757 29016 50071 66158 25025 30384 61364 10060
88924 76756 25521
77999=
TTDD  5211/ 48698
11924 76756 22851 73757 33774 76756 44754 75956 55743 72758
66630 67358 77537 68357 88487 65358 99459 66958 11370 63962
22352 60565 33329 61764 44320 59566 55295 61964 66247 53968
21212 11990 25010 22921 25521 33777 31016 44639 27012 55606
22519 66523 23031 77495 26025 88452 26019 99423 32516 11403
32508 22396 01510 33390 03018 44375 02531 55359 05537 66302
10058 77247 09070=
