sing20211024.12
TTAA  74111 48698
99007 27248 03506 00097 26842 11002 92784 23437 22504
85517 18618 30502 70164 09215 34508 50589 03758 09002
40761 13761 12512 30973 29931 11508 25101 39974 02014
20248 52761 05016 15427 67560 11023 10660 79756 11014
88106 82138 10031
77999=
TTCC  74111 48698
70866 71164 28035 50066 64576 25516 30380 60983 09047
20638 53185 09562 10101 36990 07519
88999
77172 09570 40903=
TTDD  7411/ 48698
11958 77157 22905 79550 33865 80156 44821 74160 55763 74759
66742 71163 77645 72166 88517 67373 99503 64576 11414 65979
22375 63981 33367 60983 44306 61183 55264 57784 66256 54785
77227 55385 88163 50186 99153 49786 11129 38989 22114 39989
33103 37190 44089 37590 55081 36990 66075 35190 77064 34791
88060 31192 99048 31591 11040 27593
21212 11986 09506 22972 01002 33943 32008 44887 31506 55873
29002 66865 22502 77859 21004 88816 23521 99769 27021 11706
28033 22611 29025 33480 28002 44476 13002 55475 12002 66467
13006 77446 19512 88412 19008 99398 09506 11391 07510 22363
08539 33324 07043 44271 10553 55242 08553 66172 09570 77170
09570 88165 09070 99149 09068 11136 10051 22126 06523 33120
07019 44114 11512 55111 09510 66107 02514 77096 09018 88089
33506 99088 34006 11084 27506 22077 21516 33073 26023 44066
26029 55060 29519 66057 26527 77048 29533 88040 25523=
