sing20211030.00
TTAA  80001 48698
99010 26625 05008 00119 25614 07008 92812 22009 10008
85539 18439 12504 70185 09834 00502 50590 06106 08510
40762 14929 11012 30974 29959 08521 25102 40757 07025
20249 53534 08527 15428 68756 10533 10661 79756 27519
88118 80557 08533
77999=
TTCC  80001 48698
70867 76363 28025 50067 69368 28512 30379 57584 08058
20638 51386 09576 10105 40189 27512
88999
77174 09582 40817=
TTDD  8000/ 48698
11965 79757 22944 76560 33791 72563 44601 67968 55526 69767
66457 69369 77411 65573 88379 66371 99317 57781 11245 55585
22184 50186 33138 40589 44122 39389 55095 40789 66073 39789
77067 37390 88064 33391 99058 30992
21212 11920 33008 22912 32006 33888 24008 44783 28018 55718
27531 66679 28514 77644 23514 88575 31014 99542 28016 11508
28514 22455 24510 33427 16504 44421 05504 55419 04506 66388
06527 77356 11041 88314 08053 99288 09060 11255 07572 22174
09582 33155 10070 44130 07016 55118 14004 66116 18504 77107
11002 88106 03002 99105 34002 11103 29506 22095 22006 33090
30516 44087 32010 55081 33023 66077 31031 77071 29023 88070
26523 99065 24031 11058 25035=
