sing20141013.00
TTAA  63001 48698
99009 27850 04002 00091 27656 34002 92780 23857 09003
85514 18645 28504 70153 08618 31008 50587 08114 23505
40758 15360 21002 30969 29561 36004 25096 40359 08014
20244 52759 04518 15423 68557 09526 10660 79156 18525
88999
77999=
TTCC  63001 48698
70864 701// 27017 50064 703// 26018 30374 607// 08562
20631 545// 10069 10089 417// 09552
88956 80356 18514
77206 10071 41214=
TTDD  6300/ 48698
11979 79756 22956 80356 33826 805// 44808 811// 55788
797// 66744 729// 77716 695// 88710 697// 99681 705//
11612 705// 22604 713// 33597 719// 44590 721// 55525
695// 66486 711// 77463 693// 88435 683// 99404 647//
11379 665// 22370 641// 33342 613// 44315 625// 55288
583// 66246 567// 77232 555// 88217 543// 99179 509//
11168 497// 22155 479// 33130 469// 44122 461// 55120
457// 66103 407// 77097 423// 88080 373// 99076 351//
21212 11884 01506 22870 01508 33843 04514 44816 03517
55765 07022 66754 06515 77730 28006 88705 26518 99670
32514 11647 24507 22625 21514 33603 22504 44584 16005
55555 24513 66546 24507 77508 25518 88460 34507 99429
08525 11405 08531 22366 10046 33347 08050 44335 08557
55249 09066 66206 10071 77172 09056 88142 09550 99121
10051 11112 09048 22106 08558 33102 09052 44080 06539
55078 06533 66076 06025=
