sing20141003.00
TTAA  53001 48698
99008 27636 05002 00081 27434 11507 92768 22450 13509
85500 18250 19011 70139 10057 30505 50586 05568 14008
40758 14964 14007 30969 30175 11521 25096 41359 10017
20244 53160 05524 15422 68757 09039 10658 781// 15521
88111 78156 07019
77135 09072 44650=
TTCC  53001 48698
70864 761// 26513 50063 687// 23014 30376 615// 08066
20634 511// 09068 10092 461// 09057
88999
77223 09076 40610=
TTDD  5300/ 48698
11914 737// 22908 739// 33870 753// 44636 715// 55575
697// 66540 687// 77482 669// 88439 689// 99422 659//
11412 643// 22376 621// 33331 605// 44305 619// 55297
607// 66282 571// 77240 549// 88216 533// 99193 499//
11174 485// 22140 459// 33118 471// 44092 435// 55081
385// 66068 355// 77066 335//
21212 11980 17011 22922 29035 33782 27518 44756 27511
55720 25019 66650 28511 77587 29012 88559 23005 99550
25510 11532 24515 22489 21007 33480 16004 44448 08005
55418 13030 66411 14029 77390 10047 88359 08552 99329
08064 11280 08575 22223 09076 33183 09062 44158 07557
55107 08555 66086 08568 77080 10042 88078 10553 99076
09552 11075 10041 22071 08029 33070 07515 44068 04015
55067 06517=
