sing20141001.00
TTAA  51001 48698
99008 27826 05002 00089 27431 06505 92775 22436 13509
85508 19056 14011 70151 10057 23502 50587 05940 03515
40759 14972 08532 30970 30359 10012 25096 41358 08011
20244 53758 08524 15422 68550 10050 10658 775// 08020
88116 78940 07541
77999=
TTCC  51001 48698
70867 711// 29526 50067 693// 24507 30377 595// 09063
20634 529// 09070 10087 411// 08066
88999
77156 09074 40807=
TTDD  5100/ 48698
11977 731// 22953 709// 33949 709// 44895 731// 55842
735// 66810 729// 77791 715// 88578 687// 99466 673//
11437 663// 22393 685// 33373 673// 44350 641// 55336
629// 66297 593// 77220 559// 88206 531// 99168 521//
11126 503// 22115 451// 33106 411// 44089 397// 55082
315// 66080 303// 77069 287//
21212 11967 02009 22951 34507 33935 31009 44904 28011
55874 27520 66805 27018 77695 29525 88638 26020 99617
26029 11577 28026 22559 26021 33514 29511 44480 19504
55440 11017 66410 07028 77396 06029 88364 09538 99327
09558 11294 08062 22284 08068 33255 09063 44156 09074
55090 08562 66082 09027 77078 11023 88077 11514 99076
15517 11072 13507 22070 25008=
