sing20141031.00
TTAA  81001 48698
99006 27028 01001 00070 28035 31003 92759 23237 33002
85492 18849 12506 70136 10236 01503 50587 04160 07507
40759 14562 10008 30971 30160 08009 25098 40760 08028
20246 51562 08534 15426 67759 12515 10659 823// 08019
88103 83757 08020
77999=
TTCC  81001 48698
70861 759// 22510 50059 687// 04012 30371 595// 10565
20629 541// 08566 10085 359// 08559
88999
77109 10583 41843=
TTDD  8100/ 48698
11981 813// 22930 825// 33862 797// 44784 785// 55736
765// 66726 767// 77620 729// 88590 679// 99553 697//
11517 683// 22416 693// 33379 631// 44352 611// 55347
605// 66275 559// 77235 547// 88192 529// 99161 539//
11142 519// 22133 493// 33122 443// 44113 409// 55104
391// 66097 339// 77090 311// 88082 323// 99077 353//
11075 347//
21212 11963 09011 22941 07512 33920 10013 44900 14005
55882 15506 66852 31009 77825 33015 88775 34524 99736
00000 11723 20510 22699 23010 33657 19504 44646 10003
55626 23010 66586 28515 77557 30014 88518 35510 99509
02510 11475 08016 22452 08532 33400 11053 44379 09048
55350 10553 66309 10067 77186 07565 88176 08073 99129
09078 11116 10083 22109 10583 33102 09061 44096 09528
55095 09541 66089 07029 77082 03522 88079 03530 99075
07521=
