sing20141019.00
TTAA  69001 48698
99008 25811 33002 00077 25015 35006 92768 23449 19503
85502 18640 15505 70140 08213 15007 50586 04728 10509
40759 14958 26504 30970 29939 02511 25097 40546 35018
20245 52957 34520 15424 67550 35524 10658 823// 08030
88101 82742 07530
77999=
TTCC  69001 48698
70862 723// 27011 50061 697// 22002 30371 611// 07562
20628 545// 09074 10082 425// 08553
88999
77188 09078 40709=
TTDD  6900/ 48698
11975 807// 22967 807// 33955 809// 44942 811// 55863
753// 66813 751// 77772 767// 88748 761// 99701 723//
11690 705// 22619 729// 33596 717// 44574 703// 55492
691// 66448 671// 77431 661// 88389 673// 99359 653//
11302 609// 22286 593// 33275 579// 44258 565// 55223
549// 66189 559// 77160 527// 88149 517// 99136 503//
11118 441// 22107 425// 33088 353// 44083 377// 55077
325// 66073 319// 77067 229//
21212 11929 05521 22870 08022 33809 20503 44792 24508
55779 21009 66754 19510 77741 23008 88729 23009 99694
27511 11672 26022 22590 30520 33551 35509 44533 19002
55489 17501 66471 19009 77432 11532 88397 08034 99357
08551 11315 08556 22265 08578 33222 09071 44188 09078
55181 09568 66119 08554 77097 09048 88090 07027 99082
07521 11080 07530 22079 09520 33078 08507 44075 30505
55074 18501 66073 16008 77071 19504 88069 24523 99067
26037=
