sing20141030.00
TTAA  80001 48698
99007 27632 04002 00080 27627 01003 92768 23035 08506
85501 18832 22005 70142 09836 10501 50587 04958 08005
40759 14962 04506 30970 30162 10509 25097 40960 07012
20245 52760 07528 15424 67759 08530 10658 797// 16002
88114 80556 08508
77999=
TTCC  80001 48698
70862 755// 33018 50058 695// 17017 30371 579// 08565
20629 527// 09063 10088 431// 09061
88999
77280 08572 41702=
TTDD  8000/ 48698
11979 807// 22939 811// 33845 757// 44824 763// 55803
771// 66792 777// 77762 795// 88742 779// 99713 753//
11637 735// 22576 719// 33554 729// 44504 695// 55468
669// 66432 691// 77398 651// 88384 629// 99365 619//
11334 609// 22330 607// 33294 571// 44280 559// 55255
577// 66232 549// 77218 525// 88187 513// 99170 495//
11150 457// 22103 441// 33099 429// 44088 405// 55082
377// 66074 325// 77072 311// 88070 323//
21212 11944 00000 22921 23008 33851 27014 44797 25520
55742 32512 66716 30516 77704 32518 88659 33530 99637
35025 11627 34018 22597 01514 33556 16003 44537 28505
55518 14513 66508 17016 77500 17017 88460 08525 99437
07023 11420 08547 22399 09554 33386 10547 44343 08555
55316 07556 66300 08565 77280 08572 88253 07567 99227
09562 11104 09054 22100 09061 33093 09541 44088 13033
55082 13520 66079 17017 77076 15507 88075 09512 99074
06004 11073 34507 22070 31517=
