D20141001.00
100.0  80 20
 70.0 295 26
 50.0 245  7
 30.0  90 63
 20.0  90 70
 10.0  80 66
 96.7  20  9
 95.1 345  7
 93.5 310  9
 90.4 280 11
 87.4 275 20
 80.5 270 18
 69.5 295 25
 63.8 260 20
 61.7 260 29
 57.7 280 26
 55.9 260 21
 51.4 295 11
 48.0 195  4
 44.0 110 17
 41.0  70 28
 39.6  60 29
 36.4  95 38
 32.7  95 58
 29.4  80 62
 28.4  80 68
 25.5  90 63
 15.6  90 74
  9.0  85 62
  8.2  90 27
  7.8 110 23
  7.7 115 14
  7.6 155 17
  7.2 135  7
  7.0 250  8
D20141001.12
D20141002.00
100.0 155 19
 70.0 300 26
 50.0 240 12
 30.0  80 68
 20.0  90 76
 10.0  90 51
 88.2 275 17
 80.0 285 38
 71.4 300 25
 67.2 300 14
 64.1 255 23
 56.4 275 11
 53.0 255 18
 51.3 265 15
 47.9 215 13
 46.3  95  5
 45.6  70  7
 44.2 110  6
 40.8  75 34
 38.2 105 45
 34.6 100 57
 31.9  95 57
 30.2  80 67
 27.7  95 63
 21.4  95 80
 16.8 100 65
 13.9 100 58
 11.3  95 51
  9.6  95 57
  7.6  20  8
  7.4  65  9
  6.8 195  8
  6.7 180 12
D20141002.12
D20141003.00
100.0 155 21
 70.0 265 13
 50.0 230 14
 30.0  80 66
 20.0  90 68
 10.0  90 57
 98.0 170 11
 92.2 290 35
 78.2 275 18
 75.6 275 11
 72.0 250 19
 65.0 285 11
 58.7 290 12
 55.9 230  5
 55.0 255 10
 53.2 245 15
 48.9 210  7
 48.0 160  4
 44.8  80  5
 41.8 130 30
 41.1 140 29
 39.0 100 47
 35.9  85 52
 32.9  80 64
 28.0  85 75
 22.3  90 76
 18.3  90 62
 15.8  75 57
 10.7  85 55
  8.6  85 68
  8.0 100 42
  7.8 105 53
  7.6  95 52
  7.5 100 41
  7.1  80 29
  7.0  75 15
  6.8  40 15
  6.7  65 17
D20141003.12
D20141004.00
100.0  60 21
 70.0 355 15
 50.0 265 11
 93.6  25 14
 92.2   5 16
 89.3 350 17
 84.3 270 11
 81.2 280  4
 79.9 315  8
 76.2 350 14
 75.0 355 12
 72.9 360 13
 70.7 355 17
 67.1 325 10
 66.0 320 14
 61.8 290  8
 60.7 295  7
 58.6 280 15
 56.5 230  9
 54.6 265  8
 52.8 235 14
 52.0 240 15
 49.4 295 10
 47.8 265  5
 47.0 240  4
 44.9  95 14
D20141004.12
D20141005.00
100.0  80 27
 70.0 215  5
 50.0 250 18
 30.0  95 60
 20.0  85 74
 10.0  90 76
 97.8  65 13
 95.5 345  8
 91.7 280 10
 86.2 315 11
 84.4 345 14
 82.7 340 18
 81.0   5 15
 78.1 325  2
 76.9  85  3
 75.8 185  6
 65.9 285 10
 63.8 250 13
 61.8 245 22
 52.2 270 26
 48.7 240 15
 47.1 240  6
 46.3 160  9
 44.1 140 12
 42.7 115  6
 40.7  70 14
 37.3 105 51
 32.6  85 47
 30.5  95 58
 26.0  90 69
 23.9  95 63
 20.7  85 78
 15.5  90 82
 12.8  95 77
  9.4  85 85
  8.3 100 52
  7.9  85 54
  7.3 120 40
  7.0 105 31
D20141005.12
D20141006.00
D20141006.12
D20141007.00
100.0 335 18
 70.0 285  8
 50.0 170  6
 30.0  95 64
 20.0  95 72
 10.0  85 55
 97.6 295 14
 91.0 280 18
 84.2 325 22
 77.4 350  6
 66.0 235 17
 63.8 250 21
 60.7 255 30
 51.6 205 13
 50.8 165 10
 47.5 190 15
 44.4 125 14
 42.2  95 17
 38.7 110 37
 36.1  80 51
 34.3  80 59
 29.4 100 65
 23.6 100 74
 18.6  95 62
 11.3  75 57
  9.0  75 44
  8.6 105 33
  8.4  75 28
  8.1  55 21
  7.8  80 13
  7.7  90 17
D20141007.12
D20141008.00
100.0  35 22
 70.0 285 23
 50.0 210 26
 30.0  75 65
 20.0  85 68
 10.0 100 54
 95.1 360 10
 91.0 330 18
 83.5  30  6
 82.2  40  5
 79.8 280  2
 77.3 205  5
 74.7 300  8
 73.4 310 12
 69.7 285 24
 66.4 260 25
 61.3 240 29
 56.3 230 24
 54.4 240 31
 51.7 200 27
 47.2 205 14
 46.4 190 14
 44.8  75 10
 43.4  50 22
 41.9  75 33
 41.1  80 28
 37.7  70 45
 34.0  95 55
 29.6  80 66
 28.7  75 66
 27.7  80 73
 25.9  90 65
 22.9  85 58
 20.7  85 71
 17.3  95 54
 15.7 100 60
 12.8 100 45
 11.7  85 45
  9.7 100 55
  9.4 105 48
  8.9  80 45
  8.4  85 31
  7.7  65 27
  7.4  35 17
  7.3  10  7
  7.2 330 10
  6.9 330 19
  6.4 305  7
  6.3 280 12
  6.0 280 16
D20141008.12
D20141009.00
100.0 185 13
 70.0 285  7
 50.0 300 13
 30.0  95 64
 20.0 100 71
 10.0  80 63
 98.7 210 19
 91.1 260 11
 78.9 235  3
 72.9 325 15
 70.7 310  7
 68.5 240 12
 66.4 240 10
 64.2 250  9
 62.2 260 13
 60.2 275  8
 57.5 300 13
 54.8 255 11
 51.4 245  3
 49.8 305 15
 48.1 310  9
 46.5  25  9
 42.5 105 32
 38.5 100 47
 32.1 100 67
 24.8  85 62
 23.5  85 60
 21.1  95 75
 19.7 100 68
 14.0  85 60
 12.3  80 72
  9.5  90 59
  9.2  90 46
  8.9  95 55
  8.8 100 49
  8.3  95 57
  7.9 120 36
  7.3  70  3
  7.1 305 16
  6.8 315  6
  6.6 265 12
  6.4 280 19
  6.3 305 16
  6.2 275  7
D20141009.12
D20141010.00
100.0 260  9
 70.0  45  3
 50.0 285 15
 30.0  85 73
 20.0  80 79
 10.0 115 59
 91.5 350 18
 90.0 360 19
 83.4  30 17
 78.8  90  5
 76.1  70  7
 74.9 105  5
 73.8  70  6
 68.9 275  5
 66.5 270  9
 64.3 270 14
 60.2 280 12
 57.4 350  2
 55.5 270 10
 50.9 280 19
 48.3 260  2
 47.4 100  5
 45.9 135 11
 43.6 135 29
 41.3 115 29
 34.7  70 56
 31.8  80 70
 30.7  85 70
 28.1  95 72
 26.6  85 77
 25.2  85 72
 20.0  80 79
 13.7 100 70
 12.6 120 68
 11.9 130 62
 11.0 120 57
 10.6 125 53
  9.7 105 62
  9.1 105 39
  8.8 100 46
  8.4  80 31
  7.9  65 28
  7.6  70 37
D20141010.12
D20141011.00
100.0   5 19
 70.0 295  7
 50.0 245 14
 30.0  85 73
 20.0 100 72
 10.0  75 58
 94.6  40 32
 91.2  50 42
 84.9  75 14
 83.4  95  4
 82.0 140  4
 80.7  85  9
 78.3  65 11
 76.0  70 19
 73.6  60  9
 69.3 305 11
 67.2 315 12
 64.1 270 15
 59.0 260 20
 56.2 265 26
 51.8 260 20
 47.5 170  9
 44.6 140 16
 41.2  65 28
 37.8  95 44
 35.3  85 52
 33.0  90 67
 30.5  95 74
 29.5  80 73
 26.6  85 77
 25.3  95 68
 23.7  90 69
 18.9 105 67
 15.4  95 57
 11.5  75 59
  8.5  90 55
  8.1  80 22
  7.9 100 12
  7.7  90 24
  7.3  60 33
  7.0  90 35
  6.6  95 19
  6.1  60 49
  5.7  85 34
  5.6  65 22
  5.4 115  7
  5.3 145 18
D20141011.12
D20141012.00
100.0 115 20
 70.0 335 12
 50.0 225 19
 30.0  80 71
 20.0  85 65
 10.0  85 43
 94.3  90  4
 90.4 280  3
 86.9 245  7
 84.0 275 10
 81.0 320  4
 79.6  20  1
 77.2   5  7
 76.2 345 11
 74.0  15  7
 73.0 350 11
 66.8  10  3
 64.6 250 12
 60.0 285 13
 49.2 225 19
 45.4 195  5
 44.1  75  9
 42.8  75 15
 41.4  60 24
 38.0  70 46
 36.1  90 56
 30.6  85 71
 30.1  80 71
 27.8 100 63
 25.0  90 67
 15.5  90 50
 12.4 100 43
  8.7  70 49
  8.3  50 29
  8.0  90 21
  7.8  75 17
  7.5  95 16
  7.4 110  7
  7.2 110 20
  6.6 185 26
  6.2 135 13
  6.1 150 12
  5.9 105 21
  5.8  15  9
D20141012.12
D20141013.00
100.0 185 25
 70.0 270 17
 50.0 260 18
 30.0  85 62
 20.0 100 69
 10.0  95 52
 88.4  15  6
 87.0  15  8
 84.3  45 14
 81.6  35 17
 76.5  70 22
 75.4  65 15
 73.0 280  6
 70.5 265 18
 67.0 325 14
 64.7 245  7
 62.5 215 14
 60.3 225  4
 58.4 160  5
 55.5 245 13
 54.6 245  7
 50.8 255 18
 46.0 345  7
 42.9  85 25
 40.5  85 31
 36.6 100 46
 34.7  80 50
 33.5  85 57
 24.9  90 66
 20.6 100 71
 17.2  90 56
 14.2  95 50
 12.1 100 51
 11.2  90 48
 10.6  85 58
 10.2  90 52
  8.0  65 39
  7.8  65 33
  7.6  60 25
D20141013.12
D20141014.00
100.0 330 12
 70.0  65  7
 50.0 305 13
 30.0 100 66
 20.0 100 65
 10.0  70 68
 99.0 345 14
 90.6 305  9
 89.0 340  8
 87.5  25 12
 83.3  60 31
 77.9  80 29
 75.2 135 11
 71.5  90  4
 70.4  65  9
 69.3  80  5
 67.0 220  9
 65.9 240  9
 63.5 190  9
 61.2 250 16
 57.0 285 26
 54.1 300 16
 52.3 310 19
 50.6 300 10
 48.9 320 16
 47.4 350  9
 46.5  55  8
 45.0 110 18
 43.5 130 26
 39.1 110 44
 36.5  95 52
 31.0  95 70
 25.1  80 64
 21.7  95 63
 20.9  95 72
 20.6 100 64
 12.8  80 51
 10.4  70 53
  9.8  70 75
  9.5  70 77
  8.4  80 59
D20141014.12
D20141015.00
100.0  35 35
 70.0 250 21
 50.0 100 16
 30.0  75 57
 20.0  95 74
 10.0  95 67
 94.2  55 49
 84.9  95 24
 81.8 145  9
 78.5 205 16
 76.0 220 24
 71.2 250 22
 67.7 245 17
 61.5 290 22
 56.7 315 12
 55.8 345 14
 54.0 285  5
 53.2 300  3
 51.0  90 13
 49.2  95 22
 46.7 160 12
 43.7 110 19
 40.9 100 33
 37.5  75 37
 35.6  85 53
 32.7 100 58
 28.7  65 57
 27.2  75 62
 20.2  95 73
 19.4  95 79
 18.4  95 68
 12.8  80 68
 12.1  80 62
 11.3  85 57
  9.6 100 69
  9.0  95 78
  7.8  75 31
  7.7  70 23
  7.6  70 39
  7.3  80 17
  7.2  75 16
  7.1 100 14
  6.9 180  9
  6.7 175 22
  6.5 330  1
  6.4 305 10
  6.3 340 17
  6.1 330 31
D20141015.12
D20141016.00
100.0  90 31
 70.0 350 20
 50.0 195 13
 30.0  75 63
 20.0  90 74
 10.0  90 62
 94.8  95 27
 81.0 170 13
 77.4 275  3
 74.1 345 15
 71.3 350 25
 67.7 300  9
 65.5 265 20
 63.3 275 25
 57.3 265 14
 55.4 240 21
 53.6 240 29
 51.9 235 22
 49.4 175 12
 47.7 210 20
 46.9 205 22
 45.3 175  6
 43.7  95  7
 41.5  80 22
 38.2  85 45
 36.3 100 50
 31.0  80 62
 28.5  95 68
 20.1  90 75
 19.1  85 67
 13.4  90 59
 11.0  95 68
  9.7  85 67
  8.7  80 81
  8.3  65 54
  7.9  65 30
  7.7  65 42
  7.3  85 13
  7.0 150 34
D20141016.12
D20141017.00
100.0  85 41
 70.0 245 12
 50.0 290 13
 30.0  90 69
 20.0  90 82
 10.0  85 68
 85.3 130 19
 81.4 125  8
 79.6  65  2
 77.9  20 11
 74.4 360 21
 72.8  20 14
 69.8 250 13
 65.8 280 24
 64.5 275 18
 61.8 250 31
 58.1 260 27
 55.7 270 27
 52.3 295 23
 50.3 290 14
 47.6 325  9
 46.0 345 14
 44.3  30 18
 40.0  95 34
 36.8 100 50
 33.6  80 56
 29.6  95 69
 21.1  85 79
 17.1 100 68
 11.9  85 64
  9.3  85 71
  8.3  70 41
  7.9  85 25
  7.6  95 23
  7.2 200  8
  7.0 230 11
  6.9 190  8
  6.8 185 16
  6.7 160 16
  6.5 195 31
  6.4 170 25
  6.2 170 16
  6.0 210 25
  5.9 220 19
D20141017.12
D20141018.00
100.0  55 37
 70.0 260 31
 50.0 305 11
 30.0 100 64
 20.0  90 72
 10.0  85 61
 88.2  85 23
 85.4  65 20
 79.4 315  3
 76.4 260 17
 70.6 255 32
 68.2 275 31
 66.0 265 26
 63.8 250 32
 61.7 250 33
 59.7 250 29
 54.1 295 16
 46.6  30 12
 45.0  90 13
 35.4  90 49
 34.3  90 57
 33.2  95 59
 19.4  90 76
  9.6  90 53
  9.4  80 67
  8.9  60 37
  8.2  30 33
  7.9  75 15
  7.7  75  6
  7.3   5  9
  6.5 150  4
  6.4 150 18
  6.2 100  3
  5.7 260 21
  5.6 275  9
  5.5 265 19
D20141018.12
D20141019.00
100.0  80 30
 70.0 270 11
 50.0 220  2
 30.0  75 62
 20.0  90 74
 10.0  85 53
 92.9  55 21
 87.0  80 22
 80.9 205  3
 79.2 245  8
 77.9 210  9
 75.4 195 10
 74.1 230  8
 72.9 230  9
 69.4 275 11
 67.2 260 22
 59.0 305 20
 55.1 355  9
 53.3 190  2
 48.9 175  1
 47.1 190  9
 43.2 115 32
 39.7  80 34
 35.7  85 51
 31.5  85 56
 26.5  85 78
 22.2  90 71
 18.8  90 78
 18.1  95 68
 11.9  85 54
  9.7  90 48
  9.0  70 27
  8.2  75 21
  8.0  75 30
  7.9  95 20
  7.8  85  7
  7.5 305  5
  7.4 185  1
  7.3 160  8
  7.1 195  4
  6.9 245 23
  6.7 260 37
D20141019.12
D20141020.00
100.0  65 29
 70.0 265 29
 50.0 250 14
 30.0  95 59
 20.0  85 60
 98.0  70 35
 91.4  80 27
 88.4  90 17
 85.5 110 11
 84.0 100  8
 82.6  60 12
 80.0  40 12
 78.7 320  1
 77.5 265 10
 68.0 270 32
 61.5 280 14
 59.3 255 17
 53.1 225 11
 51.3 250 15
 48.2 270  6
 47.4 290  4
 46.6 285  5
 45.8 350  4
 45.0  10  4
 43.5  60 18
 40.8  95 38
 33.0  80 46
 30.2  95 58
 29.1 100 68
 24.5 100 75
 23.7 105 67
 20.3  85 61
 19.3  85 67
 16.9  85 47
 16.0  85 66
D20141020.12
D20141021.00
100.0 110 12
 70.0 250 17
 50.0 225  8
 30.0  90 62
 20.0  90 65
 10.0  95 54
 97.9 180  4
 95.8 230 15
 89.6 230 20
 85.5 210 12
 84.2 190  2
 82.9  45  6
 78.0  65 12
 75.8 210  1
 74.7 240 12
 71.2 240 22
 68.8 260 14
 64.5 280 16
 63.6 270 18
 57.8 270  9
 56.0 235 14
 53.4 300 13
 50.1 225  8
 46.2  25  1
 44.7  40 18
 41.9  80 33
 40.5  90 31
 33.2  95 56
 27.4  85 69
 22.0  80 62
 16.6  90 54
 16.0  90 55
 12.7 100 73
 11.4 100 68
 11.0 100 72
  8.9 105 23
  8.3 145 14
  7.9  85  8
  7.8 190  5
  7.7 230  8
  7.5 250 24
  7.3 250 36
  6.6 280 38
  6.2 290 48
  5.4 290 26
  4.7 260 31
  4.5 260 32
D20141021.12
D20141022.00
D20141022.12
D20141023.00
100.0 170  6
 70.0 250 23
 50.0 250  1
 30.0  85 64
 20.0  85 76
 10.0  90 61
 93.9 270 12
 88.7 220  7
 87.5 210  5
 85.1 140  8
 82.8  80  9
 80.6 270  5
 77.1 265 25
 70.8 245 24
 61.6 285 17
 57.4 245 15
 52.7 290 13
 50.5  70  2
 49.8 250  3
 48.3 175  3
 44.1 110 22
 42.9  90 30
 36.8  95 44
 31.4  85 63
 17.8  85 78
 16.7  85 81
 14.8  90 67
 11.4  90 71
 11.2  90 77
  9.9  90 55
  9.4  65 29
  9.1  90 33
  8.7 105 18
  8.3 120 24
  7.9 155 24
  7.8 175 24
  7.2 190 16
D20141023.12
D20141024.00
100.0 270 18
 70.0 265 24
 50.0 190  3
 30.0  95 57
 20.0  90 70
 10.0  95 58
 98.9 270 22
 90.7 310 11
 86.5 340 11
 83.8   5 10
 82.5 285  8
 81.1 265 17
 74.5 255 25
 64.2 270 34
 58.1 255 21
 55.3 250 13
 52.6 280  6
 51.7  30  2
 50.0 190  3
 49.2 235  4
 47.5  70  3
 46.0  80 21
 43.7  60 27
 39.9  85 44
 36.6  90 50
 35.3  85 59
 30.7 100 56
 28.6  85 58
 19.4  95 74
 17.6  95 77
 13.6  80 70
 12.6  90 75
 11.7  90 66
 11.1  95 69
  9.3  85 37
  9.1 110 30
  8.8  85 19
  8.7  90 18
  8.5  55 19
  8.2  85 12
  8.1  75  9
  7.8  95 13
  7.6  70  2
  7.4 340  3
  7.2 220 14
  7.0 180 11
D20141024.12
D20141025.00
100.0  10  7
 70.0 305 28
 50.0 170 13
 30.0  80 57
 20.0  85 65
 10.0  95 75
 94.2  45  7
 92.6  80  5
 85.3 100 11
 83.9 155  1
 82.4 265  8
 79.5 280 24
 75.6 295 30
 68.3 310 23
 62.5 245 11
 59.4 275 19
 56.3 265 13
 54.4 220 10
 52.6 205 12
 51.7 205 14
 50.1 170 14
 48.5 110 10
 46.1  85 20
 43.6 100 30
 41.2  95 47
 37.1 100 51
 29.9  80 57
 25.6  95 64
 19.6  80 67
 19.2  80 73
 16.3  90 67
 13.7  80 60
 11.0 100 66
 10.4 105 69
 10.1  95 78
  9.6  95 55
  9.2  90 52
  8.7 105 25
  8.1  50  7
  7.6  70 11
  7.1 155  2
  7.0 200  3
D20141025.12
D20141026.00
100.0  70 35
 70.0   0  0
 98.3  70 32
 96.2  70 33
 94.2  75 24
 92.3  70 27
 88.5  30  9
 85.2 300 16
 83.8 290 22
 82.5 290 25
 78.6 270 20
 77.3 275 19
 76.1 270 21
 74.8 275 20
 72.6 295 13
 71.5 290  7
 70.5 320  3
 69.4 140  3
 68.2 250  2
 64.7 215 14
 63.7 235 15
 62.7 250 17
 61.3 270 15
D20141026.12
D20141027.00
100.0 105 17
 70.0 255  7
 50.0 285 11
 30.0 100 61
 20.0  95 64
 10.0  80 60
 92.8 310  2
 89.0 285 12
 83.7 280 26
 72.5 285 11
 69.1 235 16
 68.0 240 21
 65.7 220 21
 58.5 280  9
 57.6 320  8
 54.8 260 15
 51.9 300 11
 48.3 335 10
 47.5  15  8
 44.5 100 20
 42.2  75 21
 38.5  95 35
 35.9  85 39
 31.2 100 68
 29.7 100 60
 25.9  90 60
 24.1 100 70
 23.3 105 62
 17.9  90 68
 16.3  85 66
 15.4  85 57
 13.4  80 66
  9.8  85 50
  9.0  75 19
  8.7  95 17
  8.4  80 13
  8.3  95  4
  8.0 270  6
  7.7  60  3
  7.3 160  4
  7.2  95  5
  6.8 180 14
  6.6 205 33
  6.5 180 26
D20141027.12
D20141028.00
100.0 155 20
 70.0 270  9
 50.0  20 16
 30.0  85 55
 20.0  80 70
 10.0  35 29
 97.2 160 26
 89.9 320  2
 88.4 315  4
 85.4 260  8
 78.3 230 18
 69.8 275  8
 65.3 235 18
 63.2 220 18
 61.2 255 11
 56.1 265 17
 52.3 330 14
 50.5 360 15
 48.8  40 20
 45.5 120 13
 43.2  95 19
 39.7  80 41
 38.4  70 38
 35.2 100 47
 32.9  95 54
 31.7  95 48
 29.1  80 65
 27.6  75 68
 24.4  95 65
 18.8  80 74
 18.5  80 75
 16.0 105 59
 13.3 120 51
 11.8 115 38
  9.8  35 31
  9.2  20 37
  8.3  30 20
  7.7   5 26
  7.1 300 19
  6.8 265 26
  6.7 260 29
D20141028.12
D20141029.00
100.0 275 13
 70.0 240 12
 50.0 125  3
 30.0  90 61
 20.0  95 64
 10.0  80 51
 98.0 290 16
 88.6 270 12
 85.9 290 16
 83.4 265  2
 76.4 230 18
 70.9 245 11
 67.3 165  7
 61.9 290  9
 60.9 285 17
 55.9 300 21
 53.1 320 13
 51.4 355  4
 48.8 180  8
 44.6  80 21
 43.1  65 32
 37.4  95 45
 33.6  85 55
 32.4  85 56
 28.1  90 70
 26.7  95 73
 19.8  95 63
 18.4  95 69
 13.8  75 57
 12.1  85 49
 11.2  75 56
  9.7  90 51
  9.3 105 45
  8.6  85 34
  8.4  85 46
  7.8 115 21
  7.5 110  4
  7.3 260 19
  7.0 235 23
  6.7 235 31
  6.5 215 35
  6.3 235 31
D20141029.12
D20141030.00
100.0 160  2
 70.0 330 18
 50.0 170 17
 30.0  85 65
 20.0  90 63
 10.0  90 61
 94.4   0  0
 92.1 230  8
 85.1 270 14
 79.7 255 20
 74.2 325 12
 71.6 305 16
 70.4 325 18
 65.9 335 30
 63.7 350 25
 62.7 340 18
 59.7  15 14
 55.6 160  3
 53.7 285  5
 51.8 145 13
 50.8 170 16
 50.0 170 17
 46.0  85 25
 43.7  70 23
 42.0  85 47
 39.9  95 54
 38.6 105 47
 34.3  85 55
 31.6  75 56
 30.0  85 65
 28.0  85 72
 25.3  75 67
 22.7  95 62
 10.4  90 54
 10.0  90 61
  9.3  95 41
  8.8 130 33
  8.2 135 20
  7.9 170 17
  7.6 155  7
  7.5  95 12
  7.4  60  4
  7.3 345  7
  7.0 315 17
D20141030.12
D20141031.00
100.0  80 19
 70.0 225 10
 50.0  40 12
 30.0 105 65
 20.0  85 66
 10.0  85 59
 96.3  90 11
 94.1  75 12
 92.0 100 13
 90.0 140  5
 88.2 155  6
 85.2 310  9
 82.5 330 15
 77.5 345 24
 73.6   0  0
 72.3 205 10
 69.9 230 10
 65.7 195  4
 64.6 100  3
 62.6 230 10
 58.6 285 15
 55.7 300 14
 51.8 355 10
 50.9  25 10
 47.5  80 16
 45.2  85 32
 40.0 110 53
 37.9  90 48
 35.0 105 53
 30.9 100 67
 18.6  75 65
 17.6  80 73
 12.9  90 78
 11.6 100 83
 10.9 105 83
 10.2  90 61
  9.6  95 28
  9.5  95 41
  8.9  70 29
  8.2  35 22
  7.9  35 30
  7.5  75 21
D20141031.12
