USSR01 WSSS 041200
TTAA  54111 48698
99005 30857 31503 00076 29446 10018 92770 22803 08512
85505 18204 06514 70152 10447 02016 50589 04549 14504
40761 14357 10518 30974 29163 07521 25101 39960 06027
20249 52171 06041 15428 66367 04533 10664 80158 23506
88103 81557 07506
77999
31313 73508 81044=



UKSR01 WSSS 041200
TTBB  54118 48698
00005 30857 11939 24005 22909 21402 33901 22026 44852 18404
55841 18030 66813 15807 77784 15256 88707 10844 99671 10057
11602 04458 22594 03450 33581 02858 44509 03946 55436 10158
66356 20357 77304 28563 88250 39960 99202 51570 11141 68566
22103 81557 33100 80158
21212 00005 31503 11981 10010 22972 09012 33958 11010 44924
08512 55902 10012 66870 07010 77857 07512 88847 06014 99830
07012 11818 04512 22730 35516 33721 00516 44711 35512 55702
01516 66691 35518 77676 36016 88643 33016 99629 34514 11620
31008 22609 34008 33598 30508 44589 32008 55572 29510 66555
33008 77545 31510 88533 02004 99523 02002 11522 04502 22521
11502 33520 13502 44512 14506 55502 12504 66494 20006 77481
17506 88472 11508 99465 18508 11461 18508 22454 09506 33446
11006 44438 09512 55415 10519 66379 09016 77363 06012 88353
08010 99344 05012 11292 07525 22271 06023 33260 07525 44249
06025 55184 06539 66151 04533 77123 09525 88116 05014 99103
07506 11102 12002 22101 23004 33100 23506
31313 73508 81044
41414 19432=



ULSR01 WSSS 041200
TTCC  54111 48698
70871 69966 30514 50072 66173 27025 30389 58181 10027
20648 52185 08049 10107 44588 08564
88999
77079 09074 40919 
31313 73508 81044=



UESR01 WSSS 041200
TTDD  5411/ 48698
11881 75960 22835 78158 33741 70765 44636 70368 55568 66173
66458 66573 77435 65574 88427 62777 99405 59979 11317 57581
22273 59980 33257 53385 44225 54184 55213 51786 66178 51785
77167 48587 88133 44188 99087 46387 11070 40789 22064 35790
33061 34191 44055 32991 55050 36190 66047 35199
21212 11953 25525 22877 27029 33746 27019 44720 32010 55703
30514 66674 31016 77632 26521 88592 26533 99569 25531 11549
27021 22515 26516 33475 27033 44451 27023 55439 26531 66420
26016 77409 23008 88400 25014 99374 26529 11340 24502 22337
11002 33312 11525 44277 08039 55254 11031 66227 08527 77210
07543 88184 07537 99163 10041 11131 10543 22097 08060 33079
09074 44074 08556 55072 08543 66071 08541 77068 08058 88065
07062 99064 06566 11061 06043 22060 05531 33056 06053 44049
05021 55047 08510
31313 73508 81044=
