USSR01 WSSS 271200
TTAA  77111 48698
99006 30657 20505 00090 29647 17012 92783 23624 17512
85520 18824 24516 70172 11659 28014 50590 04963 27521
40763 14377 07506 30974 29962 11527 25102 39937 07535
20249 52346 05545 15429 66361 06576 10667 78359 01504
88999
77139 06095 43353
31313 73508 81045=



UKSR01 WSSS 271200
TTBB  77118 48698
00006 30657 11968 26625 22892 21208 33848 18624 44810 17860
55778 15856 66757 16059 77623 05258 88593 03257 99567 02470
11546 00275 22539 00565 33483 07361 44437 10975 55413 13165
66394 15182 77337 22783 88279 34758 99241 41921 11216 48126
22195 53557 33175 58956 44145 68161 55100 78359
21212 00006 20505 11972 16512 22917 18012 33903 21012 44805
29519 55753 30018 66714 27014 77686 30519 88664 31018 99654
30018 11611 30016 22604 28012 33558 29019 44535 27519 55495
28521 66468 24012 77462 26508 88449 25002 99444 22002 11438
22502 22429 09506 33423 06504 44419 35502 55402 06006 66394
15008 77387 11510 88377 13514 99324 12027 11296 11525 22272
09025 33188 06047 44139 06095 55133 06591 66112 08537 77104
05512 88100 01504
31313 73508 81045
41414 11532=



ULSR01 WSSS 271200
TTCC  77111 48698
70874 71566 29027 50074 65775 29512 30388 56585 09539
20645 52386 09056 10102 46587 06562
88982 79158 35008
77080 08078 40433
31313 73508 81045=



UESR01 WSSS 271200
TTDD  7711/ 48698
11982 79158 22947 76561 33886 77759 44755 70566 55671 72367
66631 71769 77622 69171 88584 70970 99525 69571 11480 64176
22389 65177 33366 64977 44336 60181 55322 60980 66305 60183
77301 57584 88250 58784 99192 51386 11112 45787 22096 47387
33081 45388 44078 42588 55068 39997
21212 11931 28512 22895 25016 33837 30519 44760 29535 55732
30035 66647 27533 77623 28021 88579 26014 99548 29516 11517
26512 22473 35004 33465 30006 44454 31004 55448 23506 66442
22008 77398 22519 88386 21014 99367 23010 11358 18510 22343
16010 33333 10518 44314 11527 55293 08547 66260 10554 77223
08551 88186 09064 99150 09056 11140 09066 22130 10054 33126
09558 44100 06562 55098 07058 66094 07570 77091 08076 88080
08078 99068 08543
31313 73508 81045=
