USSR01 WSSS 190000
TTAA  69001 48698
99006 28039 20004 00091 27626 11008 92777 22002 16018
85508 18211 19510 70150 09205 31012 50588 05111 29002
40759 13161 08525 30971 29929 07023 25099 40128 03527
20247 52938 03047 15425 68356 05564 10662 74162 33516
88115 78356 09533
77150 05564 42741
31313 73508 82333=



UKSR01 WSSS 190000
TTBB  69008 48698
00006 28039 11950 23603 22726 10000 33677 07208 44668 07837
55623 05449 66558 00504 77479 06930 88460 09515 99444 11102
11418 12516 22408 13128 33401 13160 44383 16161 55359 20956
66351 21928 77293 30932 88171 62348 99132 72557 11115 78356
22109 76361 33107 74163 44100 74162
21212 00006 20004 11991 15506 22954 17014 33942 15514 44886
16510 55870 20012 66795 23010 77785 25010 88776 25006 99750
28508 11743 27010 22731 30012 33707 31010 44691 29012 55660
30521 66602 33014 77591 31516 88584 32514 99550 27506 11532
33506 22526 33506 33510 27504 44503 30002 55497 27504 66489
18504 77484 07006 88475 05504 99462 11010 11435 06014 22411
08516 33363 10025 44348 08023 55333 08519 66296 06523 77289
05535 88257 03529 99169 03053 11150 05564 22129 08539 33116
09535 44112 08037 55111 07041 66107 06023 77104 00512 88100
33516
31313 73508 82333
41414 38438=



ULSR01 WSSS 190000
TTCC  69001 48698
70868 76161 25014 50070 64364 26029 30386 60184 08523
20642 55382 08051 10091 46584 09576
88322 62783 04025
77092 09089 42211
31313 73508 82333=



UESR01 WSSS 190000
TTDD  6900/ 48698
11845 76158 22710 76760 33629 70765 44617 67767 55546 64167
66473 65361 77436 64765 88409 60174 99370 58784 11322 62783
22294 58184 33263 59784 44188 55581 55161 50984 66129 53181
77096 45784 88091 45784 99079 39988 11061 36985
21212 11922 27533 22886 26549 33745 26529 44657 22012 55634
18012 66608 16504 77599 22006 88564 25521 99493 26531 11384
26018 22365 33021 33354 34531 44335 01029 55311 07018 66291
09039 77262 10043 88233 07543 99216 08039 11202 08051 22190
08545 33177 09047 44172 09060 55145 09551 66092 09089 77087
09089 88083 09089 99061 05543
31313 73508 82333=
