sing20130814.12
TTAA  64121 48698
99006 29643 19505 00064 27656 00000 92753 23222 20008
85486 18222 22505 70129 10658 20505 50585 05540 12515
40757 15557 10539 30967 30734 08034 25094 41148 06037
20241 53942 07042 15420 67148 07581 10657 743// 09009
88113 78350 07063
77130 06592 41838=
TTCC  64121 48698
70865 653// 03510 50073 633// 28042 30390 555// 28528
20651 487// 26028 10108 451// 25520
88999
77054 09067 440//=
TTDD  6412/ 48698
11892 751// 22852 765// 33765 751// 44666 605// 55617
627// 66596 637// 77575 645// 88560 621// 99539 607//
11486 647// 22402 641// 33370 587// 44352 575// 55322
551// 66255 535// 77249 537// 88235 525// 99220 539//
11201 485// 22173 503// 33137 465// 44106 449// 55094
435// 66083 457// 77072 405// 88068 421// 99064 453//
11054 333//
21212 11955 20008 22922 22503 33892 13008 44799 09015
55740 08032 66676 00509 77604 25027 88575 22512 99537
28033 11377 22521 22305 29032 33243 26042 44235 25546
55170 23015 66153 22034 77120 25021 88091 28020 99082
35017 11080 00523 22072 10524 33064 06548 44059 07047
55054 09067=
