sing20130818.12
TTAA  68121 48698
99006 29249 19004 00063 29656 14002 92752 23033 14016
85487 19456 13009 70129 10457 11007 50585 05550 18004
40758 16131 13007 30968 31361 03019 25094 41159 02006
20242 53556 09031 15421 64957 08051 10658 771// 04011
88105 78956 01507
77160 07078 44546=
TTCC  68121 48698
70867 685// 30005 50072 641// 32018 30390 517// 23521
20653 529// 26533 10105 471// 24016
88999
77999=
TTDD  6812/ 48698
11969 759// 22828 713// 33726 685// 44673 683// 55656
657// 66550 641// 77462 625// 88438 639// 99435 637//
11427 619// 22423 615// 33390 593// 44371 609// 55344
591// 66320 555// 77288 523// 88268 503// 99228 529//
11204 535// 22170 501// 33168 495// 44151 499// 55102
473// 66093 441// 77085 455// 88083 431// 99076 451//
11061 469// 22057 469//
21212 11890 08515 22816 11022 33723 21003 44708 30005
55679 01509 66657 26010 77638 24517 88528 34514 99491
32016 11435 21511 22410 28512 33327 20010 44262 27029
55173 23525 66145 29017 77128 27523 88117 24017 99111
26519 11097 23011 22088 32007 33086 04504 44083 25503
55075 02528 66072 05527 77063 07045 88057 06530=
