sing20130817.12
TTAA  67121 48698
99005 27849 06502 00059 29257 00000 92747 23650 15504
85483 20057 25505 70132 10258 04514 50585 05729 09514
40756 14956 07014 30967 31320 10518 25094 41335 09021
20241 53747 07537 15420 66946 07069 10655 775// 11520
88104 79550 10519
77142 07077 41542=
TTCC  67121 48698
70867 655// 29012 50070 625// 28514 30390 567// 29017
20651 519// 26043 10106 469// 00511
88999
77999=
TTDD  6712/ 48698
11963 751// 22918 711// 33899 701// 44889 695// 55822
717// 66777 703// 77729 647// 88642 685// 99634 689//
11587 683// 22548 675// 33517 643// 44497 621// 55445
609// 66394 587// 77360 567// 88356 565// 99332 555//
11300 567// 22285 549// 33281 549// 44242 527// 55228
501// 66214 523// 77211 525// 88183 541// 99168 521//
11158 507// 22147 483// 33135 471// 44111 451// 55099
477// 66094 503// 77087 517// 88081 501// 99076 475//
11071 445// 22068 431// 33063 417// 44057 405// 55053
345//
21212 11956 11017 22898 00507 33825 02007 44793 06513
55747 04514 66732 02008 77717 34010 88682 28020 99576
21504 11567 33504 22550 12005 33527 28509 44484 27523
55447 26508 66420 27523 77399 25011 88344 29023 99253
26021 11230 28537 22197 26045 33162 23032 44123 29012
55113 04503 66106 34509 77104 33515 88099 00511 99090
08009 11087 03011 22075 12014 33073 07022 44071 09047
55069 09530 66065 10540 77060 10552 88059 11564 99056
11051 11053 10063=
