sing20130811.12
TTAA  61121 48698
99006 29447 19004 00065 29857 17002 92754 23031 21008
85488 19250 24511 70132 09847 27521 50585 06134 21516
40756 16121 09501 30967 30329 06017 25094 40533 08029
20242 53535 08028 15421 68538 05546 10656 735// 02510
88112 78747 09039
77125 09067 43352=
TTCC  61121 48698
70866 719// 18505 50070 617// 27519 30390 573// 34515
20653 497// 27545 10108 463// 32022
88999
77999=
TTDD  6112/ 48698
11976 729// 22913 715// 33798 729// 44675 687// 55634
673// 66619 661// 77612 649// 88564 635// 99557 629//
11487 615// 22451 629// 33437 619// 44408 555// 55368
587// 66333 597// 77318 603// 88310 587// 99287 563//
11260 507// 22225 503// 33215 489// 44190 511// 55187
513// 66180 511// 77161 521// 88151 511// 99145 493//
11139 475// 22109 461// 33091 449// 44083 427// 55070
429//
21212 11881 09018 22793 13508 33746 22011 44661 27007
55615 24510 66524 28025 77476 31008 88460 29005 99444
08504 11407 28024 22387 28040 33337 30027 44308 32023
55288 03009 66284 36008 77279 02503 88262 22016 99248
24538 11236 25021 22210 26545 33139 26514 44127 26526
55111 29521 66104 31529 77094 32506 88086 09007 99082
24514 11080 24024 22072 18003 33070 07511=
