sing20130827.12
TTAA  77121 48698
99006 30257 19004 00063 29450 18504 92754 23640 15011
85489 19025 22502 70135 10246 03007 50586 04157 11519
40759 14162 10022 30970 30958 10029 25097 41361 10028
20244 53158 06551 15424 66159 09550 10660 83757 07014
88999
77169 08569 42734=
TTCC  77121 48698
70867 665// 25016 50072 615// 26013 30391 589// 30028
20652 497// 25528 10106 435// 28014
88987 84357 08019
77999=
TTDD  7712/ 48698
11987 84357 22927 769// 33899 753// 44792 733// 55767
721// 66732 663// 77649 677// 88629 657// 99581 651//
11569 637// 22521 623// 33500 615// 44465 599// 55415
615// 66379 603// 77357 591// 88330 591// 99265 533//
11259 521// 22230 507// 33197 495// 44171 509// 55157
497// 66135 509// 77133 511// 88114 477// 99100 437//
11086 447// 22068 385// 33062 403// 44058 435// 55057
435// 66055 387// 77050 387//
21212 11961 08529 22922 09524 33883 08023 44794 09036
55763 09527 66731 13509 77716 20005 88676 27023 99662
27523 11648 25014 22635 24515 33577 35009 44556 29517
55495 25014 66421 26525 77407 27017 88375 27529 99346
30027 11318 27531 22298 30528 33279 28508 44275 24510
55261 24525 66185 25533 77139 24528 88134 24020 99126
24033 11119 24027 22111 26024 33109 26017 44106 28019
55084 31520 66080 34512 77078 01513 88072 10031 99070
09540 11068 09540 22066 09052 33065 09554 44063 10542
55062 09567 66057 10061 77053 11057 88050 10566=
