sing20130801.12
TTAA  51121 48698
99006 27442 19006 00070 29056 17502 92758 22013 22509
85491 18450 27022 70134 09856 26018 50585 05713 21012
40757 15323 15515 30968 29940 10526 25095 40146 08523
20243 52946 05035 15422 68738 06548 10655 773// 10533
88110 80743 09056
77121 07073 41952=
TTCC  51121 48698
70865 691// 23504 50068 613// 28016 30389 531// 32024
20653 535// 26050 10107 453// 30019
88999
77999=
TTDD  5112/ 48698
11969 727// 22940 683// 33930 687// 44831 737// 55816
741// 66704 695// 77689 677// 88653 691// 99612 665//
11568 687// 22557 671// 33549 653// 44543 637// 55525
645// 66507 611// 77463 589// 88414 601// 99389 593//
11384 589// 22370 583// 33356 583// 44314 551// 55289
503// 66272 489// 77266 493// 88231 507// 99205 533//
11202 537// 22188 521// 33179 509// 44119 465// 55112
449// 66088 435// 77083 421// 88079 409// 99072 395//
11062 385// 22056 401// 33054 377// 44051 363// 55049
339// 66046 361// 77043 367//
21212 11895 10517 22774 07528 33708 11505 44688 26007
55648 35507 66628 04014 77594 23012 88491 29016 99475
27028 11443 26526 22345 28540 33308 30528 44280 30509
55268 25030 66217 25552 77138 25027 88097 30024 99091
31009 11087 01520 22085 36017 33082 32006 44081 35009
55080 02515 66074 28512 77069 32514 88062 05009 99057
08046 11047 13545 22043 10035=
