sing20130818.00
TTAA  68001 48698
99008 27447 19002 00084 27442 19501 92770 22441 15013
85503 19257 14006 70144 09246 04006 50585 06907 13010
40756 16557 09013 30966 32150 08512 25092 41758 04518
20239 55150 09035 15418 65357 09545 10657 731// 14010
88121 75157 08522
77170 08568 43428=
TTCC  68001 48698
70867 675// 26005 50072 615// 28533 30393 595// 24001
20651 533// 28033 10106 443// 23514
88999
77999=
TTDD  6800/ 48698
11869 749// 22839 737// 33784 707// 44752 663// 55743
651// 66688 681// 77654 701// 88646 701// 99636 691//
11550 605// 22490 621// 33432 591// 44390 557// 55348
573// 66331 581// 77327 585// 88322 589// 99285 585//
11261 559// 22241 531// 33226 547// 44208 529// 55165
483// 66144 469// 77135 483// 88126 495// 99107 455//
11094 409// 22078 441// 33076 453// 44072 437// 55061
427//
21212 11839 02014 22813 04518 33797 03514 44747 13503
55724 08503 66699 26505 77687 23007 88643 28013 99582
22515 11546 26531 22519 29034 33459 28012 44437 29022
55389 27011 66370 23013 77352 26516 88329 25520 99308
28503 11297 23002 22268 26015 33208 27539 44187 24023
55155 26016 66144 29017 77117 22507 88098 25515 99091
33505 11086 18516 22082 15010 33076 02022 44071 12523
55064 06522 66061 10528=
