sing20130802.12
TTAA  52121 48698
99006 29047 18006 00067 29258 00000 92754 22024 17513
85486 19258 25517 70133 10057 25027 50584 06315 17014
40756 15921 11529 30967 30131 09526 25094 40140 06540
20242 52750 05038 15421 67946 05565 10656 83357 10069
88999
77124 06093 42246=
TTCC  52127 48698
70865 685// 25010
88986 83556 10564
77999=
TTDD  5212/ 48698
11986 83556 22969 821// 33946 767// 44914 777// 55892
745// 66885 733// 77877 725// 88844 695// 99775 703//
11757 687// 22649 697// 33645 697//
21212 11977 10561 22961 11049 33947 10545 44933 10544
55915 10047 66896 09048 77876 08544 88858 09031 99841
09019 11779 36012 22767 27505 33743 21512 44731 21513
55707 24010 66695 26010 77682 28510 88671 31013 99659
31010 11645 33008=
