sing20130803.12
TTAA  53121 48698
99007 30050 19004 00072 29850 00000 92762 23656 17507
85497 18843 23523 70139 09660 25518 50586 05944 13513
40757 15529 08018 30968 30934 07544 25095 40530 05546
20243 53536 03537 15421 69534 05559 10654 797// 09057
88106 82556 10049
77999=
TTCC  53125 48698
70867 699// 34009 50073 605// 26534
88999
77972 08568 43177=
TTDD  5312/ 48698
11966 731// 22922 659// 33914 657// 44825 677// 55800
691// 66789 691// 77728 709// 88717 709// 99695 697//
11655 659// 22646 653// 33616 657// 44596 645// 55574
609// 66458 613// 77437 629// 88402 653//
21212 11972 08568 22852 21007 33835 24509 44739 22502
55724 03502 66709 33510 77681 33007 88654 31007 99633
27016 11623 28018 22612 28019 33603 27514 44584 27032
55576 26535 66559 28036 77534 28526 88517 26537 99509
27038 11502 26533 22494 26538 33480 27035 44439 27539
55419 26535 66402 26536=
