sing20130824.00
TTAA  74001 48698
99008 28056 19502 00081 28243 12002 92768 21805 15020
85499 18650 19516 70142 09856 24010 50586 06734 03010
40756 15562 01005 30966 32558 09506 25092 42534 08531
20238 54349 07547 15419 63362 09546 10657 79358 03518
88999
77187 08067 42627=
TTCC  74001 48698
70867 683// 27008 50073 601// 24032 30393 567// 25528
20653 505// 28529 10108 471// 28013
88989 79758 03520
77999=
TTDD  7400/ 48698
11989 79758 22927 769// 33866 729// 44816 671// 55737
671// 66693 687// 77636 663// 88605 653// 99571 637//
11544 623// 22518 591// 33494 605// 44456 565// 55439
581// 66414 599// 77385 583// 88358 605// 99295 561//
11263 551// 22259 547// 33256 543// 44231 531// 55165
475// 66146 489// 77138 477// 88122 497// 99112 481//
11105 467// 22095 477// 33086 465// 44079 419// 55075
381//
21212 11924 02535 22884 04526 33856 06532 44817 07011
55789 25005 66765 26515 77721 23011 88668 29507 99595
35013 11586 00514 22559 03506 33541 29009 44532 24517
55524 23528 66492 24028 77470 27019 88456 30028 99370
28531 11302 25528 22254 24531 33206 26530 44192 29034
55186 29538 66173 28511 77171 27018 88159 28510 99156
30510 11145 26510 22142 24509 33137 30012 44134 26511
55129 28017 66122 26520 77112 29015 88097 26518 99095
27514 11092 26510 22087 27505 33084 08517 44083 09016
55080 31002 66079 10515 77077 12523 88075 12018=
