sing20130802.00
TTAA  52001 48698
99007 25220 24002 00079 26825 19001 92765 22849 24521
85499 18843 25534 70136 07220 24534 50584 06103 18513
40756 16107 10513 30967 30922 07031 25093 41329 05533
20241 53937 06047 15419 68931 06569 10653 763// 10544
88106 81133 08055
77125 05589 42451=
TTCC  52001 48698
70867 665// 30520 50071 609// 24522 30393 551// 23009
20654 489// 28039 10108 487// 26016
88999
77999=
TTDD  5200/ 48698
11991 769// 22933 709// 33922 711// 44878 703// 55825
681// 66791 623// 77703 663// 88663 685// 99626 697//
11597 661// 22591 661// 33579 647// 44538 625// 55480
587// 66428 573// 77393 591// 88357 575// 99311 547//
11294 541// 22229 533// 33202 493// 44165 513// 55140
475// 66116 497// 77096 469// 88083 417// 99079 393//
11072 399// 22060 401// 33054 277// 44051 239// 55047
223// 66044 215//
21212 11934 06528 22815 15510 33479 25043 44327 30518
55318 28516 66309 29510 77305 30005 88300 23009 99291
23525 11283 24037 22275 24040 33201 28038 44106 29507
55102 23509 66097 35511 77094 01514 88093 33507 99090
00511 11081 11515 22076 23519 33071 28506 44065 09501
55063 22005 66059 10013 77055 16004 88052 08032 99044
08049=
