sing20130820.00
TTAA  70001 48698
99008 27049 36002 00083 27030 27002 92769 21608 16509
85500 17826 21011 70139 07607 30506 50584 06528 15004
40756 16161 10013 30966 31141 02019 25093 40734 10512
20240 54329 09517 15418 69122 06570 10655 77935 05040
88100 77935 05039
77137 06590 43867=
TTCC  70001 48698
70867 687// 27005 50073 599// 27016 30395 567// 29020
20655 515// 24030 10110 463// 29505
88999
77999=
TTDD  7000/ 48698
11974 759// 22894 715// 33852 679// 44834 683// 55760
681// 66691 693// 77653 655// 88589 637// 99557 625//
11538 599// 22486 605// 33447 577// 44424 575// 55365
581// 66300 567// 77278 545// 88251 545// 99225 517//
11217 527// 22198 511// 33175 471// 44166 485// 55145
501// 66127 489// 77119 505// 88106 467// 99082 455//
11074 429// 22068 411// 33063 387// 44058 399//
21212 11940 08020 22782 17519 33737 14501 44708 26506
55673 33503 66653 00000 77634 06003 88615 13006 99588
17006 11571 14004 22530 24524 33476 22512 44426 19011
55376 27005 66364 33008 77346 26002 88315 34007 99310
28515 11275 26534 22204 24028 33173 27013 44123 29527
55105 28510 66103 30008 77091 10506 88086 21013 99078
10513 11073 15014 22068 08014 33066 12032 44058 08536=
