sing20221025.00
TTAA  75001 48698
99008 26430 27502 00104 25619 26504 92788 21823 31514
85517 18037 35016 70158 09226 33518 50588 05709 22002
40760 15129 14502 30972 30137 08016 25099 40732 10523
20247 53540 11025 15425 68959 08033 10656 83957 08551
88103 84956 09051
77999=
TTCC  75001 48698
70861 70568 07018 50066 66182 26037 30387 52186 27031
20648 53385 27043 10100 43388 26035
88525 67382 27041
77999=
TTDD  7500/ 48698
11965 83757 22931 77961 33852 78759 44828 75362 55784 76161
66673 68970 77642 62783 88525 67382 99417 59584 11389 60384
22335 54185 33298 51786 44266 53585 55240 51586 66180 53985
77146 52386 88132 48987 99123 50786 11118 50986 22102 44388
33091 40789 44084 42588 55068 37790 66064 38789 77063 39589
88059 35390
21212 11922 06025 22876 34516 33792 32010 44742 05014 55682
09012 66667 12010 77642 22514 88611 26533 99571 27533 11488
25039 22362 27031 33341 25531 44239 30541 55186 26041 66160
28047 77136 26525 88122 24535 99085 27525 11081 26025 22073
25027 33064 22035 44061 21523 55059 13516=
