sing20221030.12
TTAA  80111 48698
99005 28039 07507 00072 27432 04508 92759 23638 27512
85494 18427 27512 70137 09817 25016 50586 03335 19012
40759 13763 26016 30972 28759 27014 25100 38556 34504
20249 51358 10018 15429 67361 08035 10661 85556 08072
88106 85750 07558
77101 08072 43072=
TTCC  80111 48698
70864 69564 09006 50068 63183 26516 30387 59584 27533
20645 50986 26037 10106 41589 27551
88080 47987 27537
77999=
TTDD  8011/ 48698
11978 86350 22918 79759 33811 80557 44785 80757 55743 76559
66717 69965 77658 65170 88613 63380 99560 68182 11516 63983
22456 64183 33441 60983 44390 57384 55316 60584 66261 59184
77226 51186 88174 50986 99157 50386 11153 47987 22132 46987
33120 41989 44108 40189 55080 47987 66070 46387 77061 42388
88055 37790
21212 11881 07508 22855 01002 33854 35502 44840 34502 55829
08002 66824 10002 77808 09504 88796 06004 99764 03008 11705
09506 22686 09508 33661 06002 44657 04002 55653 30502 66650
28002 77608 28021 88555 29518 99533 27014 11509 26012 22435
30021 33375 27031 44332 28539 55265 26541 66248 25529 77218
25037 88159 28045 99139 25556 11082 28041 22078 27029 33077
26027 44061 23521 55058 16525 66055 13547=
