sing20221029.12
TTAA  79111 48698
99004 30258 27504 00062 29256 30008 92756 23237 29512
85490 18838 28518 70130 09831 26521 50586 04132 24014
40758 14532 23021 30970 28558 26512 25098 39531 05008
20247 52156 06512 15426 68156 05541 10659 76758 11029
88108 83946 08566
77110 08068 42773=
TTCC  79111 48698
70863 76160 07010 50065 66174 30019 30385 54785 29537
20645 52586 26043 10102 44988 25051
88999
77999=
TTDD  7911/ 48698
11860 77159 22794 80757 33776 81357 44759 77960 55690 76959
66654 69165 77636 68765 88623 64769 99573 63572 11530 66572
22343 55985 33281 56385 44242 51786 55206 53185 66182 50186
77154 51386 88135 45987 99099 45188 11090 41789 22076 43588
33063 41189
21212 11916 19012 22898 18504 33884 13002 44879 09002 55877
03502 66870 01002 77853 34504 88788 33006 99752 27002 11742
03002 22692 08010 33619 08516 44607 11506 55600 18504 66582
24516 77564 27527 88494 30518 99444 25518 11413 30019 22341
25529 33304 29035 44284 29541 55233 26039 66148 28043 77108
25056 88082 28033 99067 31037 11063 33018=
