sing20221003.00
TTAA  53001 48698
99006 27026 05502 00089 26621 08002 92773 22021 23008
85507 18039 32508 70142 08615 29502 50586 05327 09510
40758 14541 09518 30970 29358 07521 25097 39767 08021
20246 52968 08519 15425 68160 09519 10656 86557 09035
88999
77999=
TTCC  53001 48698
70863 61583 24004 50069 64583 31506 30390 55585 27537
20649 51986 29021 10107 47387 25541
88980 87556 09037 88621 67582 19508 88068 45987 27010
77999=
TTDD  5300/ 48698
11980 87556 22918 79360 33847 78357 44774 72565 55741 61978
66732 59978 77621 67582 88593 63383 99524 65782 11445 59584
22412 60783 33390 57784 44344 54985 55269 56785 66153 49187
77141 48387 88129 43188 99103 46987 11087 41189 22068 45987
33066 42588 44062 40389 55061 39789 66059 37790 77058 33991
88054 33391
21212 11888 09543 22795 07549 33734 08510 44722 13002 55713
21502 66703 24504 77637 21508 88609 18510 99582 23512 11505
32008 22501 31506 33494 26504 44489 24506 55462 23521 66437
26016 77416 26012 88385 26537 99258 28537 11204 29025 22176
26014 33154 26537 44143 28039 55085 24535 66068 27010 77064
22504 88063 11002 99061 08514 11058 12012 22057 15508 33054
13523=
