sing20160821.12
TTAA 71121 48698
99005 28842 19005 00068 28039 21003 92757 23457 23519
85491 19656 27022 70136 09859 29024 50587 04950 07004
40759 15701 05509 30971 30141 10028 25098 39730 08530
20246 52550 07535 15425 67357 07572 10661 79159 05548
88999
77143 08076 42029=
TTCC 71127 48698
70865 67773 12017
88999
77999=
TTDD 7112/ 48698
11899 81557 22872 79158 33792 82757 44768 77963 55762
73165 66711 67774 77686 68772
21212 11907 07538 22885 09034 33865 10036 44777 09035
55743 10045 66686 12016=
