sing20160811.00
TTAA 61001 48698
99008 28844 20002 00099 28244 14006 92787 23239 20009
85521 18224 25015 70163 09230 20508 50588 04757 05508
40761 14759 08522 30972 31558 09523 25098 40740 07033
20246 52956 06051 15425 68356 06578 10658 75362 08547
88107 82348 08575
77111 08082=
TTCC 61001 48698
70867 72368 13526 50072 61977 27520 30388 58181 24013
20648 52583 23012 10102 44988 23518
88520 62377 29510
77999=
TTDD 6100/ 48698
11900 75563 22869 72166 33818 71767 44681 72169 55615
69373 66599 61580 77576 58581 88520 62377 99431 63976
11366 59779 22329 62977 33301 58181 44289 58980 55220
51784 66188 53383 77147 48986 88130 51385 99109 43190
11070 43190 22061 45788 33051 34593
21212 11912 07017 22828 10513 33763 09038 44710 13024
55676 11035 66610 09543 77590 10520 88577 12507 99556
00000 11540 29510 22497 27520 33477 30017 44465 29515
55454 31013 66450 30513 77441 27515 88428 26522 99415
29518 11401 30514 22385 27022 33339 27528 44325 29018
55318 32511 66316 32510 77314 31009 88309 27011 99303
24513 11287 21014 22230 28535 33215 29514 44198 22012
55191 25018 66183 22509 77177 25020 88172 24516 99163
29026 11156 29011 22150 04510 33147 05010 44145 08005
55139 12010 66129 10532 77125 12030 88119 17024 99115
15522 11113 17518 22111 20523 33104 23030 44092 26510
55090 27003 66088 25510 77082 29512 88080 35510 99078
32518 11076 32520 22072 03021 33070 03525 44066 35518
55064 01020 66059 07529 77057 07532 88052 08517 99051
08026=
