sing20160831.00
TTAA 81001 48698
99009 27223 08001 00102 27028 14002 92789 22435 15011
85522 18856 11513 70165 09225 08515 50588 04947 09023
40760 16136 09528 30971 30548 09029 25098 40360 08022
20246 52159 08033 15425 66941 06027 10660 84739 09063
88999
77999=
TTCC 81001 48698
70862 70770 09057 50070 64376 27007 30386 58180 30022
20644 54982 28027 10097 46188 07529
88885 87139 11051 88506 64775 28007
77794 07073 43940=
TTDD 8100/ 48698
11885 87139 22822 76560 33810 76961 44690 70571 55648
63977 66626 57182 77506 64775 88464 60379 99410 63976
11377 59580 22352 61977 33270 55781 44242 57980 55231
57781 66224 53783 77204 55782 88151 48386 99129 50784
11085 44389 22081 44789 33072 39192 44068 40191 55057
33993
21212 11905 11549 22835 07064 33794 07073 44741 09554
55668 10553 66652 10554 77624 09021 88602 08510 99581
00000 11493 26010 22473 24510 33458 29014 44441 30518
55433 30514 66412 23007 77391 23015 88384 22019 99357
23034 11291 31518 22278 26525 33248 25542 44227 25535
55207 28034 66186 27012 77174 26518 88169 25017 99159
26530 11150 25023 22137 26526 33122 32020 44121 32520
55117 00530 66113 36026 77105 05540 88101 07028 99083
16025 11080 16023 22077 18524 33075 17022 44067 16025
55065 13018 66063 12013 77062 10009 88058 05015 99057
05012=
