sing20160801.12
TTAA 51121 48698
99006 29056 25504 00073 28256 24506 92761 23250 26019
85494 18219 35503 70137 10866 30015 50585 05306 22509
40758 14926 13018 30969 29757 09021 25096 40358 10019
20244 53159 07516 15423 67348 05542 10657 77958 11047
88110 82146 07571
77111 07073 428//=
TTCC 51121 48698
70865 72367 09532 50064 71570 08530 30385 52581 27547
20648 48383 26028 10102 44785 02506
88528 72169 10022
77999=
TTDD 5112/ 48698
11909 74162 22826 76562 33727 70368 44683 72767 55603
66773 66528 72169 77461 68372 88420 58179 99399 56979
11386 54181 22319 53580 33315 51382 44286 53780 55240
53181 66201 48383 77157 52181 88091 43986 99080 38989
11062 37590 22053 42787 33052 42987
21212 11962 13541 22890 10518 33872 08015 44855 06516
55831 06017 66814 03018 77790 01519 88758 06531 99735
08537 11626 10518 22610 09524 33583 12521 44478 06527
55453 06532 66444 07535 77424 11029 88406 12515 99395
11510 11390 18001 22379 26010 33369 27019 44359 25025
55341 24026 66317 27535 77293 27552 88250 28033 99235
31010 11228 27016 22221 24522 33209 25531 44195 26521
55185 24009 66175 23016 77173 22016 88163 23534 99153
24529 11143 28027 22126 29019 33119 26511 44115 21002
55091 10010 66083 13513 77080 11016 88075 11015 99065
08522 11063 09525 22059 07030 33052 06039=
