sing20160819.00
TTAA 69001 48698
99007 24407 21002 00083 24413 20006 92767 22623 22015
85501 19050 22018 70148 09841 22520 50586 05534 12010
40758 15756 09524 30969 29926 12526 25096 39947 13032
20245 51156 08552 15426 64764 06051 10663 81557 09047
88999
77118 05569=
TTCC 69001 48698
70865 74367 06020 50069 57779 24012 30390 56380 25542
20648 55181 28520 10101 47186 08504
88944 83750 09542
77999=
TTDD 6900/ 48698
11944 83750 22875 77560 33795 80158 44688 73367 55677
73766 66653 68372 77628 66574 88573 69371 99559 68972
11551 63377 22525 61778 33520 56582 44470 60577 55333
57780 66322 54382 77254 56780 88225 54182 99191 55581
11182 54982 22172 49785 33129 47586 44125 48585 55094
46987 66074 35793 77054 42589 88048 48785 99046 45987
21212 11873 09022 22844 09521 33778 06524 44707 06019
55684 06028 66660 08544 77629 10031 88557 09032 99532
07013 11530 07010 22522 00000 33502 24010 44435 26024
55412 29020 66390 27019 77372 28022 88361 25518 99351
26016 11345 25013 22309 25543 33295 25537 44269 29543
55220 29523 66213 28022 77198 28520 88185 31012 99174
28511 11172 29010 22155 03001 33149 13010 44147 14010
55142 21512 66136 24522 77129 25027 88122 26518 99114
31517 11106 32513 22104 31010 33101 02502 44098 10510
55095 11024 66094 12021 77091 16517 88088 18018 99084
18020 11082 14018 22080 14516 33078 10524 44073 09515
55067 04008 66065 00510 77061 03513 88058 03517 99055
08515 11046 10533=
