sing20160830.00
TTAA 80001 48698
99008 28835 19505 00097 28233 20508 92787 22800 18008
85520 19000 17507 70169 09800 16514 50588 05738 09020
40760 15560 09519 30971 30567 07525 25098 40572 06514
20246 51969 11025 15426 66950 09032 10660 85150 07586
88999
77999=
TTCC 80001 48698
70862 70170 10549 50067 57579 23521 30385 61577 26535
20644 51783 26536 10098 46986 29527
88947 86744 07589 88409 63176 29027
77952 07590 43337=
TTDD 8000/ 48698
11947 86744 22845 82556 33793 75363 44729 70570 55728
70570 66610 69971 77574 61977 88550 59778 99528 61177
11513 56180 22409 63176 33320 59178 44291 61377 55260
57979 66244 51583 77231 50983 88165 52782 99129 47186
11082 50184 22072 42189 33061 39791 44057 39790
21212 11952 07590 22867 10555 33826 09546 44793 07055
55704 10550 66652 10060 77611 09558 88596 11057 99538
14010 11533 15509 22516 22016 33488 24524 44467 23027
55433 27528 66402 29027 77387 31031 88370 33024 99358
00518 11352 35513 22345 31510 33341 29011 44328 26520
55307 26536 66262 28528 77253 28512 88251 27510 99246
25016 11215 25538 22181 27536 33168 28517 44165 28012
55150 23010 66141 25528 77113 28513 88100 29527 99088
31516 11080 05508 22079 08012 33075 10516 44070 10528
55067 16017 66065 17017 77063 15518 88062 17016 99060
12018 11057 11514=
