sing20160811.12
TTAA 61121 48698
99008 31260 25004 00090 29858 23009 92781 24258 23512
85515 18850 21517 70158 09648 25009 50589 05722 12513
40761 14359 09522 30972 29763 09035 25099 39940 06539
20248 52750 06046 15427 67956 05561 10660 79959 09556
88113 80532 08571
77127 07080 42536=
TTCC 61121 48698
70868 71767 10030 50071 64973 26510 30386 56378 25008
20648 51980 28020 10105 45184 28520
88104 45984 26019
77999=
TTDD 6112/ 48698
11916 78560 22879 75963 33862 71366 44726 72767 55596
71968 66587 71370 77571 62977 88552 61776 99453 65973
11397 64774 22368 60177 33348 61976 44323 56978 55276
53580 66209 51581 77123 47783 88117 42186 99104 45984
11075 46584 22065 42586
21212 11934 07541 22905 07530 33863 11021 44844 11020
55781 08542 66720 10025 77608 07532 88586 09042 99553
10515 11546 10010 22527 36001 33500 26510 44476 28028
55456 28022 66444 26513 77422 26519 88415 27521 99402
29016 11379 26010 22351 23516 33343 24515 44323 18502
55312 23012 66277 28511 77267 27013 88260 28021 99251
29012 11233 29028 22215 32510 33212 31507 44209 28011
55204 27517 66198 28521 77189 29515 88175 28018 99160
31512 11158 30010 22148 21011 33140 24034 44136 22026
55128 20528 66121 21528 77117 24025 88103 26521 99088
34512 11087 36011 22085 04015 33083 05522 44080 05523
55076 08030 66065 08538=
