sing20160827.00
TTAA 77001 48698
99008 27618 33001 00096 27425 35001 92786 22201 27510
85518 19056 25521 70159 09857 30018 50589 04723 07506
40761 16122 09520 30972 29966 09528 25099 40557 09031
20246 53533 08542 15425 66958 08595 10659 80957 09072
88103 82956 09086
77115 08599 407//=
TTCC 77001 48698
70865 74565 09513 50066 56580 28004 30387 55781 28525
20646 55381 28542 10098 47186 32506
88426 59378 28540
77999=
TTDD 7700/ 48698
11893 79760 22881 74962 33852 72566 44671 75964 55557
70771 66541 62380 77517 56581 88462 55181 99426 59378
11364 60978 22265 54981 33253 56980 44234 51383 55203
55581 66186 56381 77160 50784 88126 47186 99110 49984
11096 48385 22076 38792 33068 41390 44051 38392
21212 11937 08561 22901 08573 33851 10040 44802 11531
55709 09512 66683 09014 77558 09051 88518 09514 99514
10510 11504 20502 22487 28510 33430 28541 44367 29512
55353 29513 66337 26013 77323 25017 88295 29025 99286
29019 11270 26021 22255 26037 33211 28548 44190 30036
55177 32011 66173 03504 77168 08010 88163 09010 99153
18012 11142 21520 22136 19510 33132 21014 44128 17510
55122 22513 66117 24015 77115 24010 88112 18005 99109
11010 11107 09515 22105 09011 33103 02503 44097 02010
55085 04025 66080 03015 77076 08501 88071 11010 99069
09016 11068 09012 22065 22510 33064 23011 44062 14003
55061 09010 66059 08522 77057 08014 88056 15505 99052
13010 11051 11517=
