sing20160824.00
TTAA 74001 48698
99006 26623 26003 00074 26030 26508 92759 21624 24524
85491 18241 25030 70140 10650 25011 50586 04900 10008
40759 14920 09023 30971 29124 14018 25098 39537 07023
20247 52549 05034 15425 68156 06058 10660 83350 08543
88999
77145 06061 41830=
TTCC 74001 48698
70865 70769 10030 50069 64175 32015 30387 58379 27531
20645 52583 31013 10097 50584 28526
88997 83550 08542
77999=
TTDD 7400/ 48698
11997 83550 22925 79358 33878 80357 44781 76363 55764
70368 66746 68373 77703 71168 88599 67573 99566 61977
11496 64575 22444 59778 33421 61977 44264 55981 55240
57980 66178 48186 77137 48185 88110 52982 99088 50383
11075 38991 22066 42788 33057 39791 44051 42389 55047
40791 66045 36393
21212 11930 07533 22856 04534 33809 06040 44762 11024
55718 09530 66676 12521 77625 10538 88558 14014 99550
13510 11532 06001 22516 32510 33497 32017 44482 34028
55467 35015 66461 34010 77452 30513 88444 30014 99423
33011 11420 32510 22413 29007 33409 25510 44384 24533
55338 25040 66304 27533 77271 27021 88252 29519 99221
28520 11193 31512 22184 29511 33178 25510 44175 24512
55159 23025 66150 24036 77141 25034 88132 24535 99118
27526 11096 29521 22088 32510 33086 31512 44081 35009
55078 00514 66075 05519 77062 12530 88058 09040 99054
12022 11052 11528 22050 15523 33047 11029 44046 11023
55045 14012 66045 15517=
