sing20160816.12
TTAA 66121 48698
99005 30857 21004 00068 30056 16505 92760 23216 19511
85497 20057 28514 70145 10444 27018 50587 05346 09005
40759 15557 09514 30970 29957 08547 25097 40556 08044
20245 52944 07554 15425 65957 06586 10661 76362 10036
88107 80358 07568
77144 07087 42120=
TTCC 66121 48698
70868 73766 04026 50066 66174 07016 30386 54781 29035
20647 50983 27522 10102 44986 28515
88128 51582 26009
77999=
TTDD 6612/ 48698
11878 78160 22845 73165 33783 75563 44749 72167 55661
75565 66582 74167 77558 66974 88523 69372 99421 58580
11368 56780 22319 58978 33303 54382 44151 47585 55128
51582 66112 45986 77095 44786 88082 44987
21212 11922 13034 22879 11532 33813 03512 44795 00515
55781 36017 66763 03016 77684 04029 88667 05029 99638
07520 11627 08524 22575 08538 33545 11031 44497 07015
55480 06019 66461 07529 77439 12512 88426 21508 99421
24510 11403 26525 22360 25035 33328 25528 44319 26524
55299 29035 66259 27047 77205 28524 88194 26525 99177
28021 11168 26018 22145 27530 33138 28023 44129 26013
55126 27507 66116 25021 77112 25013 88108 28016 99101
28517 11098 27010 22095 00000 33092 09010 44089 10011
55086 18512 66082 19506=
