sing20160814.12
TTAA 64121 48698
99005 29256 21504 00066 28656 22007 92756 24456 29014
85492 21061 28030 70144 11057 24019 50587 05511 18507
40759 15160 10022 30970 29759 09530 25097 40550 09531
20246 52136 07068 15426 66350 06581 10661 78360 07042
88113 79349 07570
77153 06082 41223=
TTCC 64125 48698
70870 73366 04508 50067 68772 09029
88678 74765 04509
77999=
TTDD 6412/ 48698
11934 81158 22900 79760 33882 71965 44861 69370 55835
67973 66678 74765 77602 75365 88492 68772 99483 64376
11465 62376 22463 62376
21212 11928 07045 22861 07510 33823 02001 44668 04509
55562 09539 66551 09041 77531 08040 88475 10511 99463
08518=
