sing20160827.12
TTAA 77121 48698
99006 30657 28003 00081 29857 28506 92772 24459 30509
85508 20260 30014 70158 11063 26021 50588 05306 06512
40760 15107 15015 30971 30530 08537 25098 40359 07550
20246 51950 07074 15426 65950 08093 10661 81156 08588
88999
77106 08099=
TTCC 77121 48698
70865 73163 10515 50065 59571 15018 30384 55374 29024
20642 57775 27026 10093 46186 10013
88928 84350 09076
77560 08071 44773=
TTDD 7712/ 48698
11928 84350 22886 83757 33870 77160 44833 73562 55777
75561 66610 73564 77559 71565 88531 61370 99505 59371
11398 64169 22322 55774 33253 53576 44250 53376 55201
57975 66135 47584 77126 49583 88107 48984 99085 40189
11081 43387 22076 41588 33064 43987 44054 36992 55048
38791
21212 11893 08571 22836 10535 33791 12024 44750 10513
55733 09516 66708 10517 77681 09016 88671 08020 99603
07041 11560 08071 22531 09538 33516 11520 44508 14017
55504 15018 66478 17014 77468 19510 88451 26518 99406
28033 11388 28530 22366 26013 33347 25023 44315 29032
55308 29526 66297 29024 77283 27041 88246 28055 99235
28551 11209 27043 22193 27515 33185 24516 44175 23026
55164 21512 66154 24032 77146 23525 88138 24528 99130
29012 11126 27515 22121 29506 33114 29519 44111 29512
55110 30010 66108 01005 77106 07010 88102 09510 99081
07022 11076 09519 22072 08014 33069 09506 44064 08529
55062 07507 66058 09026 77056 08537 88054 08030 99051
01514 11051 01015 22048 06026=
