USSR01 WSSS 191200
TTAA  69111 48698
99006 30658 29003 00086 29856 25506 92782 23013 26010
85517 19626 30014 70162 10037 32512 50589 04958 05508
40762 14365 02506 30974 29156 05519 25101 39156 07016
20250 52330 10508 15430 67956 08527 10664 80356 06037
88104 80350 06041
77999
31313 73508 81043=



UKSR01 WSSS 191200
TTBB  69118 48698
00006 30658 11930 23618 22778 16056 33706 10436 44629 06058
55609 04650 66554 00057 77546 00550 88539 00561 99498 04959
11491 05556 22475 05962 33446 09356 44420 11958 55412 12765
66389 15766 77380 16766 88377 17363 99376 17359 11373 17564
22361 19167 33348 21163 44336 23350 55323 24941 66320 25544
77315 26561 88307 27763 99300 29156 11286 31956 22282 32757
33278 33543 44277 33727 55274 34156 66222 46533 77216 48150
88207 50533 99203 51528 11197 53335 22195 53950 33193 54358
44167 61759 55138 71949 66104 80350 77100 80356
21212 00006 29003 11975 23006 22965 25504 33936 24010 44924
26010 55865 28519 66803 33510 77794 31010 88759 34010 99723
31508 11712 35508 22695 32012 33673 34012 44655 32514 55597
01006 66589 10002 77582 08502 88576 01002 99565 07504 11555
05004 22548 12004 33540 07006 44526 06006 55519 08008 66508
07506 77490 03004 88483 04508 99473 36010 11460 00506 22456
03004 33431 06006 44399 02506 55388 05012 66375 04012 77349
05514 88329 04516 99286 07019 11257 05019 22251 07016 33240
07018 44218 12014 55206 10010 66182 13510 77154 09525 88136
09041 99127 07547 11125 07549 22124 07537 33123 07539 44122
07553 55100 06037
31313 73508 81043
41414 19438=



ULSR01 WSSS 191200
TTCC  69111 48698
70868 75164 31525 50068 64179 26525 30385 59384 27525
20642 54185 09541 10100 41389 08051
88999
77999
31313 73508 81043=



UESR01 WSSS 191200
TTDD  6911/ 48698
11986 77359 22936 75960 33876 79358 44817 77361 55750 79760
66662 72366 77603 72768 88484 62182 99278 59384 11230 55185
22207 56185 33198 53385 44180 54985 55163 48787 66153 45987
77136 47187 88092 41389 99074 35590 11064 36190 22061 36790
33057 33591 44054 33591 55048 30192 66042 29792
21212 11963 09023 22932 14021 33875 16523 44803 26016 55746
25514 66734 28514 77708 31025 88625 29016 99595 24019 11536
22525 22470 27535 33438 28033 44400 25531 55353 27035 66330
26031 77310 27029 88263 26021 99235 32010 11227 06012 22220
09521 33199 10043 44182 13043 55172 10045 66153 10049 77141
07553 88121 09054 99100 08051 11078 09049 22075 09058 33054
06549 44047 08023 55046 07012 66045 35008 77044 33014 88042
32533
31313 73508 81043=
