USSR01 WSSS 271200
TTAA  77111 48698
99006 28658 08007 00092 27656 05014 92774 23058 00516
85510 19260 02016 70151 10058 30504 50586 05360 15504
40759 14171 16508 30971 30758 10019 25098 41157 10025
20245 53547 09541 15424 67757 11056 10657 81358 10054
88103 84156 10566
77124 11080 41911
31313 73508 81041=



UKSR01 WSSS 271200
TTBB  77118 48698
00006 28658 11958 24035 22885 20058 33873 20263 44828 17458
55805 16664 66794 16065 77784 15257 88762 14057 99753 14867
11746 14070 22738 13460 33669 07656 44655 06663 55613 03463
66600 02059 77574 00465 88557 00562 99550 00966 11532 01760
22495 05760 33485 06368 44479 06368 55472 06758 66463 07749
77454 08747 88440 09765 99369 18369 11304 29758 22277 34566
33259 38562 44248 41350 55229 46322 66172 61958 77103 84156
88100 81358
21212 00006 08007 11984 04016 22902 00516 33861 02518 44832
35514 55719 32004 66715 33004 77696 30506 88673 34506 99650
34510 11603 03508 22581 04012 33553 07506 44520 07004 55509
11004 66499 16006 77454 10514 88415 12510 99401 16008 11356
18010 22328 17008 33312 11510 44293 10025 55177 09049 66124
11080 77100 10054
31313 73508 81041
41414 18432=



ULSR01 WSSS 271200
TTCC  77111 48698
70859 79561 21519 50054 67770 07523 30368 58984 10060
20629 50986 07556 10086 39989 31027
88071 40989 27035
77999
31313 73508 81041=



UESR01 WSSS 271200
TTDD  7711/ 48698
11962 78360 22762 79960 33553 75363 44516 71966 55499 67170
66465 67970 77454 67372 88446 63975 99425 62376 11390 64977
22385 65377 33380 62180 44347 59382 55319 60983 66282 55985
77192 50586 88158 51386 99127 45587 11118 45787 22113 45388
33107 41189 44093 39989 55087 37190 66084 35590 77071 40989
88050 38789
21212 11879 10004 22876 11502 33869 20502 44854 24508 55788
26512 66750 22514 77711 22021 88671 21008 99635 31008 11608
33508 22591 04006 33553 02516 44503 07523 55464 07529 66443
09543 77314 09058 88260 09051 99204 07556 11151 09012 22138
12018 33123 23004 44121 28004 55116 31512 66107 32512 77106
33512 88104 32016 99094 30527 11088 27016 22076 27541 33057
25010 44055 15008 55054 12004 66053 34504 77051 05510 88050
03512
31313 73508 81041=
