USSR01 WSSS 081200
TTAA  58111 48698
99007 28250 04012 00097 27440 03014 92782 21819 02519
85518 17610 02518 70159 10239 34008 50589 03960 28004
40761 15357 33016 30971 32142 33510 25097 42357 08014
20245 54744 09029 15422 68563 11045 10660 80563 27018
88999
77999
31313 73508 81030=



UKSR01 WSSS 081200
TTBB  58118 48698
00007 28250 11942 22611 22807 15208 33676 08640 44649 07060
55629 05459 66608 03450 77607 03658 88593 03463 99528 00964
11485 05956 22423 12358 33414 13548 44404 14757 55392 16741
66370 20356 77356 22360 88344 24363 99332 26556 11310 30728
22284 34742 33258 40557 44235 45558 55224 48550 66194 56542
77166 65157 88149 68763 99131 68768 11100 80563
21212 00007 04012 11970 01516 22799 02510 33786 01008 44771
02008 55761 35508 66757 36008 77747 34006 88736 35506 99716
33508 11691 35508 22666 35508 33643 04508 44621 01502 55615
04002 66611 07002 77609 02502 88603 05502 99600 17002 11596
12502 22590 12002 33588 10002 44586 11502 55576 08502 66574
06002 77572 10002 88569 10004 99567 13002 11561 11504 22549
18002 33547 22002 44545 18002 55541 26002 66540 22502 77539
21502 88536 27002 99534 26002 11532 29502 22526 21002 33523
23502 44516 25504 55504 25004 66499 28002 77494 35502 88483
01506 99463 31508 11424 33012 22390 32516 33352 35018 44293
33508 55278 04006 66242 08516 77200 09029 88184 10531 99174
09525 11152 11045 22133 09027 33121 12506 44116 22506 55100
27018
31313 73508 81030
41414 21438=



ULSR01 WSSS 081200
TTCC  58117 48698
70858 78562 02508
88770 87558 16512
77999
31313 73508 81030=



UESR01 WSSS 081200
TTDD  5811/ 48698
11770 87558 22728 84959 33700 78562 44693 74365 55560 70966
21212 11938 32010 22873 29506 33830 22508 44769 16510 55740
07508 66709 05508 77692 36010 88642 30521 99560 24018
31313 73508 81030=
