USSR01 WSSS 221200
TTAA  72111 48698
99005 28857 02509 00080 28256 04514 92764 22214 00512
85501 18219 32016 70139 10857 35521 50587 04545 24506
40760 14567 21504 30971 30575 01010 25097 41364 06521
20245 53172 10019 15423 69359 12531 10656 80759 07541
88116 79956 10570
77117 10570 43338
31313 73508 81042=



UKSR01 WSSS 221200
TTBB  72118 48698
00005 28857 11947 23622 22898 20202 33885 20623 44857 18212
55818 17656 66745 12457 77735 12865 88716 11868 99704 11259
11678 10062 22673 09658 33606 03636 44554 00649 55454 09333
66412 12767 77362 19577 88291 32376 99238 43964 11225 47358
22204 52169 33177 60168 44138 73957 55116 79956 66111 78359
77100 80759
21212 00005 02509 11988 04514 22958 04014 33886 31514 44862
31514 55723 01518 66701 35519 77671 35516 88636 02506 99632
01004 11628 02004 22608 31004 33587 35506 44578 34004 55569
25502 66560 20002 77556 20004 88552 15502 99544 21504 11527
26508 22517 27512 33497 24006 44489 25008 55443 23510 66412
26006 77401 22004 88373 24508 99353 14006 11332 15004 22307
02008 33299 00512 44281 01514 55240 08521 66224 07519 77204
10019 88151 12531 99117 10570 11100 07541
31313 73508 81042
41414 11432=



ULSR01 WSSS 221200
TTCC  72111 48698
70861 73565 31518 50055 75366 16008 30363 64783 09064
20621 50786 10070 10088 43388 25529
88127 45588 28543
77291 09070 42013
31313 73508 81042=



UESR01 WSSS 221200
TTDD  7211/ 48698
11924 80559 22895 76363 33815 78562 44754 77762 55734 74765
66687 72765 77590 75565 88514 76165 99477 73767 11461 69171
22383 64379 33318 66782 44242 54785 55218 53385 66203 51586
77179 41389 88149 38589 99127 45588 11113 43788 22095 43988
33092 44988 44088 44188 55083 40189 66073 40389 77066 38190
88065 35790 99052 40389
21212 11965 08535 22889 15523 33811 16010 44797 11504 55786
04004 66780 02006 77737 32516 88648 30521 99580 26514 11555
29002 22545 22504 33534 22006 44506 16508 55479 17514 66462
14516 77439 08012 88379 09549 99349 08054 11291 09070 22201
10070 33179 11033 44173 13021 55160 23512 66155 20010 77141
28027 88132 28539 99118 27543 11109 24523 22099 25025 33087
19502 44086 30002 55085 26004 66080 24504 77077 31010 88076
31516 99069 33514 11068 01010 22067 06510 33066 09018 44057
02025 55052 00523
31313 73508 81042=
