USSR01 WSSS 060000
TTAA  56001 48698
99010 26435 36002 00116 25426 34508 92803 21639 36021
85533 18029 32012 70173 09656 33510 50589 05563 26510
40760 17357 26510 30970 31162 16510 25097 41564 13518
20244 53750 11029 15423 68157 11023 10657 77359 13008
88999
77999
31313 73508 82338=



UKSR01 WSSS 060000
TTBB  56008 48698
00010 26435 11952 22210 22891 20649 33863 18235 44844 18656
55827 17229 66738 11633 77731 11857 88684 08859 99637 04832
11548 01356 22533 02563 33517 04163 44512 04368 55494 06162
66478 07950 77475 07760 88460 08970 99414 14966 11386 19734
22383 20123 33375 20558 44347 24556 55327 26363 66298 31362
77289 33157 88286 33756 99280 34962 11253 40764 22234 45748
33226 47536 44184 58359 55128 75750 66119 77740 77111 80741
88100 77359
21212 00010 36002 11991 35010 22961 00516 33919 36021 44823
30008 55776 33508 66744 30010 77709 33512 88656 34510 99626
31508 11601 33506 22591 01004 33587 35504 44580 02502 55544
30504 66540 26504 77524 23006 88508 26008 99483 28506 11463
26514 22448 27516 33427 25514 44402 26510 55347 18508 66317
19504 77311 17506 88226 10519 99183 11539 11170 11045 22155
10529 33146 11521 44133 09516 55123 08533 66118 08545 77111
08541 88106 08027 99100 13008
31313 73508 82338
41414 18432=



ULSR01 WSSS 060000
TTCC  56001 48698
70858 78962 21508 50055 65577 13021 30367 60184 07051
20625 52786 09560 10081 44188 27529
88789 85560 30033
77182 09066 41121
31313 73508 82338=



UESR01 WSSS 060000
TTDD  5600/ 48698
11965 76960 22789 85560 33761 85761 44731 79563 55659 77962
66639 73965 77590 74565 88562 73767 99530 66575 11506 65176
22471 67980 33389 65582 44373 62383 55345 63183 66263 59384
77248 55785 88181 53385 99136 45987 11127 48187 22111 43588
33090 46187 44085 47387 55080 47587 66072 41789 77065 43788
88061 44188 99058 40589
21212 11980 16004 22968 23504 33940 29012 44906 30521 55837
30035 66762 30031 77732 29516 88679 17508 99651 19008 11622
28506 22611 28002 33602 19002 44592 30002 55591 29002 66588
31002 77556 31506 88544 03502 99540 13002 11527 14014 22472
09518 33442 10037 44415 11041 55305 07551 66243 10049 77182
09066 88155 08545 99127 15019 11123 12016 22115 10006 33112
06006 44108 31510 55103 27525 66091 30531 77075 28518 88074
30510 99071 04006 11070 00506 22069 01508 33068 36008 44064
00514 55063 03016 66058 07514
31313 73508 82338=
