USSR01 WSSS 300000
TTAA  80001 48698
99009 25632 07004 00110 25020 02006 92792 22859 33012
85520 18445 29510 70165 09863 33516 50588 06718 05012
40759 16360 04514 30971 31164 00510 25097 41561 09518
20244 54761 12527 15422 68557 10576 10656 76360 14510
88111 81150 10060
77139 10091 43326
31313 73508 82341=



UKSR01 WSSS 300000
TTBB  80008 48698
00009 25632 11954 22216 22931 23260 33916 22026 44895 20414
55890 20644 66870 19657 77804 14607 88765 13048 99738 11647
11733 12060 22690 09465 33668 07460 44647 05661 55638 05268
66615 04275 77571 00463 88546 02714 99540 02957 11535 03160
22527 03949 33522 04557 44508 05956 55504 06526 66482 08331
77473 08557 88434 12565 99420 13762 11414 14166 22401 16161
33392 16363 44337 24364 55275 36959 66213 51162 77167 64156
88111 81150 99100 76360
21212 00009 07004 11991 02008 22947 01512 33923 32512 44875
29510 55838 29512 66809 27508 77784 28508 88744 32508 99624
00510 11571 00510 22561 02508 33545 07508 44538 08506 55513
05508 66470 02008 77455 05510 88424 03512 99407 05012 11349
00504 22333 06504 33300 00510 44282 03008 55269 09508 66205
12027 77178 10041 88139 10091 99115 09564 11112 10062 22107
10043 33100 14510
31313 73508 82341
41414 11432=



ULSR01 WSSS 300000
TTCC  80001 48698
70858 78163 18510 50055 67578 01008 30369 57184 09056
20626 53185 09566 10084 43588 30018
88823 82560 23012
77196 09068 41343
31313 73508 82341=



UESR01 WSSS 300000
TTDD  8000/ 48698
11823 82560 22769 77764 33707 78562 44637 76565 55591 71169
66531 71173 77499 67578 88361 65182 99331 58984 11284 56984
22261 58984 33195 53385 44192 51586 55160 48987 66153 48787
77150 46587 88136 49187 99125 45987 11092 43988 22086 43388
33078 38789
21212 11977 14004 22949 05506 33889 08002 44884 20002 55876
22004 66854 23008 77752 21006 88726 18506 99692 19010 11644
23508 22627 21508 33551 28018 44523 29504 55515 02002 66511
03004 77489 35512 88460 04010 99451 03514 11425 07521 22384
09037 33300 09056 44274 11064 55196 09068 66173 09535 77165
07521 88142 35025 99127 33014 11120 28025 22114 30521 33106
27516 44101 29518 55090 30516 66086 00512 77080 32021 88078
33016
31313 73508 82341=
