USSR01 WSSS 281200
TTAA  78111 48698
99006 29457 09506 00091 28456 04510 92782 22427 36014
85511 17001 33012 70155 09262 35510 50587 04750 12514
40760 13564 19504 30971 31550 12016 25097 41160 09525
20245 53558 10541 15424 69160 11062 10657 80357 07547
88109 81156 09574
77116 10082 41554
31313 73508 81044=



UKSR01 WSSS 281200
TTBB  78118 48698
00006 29457 11952 24628 22915 22250 33813 14808 44780 16259
55692 08662 66642 04656 77603 02059 88595 01658 99590 01257
11585 01265 22577 00666 33554 01950 44540 01162 55513 03361
66503 04356 77471 06558 88455 08159 99446 08961 11441 08970
22430 09765 33391 14768 44362 20160 55300 31550 66283 34550
77277 35160 88232 44763 99201 53158 11153 67960 22109 81156
33100 80357
21212 00006 09506 11990 05010 22975 04512 33929 36014 44864
34512 55792 31008 66770 03006 77737 03008 88683 34008 99636
35512 11601 02508 22564 03506 33555 05508 44537 06006 55519
11508 66464 10510 77447 12510 88413 22004 99400 19504 11391
24504 22376 28506 33365 28506 44332 21506 55315 14508 66287
10025 77236 09525 88192 11049 99116 10082 11100 07547
31313 73508 81044
41414 28532=



ULSR01 WSSS 281200
TTCC  78111 48698
70861 77963 27508 50056 67768 13519 30368 60983 09056
20625 49786 09054 10090 43388 26523
88750 81361 25512
77999
31313 73508 81044=



UESR01 WSSS 281200
TTDD  7811/ 48698
11957 75761 22878 75361 33750 81361 44722 81561 55706 77764
66578 77961 77551 77162 88534 72166 99504 67968 11415 66775
22393 62779 33310 61383 44281 58184 55243 58584 66227 57184
77203 50386 88178 45388 99154 43388 11110 45188 22105 42988
33091 44988 44082 41389 55076 42388 66054 38399
21212 11929 10004 22921 19002 33913 23504 44830 24521 55719
25512 66678 30504 77658 24506 88644 24508 99607 31012 11547
01010 22516 11518 33506 13519 44477 11518 55452 12029 66409
09533 77387 10543 88358 08543 99317 09553 11277 07554 22219
08056 33199 09054 44180 08027 55156 17016 66135 21018 77128
26514 88112 28516 99106 26519 11097 26535 22083 27514 33080
31519 44066 28025 55061 23018 66058 25018 77055 20012 88054
22014
31313 73508 81044=
