sing20230228.00
TTAA  78001 48698
99010 25021 01505 00123 24211 34510 92806 20402 03029
85537 16804 03025 70169 08408 01018 50588 06502 35012
40759 16122 03012 30970 30934 13019 25097 40939 14031
20245 54756 12537 15422 70356 11049 10656 77760 34010
88123 80146 10566
77123 10566 41462=
TTCC  78001 48698
70857 77957 16010 50054 68357 26539 30368 60758 28039
20625 54358 28025 10070 50367 06525
88833 82156 33525
77069 11560 43332=
TTDD  7800/ 48698
11833 82156 22781 81958 33738 77959 44685 77756 55643 75157
66635 72359 77590 73950 88574 74550 99550 70359 11478 67556
22420 62558 33385 61956 44369 61559 55345 62156 66311 62756
77303 61958 88277 59956 99221 54158 11191 54560 22172 56757
33161 57358 44131 54562 55112 49169 66101 50165 77084 48187
88077 43388 99054 37190
21212 11948 31514 22909 33516 33812 33027 44778 01019 55737
03004 66730 10004 77726 12006 88664 21004 99646 16512 11642
17512 22629 26510 33613 28021 44563 27016 55547 28523 66508
26537 77453 24535 88370 29525 99279 26543 11204 29029 22171
21514 33167 23010 44137 17019 55127 09512 66115 09033 77104
06019 88089 07547 99086 07033 11084 06033 22082 07037 33079
10523 44076 12518 55070 12054 66069 11560 77058 08539 88054
09535=
