sing20230217.00
TTAA  67001 48698
99009 24826 07504 00111 24417 03508 92790 20623 03018
85521 17256 01512 70150 09456 28518 50587 06960 27014
40758 15764 15004 30969 31148 14514 25095 41556 11521
20243 54157 10551 15422 62177 12541 10661 81159 29541
88999
77164 10566 41349=
TTCC  67001 48698
70859 81959 22021 50055 69374 34519 30367 62183 24510
20621 56984 30023 10064 51386 05012
88848 84757 28529
77999=
TTDD  6700/ 48698
11848 84757 22675 81959 33655 77562 44635 76962 55619 73165
66507 70173 77464 64181 88327 64982 99292 58784 11262 60783
22233 57584 33206 58184 44175 52985 55157 52386 66136 57584
77122 56785 88107 51986 99096 50986 11094 50986 22091 47787
33083 45188 44071 45787 55051 41988
21212 11846 28527 22726 21523 33663 21516 44642 25006 55628
14002 66622 02002 77617 35006 88589 33512 99565 01018 11551
35019 22476 34510 33437 24510 44413 22514 55361 26521 66307
22512 77288 24508 88274 31006 99222 34033 11207 32525 22201
30523 33177 28514 44171 25010 55150 22506 66136 19512 77131
14014 88128 17506 99122 11502 11119 11002 22118 02002 33117
34004 44114 33008 55113 35006 66112 04504 77111 07506 88108
06512 99106 02514 11097 07514 22085 06527 33077 12027 44072
13031 55070 09531 66066 11043 77062 09037 88051 10554=
