sing20230218.00
TTAA  68001 48698
99009 25627 01504 00111 24814 35008 92796 20824 02021
85522 18042 36014 70155 09856 29514 50587 05568 25012
40759 15161 23508 30969 32134 10019 25095 42338 11533
20243 52365 10558 15425 63572 22512 10661 81557 25037
88999
77191 10570 42756=
TTCC  68001 48698
70859 82958 08512 50056 67376 16508 30370 57984 30531
20626 57984 26521 10067 51586 08531
88940 84356 25031
77999=
TTDD  6800/ 48698
11940 84356 22798 85757 33700 82958 44633 71166 55534 70971
66470 64980 77425 66182 88386 62383 99340 62383 11303 58384
22278 60384 33252 56185 44231 54785 55180 59384 66161 59584
77142 57984 88137 55385 99094 51786 11081 49586 22067 41189
33052 38190
21212 11917 24023 22893 25014 33855 29516 44833 27510 55805
27006 66793 21504 77765 24008 88742 15510 99722 11512 11664
03516 22632 06016 33604 04010 44584 06004 55574 10004 66563
05504 77527 13512 88503 16508 99480 17012 11445 22012 22414
21008 33403 27508 44390 29014 55333 27012 66303 30029 77279
30029 88269 28523 99238 28525 11225 26525 22177 26519 33150
22021 44142 17014 55139 22004 66138 22004 77136 13506 88129
10504 99125 06506 11124 02504 22123 02004 33122 03506 44115
02014 55112 04514 66108 36019 77104 07521 88092 10539 99082
07535 11078 09541 22071 10043 33066 08533 44064 11535 55061
09545 66060 10053 77058 09039 88057 09029 99052 08543=
