sing20230216.00
TTAA  66001 48698
99009 24430 02503 00110 24021 35006 92791 19813 02023
85516 16042 06018 70150 09233 30012 50587 05957 32010
40759 15157 29504 30970 31356 19512 25096 42356 20012
20243 54159 13033 15422 69356 12556 10659 78164 29543
88999
77140 11566 41973=
TTCC  66001 48698
70861 76766 22018 50058 68574 31523 30369 60983 24016
20625 53185 30018 10070 49986 12516
88886 81963 30035 88150 58384 27518
77999=
TTDD  6600/ 48698
11886 81963 22820 80964 33782 77166 44650 77366 55622 73968
66558 74369 77544 73769 88522 67974 99463 68980 11425 63583
22355 65382 33283 59384 44265 60983 55245 60184 66213 52986
77192 52386 88150 58384 99132 51986 11118 52986 22090 50786
33082 46987 44073 47387 55064 45787 66052 39389 77049 39389
88043 33591
21212 11894 30037 22804 28018 33776 25519 44732 24510 55700
22018 66679 24019 77632 23510 88621 21510 99584 21018 11544
23006 22532 17002 33530 20502 44529 27002 55527 30504 66525
31506 77501 31521 88480 32021 99442 29019 11387 28521 22371
26018 33316 26010 44294 23018 55270 22519 66259 25018 77249
23018 88240 26016 99179 32025 11171 30023 22163 30518 33127
23518 44114 18014 55107 10514 66103 14510 77100 12516 88095
13519 99077 07037 11072 07529 22066 09541 33054 08547 44050
11049 55049 10054 66043 09054=
