sing20230225.00
TTAA  75001 48698
99010 25836 04505 00117 25023 36010 92798 20425 02019
85530 17657 33514 70167 08659 31012 50589 04171 03006
40760 17536 08514 30971 31556 05018 25097 40927 15016
20245 53945 12535 15422 70756 12539 10655 80558 06523
88127 78156 11051
77999=
TTCC  75001 48698
70855 82160 21512 50052 72764 28525 30366 56984 26521
20622 57984 25527 10067 47187 06041
88221 60784 24035
77053 10560 42010=
TTDD  7500/ 48698
11771 83159 22696 82560 33682 80361 44674 75964 55578 71963
66539 73962 77459 67370 88406 66773 99371 63983 11344 56185
22276 55785 33221 60784 44184 55985 55152 56984 66146 56585
77142 53385 88116 51786 99096 46787 11094 44788 22086 46987
33069 44188 44052 37190
21212 11945 07521 22886 14018 33805 20021 44758 22519 55693
21010 66664 27510 77655 26010 88618 25516 99579 28014 11534
27018 22514 28525 33463 28037 44373 28018 55338 30018 66312
26518 77283 26019 88275 27023 99263 24023 11252 26025 22215
24033 33184 27023 44177 25525 55166 26523 66155 23521 77145
23012 88137 14504 99135 34002 11127 35002 22126 12002 33121
10510 44116 33512 55115 33512 66113 03014 77108 35014 88104
05021 99102 06033 11099 05541 22091 09543 33082 09541 44071
09049 55070 09549 66063 07556 77053 10560 88052 09554=
