sing20230213.00
TTAA  63001 48698
99009 25020 33502 00111 24610 31008 92790 21621 29512
85521 17412 25018 70155 09847 29510 50587 06139 31008
40759 16717 29004 30970 31129 13031 25096 41940 12531
20242 55347 10531 15420 69956 08056 10654 76367 33014
88121 79357 09591
77122 09591 43782=
TTCC  63001 48698
70860 71770 26002 50060 69181 26527 30371 60584 25519
20625 54785 00521 10071 52186 14521
88999
77999=
TTDD  6300/ 48698
11835 78965 22822 76367 33780 75766 44753 71970 55714 72569
66681 69173 77638 71374 88603 68779 99566 70579 11459 67182
22375 67782 33365 67982 44347 61583 55321 59784 66269 62383
77227 59184 88211 54585 99179 53385 11156 55785 22137 52186
33127 53785 44111 51386 55098 53385 66063 45188
21212 11953 26518 22921 27516 33896 26512 44838 29006 55824
32008 66800 34512 77773 02504 88766 29002 99754 22006 11747
21008 22693 25504 33680 29006 44660 31014 55630 28014 66569
28019 77531 25523 88509 26525 99478 25525 11437 27023 22414
24518 33403 25016 44389 22518 55343 23508 66334 27012 77318
24519 88269 25516 99256 29514 11252 33008 22243 34518 33220
32019 44199 01021 55193 00516 66184 32008 77178 21012 88162
20523 99127 30004 11126 32502 22125 04504 33120 01516 44113
36002 55111 12502 66107 16510 77101 15019 88098 11023 99080
06547 11076 07041 22073 07041 33068 10535 44063 11027=
