sing20150402.00
TTAA  52001 48698
99007 26218 02001 00074 26228 32005 92761 22829 00510
85495 19232 28004 70139 09839 07005 50586 04756 10014
40758 15161 10519 30970 29567 05520 25098 39762 11516
20246 52339 10019 15426 67737 10511 10661 81914 11525
88999
77999=
TTCC  52001 48698
70860 74550 19509 50057 71176 07533 30365 58579 09569
20629 40783 28514 10094 39584 30019
88869 86159 05028
77265 09077 40724=
TTDD  5200/ 48698
11987 82315 22916 84137 33879 85962 44869 86159 55806
83158 66800 83159 77769 82362 88746 80558 99698 74549
11689 74747 22632 73759 33590 70377 44579 70777 55536
72977 66484 69776 77446 72575 88429 70776 99396 68776
11331 61378 22294 58379 33230 47981 44217 43783 55204
40783 66183 44382 77157 45982 88132 44582 99117 43383
11096 37384 22090 37384
21212 11933 06029 22884 05031 33825 07021 44758 04529
55719 12011 66707 17008 77683 22511 88662 19013 99609
28505 11599 17504 22589 19007 33541 01513 44497 08036
55454 11038 66431 08038 77402 09055 88374 09563 99279
08575 11265 09077 22243 08572 33203 28007 44190 27528
55176 27034 66164 29017 77155 30511 88150 27506 99147
29002 11144 34502 22139 07009 33137 35003 44134 26005
55123 23020 66121 24014 77119 27015 88104 30020 99090
30535=
