sing20150414.12
TTAA  64121 48698
99005 31060 07008 00055 30858 04508 92746 23440 05011
85482 20058 02507 70126 11266 04004 50586 04368 01007
40759 14165 14011 30971 29363 26507 25099 39168 01004
20247 52361 29010 15427 67359 17509 10661 81157 02009
88999
77999=
TTCC  64121 48698
70859 78158 04007 50056 72377 05031 30365 56781 09577
20629 50382 10015 10096 41585 29030
88898 85158 03513
77269 09579 41074=
TTDD  6412/ 48698
11971 81958 22898 85158 33754 80359 44698 77958 55621
71565 66610 72177 77578 74176 88522 71977 99485 73177
11449 70577 22423 68178 33384 66978 44352 64379 55316
58580 66287 54381 77251 46983 88227 48983 99210 53382
11200 50382 22190 51982 33183 49583 44161 45184 55157
43784 66146 41785 77139 36986 88130 35986 99126 37986
11116 40785 22079 36986 33075 35786 44070 34187 55068
33587
21212 11926 03017 22862 04008 33844 08001 44813 20502
55799 28503 66773 15510 77760 15017 88737 18009 99724
17504 11673 02012 22661 06509 33640 11521 44610 14027
55509 05533 66460 09031 77452 09528 88411 09047 99372
08061 11337 08571 22322 09571 33269 09579 44241 08521
55230 04010 66208 06529 77198 10512 88191 15509 99179
16517 11167 09523 22162 10033 33151 20003 44144 31006
55142 29519 66126 26545 77108 28535 88101 29529 99097
28031 11093 29534 22085 29025 33082 30031 44080 27525
55075 30022 66073 29533 77071 28522 88069 29530 99068
30526=
