sing20150404.12
TTAA  54121 48698
99003 28234 02005 00043 29043 02504 92734 23418 12010
85469 19419 21003 70114 10047 05006 50585 02966 05016
40758 13957 11513 30970 29762 11017 25098 39367 11524
20247 51367 09517 15427 66162 06510 10662 83959 10013
88999
77999=
TTCC  54121 48698
70860 75760 00512 50056 71777 10028 30363 59980 08576
20628 48383 25522 10093 40985 28034
88923 86960 08024
77289 09079 41839=
TTDD  5412/ 48698
11967 84960 22956 85562 33923 86960 44911 86958 55792
86968 66743 74963 77733 74161 88716 74959 99677 76761
11636 75976 22615 74176 33595 71977 44468 74376 55430
71177 66353 64779 77320 61579 88308 59980 99284 57380
11240 44184 22202 47783 33185 49583 44161 48183 55158
47183 66152 44584 77140 41385 88116 39785 99090 40985
11086 40985
21212 11958 09018 22919 08024 33886 09527 44833 09542
55730 04511 66701 00512 77616 09521 88590 15015 99499
09528 11479 08032 22438 09047 33422 09550 44392 08566
55306 08575 66289 09079 77253 09548 88235 13017 99215
24030 11197 27017 22191 24011 33178 18017 44172 18526
55164 22527 66155 23034 77143 25018 88138 27519 99132
33034 11129 33530 22127 31527 33119 31009 44117 27510
55113 29515 66109 28523 77104 30519 88102 28017 99100
28033 11097 28044 22093 27526 33089 28020 44087 30530
55086 29531=
