sing20150418.00
TTAA  68001 48698
99007 27836 04502 00078 24235 10002 92746 15630 15013
85464 14839 14510 70102 09827 13512 50583 05736 13508
40755 15750 08022 30966 29756 07517 25093 40184 09521
20242 52780 10034 15421 67776 10028 10655 82772 08008
88999
77999=
TTCC  68001 48698
70854 77574 11022 50050 67377 07543 30366 58179 08545
20625 45982 14019 10091 40583 24020
88999
77999=
TTDD  6800/ 48698
11956 84572 22939 84572 33800 82573 44748 80974 55724
77174 66628 78974 77597 73576 88583 72375 99527 69776
11507 67976 22501 67377 33489 67176 44466 65977 55406
63977 66391 62778 77377 60178 88344 56179 99312 57579
11274 58579 22230 53580 33214 50181 44195 45182 55161
46782 66144 41183 77121 43583 88116 41383 99107 40383
11094 38784 22090 40583 33089 41183 44084 37784 55082
37584 66081 37584 77075 38584 88071 36584 99065 33185
11059 30986
21212 11949 07505 22927 10508 33882 05518 44768 07034
55689 11023 66622 06521 77592 08539 88573 09537 99536
09041 11510 06538 22493 08044 33405 09549 44348 10045
55238 08557 66216 04520 77205 11010 88201 13020 99189
16009 11183 24009 22180 26010 33173 27527 44161 29032
55151 28022 66141 29518 77131 26026 88115 25003 99111
21510 11107 22520 22103 23515 33095 27525 44091 27536
55084 30523 66082 28024 77078 29539 88077 31535 99072
28519 11068 34016 22067 33512 33066 04012 44064 11013
55062 13519 66060 12517 77059 14521=
