  1. 4.2015   0 Uhr

 99.9  -8.7   7.3   90.4 -16.9   6.2   87.4 -18.2  -3.2   78.8 -14.3  -1.3
 75.2  -9.1  -7.6   71.3  -5.1  -4.3   70.0  -4.0  -1.1   68.7  -2.8   1.3
 66.4   1.6   4.4   62.2   0.0   4.6   59.2   1.3   7.6   58.2   1.5   8.6
 55.3  -4.2   3.0   53.5 -10.4  -2.8   50.1 -12.0 -12.0   50.0 -12.4 -12.4
 48.2 -19.6  -9.1   44.9 -17.2   3.0   41.3 -31.4   0.0   30.0 -36.0   0.0
 26.0 -43.6   3.8   25.1 -39.6   0.0   20.8 -16.0  -5.8   20.1 -13.8  -8.0
 20.0 -13.4  -7.7   19.0  -1.0  -1.2   18.6   5.1   0.0   17.0  15.9  -1.4
 14.9  11.6  -4.2   13.9   5.3  -6.3   13.2  10.5  -7.4   12.5   6.6   1.2
 11.4   8.6  10.2   10.0  11.1   4.0    9.9  11.6   4.2    8.8  10.2  -0.9
  8.5  12.6  -4.6    7.2  17.2  -3.0    7.0  11.3  -1.0    6.9  14.9  -1.3


 99.9  -8.7   7.3   90.0 -17.1   4.9   80.0 -14.9  -1.5   70.0  -4.0  -1.1
 60.0   1.0   6.8   50.0 -12.4 -12.4   45.0 -17.3   2.7   40.0 -31.9   0.0
 35.0 -33.8   0.0   30.0 -36.0   0.0   25.0 -39.1  -0.1   22.5 -25.7  -3.4
 20.0 -13.4  -7.7   15.0  11.8  -4.1   12.0   7.5   5.2   10.0  11.1   4.0
  8.0  14.3  -4.0    7.0  11.3  -1.0    6.0   0.0   0.0    5.0   0.0   0.0
  4.0   0.0   0.0
 
  1. 4.2015  12 Uhr

 99.9   0.0   0.0   90.0   0.0   0.0   80.0   0.0   0.0   70.0   0.0   0.0
 60.0   0.0   0.0   50.0   0.0   0.0   45.0   0.0   0.0   40.0   0.0   0.0
 35.0   0.0   0.0   30.0   0.0   0.0   25.0   0.0   0.0   22.5   0.0   0.0
 20.0   0.0   0.0   15.0   0.0   0.0   12.0   0.0   0.0   10.0   0.0   0.0
  8.0   0.0   0.0    7.0   0.0   0.0    6.0   0.0   0.0    5.0   0.0   0.0
  4.0   0.0   0.0
 
  2. 4.2015   0 Uhr

 99.9 -11.7   5.4   93.3 -12.9  -7.5   88.4 -12.2 -10.3   82.5 -10.2  -3.7
 75.8 -10.5 -10.5   71.9  -4.9   2.8   70.7  -0.7   4.1   70.0   1.2   4.5
 68.3   4.0   4.0   66.2   1.2   6.6   60.9   2.5  -0.7   59.9  -0.2   2.0
 58.9   0.6   3.5   54.1  -1.7  -6.5   50.0 -16.4  -4.4   49.7 -18.2  -3.2
 45.4 -18.4   6.7   43.1 -19.3  -3.4   40.2 -28.3   0.0   37.4 -32.3   2.8
 30.0 -35.4   3.1   27.9 -38.4  -3.4   26.5 -39.6   0.0   24.3 -36.9  -3.2
 20.3   3.5  -0.6   20.0   7.0  -1.9   19.0  14.3  -1.3   17.6  17.5   0.0
 16.4   8.2  -3.0   15.5   4.6  -3.2   15.0   3.1  -0.3   14.7   1.0  -0.4
 14.4   0.3  -1.0   13.9  -4.4  -1.6   13.7   0.3  -1.5   13.4   2.5   0.4
 12.3   7.9   6.6   12.1   6.2   3.6   11.9   7.7   0.0   10.4   8.9  -5.1
 10.0   8.5  -4.9    9.0  14.7 -10.3

 99.9 -11.7   5.4   90.0 -12.4  -9.3   80.0 -10.3  -6.2   70.0   1.2   4.5
 60.0   0.1   1.8   50.0 -16.4  -4.4   45.0 -18.5   5.0   40.0 -28.6   0.2
 35.0 -33.2   2.9   30.0 -35.4   3.1   25.0 -37.8  -2.2   22.5 -19.3  -2.1
 20.0   7.0  -1.9   15.0   3.1  -0.3   12.0   7.0   1.8   10.0   8.5  -4.9
  8.0   0.0   0.0    7.0   0.0   0.0    6.0   0.0   0.0    5.0   0.0   0.0
  4.0   0.0   0.0
 
  2. 4.2015  12 Uhr

 99.9  -9.1  -1.6   95.8  -6.2  -8.8   93.8  -6.5  -9.3   91.8  -8.3  -6.9
 88.2 -15.4  -4.1   86.5 -15.7  -2.8   84.9 -13.7  -2.4   83.4 -13.7  -2.4
 81.7 -13.1  -4.8   80.2 -15.0  -5.5   78.6 -12.1  -5.7   73.9  -0.3   3.6
 70.7   5.3   3.1   70.0   6.2   3.6   69.5   6.5   3.0

 99.9  -9.1  -1.6   90.0 -11.8  -5.5   80.0 -14.6  -5.5   70.0   6.2   3.6
 60.0   0.0   0.0   50.0   0.0   0.0   45.0   0.0   0.0   40.0   0.0   0.0
 35.0   0.0   0.0   30.0   0.0   0.0   25.0   0.0   0.0   22.5   0.0   0.0
 20.0   0.0   0.0   15.0   0.0   0.0   12.0   0.0   0.0   10.0   0.0   0.0
  8.0   0.0   0.0    7.0   0.0   0.0    6.0   0.0   0.0    5.0   0.0   0.0
  4.0   0.0   0.0
 
  3. 4.2015   0 Uhr

 99.9  -7.5 -12.9   92.8  -9.8 -16.9   83.3 -14.0  -6.5   81.8 -12.5  -7.2
 73.6  -5.0  10.7   72.3  -3.7  13.9   70.0  -3.9  10.6   66.7  -5.0   1.3
 65.6  -1.8  -3.1   64.6   1.3  -5.0   62.4  -1.6  -6.0   54.9  -4.8  -1.8
 52.2 -12.3   1.1   50.0 -10.1   7.1   49.6  -9.5   7.9   46.8 -17.7   3.1
 45.0 -16.4   1.4   43.3 -23.3   4.1   36.9 -33.8   3.0   35.7 -29.9   5.3
 30.0 -33.4   0.0   29.2 -33.8  -3.0   27.3 -36.9   3.2   22.9 -23.7   0.0
 22.1 -12.3   1.1   21.0   3.1   0.3   20.2   8.2  -3.0   20.0   8.9  -2.4
 19.5  12.8  -1.1   18.5  17.9  -4.8   16.9   9.9 -11.8   16.4  12.0  -6.9
 16.1  15.4  -7.2   15.6  12.3  -1.1   15.3  16.4  -1.4   13.3  16.8  -7.8
 12.8  19.6 -11.3   10.5  10.6 -15.2   10.0  10.9 -10.9    9.3  13.5 -13.5
  9.0   6.9  -8.3    8.3  14.3  -1.3    8.1  14.4  -3.9

 99.9  -7.5 -12.9   90.0 -11.0 -13.9   80.0 -10.9  -3.4   70.0  -3.9  10.6
 60.0  -2.6  -4.7   50.0 -10.1   7.1   45.0 -16.4   1.4   40.0 -28.6   3.5
 35.0 -30.3   4.7   30.0 -33.4   0.0   25.0 -30.2   1.6   22.5 -18.0   0.5
 20.0   8.9  -2.4   15.0  16.5  -2.4   12.0  16.6 -12.6   10.0  10.9 -10.9
  8.0  14.4  -5.2    7.0   0.0   0.0    6.0   0.0   0.0    5.0   0.0   0.0
  4.0   0.0   0.0
 
  3. 4.2015  12 Uhr

 99.9   0.0   0.0   90.0   0.0   0.0   80.0   0.0   0.0   70.0   0.0   0.0
 60.0   0.0   0.0   50.0   0.0   0.0   45.0   0.0   0.0   40.0   0.0   0.0
 35.0   0.0   0.0   30.0   0.0   0.0   25.0   0.0   0.0   22.5   0.0   0.0
 20.0   0.0   0.0   15.0   0.0   0.0   12.0   0.0   0.0   10.0   0.0   0.0
  8.0   0.0   0.0    7.0   0.0   0.0    6.0   0.0   0.0    5.0   0.0   0.0
  4.0   0.0   0.0
 
  4. 4.2015   0 Uhr

 99.9  -9.4  -5.4   79.9 -14.9   7.0   74.5  -7.7  11.0   70.8  -2.9   2.1
 70.0  -1.3   0.8   68.4   0.1  -1.5   67.2   1.2  -1.0   63.0   1.3  -0.9
 59.9   1.7  -3.7   54.0  -7.6  -9.1   50.7 -13.5   4.9   50.0 -18.7   3.3
 30.0 -37.0   0.0   27.9 -41.0   3.6   20.0   8.5  -4.9   19.1   1.9  -7.0
 18.7   0.7  -8.2   18.4  -3.0  -6.5   18.0  -2.1  -3.6   17.7   0.0  -2.6
 15.9   8.0   2.1   15.0   2.8  -4.9   14.3   6.1   1.1   11.9  11.6 -13.8
 10.1   7.7  -2.8   10.0   8.4  -2.3    9.7  11.9  -3.2    9.3  13.4  -3.6
  9.0  11.7  -5.4    8.7  11.8  -8.3    8.5  15.4  -7.2    8.1  16.3  -7.6
  7.8  14.7  -8.5    7.5  22.4 -10.4    7.3  21.9 -15.3    7.0  16.8  -7.8
  6.0  16.6 -13.9

 99.9  -9.4  -5.4   90.0 -12.0   0.5   80.0 -14.9   6.9   70.0  -1.3   0.8
 60.0   1.7  -3.6   50.0 -18.7   3.3   45.0 -22.7   2.6   40.0 -27.1   1.8
 35.0 -31.8   0.9   30.0 -37.0   0.0   25.0 -24.2   0.7   22.5  -8.5  -2.0
 20.0   8.5  -4.9   15.0   2.8  -4.9   12.0  11.3 -13.1   10.0   8.4  -2.3
  8.0  15.8  -7.9    7.0  16.8  -7.8    6.0  16.6 -13.9    5.0   0.0   0.0
  4.0   0.0   0.0
 
  4. 4.2015  12 Uhr

 99.9  -6.6   1.2   95.8  -9.3   0.0   91.9 -12.2  -2.1   88.6 -13.8   1.2
 83.3 -21.5   1.9   73.0  -4.0  -4.0   70.1  -0.5  -6.1   70.0  -0.5  -6.1
 61.6 -10.8   0.9   59.0  -3.9   6.7   50.0 -14.2   2.5   49.9 -14.3   1.3
 47.9 -16.2  -2.9   43.8 -24.2   0.0   42.2 -25.6   2.2   39.2 -33.8  -3.0
 30.6 -38.4  -3.4   30.0 -38.9  -3.4   28.9 -40.6   0.0   25.3 -24.6   2.2
 23.5  -6.7   5.6   21.5  13.4   7.7   20.0  10.9   2.9   19.7   8.7   0.0
 19.1   4.9   2.8   17.8   0.0   8.7   17.2   1.2  13.3   16.4   9.8   9.8
 15.5  13.4  11.2   14.3   8.7   3.2   13.8   9.7  -0.9   13.2   8.7 -15.1
 12.9   6.5 -14.0   12.7   9.8  -9.8   11.9   3.5  -3.0   11.7   5.1  -0.4
 11.3   7.0  -3.3   10.9  11.4  -3.1   10.4   8.0  -5.6   10.2   8.6  -1.5
 10.0  17.2  -3.0    9.7  22.3  -3.9    9.3  13.3  -1.2    8.9  10.1  -1.8
  8.7  12.6  -8.9    8.6  14.5  -6.7

 99.9  -6.6   1.2   90.0 -13.1  -0.2   80.0 -16.1   0.1   70.0  -0.5  -6.1
 60.0  -6.5   4.5   50.0 -14.2   2.5   45.0 -21.8  -0.9   40.0 -31.6  -1.5
 35.0 -36.0  -3.1   30.0 -38.9  -3.4   25.0 -21.7   2.7   22.5   3.2   6.7
 20.0  10.9   2.9   15.0  11.5   7.9   12.0   4.3  -3.8   10.0  17.2  -3.0
  8.0   0.0   0.0    7.0   0.0   0.0    6.0   0.0   0.0    5.0   0.0   0.0
  4.0   0.0   0.0
 
  5. 4.2015   0 Uhr

 99.9   0.0   0.0   90.0   0.0   0.0   80.0   0.0   0.0   70.0   0.0   0.0
 60.0   0.0   0.0   50.0   0.0   0.0   45.0   0.0   0.0   40.0   0.0   0.0
 35.0   0.0   0.0   30.0   0.0   0.0   25.0   0.0   0.0   22.5   0.0   0.0
 20.0   0.0   0.0   15.0   0.0   0.0   12.0   0.0   0.0   10.0   0.0   0.0
  8.0   0.0   0.0    7.0   0.0   0.0    6.0   0.0   0.0    5.0   0.0   0.0
  4.0   0.0   0.0
 
  5. 4.2015  12 Uhr

 99.9  -9.7   3.5   97.2 -13.4   3.6   86.7 -22.3   3.9   71.5  -5.9  -4.1
 70.0  -5.5  -4.6   63.2   0.0   4.6   57.8  -2.5   9.4   54.5 -11.1   2.0
 50.4 -15.4  -4.1   50.0 -15.5  -5.6   46.2 -25.7   0.0   37.8 -30.3  -8.1
 30.2 -28.2  -2.5   30.0 -28.2  -2.5   26.5 -31.8  -2.8   22.6  -2.3  -8.4
 21.8   2.6  -7.3   20.1  11.8   0.0   20.0  11.8   0.0   17.4  14.7   8.5
 16.8  12.2   8.6   16.2  11.8   8.3   15.7   8.4   8.4   15.2   6.4  11.1
 14.7   6.3  13.5   14.1   6.3  13.5   13.6   5.3  14.5   13.1   3.2  11.9
 12.0  -2.8  15.7   11.6   8.5  18.2   11.2   8.9  12.6   10.4  17.4  -1.5
 10.0  16.9  -6.2    9.8  17.7 -12.4    8.8  29.5 -10.7    8.2  16.5  -9.5
  7.7  17.4  -1.5    7.6  11.8   0.0    7.1   6.3  -5.3    7.0  -0.4  -2.0
  6.9   1.5  -3.3    6.7   4.3  -3.6    6.6   2.3  -6.3    6.4   3.4  -2.4
  6.1   2.0   0.5    5.9   1.5   0.0    5.8   2.0  -1.7    5.7   3.2  -2.6


 99.9  -9.7   3.5   90.0 -19.4   3.8   80.0 -15.3   0.5   70.0  -5.5  -4.6
 60.0  -1.5   7.4   50.0 -15.5  -5.6   45.0 -26.3  -1.1   40.0 -29.0  -5.9
 35.0 -29.6  -6.1   30.0 -28.2  -2.5   25.0 -20.8  -4.9   22.5  -1.7  -8.3
 20.0  11.8   0.0   15.0   6.4  12.1   12.0  -2.8  15.7   10.0  16.9  -6.2
  8.0  16.9  -6.4    7.0  -0.4  -2.0    6.0   1.8   0.3    5.0   0.0   0.0
  4.0   0.0   0.0
 
  6. 4.2015   0 Uhr

 99.9 -15.7  -2.8   86.8 -24.3  -4.3   79.9 -12.7 -12.7   77.0  -8.5  -4.9
 73.7  -0.8   3.0   70.0   5.5   3.8   69.2   5.9   4.1   65.9   9.4   5.4
 59.4  -2.0   4.2   54.5 -10.6  -1.9   51.1 -19.1  -8.9   50.0 -20.3  -3.6
 48.2 -23.6   2.1   45.0 -25.7   0.0   42.7 -21.3  -7.7   32.5 -25.4  14.7
 30.0 -25.8   6.9   22.0  -3.9  -3.3   21.7  -2.8  -6.1   21.3   0.5  -6.1
 20.0   9.4  -2.5   19.5  10.8   0.9   17.2   7.1  -4.1   14.1   5.5   1.5
 13.5   0.4   4.6   13.3   3.5   5.1   11.5  15.6  -9.0   10.4   6.4 -11.1
 10.0   2.8  -7.7    9.7   4.4  -6.3    8.3   5.1   4.3    7.8   9.3   0.0
  7.2   5.9   5.0    6.5   7.9   6.6    6.2   8.7   0.0    6.0   5.9   4.1


 99.9 -15.7  -2.8   90.0 -22.1  -3.9   80.0 -12.9 -12.6   70.0   5.5   3.8
 60.0  -0.9   4.3   50.0 -20.3  -3.6   45.0 -25.7   0.0   40.0 -22.3  -2.2
 35.0 -24.3   8.8   30.0 -25.8   6.9   25.0 -12.7   0.8   22.5  -5.5  -2.6
 20.0   9.4  -2.5   15.0   6.0  -0.2   12.0  12.1  -4.9   10.0   2.8  -7.7
  8.0   7.6   1.7    7.0   6.5   5.4    6.0   5.9   4.1    5.0   0.0   0.0
  4.0   0.0   0.0
 
  6. 4.2015  12 Uhr

 99.9 -17.9   6.5   83.9  -9.1  -1.6   82.5 -10.1  -1.8   75.2  -0.4   5.1
 71.1   6.2   3.6   70.0   7.1   4.1   65.6   8.0  -2.1   63.3   4.2   2.0
 62.2   0.2   2.0   60.5  -5.1  -2.4   58.3  -8.2  -3.0   54.6  -7.1 -10.1
 50.9 -18.2  -3.2   50.0 -20.6   0.0   49.4 -21.0  -1.8   20.5  -3.0  -0.8
 20.0   2.2   4.7   19.7   5.5   4.6   18.7   9.1   1.6   17.6   4.7  -6.7
 16.1  -0.1  -1.0   15.7   2.0  -4.2   15.4   7.1   1.3   14.7   2.5  -0.7
 14.2   1.1   2.3   13.7   6.5  14.0   13.1   4.4   6.3   12.3  11.7   2.1
 11.1   3.0  -4.2   11.0   1.3  -2.2   10.4   5.5   4.6   10.2  13.8   8.0
 10.0  11.7   5.4    9.7  21.9   5.9    9.2  15.9   7.4    8.1  19.0   1.7
  8.0  17.3   8.0    7.6  10.8  -0.9    7.4  13.8  -1.2    7.2  14.9   4.0
  6.7  10.5  -7.4    6.6   8.0  -4.6    6.4   4.2   3.0    6.3   5.6  -1.0
  6.0   5.1   0.9    5.6   0.4   5.1    5.5   5.1   3.5

 99.9 -17.9   6.5   90.0 -12.6   1.6   80.0  -6.9   0.5   70.0   7.1   4.1
 60.0  -5.8  -2.5   50.0 -20.6   0.0   45.0 -18.9  -1.7   40.0 -16.3  -1.6
 35.0 -13.4  -1.4   30.0 -10.2  -1.2   25.0  -6.7  -1.0   22.5  -4.7  -0.9
 20.0   2.2   4.7   15.0   4.5   0.2   12.0   9.5   0.5   10.0  11.7   5.4
  8.0  17.3   8.0    7.0  13.2  -0.5    6.0   5.1   0.9    5.0   0.0   0.0
  4.0   0.0   0.0
 
  7. 4.2015   0 Uhr

 99.9   0.0   0.0   90.0   0.0   0.0   80.0   0.0   0.0   70.0   0.0   0.0
 60.0   0.0   0.0   50.0   0.0   0.0   45.0   0.0   0.0   40.0   0.0   0.0
 35.0   0.0   0.0   30.0   0.0   0.0   25.0   0.0   0.0   22.5   0.0   0.0
 20.0   0.0   0.0   15.0   0.0   0.0   12.0   0.0   0.0   10.0   0.0   0.0
  8.0   0.0   0.0    7.0   0.0   0.0    6.0   0.0   0.0    5.0   0.0   0.0
  4.0   0.0   0.0
 
  7. 4.2015  12 Uhr

 99.9  -8.4   5.9   87.3 -14.9   4.0   84.2 -18.5   0.0   82.7 -14.4   3.9
 78.0   6.2   6.2   70.0  -0.8   8.7   68.4  -3.0   6.5   65.3  -4.3   3.6
 62.2  -5.1  -0.9   60.7  -8.0  -4.6   58.0 -10.4  -2.8   54.7 -20.3   3.6
 52.7 -18.6   8.7   50.0 -24.3   4.3   42.3 -18.7   3.3   39.6 -15.9   0.0
 39.0 -19.5   0.0   35.1 -13.8  -8.0   30.0 -16.0  -9.3   27.6 -22.4  -6.0
 26.0 -18.9  -6.9   24.0 -23.6  -2.1   23.6 -20.0  -1.7   22.7 -26.6   2.3
 21.5  -9.3   4.3   20.4  -5.0  10.7   20.0  -6.2   8.8   19.6  -8.0   8.0
 18.2  -5.7  12.1   15.4  -6.3   7.5   14.3  -3.1   0.3   13.8  -9.2   3.3
 12.8   1.1  12.8   12.3   7.2  12.5   11.8  15.2  10.6   11.2  17.3  14.5
 10.6   5.3  14.5   10.4   5.9  10.2   10.0  10.5   7.4    9.3  13.7  -2.4
  8.6   9.3   4.3    8.1  13.8  -1.2    7.8   7.5   6.3    7.5   8.9  -4.1
  7.3   9.7  -3.5

 99.9  -8.4   5.9   90.0 -13.5   4.4   80.0  -2.7   5.2   70.0  -0.8   8.7
 60.0  -8.6  -4.2   50.0 -24.3   4.3   45.0 -20.8   3.7   40.0 -16.4   0.5
 35.0 -13.9  -8.0   30.0 -16.0  -9.3   25.0 -21.2  -4.5   22.5 -23.8   2.7
 20.0  -6.2   8.8   15.0  -5.1   4.9   12.0  12.0  11.4   10.0  10.5   7.4
  8.0  11.7   1.3    7.0   0.0   0.0    6.0   0.0   0.0    5.0   0.0   0.0
  4.0   0.0   0.0
 
  8. 4.2015   0 Uhr

 99.9 -10.9  -2.9   93.5 -12.0 -12.0   89.0 -18.9  -6.9   84.5  -6.1   2.8
 80.5   0.0   2.6   76.7   4.6   8.0   70.0   1.6   6.0   66.1  -4.5   2.6
 63.7  -7.2   0.0   60.4 -10.7   5.0   56.0 -15.9   1.4   50.5 -24.6  -2.2
 50.0 -22.8  -4.0   48.8 -17.9  -6.5   46.5 -23.2   0.0   44.9 -20.0   1.7
 40.6 -16.4   1.4   37.8 -17.4   6.3   34.6 -18.4  -1.6   32.3 -16.4  -4.4
 30.0 -22.0   1.9   29.5 -22.0   1.9   27.9 -29.7   2.6   26.9 -26.2   0.0
 25.5 -32.4   5.7   24.7 -28.9   5.1   24.2 -31.9   5.6   22.9 -21.8   7.9
 20.0 -25.1   9.1   18.0 -20.0   9.3   16.4 -16.4   6.0   15.8 -20.4   5.5
 15.0 -12.2   2.1   14.5  -3.3  -3.3   13.5   6.7   4.7   12.4  13.5   4.9
 12.1  15.5   5.6   11.7   6.9   6.9   10.9   1.7   9.6   10.7  -0.8   9.2
 10.3   4.7   4.0   10.1  11.9   3.2   10.0  12.9   3.5    8.9  20.3  -3.6
  8.4  16.7   2.9    7.5  16.3   7.6    7.0  17.4  10.0

 99.9 -10.9  -2.9   90.0 -17.3  -8.0   80.0   0.6   3.3   70.0   1.6   6.0
 60.0 -11.2   4.7   50.0 -22.8  -4.0   45.0 -20.2   1.6   40.0 -16.6   2.5
 35.0 -18.3  -0.6   30.0 -22.0   1.9   25.0 -30.2   5.3   22.5 -22.2   8.1
 20.0 -25.1   9.1   15.0 -12.2   2.1   12.0  13.3   5.9   10.0  12.9   3.5
  8.0  16.5   5.0    7.0  17.4  10.0    6.0   0.0   0.0    5.0   0.0   0.0
  4.0   0.0   0.0
 
  8. 4.2015  12 Uhr

 99.9 -15.4   1.3   93.6 -13.5  -4.9   84.2  -6.1  -1.1   80.5  -8.0   5.6
 76.9   1.9   5.3   75.1   4.1   5.9   72.1  -0.8   1.3   70.0  -3.1   0.3
 69.3  -2.6   0.0   66.6  -2.9  -1.1   62.1  -8.1   1.4   60.0  -9.1  -1.6
 58.0 -14.4  -3.9   56.1 -13.3   1.2   50.0 -16.9  -6.2   49.0 -17.4  -4.7
 47.4 -20.1   0.0   45.8 -15.7   2.8   43.6 -13.5   6.3   39.9 -17.2  -3.0
 37.3 -19.5   0.0   31.8 -25.3  -4.5   30.0 -24.8  -4.4   27.7 -27.9  -4.9
 25.4 -34.8   3.0   22.1 -24.7   9.0   20.0 -28.8   7.7   19.9 -29.3   7.9
 18.7 -21.9   5.9   18.0 -21.9  10.2   17.4 -20.9   5.6   16.3  -3.1  -0.3
 16.0   0.5  -2.0   15.8   4.9  -2.8   15.3   7.6  -7.6   14.8   2.5   0.4
 14.3   8.9   4.1   12.6  17.7   8.3   12.2  13.5   9.4   11.6   3.8   2.7
 11.3   0.3  -0.4   10.9   7.6   1.3   10.5  14.9   1.3

 99.9 -15.4   1.3   90.0 -10.7  -3.5   80.0  -6.6   5.6   70.0  -3.1   0.3
 60.0  -9.1  -1.6   50.0 -16.9  -6.2   45.0 -14.9   4.0   40.0 -17.1  -2.8
 35.0 -21.9  -1.8   30.0 -24.8  -4.4   25.0 -33.7   3.7   22.5 -25.9   8.2
 20.0 -28.8   7.7   15.0   4.6  -2.8   12.0  10.3   7.2   10.0   0.0   0.0
  8.0   0.0   0.0    7.0   0.0   0.0    6.0   0.0   0.0    5.0   0.0   0.0
  4.0   0.0   0.0
 
  9. 4.2015   0 Uhr

 99.9 -11.9  -3.2   99.1 -11.7  -5.4   96.8 -12.9  -7.5   94.4 -15.6  -9.0
 92.2 -16.8  -7.8   89.9 -16.9  -6.2   87.9 -14.4   0.0   86.0 -10.8   0.9
 84.3  -9.7   3.5   82.9  -6.5   3.0   81.7  -4.9   2.8   80.5  -4.2   3.0
 79.3  -0.2   2.6   78.1  -0.5   2.0   77.1   1.0   1.2   76.0   2.0  -0.5
 75.1   0.9  -2.4   74.1   0.9  -2.4   73.1   0.3  -3.1   72.2  -0.9  -3.5
 71.4  -2.3  -4.0   70.7  -2.4  -3.4   70.0  -2.1  -2.9   68.6  -2.8  -2.3


 99.9 -11.9  -3.2   90.0 -16.9  -6.2   80.0  -2.6   2.8   70.0  -2.1  -2.9
 60.0   0.0   0.0   50.0   0.0   0.0   45.0   0.0   0.0   40.0   0.0   0.0
 35.0   0.0   0.0   30.0   0.0   0.0   25.0   0.0   0.0   22.5   0.0   0.0
 20.0   0.0   0.0   15.0   0.0   0.0   12.0   0.0   0.0   10.0   0.0   0.0
  8.0   0.0   0.0    7.0   0.0   0.0    6.0   0.0   0.0    5.0   0.0   0.0
  4.0   0.0   0.0
 
  9. 4.2015  12 Uhr

 99.9 -12.1  -4.4   90.2 -15.5   5.6   86.0 -18.6   8.7   77.3  -2.0  -0.4
 73.7  -3.6   4.3   70.3   0.7  -0.7   70.0   1.3  -0.9   68.1  -0.1  -0.5
 66.1  -0.4   1.0   64.0  -7.0   3.3   53.9 -15.5  -5.6   50.0 -19.8  -3.5
 47.2 -20.3   3.6   36.9 -24.2   0.0   33.0 -32.8  -2.9   30.4 -35.9   3.1
 30.0 -34.8   3.0   22.6 -16.2  -2.9   21.2 -13.9  -9.7   20.2  -3.9  -6.7
 20.0  -3.9  -6.7   19.0   0.8  -3.0   18.7  -2.1  -1.5   18.2 -11.3  -1.0
 17.6  -2.6  -0.2   17.1   4.4  -6.3   15.1  19.6 -11.3   11.8  24.8   6.7
 10.9  22.3  15.6   10.0  23.8  11.1    8.5  26.8   7.2    5.3  11.7  -5.4
  5.2   9.9  -2.7    4.9   7.5   6.3    4.8   3.0   6.5

 99.9 -12.1  -4.4   90.0 -15.6   5.8   80.0  -7.3   2.5   70.0   1.3  -0.9
 60.0 -10.2  -0.1   50.0 -19.8  -3.5   45.0 -21.0   2.9   40.0 -22.9   1.1
 35.0 -28.3  -1.4   30.0 -34.8   3.0   25.0 -22.7  -0.8   22.5 -16.1  -3.3
 20.0  -3.9  -6.7   15.0  19.7 -10.8   12.0  24.5   5.5   10.0  23.8  11.1
  8.0  24.8   5.5    7.0  20.3   1.8    6.0  15.4  -2.3    5.0   8.3   3.3
  4.0   0.0   0.0
 
 10. 4.2015   0 Uhr

 99.9 -14.3   1.3   92.6 -15.4  12.9   89.3 -14.6  12.2   83.3  -7.5   2.0
 77.3  -3.7  -1.7   76.1  -3.9  -1.4   74.7  -1.5  -3.3   72.2   0.3  -3.6
 70.0  -0.8  -4.6   68.6  -3.0  -4.2   64.4 -12.4   3.3   62.3  -7.1   6.0
 54.0 -14.9   0.0   52.3 -10.7  -5.0   50.5 -15.4  -7.2   50.0 -15.9  -7.4
 41.1 -21.3  -3.8   39.7 -29.8   0.0   37.7 -27.4   4.8   36.4 -26.6   2.3
 35.3 -34.0   0.0   34.3 -34.5   0.0   33.2 -32.9   0.0   30.0 -36.9   3.2
 28.3 -38.1   0.0   26.5 -38.9  -3.4   21.7 -19.0  -1.7   20.7  -8.4  -5.9
 20.4  -1.2  -6.6   20.0   0.0  -6.2   19.4  -0.5  -1.5   19.1   2.5  -0.7
 18.8   4.9  -2.8   16.8  18.6  -8.7   16.1  18.0   0.0   15.5  24.1  -2.1
 14.3  27.7  -2.4   13.1  23.8   4.2   12.7  25.8   4.6   11.0  28.8   7.7
 10.1  18.4   4.9   10.0  19.8   3.5    9.8  24.3   4.3    8.7  18.4   4.9
  7.6  20.4   5.5

 99.9 -14.3   1.3   90.0 -14.8  12.4   80.0  -5.4   0.0   70.0  -0.8  -4.6
 60.0  -9.2   4.4   50.0 -15.9  -7.4   45.0 -18.8  -5.4   40.0 -28.0  -0.8
 35.0 -34.1   0.0   30.0 -36.9   3.2   25.0 -33.0  -2.9   22.5 -22.5  -2.0
 20.0   0.0  -6.2   15.0  25.6  -2.2   12.0  27.0   5.8   10.0  19.8   3.5
  8.0  19.6   5.3    7.0   0.0   0.0    6.0   0.0   0.0    5.0   0.0   0.0
  4.0   0.0   0.0
 
 10. 4.2015  12 Uhr

 99.9 -14.2   2.5   94.1 -17.9   1.6   89.7 -16.0   9.3   86.2 -12.2   2.1
 77.8  -0.4  -4.1   74.9   0.4  -0.4   70.0   0.4  -5.1   68.9  -0.4  -5.1
 67.2  -1.5  -0.3   65.7   1.6   4.4   61.6  -2.5   9.4   54.6 -13.4   7.7
 52.8 -14.7   2.6   51.2 -11.7  -5.4   50.4 -13.1  -9.1   50.0 -14.3  -8.2
 47.6 -19.3  -7.0   42.6 -24.6  -2.2   41.2 -27.7  -2.4   39.8 -30.4   0.0
 38.5 -29.4   5.2   37.8 -28.7   2.5   36.5 -36.5   0.0   35.8 -38.1   0.0
 31.7 -32.8  -8.8   30.0 -35.0  -6.2   29.5 -34.3  -9.2

 99.9 -14.2   2.5   90.0 -16.2   8.7   80.0  -3.5  -2.4   70.0   0.4  -5.1
 60.0  -4.9   9.1   50.0 -14.3  -8.2   45.0 -22.0  -4.5   40.0 -30.0  -0.3
 35.0 -37.1  -1.7   30.0 -35.0  -6.2   25.0   0.0   0.0   22.5   0.0   0.0
 20.0   0.0   0.0   15.0   0.0   0.0   12.0   0.0   0.0   10.0   0.0   0.0
  8.0   0.0   0.0    7.0   0.0   0.0    6.0   0.0   0.0    5.0   0.0   0.0
  4.0   0.0   0.0
 
 11. 4.2015   0 Uhr

 99.9 -10.4   2.8   92.3 -13.8  11.6   86.4  -5.5  -5.5   70.0  -2.6  -4.5
 55.7 -16.2   2.9   53.8 -15.9  -4.3   51.9 -15.6  -9.0   50.3 -22.5  -2.0
 50.0 -23.1  -2.0   48.7 -20.5   1.8   47.1 -19.8   3.5   45.5 -19.0  -1.7
 44.0 -20.6   0.0   42.5 -25.8   4.6   41.1 -25.3   6.8   39.7 -27.9   4.9
 38.3 -31.9   0.0   36.9 -35.4  -3.1   35.6 -34.0   0.0   34.5 -32.9   0.0
 32.1 -34.5  -6.1   30.0 -36.9  -3.2   26.0 -42.0   3.7   25.5 -42.0   3.7
 23.9 -21.0   1.8   22.8  -8.4   3.9   20.6  10.6   3.9   20.0  15.9   4.3
 18.0  22.5  -2.0   13.5  13.7   2.4   11.7  18.2  -8.5   10.1  15.9   1.4
 10.0  16.4   1.4    7.8  26.8   7.2    7.2  15.6  10.9    7.1  22.7  13.1
  6.8  25.3   6.8

 99.9 -10.4   2.8   90.0 -10.6   5.0   80.0  -4.4  -5.1   70.0  -2.6  -4.5
 60.0 -11.9   0.5   50.0 -23.1  -2.0   45.0 -19.5  -1.1   40.0 -27.3   5.3
 35.0 -33.4   0.0   30.0 -36.9  -3.2   25.0 -35.6   3.1   22.5  -5.9   3.9
 20.0  15.9   4.3   15.0  16.8   0.8   12.0  17.4  -6.6   10.0  16.4   1.4
  8.0  25.8   6.6    7.0  23.6  11.0    6.0   0.0   0.0    5.0   0.0   0.0
  4.0   0.0   0.0
 
 11. 4.2015  12 Uhr

 99.9 -11.8   9.9   89.9 -10.1   1.8   86.8  -2.4  -5.1   79.7   1.1  -2.9
 76.9   6.2   0.0   70.0   3.1   5.3   69.8   2.1   5.8   65.1  -2.4   8.9
 55.0 -15.6 -10.9   50.4 -20.5   1.8   50.0 -19.3   3.4   30.0 -35.9   3.1
 25.7 -41.0  -3.6   21.1  16.9   4.5   20.0  21.9   5.9   18.5  14.4   0.0
 17.9  18.6  -8.7   11.0  22.3   3.9   10.6  24.6   2.2   10.3  24.8   4.4
 10.0  23.7   8.6    9.9  23.2   8.4    9.6  26.1  12.2    9.5  16.5   9.5
  9.2  19.9   5.3    8.9  23.6   2.1    7.1  17.4  10.0    6.3  14.5   6.7
  6.0   6.3   7.5    5.5   6.9   6.9    5.4  11.7   5.4    4.9   1.8   1.8


 99.9 -11.8   9.9   90.0 -10.2   1.9   80.0   0.9  -3.0   70.0   3.1   5.3
 60.0  -8.9  -0.8   50.0 -19.3   3.4   45.0 -22.9   3.3   40.0 -26.8   3.3
 35.0 -31.1   3.2   30.0 -35.9   3.1   25.0 -32.7  -2.4   22.5  -1.6   1.9
 20.0  21.9   5.9   15.0  20.0  -3.9   12.0  21.7   1.8   10.0  23.7   8.6
  8.0  20.6   5.9    7.0  17.0   9.6    6.0   6.3   7.5    5.0   3.8   2.6
  4.0   0.0   0.0
 
 12. 4.2015   0 Uhr

 99.9 -15.0   5.5   91.0  -0.8   1.3   83.3   4.5   1.2   79.2   7.0   3.3
 75.4   7.5  -3.5   73.1   0.8   4.6   70.6  -0.7   0.8   70.0  -1.6  -1.3
 69.4  -2.3  -2.8   62.8  -4.3  -9.3   53.9 -20.0   1.7   50.0 -17.9   1.6
 46.4 -18.2  -8.5   42.6 -20.0   1.7   35.3 -31.8   8.5   30.0 -35.0   6.2
 26.8 -39.5  -3.5   24.6 -16.5   0.0   23.3  -4.3  -3.6   22.8   1.5  -0.5
 21.3  12.1  -4.4   20.0   7.9  -6.6   18.8   4.3  -9.3   17.2  11.4  -3.1
 14.4  22.6   0.0   11.8  13.3  -1.2   10.2  18.9   6.9   10.0  17.9   4.8
  8.7  14.4  -3.9    8.1  22.4   6.0    7.9  19.9  -5.3    7.1  22.3   3.9
  6.9  12.6  -5.9    6.5  22.5  -2.0    6.3  12.3   1.1    5.8  21.8   3.8
  5.6  15.4   0.0

 99.9 -15.0   5.5   90.0  -0.1   1.3   80.0   6.5   2.9   70.0  -1.6  -1.3
 60.0  -9.1  -6.0   50.0 -17.9   1.6   45.0 -18.8  -4.8   40.0 -24.0   4.1
 35.0 -32.0   8.4   30.0 -35.0   6.2   25.0 -20.8  -0.6   22.5   3.5  -1.3
 20.0   7.9  -6.6   15.0  20.1  -0.7   12.0  14.1  -1.1   10.0  17.9   4.8
  8.0  21.1   0.4    7.0  17.5  -0.9    6.0  17.9   2.7    5.0   0.0   0.0
  4.0   0.0   0.0
 
 12. 4.2015  12 Uhr

 99.9  -6.3   2.3   96.9  -1.7   3.7   92.0   6.7   0.0   90.0   5.1  -0.4
 81.9   5.1  -5.1   77.9   4.0  -1.1   76.1   6.1   0.5   74.4   7.2   0.0
 72.9   5.8  -2.1   70.0   0.8   4.6   69.3  -1.2   3.4   67.1  -6.0  -1.6
 66.1  -4.6   0.0   65.1  -4.1   0.4   60.9  -6.7  -4.7   58.9 -10.1  -7.1
 55.6 -19.4   5.2   54.7 -20.9   5.6   50.8 -15.4   4.1   50.1 -16.4   4.4
 50.0 -16.2   2.9   49.5 -15.9  -1.4   48.3 -15.6  -9.0   46.7 -18.9  -6.9
 44.9 -21.0  -1.8   44.4 -20.0  -1.7

 99.9  -6.3   2.3   90.0   5.1  -0.4   80.0   4.6  -3.2   70.0   0.8   4.6
 60.0  -8.2  -5.8   50.0 -16.2   2.9   45.0 -20.9  -2.1   40.0   0.0   0.0
 35.0   0.0   0.0   30.0   0.0   0.0   25.0   0.0   0.0   22.5   0.0   0.0
 20.0   0.0   0.0   15.0   0.0   0.0   12.0   0.0   0.0   10.0   0.0   0.0
  8.0   0.0   0.0    7.0   0.0   0.0    6.0   0.0   0.0    5.0   0.0   0.0
  4.0   0.0   0.0
 
 13. 4.2015   0 Uhr

 99.9   5.8  -3.3   96.2   5.8  -5.8   92.9   7.6  -7.6   80.8   4.7   2.2
 76.6  -0.6  -3.5   70.0   1.0   1.2   61.1  -7.1  -6.0   56.1 -11.8   8.3
 50.8 -10.1  -1.8   50.0 -11.2  -5.2   47.5 -19.8  -3.5   40.6 -23.6   2.1
 39.1 -29.4   5.2   30.7 -31.8  -2.8   30.0 -32.3  -2.8   27.2 -38.9  -3.4
 24.2  -3.6   3.6   21.3   9.8   4.6   20.6   1.7  -2.0   20.0  -4.7  -4.0
 19.5  -7.5  -2.0   18.6   0.0  -4.1   17.2   7.2 -15.4   15.7  10.2 -10.2
 15.1  10.1  -7.1   14.6  12.4  -3.3   14.1  17.4  -1.5   13.5  16.7  -2.9
 13.0  13.4  -3.6   12.6   9.7  -3.5   12.1  14.5  -6.7   11.7  12.9  -7.5
 11.3  16.8  -7.8   10.9  17.3  -8.0   10.5  16.4  -4.4   10.1  12.6  -4.6
 10.0  14.9  -4.0    9.8  15.9  -1.4    9.5  17.2  -3.0    9.1  17.7  -3.1
  9.0  15.7  -2.8    8.8  20.4  -5.5    8.7  19.4  -5.2

 99.9   5.8  -3.3   90.0   7.0  -5.4   80.0   3.7   1.1   70.0   1.0   1.2
 60.0  -8.1  -2.9   50.0 -11.2  -5.2   45.0 -21.1  -1.5   40.0 -25.9   3.3
 35.0 -30.5   1.5   30.0 -32.3  -2.8   25.0 -13.3   1.7   22.5   4.1   4.2
 20.0  -4.7  -4.0   15.0  10.6  -6.3   12.0  14.1  -6.9   10.0  14.9  -4.0
  8.0   0.0   0.0    7.0   0.0   0.0    6.0   0.0   0.0    5.0   0.0   0.0
  4.0   0.0   0.0
 
 13. 4.2015  12 Uhr

 99.9   7.9  -3.7   88.7   6.9  -8.3   81.6   6.8   2.5   78.7   1.9  -0.9
 77.3  -0.4  -4.6   72.1  -3.5  -0.6   70.0  -3.9   3.3   69.5  -2.6   4.5
 65.8  -0.4   4.6   60.2  -9.3   0.0   54.1 -14.0   6.5   50.0 -14.4  -3.9
 37.7 -28.2  -2.5   30.0 -30.9  -5.4   27.1 -40.1   0.0   23.9  -7.2   0.6
 22.8   4.1   0.7   20.0   2.8   1.3   19.9   2.1   1.5   18.9  -7.0   1.9
 17.6   0.4   4.6   17.0   0.7  -1.4   16.7   0.4  -4.1   15.1   5.0 -10.7
 11.7  19.5  -1.7   10.0  21.4  -5.7    9.1  20.5  -1.8    8.1   7.6  -7.6
  8.0  17.9  -1.6    7.6  13.0 -10.9    7.2  21.8 -12.6    7.0   9.3 -11.0
  6.0  12.0 -12.0

 99.9   7.9  -3.7   90.0   7.1  -7.7   80.0   4.1   0.6   70.0  -3.9   3.3
 60.0  -9.4   0.2   50.0 -14.4  -3.9   45.0 -19.7  -3.3   40.0 -25.4  -2.7
 35.0 -29.1  -3.5   30.0 -30.9  -5.4   25.0 -18.8   0.4   22.5   3.9   0.8
 20.0   2.8   1.3   15.0   5.4 -10.5   12.0  18.1  -2.6   10.0  21.4  -5.7
  8.0  17.9  -1.6    7.0   9.3 -11.0    6.0  12.0 -12.0    5.0   0.0   0.0
  4.0   0.0   0.0
 
 14. 4.2015   0 Uhr

 99.9   0.9  -5.1   93.0  -1.6  -6.0   80.5  -5.9  -8.4   75.0  -8.0  -2.1
 72.8  -1.2  -3.4   71.6  -3.0  -0.5   70.0  -1.7  -1.2   69.1   0.0  -1.5
 66.9   0.9  -5.1   65.6   3.3  -7.0   63.5  -0.5  -5.6   59.1  -8.0   4.6
 56.8 -16.8   7.8   52.4 -14.4   0.0   50.0 -13.9   0.0   47.9 -12.1   5.7
 43.1 -22.1   0.0   30.0 -34.5   6.1   29.9 -34.5   6.1   28.5 -38.9   3.4
 23.7  -3.8  -5.5   23.0   2.6  -7.3   20.8  -4.6  -9.8   20.0   0.7  -4.1
 19.6  -0.4  -1.5   18.7  -7.2   5.0   17.8   0.3   3.6   16.3  -8.0  -5.6
 16.0  -6.2  -3.6   14.6   1.4  -3.9   14.1   1.3  -5.0   13.8  -0.7  -4.1
 13.4   7.3  -8.7   12.8   9.1  -1.6   11.3  20.5  -1.8   10.0  17.9  -1.6
  8.4   8.4  -2.3    7.8  15.5  -5.6    6.6   8.9   2.4

 99.9   0.9  -5.1   90.0  -2.6  -6.5   80.0  -6.1  -7.9   70.0  -1.7  -1.2
 60.0  -6.4   2.5   50.0 -13.9   0.0   45.0 -18.1   2.3   40.0 -24.8   1.3
 35.0 -29.4   3.6   30.0 -34.5   6.1   25.0 -13.8  -3.0   22.5   1.0  -7.8
 20.0   0.7  -4.1   15.0  -0.8  -3.8   12.0  15.1  -1.7   10.0  17.9  -1.6
  8.0  13.1  -4.5    7.0  11.2  -0.4    6.0   0.0   0.0    5.0   0.0   0.0
  4.0   0.0   0.0
 
 14. 4.2015  12 Uhr

 99.9  -1.6  -4.4   92.6  -4.4  -7.6   86.2  -2.6  -3.2   84.4  -0.5  -0.1
 81.3   0.4   0.9   79.9   1.5  -0.4   77.3  -2.2   4.7   76.0  -4.4   7.6
 73.7   0.0   4.6   72.4  -0.2   2.0   70.0  -2.3  -2.8   67.3  -2.1  -5.8
 66.1  -4.2  -2.0   64.0  -9.8   4.6   61.0  -8.9  10.6   50.9 -13.9  -9.7
 50.0 -12.2 -10.3   46.0 -15.9   0.0   45.2 -14.3   1.3   41.1 -24.2   0.0
 37.2 -30.9  -5.4   33.7 -36.4  -3.2   32.2 -36.4   3.2   30.0 -39.5   3.5
 26.9 -40.5   3.5   24.1 -10.8  -0.9   23.0  -3.3  -3.9   20.8 -13.5  -6.3
 20.0  -7.6   1.3   19.8  -6.0   1.6   19.1  -2.0   4.2   17.9  -2.3   8.4
 16.7 -11.8   1.0   16.2 -16.7   2.9   15.1   0.5   1.5   14.4   2.4  -2.0
 14.2   8.9  -4.1   12.6  23.1   2.0   10.8  17.4  -4.7   10.1  13.5  -6.3
 10.0  14.5  -5.3    9.7  15.7  -2.8    9.3  15.9  -7.4    8.5  12.1  -4.4
  8.2  13.8  -8.0    8.0  12.8  -1.1    7.5   9.8  -5.7    7.3  15.4  -7.2
  7.1  10.9  -2.9    6.9  14.0  -6.5    6.8  11.0  -7.7

 99.9  -1.6  -4.4   90.0  -3.7  -5.8   80.0   1.4  -0.3   70.0  -2.3  -2.8
 60.0  -9.4   8.7   50.0 -12.2 -10.3   45.0 -14.8   1.2   40.0 -26.0  -1.5
 35.0 -34.3  -4.0   30.0 -39.5   3.5   25.0 -20.6   0.5   22.5  -5.6  -4.5
 20.0  -7.6   1.3   15.0   0.8   1.0   12.0  21.2  -0.1   10.0  14.5  -5.3
  8.0  12.8  -1.1    7.0  12.5  -4.7    6.0   0.0   0.0    5.0   0.0   0.0
  4.0   0.0   0.0
 
 15. 4.2015   0 Uhr

 99.9 -12.1  -4.4   86.9  -6.5  -3.0   82.7  -3.9   1.4   75.9   5.1  -4.3
 71.5   3.0  -3.5   70.0   3.1  -1.8   69.3   4.2  -2.0   64.8   0.4  -2.0
 62.7  -5.1   3.5   55.2 -17.4  -6.3   52.5 -19.0  -1.7   50.7 -24.1   2.1
 50.0 -23.8   4.2   49.0 -20.8   7.6   37.5 -32.4   0.0   35.2 -40.0   3.5
 32.5 -32.8   2.9   30.0 -34.3   3.0   28.4 -36.0   6.3   27.4 -41.5   7.3
 26.0 -42.2   0.0   24.6 -31.8  -2.8   22.6 -14.9  -4.0   21.0  -9.8   5.7
 20.3  -7.1   4.1   20.0  -6.2   3.6   18.6  -1.0  11.3   18.2  -2.3   6.3
 17.5  -0.2   2.6   16.9  -0.2   0.5   16.1  -5.5   1.5   15.5   2.1   5.8
 15.3   1.7   6.5   14.2  11.7  -2.1   13.3  17.9  -6.5   11.9  18.5 -15.5
 10.7  14.5  -5.3   10.3  10.2  -3.7   10.1  11.1   4.0   10.0  12.6   4.6
  9.8   9.4  -2.5    9.3  10.2  -3.7    8.9   7.6  -5.3    8.3   5.1   0.4
  7.6   8.7  -3.2    7.3  10.2   3.7    6.7   6.1   1.1    6.5   7.2   0.0
  6.4   9.3   0.0

 99.9 -12.1  -4.4   90.0  -7.9  -3.4   80.0  -0.4  -0.8   70.0   3.1  -1.8
 60.0  -9.4   0.1   50.0 -23.8   4.2   45.0 -24.6   5.1   40.0 -29.7   1.8
 35.0 -39.5   3.5   30.0 -34.3   3.0   25.0 -34.8  -2.0   22.5 -14.6  -3.4
 20.0  -6.2   3.6   15.0   4.4   4.2   12.0  18.5 -14.9   10.0  12.6   4.6
  8.0   6.6  -1.1    7.0   8.1   2.4    6.0   0.0   0.0    5.0   0.0   0.0
  4.0   0.0   0.0
 
 15. 4.2015  12 Uhr

 99.9 -10.8   0.9   97.8 -11.3   1.0   94.4  -3.9   1.4   92.6  -3.3   1.5
 91.0  -3.0  -0.5   89.3  -1.1  -2.9   87.7   0.7  -2.5   86.0   1.1  -2.3
 84.8   0.7  -1.4

 99.9 -10.8   0.9   90.0  -1.9  -1.9   80.0   0.0   0.0   70.0   0.0   0.0
 60.0   0.0   0.0   50.0   0.0   0.0   45.0   0.0   0.0   40.0   0.0   0.0
 35.0   0.0   0.0   30.0   0.0   0.0   25.0   0.0   0.0   22.5   0.0   0.0
 20.0   0.0   0.0   15.0   0.0   0.0   12.0   0.0   0.0   10.0   0.0   0.0
  8.0   0.0   0.0    7.0   0.0   0.0    6.0   0.0   0.0    5.0   0.0   0.0
  4.0   0.0   0.0
 
 16. 4.2015   0 Uhr

 99.9  -9.3   4.3   93.5  -1.5   5.5   80.9  -0.6   6.7   70.0  -0.7  -1.4
 59.9 -14.2   2.5   52.4 -26.1  -2.3   50.0 -24.3   6.5   45.8 -27.2   2.4
 44.3 -29.2   2.6   43.0 -31.8   2.8   41.6 -34.3  -3.0   40.2 -36.4  -3.2
 38.8 -38.1   0.0   37.5 -38.4   3.4   36.9 -38.5   6.8   35.7 -36.3   9.7
 34.4 -35.9   3.1   30.0 -32.8  -2.9   25.2 -37.5  -6.6   23.1 -17.4  -4.7
 22.3 -11.2  -5.2   20.8 -12.2  -8.6   20.0  -8.3  -6.9   19.4  -4.7  -4.7
 16.0   2.7  15.2   14.7   8.0   4.6   13.7  15.0   5.5   12.5   8.2   3.0
 11.8   5.5   5.5   10.7  14.2  -2.5   10.0  12.6  -5.9    8.8  12.0 -12.0
  7.0  13.6 -16.2    6.9   8.3 -11.8    6.2   4.4 -12.1

 99.9  -9.3   4.3   90.0  -1.2   5.8   80.0  -0.6   6.0   70.0  -0.7  -1.4
 60.0 -14.0   2.5   50.0 -24.3   6.5   45.0 -28.2   2.5   40.0 -36.6  -2.7
 35.0 -36.1   6.2   30.0 -32.8  -2.9   25.0 -35.6  -6.4   22.5 -12.8  -5.1
 20.0  -8.3  -6.9   15.0   6.8   7.1   12.0   6.3   4.7   10.0  12.6  -5.9
  8.0  12.7 -13.8    7.0  13.6 -16.2    6.0   0.0   0.0    5.0   0.0   0.0
  4.0   0.0   0.0
 
 16. 4.2015  12 Uhr

 99.9   0.0  13.9   92.4   4.3   9.3   82.8   4.3   3.6   81.3   2.7   1.5
 79.9   3.0  -3.5   77.1   0.3  -3.6   74.5  -0.5  -0.1   73.1  -2.5   2.5
 70.5  -0.9  -1.9   70.0  -0.5  -3.0   69.1   0.4  -4.6   67.9  -1.3  -5.0
 63.3  -6.1   0.5   62.2 -11.1   4.0   56.2 -19.9  -5.3   50.0 -21.3   3.8
 49.1 -20.4   5.5   44.0 -27.9  -4.9   36.0 -37.9   3.3   30.0 -31.3  -2.7
 22.3  -9.5   9.5   20.0  -4.7  -4.7   18.3  -2.1  -8.0   18.0   1.8  -4.8
 17.2   4.1   5.9   16.6  13.5   9.4   14.4  25.6   2.2   12.9  12.9   3.5
 10.1   8.0   2.1   10.0   7.6   1.3    9.1   9.8  -5.7    8.7  11.8  -9.9
  8.0   7.5  -2.0    7.7  11.8 -16.9    7.1   4.0 -14.9    6.8  11.6 -11.6


 99.9   0.0  13.9   90.0   4.3   7.9   80.0   3.0  -3.2   70.0  -0.5  -3.0
 60.0 -14.3   0.7   50.0 -21.3   3.8   45.0 -26.3  -2.8   40.0 -32.7  -0.9
 35.0 -36.9   2.4   30.0 -31.3  -2.7   25.0 -17.6   4.9   22.5 -10.1   9.1
 20.0  -4.7  -4.7   15.0  22.2   4.3   12.0  11.4   3.1   10.0   7.6   1.3
  8.0   7.5  -2.0    7.0   6.5 -13.8    6.0   0.0   0.0    5.0   0.0   0.0
  4.0   0.0   0.0
 
 17. 4.2015   0 Uhr

 99.9   4.1   8.9   97.1   2.4   8.9   94.7   2.3   8.4   88.1   4.2   2.0
 86.2   3.0  -0.8   84.7   3.1   0.3   83.4   4.1   0.0   82.1   3.3  -3.3
 79.5   0.8  -9.2   77.3   0.0 -11.8   75.4   0.0 -13.9   74.7   0.0 -14.4
 73.6  -1.3 -14.3

 99.9   4.1   8.9   90.0   3.6   3.9   80.0   1.3  -8.1   70.0   0.0   0.0
 60.0   0.0   0.0   50.0   0.0   0.0   45.0   0.0   0.0   40.0   0.0   0.0
 35.0   0.0   0.0   30.0   0.0   0.0   25.0   0.0   0.0   22.5   0.0   0.0
 20.0   0.0   0.0   15.0   0.0   0.0   12.0   0.0   0.0   10.0   0.0   0.0
  8.0   0.0   0.0    7.0   0.0   0.0    6.0   0.0   0.0    5.0   0.0   0.0
  4.0   0.0   0.0
 
 17. 4.2015  12 Uhr

 99.9   6.9   6.9   92.2   1.7   2.0   90.5   1.5  -2.7   82.6   2.7  -9.9
 78.1   0.7  -8.2   75.3  -3.0  -8.2   71.4 -11.0  -9.3   70.0 -14.2  -2.5
 65.2 -14.7  10.3   60.8 -16.4   1.4   56.6 -25.1   2.2   50.0 -23.2  -8.4
 49.6 -23.7  -8.6   39.2 -28.7   2.5   37.8 -29.7   2.6   35.9 -24.7  -9.0
 31.9 -21.1   0.0   30.0 -22.0  -1.9   26.9 -25.3   4.5   22.4  -9.2  -0.8
 20.3  -6.7   3.9   20.0  -5.6   2.6   19.6  -6.3   2.3   18.6  -3.5  -3.0
 18.1   6.8  -2.5   17.8  11.7  -2.1   16.9  19.5  -1.7   14.9  12.3   1.1
 13.9  19.5   1.7   12.4  15.4   4.1   11.4   9.3   4.3   11.0   9.7   0.9
 10.6   6.2   3.6   10.0   5.1   8.9    9.9   4.9   8.5    9.6   7.5   6.3
  9.3  13.4   7.7    8.2   4.7   6.7    8.0   9.4   2.5    7.6   4.2   2.0
  6.8  14.3 -10.0    6.0   3.6  -6.2    5.9   1.3  -5.0

 99.9   6.9   6.9   90.0   1.6  -3.1   80.0   1.5  -8.9   70.0 -14.2  -2.5
 60.0 -18.0   1.6   50.0 -23.2  -8.4   45.0 -25.8  -3.9   40.0 -28.3   1.6
 35.0 -23.9  -7.0   30.0 -22.0  -1.9   25.0 -18.8   2.3   22.5  -9.6  -0.7
 20.0  -5.6   2.6   15.0  12.7   0.9   12.0  13.0   4.2   10.0   5.1   8.9
  8.0   9.4   2.5    7.0  11.7  -6.9    6.0   3.6  -6.2    5.0   0.0   0.0
  4.0   0.0   0.0
 
 18. 4.2015   0 Uhr

 99.9  -4.1  -0.7   94.9  -2.5  -0.7   92.7  -4.0   1.1   88.2  -7.6  -5.3
 76.8 -16.4  -6.0   70.0 -10.6   3.9   68.9 -11.1   4.0   62.2  -9.8  -4.6
 59.2 -20.0  -1.7   57.3 -19.0   1.7   53.6 -21.1   0.0   51.0 -17.7  -8.3
 50.0 -21.4  -5.7   49.3 -22.3  -3.9   40.5 -25.1   2.2   34.8 -22.8   4.0
 30.0 -23.1  -2.0   23.8 -29.2  -2.6   21.6  -7.3  -7.3   20.5  -4.8   1.8
 20.1  -7.9   6.6   20.0  -6.3   7.5   18.9  -1.6   4.4   18.3   4.0   2.3
 18.0   5.1   0.9   17.3  13.8  -1.2   16.1  15.5  -5.6   15.1  11.1  -2.0
 14.1   8.4  -3.9   13.1  13.2   2.3   11.5   1.5   0.5   11.1   3.0   4.2
 10.7   7.3   7.3   10.3   6.3   4.4   10.0   8.9   5.1    9.5  12.8  -1.1
  9.1  18.4  -1.6    8.4   9.7  -6.8    8.2  12.2  -2.1    7.8  18.2  -8.5
  7.7  12.7 -12.7    7.2   9.4  -2.5    6.8   2.8  -7.7    6.7   2.6  -5.6
  6.6  -4.0  -4.7    6.4  -6.3   2.3    6.2  -6.9   6.9    6.0  -7.2   5.0
  5.9  -6.2   8.8

 99.9  -4.1  -0.7   90.0  -6.1  -2.7   80.0 -13.9  -5.8   70.0 -10.6   3.9
 60.0 -17.2  -2.5   50.0 -21.4  -5.7   45.0 -23.6  -1.0   40.0 -24.9   2.3
 35.0 -22.9   4.0   30.0 -23.1  -2.0   25.0 -27.9  -2.4   22.5 -16.4  -5.3
 20.0  -6.3   7.5   15.0  10.9  -2.2   12.0   5.2   1.1   10.0   8.9   5.1
  8.0  15.1  -5.3    7.0   6.2  -5.1    6.0  -7.2   5.0    5.0   0.0   0.0
  4.0   0.0   0.0
 
 18. 4.2015  12 Uhr

 99.9   0.0   0.0   90.0   0.0   0.0   80.0   0.0   0.0   70.0   0.0   0.0
 60.0   0.0   0.0   50.0   0.0   0.0   45.0   0.0   0.0   40.0   0.0   0.0
 35.0   0.0   0.0   30.0   0.0   0.0   25.0   0.0   0.0   22.5   0.0   0.0
 20.0   0.0   0.0   15.0   0.0   0.0   12.0   0.0   0.0   10.0   0.0   0.0
  8.0   0.0   0.0    7.0   0.0   0.0    6.0   0.0   0.0    5.0   0.0   0.0
  4.0   0.0   0.0
 
 19. 4.2015   0 Uhr

 99.9  -9.3  -6.5   94.7 -12.4  -3.3   92.4 -11.9  -3.2   87.9  -9.1   1.6
 85.7  -5.6   6.7   83.6  -5.0   5.9   81.7  -4.7   6.7   79.8  -7.6   9.1
 77.9  -5.1   8.9   76.0  -7.7  11.0   75.3  -6.9  12.0

 99.9  -9.3  -6.5   90.0 -10.4  -0.7   80.0  -7.3   8.8   70.0   0.0   0.0
 60.0   0.0   0.0   50.0   0.0   0.0   45.0   0.0   0.0   40.0   0.0   0.0
 35.0   0.0   0.0   30.0   0.0   0.0   25.0   0.0   0.0   22.5   0.0   0.0
 20.0   0.0   0.0   15.0   0.0   0.0   12.0   0.0   0.0   10.0   0.0   0.0
  8.0   0.0   0.0    7.0   0.0   0.0    6.0   0.0   0.0    5.0   0.0   0.0
  4.0   0.0   0.0
 
 19. 4.2015  12 Uhr

 99.9 -10.9  -2.9   96.8  -6.7   0.0   88.3   1.3   7.1   70.0 -13.1   6.1
 64.0 -22.3  -3.9   57.9 -23.4   6.3   56.1 -20.0   1.7   54.3 -17.7  -8.3
 50.6 -20.5   1.8   50.0 -20.0   1.7   30.0 -22.8   4.0   24.6 -30.2  -2.6
 20.6 -12.2   8.6   20.0 -14.5   6.7   18.6  -6.7  11.6   18.0   0.3   3.1
 17.7   2.1   1.5   16.9   3.5   9.7   14.2  16.0   9.3   13.0  12.2   2.1
 10.6   3.0   3.5   10.0   3.2   8.7    9.5   3.5  12.9    9.0   2.1   5.8
  8.0  13.4   7.7    6.8  16.4   1.4    6.6   7.2  -0.6    6.3   9.3  -4.3
  6.2   4.9  -2.8    5.7  -0.4   5.1    5.4   3.0   4.2

 99.9 -10.9  -2.9   90.0  -0.4   5.6   80.0  -4.9   6.7   70.0 -13.1   6.1
 60.0 -23.0   2.7   50.0 -20.0   1.7   45.0 -20.6   2.2   40.0 -21.3   2.8
 35.0 -22.0   3.4   30.0 -22.8   4.0   25.0 -29.6  -2.1   22.5 -21.1   3.1
 20.0 -14.5   6.7   15.0  12.2   9.4   12.0   8.5   2.7   10.0   3.2   8.7
  8.0  13.4   7.7    7.0  15.9   2.5    6.0   2.8   0.3    5.0   0.0   0.0
  4.0   0.0   0.0
 
 20. 4.2015   0 Uhr

 99.9  -8.7  -7.3   98.5  -8.4  -8.4   91.9  -3.1  -0.3   85.9  -6.0   1.6
 82.2  -5.6   6.7   71.9 -10.6  -3.9   70.0 -11.7  -5.4   65.7 -19.8  -7.2
 63.1 -17.5   0.0   54.4 -11.1  -6.4   52.5 -15.9   0.0   50.0 -19.0   1.7
 42.1 -19.6   9.1   33.1 -24.7   9.0   30.0 -29.8   8.0   24.6 -33.4  -5.9
 23.1 -22.8  -4.0   20.9  -4.8 -10.3   20.2   2.1 -11.7   20.0   1.1 -12.8
 19.5   2.2 -12.7   18.9   1.1 -12.3   18.2   3.9  -8.4   17.2   5.8  -3.3
 16.6   4.5  -2.6   16.3   4.1   0.0   15.2   8.5  14.7   12.9   7.4  10.5
 12.2  10.2   5.9   12.0   7.3   8.7   11.6   7.3   8.7   10.6  13.1   4.8
 10.0  10.6   8.9    9.9  10.2   8.6    9.6  15.0   5.5    9.2  10.4   2.8
  8.6  14.3 -10.0    7.8   8.1  -1.4    7.6  11.3   1.0    7.1  15.4  -4.1
  7.0  17.9   1.6    6.7   9.2  -3.3    6.5   9.8   5.7    6.4   9.4   2.5
  6.0  11.0   9.3

 99.9  -8.7  -7.3   90.0  -4.0   0.3   80.0  -6.7   4.5   70.0 -11.7  -5.4
 60.0 -15.3  -2.2   50.0 -19.0   1.7   45.0 -19.3   6.3   40.0 -20.7   9.1
 35.0 -23.5   9.0   30.0 -29.8   8.0   25.0 -33.2  -4.8   22.5 -18.0  -5.7
 20.0   1.1 -12.8   15.0   8.4  14.4   12.0   7.3   8.7   10.0  10.6   8.9
  8.0   9.7  -3.6    7.0  17.9   1.6    6.0  11.0   9.3    5.0   0.0   0.0
  4.0   0.0   0.0
 
 20. 4.2015  12 Uhr

 99.9 -13.3   1.2   96.0 -10.3   4.8   94.3  -9.3   4.3   92.5  -6.7   4.7
 90.7  -6.5   3.0   87.6  -1.7   2.0   84.7  -2.5   2.5   83.2  -2.3   2.8
 81.8  -2.7   3.8   80.4  -3.0   4.2   79.1  -2.9   2.9   77.8   0.5  -2.0


 99.9 -13.3   1.2   90.0  -5.4   2.8   80.0  -2.9   3.8   70.0   0.0   0.0
 60.0   0.0   0.0   50.0   0.0   0.0   45.0   0.0   0.0   40.0   0.0   0.0
 35.0   0.0   0.0   30.0   0.0   0.0   25.0   0.0   0.0   22.5   0.0   0.0
 20.0   0.0   0.0   15.0   0.0   0.0   12.0   0.0   0.0   10.0   0.0   0.0
  8.0   0.0   0.0    7.0   0.0   0.0    6.0   0.0   0.0    5.0   0.0   0.0
  4.0   0.0   0.0
 
 21. 4.2015   0 Uhr

 99.9  -4.1  -0.4   98.0  -2.7   1.5   92.8   0.4  -1.0   83.9   0.9  -5.1
 81.1   0.0  -8.2   79.8   0.0  -9.8   77.0  -1.4  -8.1   71.7  -6.5  -3.0
 70.0 -10.8  -0.9   65.9 -16.3   7.6   59.5 -22.6   0.0   56.5 -16.0  -9.3
 53.0 -12.7   2.2   50.0 -17.9   1.6   49.6 -17.9   1.6   35.4 -16.4  -4.4
 30.0 -25.1   9.1   29.4 -27.8   7.5   28.3 -33.3   2.9   23.2 -21.0   1.8
 21.3  -6.3  -7.5   20.0  -1.3  -7.1   19.6   4.7  -6.7   17.7  15.7  -2.8
 15.2  10.2   0.9   13.9   2.4   3.4   12.4  10.1   7.1   11.0   8.2   0.0
 10.0  12.9   7.5    9.8  11.8   8.3    8.9  19.9   5.3    7.6  13.5 -13.5
  7.1  15.9  -7.4

 99.9  -4.1  -0.4   90.0   0.5  -2.2   80.0   0.0  -9.5   70.0 -10.8  -0.9
 60.0 -22.1   0.6   50.0 -17.9   1.6   45.0 -17.5  -0.2   40.0 -16.9  -2.3
 35.0 -17.0  -3.4   30.0 -25.1   9.1   25.0 -25.6   2.2   22.5 -15.7  -1.5
 20.0  -1.3  -7.1   15.0   9.1   1.3   12.0   9.6   5.1   10.0  12.9   7.5
  8.0  15.5  -7.4    7.0  16.3  -6.1    6.0   0.0   0.0    5.0   0.0   0.0
  4.0   0.0   0.0
 
 21. 4.2015  12 Uhr

 99.9   2.9   2.9   97.7   2.6   4.5   95.8   2.4   5.1   93.8   0.5   5.6
 90.2   0.0   6.7   88.5   0.8   4.6   85.2  -3.5  -0.9   83.5  -4.7  -6.7
 82.0  -5.9  -4.1   80.4  -4.1  -5.9   78.7  -5.2 -11.2   75.5 -14.3  -8.2
 72.2 -15.4   1.3   71.5 -13.7   2.4

 99.9   2.9   2.9   90.0   0.1   6.4   80.0  -4.4  -7.1   70.0 -10.0   4.7
 60.0   0.0   0.0   50.0   0.0   0.0   45.0   0.0   0.0   40.0   0.0   0.0
 35.0   0.0   0.0   30.0   0.0   0.0   25.0   0.0   0.0   22.5   0.0   0.0
 20.0   0.0   0.0   15.0   0.0   0.0   12.0   0.0   0.0   10.0   0.0   0.0
  8.0   0.0   0.0    7.0   0.0   0.0    6.0   0.0   0.0    5.0   0.0   0.0
  4.0   0.0   0.0
 
 22. 4.2015   0 Uhr

 99.9  -6.7   5.6   95.1  -2.0   4.2   84.9  -9.1  -7.6   81.2  -8.7  -3.2
 76.3 -15.4  -4.1   73.3 -10.1   7.1   70.5 -16.0   9.3   70.0 -16.9   9.8
 63.7 -13.1  -6.1   61.7 -14.7 -10.3   59.9 -17.7  -8.3   57.0 -13.8   1.2
 55.0 -11.3   0.0   50.4  -9.4  -5.4   50.0 -11.1  -4.0   48.9 -13.5  -4.9
 43.6 -17.2   3.0   34.6 -23.7   0.0   30.0 -24.2   0.0   26.5 -32.4   5.7
 24.7 -33.4   0.0   21.5  -8.7   3.2   20.4   1.5  -2.1   20.0   3.8  -2.7
 19.8   5.8  -2.1   18.5  11.4  -8.0   17.0  10.6  -8.9   16.1   3.9  -8.4
 15.6   9.5  -9.5   14.5   7.5 -12.9   12.9  17.7  -8.3   12.5  13.1  -6.1
 11.5  15.0   5.5   10.4  19.0  -1.7   10.0  17.9  -6.5    8.7  15.4   0.0
  8.3   9.7   3.5    8.1  11.6   6.7    7.9   4.1   7.1    7.7  18.9   6.9
  7.5  13.1  13.1    7.1  15.8  13.2    7.0  17.3  14.5    6.8  16.3   7.6
  6.7  11.0   9.3    6.5  16.0   9.3    6.1   2.8   4.9    6.0   3.1  -0.3
  5.9   7.1   1.3

 99.9  -6.7   5.6   90.0  -5.4  -1.6   80.0 -10.3  -3.4   70.0 -16.9   9.8
 60.0 -17.6  -8.4   50.0 -11.1  -4.0   45.0 -16.2   0.9   40.0 -19.7   1.9
 35.0 -23.4   0.1   30.0 -24.2   0.0   25.0 -33.3   1.0   22.5 -16.7   2.1
 20.0   3.8  -2.7   15.0   8.4 -11.3   12.0  14.0  -0.4   10.0  17.9  -6.5
  8.0   7.9   6.9    7.0  17.3  14.5    6.0   3.1  -0.3    5.0   0.0   0.0
  4.0   0.0   0.0
 
 22. 4.2015  12 Uhr

 99.9  -9.2  -0.8   95.0  -9.7   6.8   92.6 -11.6   6.7   88.0 -13.8   1.2
 86.0 -16.4   1.4   84.3 -16.7   2.9   82.6 -16.4   1.4   80.9 -19.5  -1.7
 79.2 -19.5   1.7   77.3 -18.7   3.3   73.6 -10.2   5.9   72.0  -9.1   9.1
 70.5  -9.1   9.1   70.0  -9.9   8.3   69.2 -11.1   6.4   65.8  -7.3  -7.3
 64.5  -5.7  -9.8   63.2  -5.9  -8.4   61.9  -6.9  -6.9   60.6  -8.0  -8.0
 58.1 -14.0  -6.5

 99.9  -9.2  -0.8   90.0 -12.8   3.6   80.0 -19.5   0.1   70.0  -9.9   8.3
 60.0  -9.4  -7.7   50.0   0.0   0.0   45.0   0.0   0.0   40.0   0.0   0.0
 35.0   0.0   0.0   30.0   0.0   0.0   25.0   0.0   0.0   22.5   0.0   0.0
 20.0   0.0   0.0   15.0   0.0   0.0   12.0   0.0   0.0   10.0   0.0   0.0
  8.0   0.0   0.0    7.0   0.0   0.0    6.0   0.0   0.0    5.0   0.0   0.0
  4.0   0.0   0.0
 
 23. 4.2015   0 Uhr

 99.9  -9.1  -9.1   95.6  -5.0  -5.9   85.0 -16.4  -6.0   81.2 -16.7   2.9
 76.4 -11.2   5.2   73.2  -9.6   1.7   70.0  -9.8  -5.7   68.8 -10.5  -7.4
 55.5  -7.2   5.0   54.0  -8.4   2.3   53.2 -11.8   0.0   50.0 -15.4   4.1
 39.9 -25.7   0.0   38.7 -27.3   0.0   36.0 -23.6   2.1   31.3 -26.1  -2.3
 30.0 -28.8   0.0   29.4 -31.8   2.8   25.5 -35.3  -9.5   21.6  -6.7   0.0
 21.2  -5.1  -0.9   20.8  -2.3  -2.8   20.5  -5.3  -3.1   20.0  -7.9  -6.6
 19.4  -9.7  -6.8   18.4  -3.3   1.5   18.1  -0.4  -0.3   17.5   4.0  -4.7
 16.7   6.6  -7.9   14.6  17.3  -8.0   13.3  17.9  -4.8   10.0  11.1  -6.4
  9.6  10.1  -7.1    9.2   9.9  -2.7    8.3   5.3  -3.1    8.2   8.9  -2.4


 99.9  -9.1  -9.1   90.0 -10.9  -5.9   80.0 -15.4   3.5   70.0  -9.8  -5.7
 60.0  -8.4   0.6   50.0 -15.4   4.1   45.0 -20.3   2.2   40.0 -25.6   0.0
 35.0 -24.1   1.2   30.0 -28.8   0.0   25.0 -31.8  -8.3   22.5 -13.6  -2.3
 20.0  -7.9  -6.6   15.0  15.1  -8.0   12.0  15.4  -5.4   10.0  11.1  -6.4
  8.0  16.2  -1.0    7.0   0.0   0.0    6.0   0.0   0.0    5.0   0.0   0.0
  4.0   0.0   0.0
 
 23. 4.2015  12 Uhr

 99.9   0.0   0.0   90.0   0.0   0.0   80.0   0.0   0.0   70.0   0.0   0.0
 60.0   0.0   0.0   50.0   0.0   0.0   45.0   0.0   0.0   40.0   0.0   0.0
 35.0   0.0   0.0   30.0   0.0   0.0   25.0   0.0   0.0   22.5   0.0   0.0
 20.0   0.0   0.0   15.0   0.0   0.0   12.0   0.0   0.0   10.0   0.0   0.0
  8.0   0.0   0.0    7.0   0.0   0.0    6.0   0.0   0.0    5.0   0.0   0.0
  4.0   0.0   0.0
 
 24. 4.2015   0 Uhr

 99.9 -16.9  -6.2   97.7 -22.2  -8.1   86.5  -3.8   2.7   84.8  -3.0   6.5
 75.9  -4.5  -1.2   70.9  -0.4  -4.6   70.0   0.0  -6.2   65.7   5.8  -5.8
 63.5   1.1  -4.0   59.2  -3.0   6.5   50.0 -10.3   0.0   47.0 -12.6  -8.9
 45.5 -19.3  -7.0   38.1 -29.8   0.0   30.0 -37.0   6.5   28.2 -41.7   0.0
 25.9 -14.5   6.7   25.5  -8.0   4.6   23.4   9.8   0.0   22.7  13.9   0.0
 21.6  19.1   8.9   20.0  14.9  14.9   19.6  14.2  14.2   17.1  11.4  -8.0
 13.7  15.2  -2.7   11.2   8.4  -5.9   10.0   8.7  -7.3    9.7  10.2  -8.6
  7.5  14.7   2.6    7.4  14.5  -5.3    6.7  10.3 -14.7    6.2   9.4  -2.5
  5.8   0.0 -10.3    5.6  -0.7  -8.2

 99.9 -16.9  -6.2   90.0  -9.7  -0.8   80.0  -3.8   2.4   70.0   0.0  -6.2
 60.0  -2.3   4.5   50.0 -10.3   0.0   45.0 -20.0  -6.6   40.0 -27.0  -1.9
 35.0 -32.4   2.4   30.0 -37.0   6.5   25.0  -3.9   3.6   22.5  14.8   1.6
 20.0  14.9  14.9   15.0  13.7  -4.8   12.0  10.7  -4.8   10.0   8.7  -7.3
  8.0  13.6  -0.1    7.0  12.2 -10.6    6.0   4.8  -6.4    5.0   0.0   0.0
  4.0   0.0   0.0
 
 24. 4.2015  12 Uhr

 99.9 -18.9  -5.1   97.3 -23.8  -4.2   95.5 -25.3  -4.5   93.8 -25.6  -2.2
 92.0 -22.6   0.0   90.2 -14.3   1.3   87.3  -3.0   4.2

 99.9 -18.9  -5.1   90.0 -13.6   1.5   80.0   0.0   0.0   70.0   0.0   0.0
 60.0   0.0   0.0   50.0   0.0   0.0   45.0   0.0   0.0   40.0   0.0   0.0
 35.0   0.0   0.0   30.0   0.0   0.0   25.0   0.0   0.0   22.5   0.0   0.0
 20.0   0.0   0.0   15.0   0.0   0.0   12.0   0.0   0.0   10.0   0.0   0.0
  8.0   0.0   0.0    7.0   0.0   0.0    6.0   0.0   0.0    5.0   0.0   0.0
  4.0   0.0   0.0
 
 25. 4.2015   0 Uhr

 99.9 -22.0  -1.9   98.4 -14.3   1.3   93.3   2.5  -1.8   87.4  13.3   1.2
 86.0  12.7   2.2   83.3  14.9  -1.3   79.5  10.9  -2.9   75.9  11.6  -6.7
 72.6   4.1  -7.1   70.0   2.4  -5.1   68.1  -0.1  -1.5   65.9  -6.1   0.5
 63.9  -7.3   8.7   61.9  -6.5  14.0   60.1  -4.8  17.9   55.7 -11.7   5.4
 54.9 -10.6   3.9   53.1 -18.0   0.0   51.4 -17.7   3.1   50.0 -15.9   0.0
 48.9 -17.2  -3.0   43.7 -22.8  -4.0   42.3 -27.3   0.0   40.9 -24.6   2.2
 37.7 -21.8  -7.9   35.4 -28.7  -2.5

 99.9 -22.0  -1.9   90.0   8.5  -0.1   80.0  11.5  -2.7   70.0   2.4  -5.1
 60.0  -4.9  17.6   50.0 -15.9   0.0   45.0 -21.4  -3.8   40.0 -23.8  -0.6
 35.0 -29.9  -1.5   30.0   0.0   0.0   25.0   0.0   0.0   22.5   0.0   0.0
 20.0   0.0   0.0   15.0   0.0   0.0   12.0   0.0   0.0   10.0   0.0   0.0
  8.0   0.0   0.0    7.0   0.0   0.0    6.0   0.0   0.0    5.0   0.0   0.0
  4.0   0.0   0.0
 
 25. 4.2015  12 Uhr

 99.9   5.3   1.9   98.1  10.2   3.7   93.6  12.6   4.6   91.6  12.1   5.7
 89.6  11.2   5.2   87.8  10.7   5.0   84.2  10.6   1.9   82.6   9.7  -0.9


 99.9   5.3   1.9   90.0  11.4   5.3   80.0   8.2  -5.4   70.0   0.0   0.0
 60.0   0.0   0.0   50.0   0.0   0.0   45.0   0.0   0.0   40.0   0.0   0.0
 35.0   0.0   0.0   30.0   0.0   0.0   25.0   0.0   0.0   22.5   0.0   0.0
 20.0   0.0   0.0   15.0   0.0   0.0   12.0   0.0   0.0   10.0   0.0   0.0
  8.0   0.0   0.0    7.0   0.0   0.0    6.0   0.0   0.0    5.0   0.0   0.0
  4.0   0.0   0.0
 
 26. 4.2015   0 Uhr

 99.9   5.8   5.8   79.2   4.3  -5.1   75.5   3.8  -2.7   70.0  -3.3   1.5
 68.8  -4.1  -0.4   66.7  -5.9   4.1   62.2  -6.7  11.6   54.6 -20.4  -5.5
 52.8 -15.4   1.3   50.0 -22.4   6.0   44.3 -26.8   0.0   42.9 -26.6  -2.3
 30.3 -34.3   3.0   30.0 -33.3   2.9   25.1  -5.5  -3.8   24.3  -0.3  -3.1
 23.4  -2.6  -4.5   20.9  -0.3  -3.1   20.5   1.7  -3.7   20.0   0.7  -4.1
 19.8  -0.4  -4.1   19.1  -2.1   1.5   18.4   1.6   6.0   17.8  -0.4   4.1
 17.0   6.3   2.3   15.9   4.2  -2.0   15.4   6.7  -0.6   14.8   9.2   3.3
 12.9  18.4  -4.9   10.0  11.8   0.0    9.4  10.6   3.9    7.6   1.5  -8.6
  7.0   0.9  -1.3    6.9  -2.1   1.5    6.6   5.1   0.9    6.5  -1.5   3.3
  6.2   2.0   0.2    6.0  -7.5   2.0    5.8  -4.5   2.6

 99.9   5.8   5.8   90.0   5.1   0.8   80.0   4.4  -4.7   70.0  -3.3   1.5
 60.0 -10.5   6.8   50.0 -22.4   6.0   45.0 -26.2   0.8   40.0 -28.3  -1.2
 35.0 -31.2   0.9   30.0 -33.3   2.9   25.0  -4.8  -3.7   22.5  -1.8  -4.0
 20.0   0.7  -4.1   15.0   8.3   2.0   12.0  16.5  -3.5   10.0  11.8   0.0
  8.0   3.7  -5.7    7.0   0.9  -1.3    6.0  -7.5   2.0    5.0   0.0   0.0
  4.0   0.0   0.0
 
 26. 4.2015  12 Uhr

 99.9   8.0   4.6   82.4   1.5   1.5   80.8   1.1   2.9   77.9   4.8   1.8
 75.2   2.9   1.1   73.9   0.7   0.7   72.6  -2.1   2.9   70.1  -6.9   8.3
 70.0  -6.9   8.3   67.4 -11.6   6.7   64.6 -11.1   4.0   58.6 -15.0  -5.5
 51.5 -17.5   0.0   50.0 -15.2   2.7   45.5 -18.3 -10.5   38.7 -31.3  -2.7
 30.0 -32.9   0.0   27.4 -38.6   0.0   23.3  -8.9   4.1   20.2   0.6   3.5
 20.0  -0.8   3.0   19.6  -2.5  -0.7   19.2   2.1  -1.5   17.7  15.9  -7.4
 16.0   4.3  -5.1   15.4   1.2  -3.4   13.4   9.1  -1.6   12.8  11.4   3.1
 11.4  11.8  -1.0   10.7  14.0   5.1   10.0   9.9   2.7    9.5   6.7   0.6
  8.5  13.9   0.0    7.5  11.6  11.6    6.7  10.8  -0.9    5.8   7.6  -1.3
  5.6   0.0   0.0    5.3   3.3  -9.2    5.1   1.2  -6.6

 99.9   8.0   4.6   90.0   4.4   2.9   80.0   2.1   2.6   70.0  -6.9   8.3
 60.0 -14.1  -3.2   50.0 -15.2   2.7   45.0 -19.2 -10.0   40.0 -28.7  -4.3
 35.0 -31.9  -1.6   30.0 -32.9   0.0   25.0 -21.6   2.4   22.5  -6.5   4.0
 20.0  -0.8   3.0   15.0   2.7  -3.0   12.0  11.6   0.8   10.0   9.9   2.7
  8.0  12.8   5.7    7.0  11.1   3.9    6.0   8.3  -1.2    5.0   0.0  -5.3
  4.0   0.0   0.0
 
 27. 4.2015   0 Uhr

 99.9  -3.0   0.8   86.0   8.8   6.2   70.0   0.0   9.8   59.6 -12.4 -17.7
 50.0 -18.4   4.9   41.3 -31.9   0.0   32.1 -40.3 -10.8   30.4 -44.1  -7.8
 30.0 -43.6  -7.7   29.3 -42.1  -7.4   28.3 -38.4  -3.4   27.3 -27.3   0.0
 26.5 -14.0   6.5   25.6 -11.4   8.0   24.8 -13.4   7.7   23.9 -13.5   4.9
 23.1 -15.9   4.3   22.3 -15.2   2.7   21.5  -3.5   0.9   21.2   2.9  -1.1
 20.0  10.9  -2.9   17.0   8.2  -3.0   16.4   9.1  -1.6   15.9   3.6  -4.3
 15.3   1.8  -4.8   14.8   8.0  -4.6   14.0   7.3  -8.7   12.7   8.5  -4.9
 10.0  12.6  -5.9    9.3  16.9   1.5    9.0  13.7   2.4    7.8  17.3  12.1
  7.5   7.7   2.8    6.9   2.1  -3.6    6.7  -7.2  -5.0    6.6  -6.5  -3.0


 99.9  -3.0   0.8   90.0   5.3   4.6   80.0   5.7   7.5   70.0   0.0   9.8
 60.0 -11.9 -16.6   50.0 -18.4   4.9   45.0 -25.9   2.2   40.0 -33.0  -1.4
 35.0 -37.5  -7.2   30.0 -43.6  -7.7   25.0 -12.9   7.8   22.5 -15.4   3.1
 20.0  10.9  -2.9   15.0   5.5  -4.7   12.0   9.5  -5.1   10.0  12.6  -5.9
  8.0  16.7  10.4    7.0   3.0  -2.5    6.0   0.0   0.0    5.0   0.0   0.0
  4.0   0.0   0.0
 
 27. 4.2015  12 Uhr

 99.9  -4.0   4.0   97.3  -1.5   3.3   93.5   5.0   5.9   91.7   8.4   8.4
 90.0  11.1   6.4   84.8  10.6   3.9   83.2   9.8   4.6   79.9  11.4   3.1
 78.3   8.4   2.3   76.5   4.8   1.8   73.2   2.1   8.0   70.0  -0.5   5.6
 68.6  -2.3   6.3   66.8  -5.5   3.8

 99.9  -4.0   4.0   90.0  11.1   6.4   80.0  11.4   3.1   70.0  -0.5   5.6
 60.0   0.0   0.0   50.0   0.0   0.0   45.0   0.0   0.0   40.0   0.0   0.0
 35.0   0.0   0.0   30.0   0.0   0.0   25.0   0.0   0.0   22.5   0.0   0.0
 20.0   0.0   0.0   15.0   0.0   0.0   12.0   0.0   0.0   10.0   0.0   0.0
  8.0   0.0   0.0    7.0   0.0   0.0    6.0   0.0   0.0    5.0   0.0   0.0
  4.0   0.0   0.0
 
 28. 4.2015   0 Uhr

 99.9  10.4   2.8   81.2   4.0  -2.3   77.2   4.1   0.4   71.4   4.9  -2.8
 70.0   5.1  -3.5   65.5  -5.9  -5.0   60.5 -17.4  -1.5   50.0 -26.3  -7.1
 45.1 -30.3   8.1   39.4 -26.1  12.2   33.2 -39.5   7.0   30.0 -40.5   3.5
 29.5 -41.5   7.3   26.2 -18.4  -4.9   23.2 -10.7  -6.2   21.6   5.8   3.3
 20.8  12.6   4.6   20.0   8.4   2.3   19.7   5.7   0.0   19.1  -0.2  -2.0
 18.7   0.2  -0.5   18.1  -1.8   3.1   17.8   0.0   5.1   15.8  -0.2  -1.0
 15.5  -2.0  -0.4   14.9  -1.4  -3.9   14.1   3.4  -1.2   13.9   6.1   0.5
 13.1   9.8  -9.8   11.4  10.6  -8.9   10.0  10.1  -7.1    8.1   5.5  -3.8
  7.5  -1.5   2.7    7.1  -4.2   3.0    6.6  -1.2  13.8    6.1 -14.6  14.6
  5.8  -6.7   4.7    5.3  -4.3   9.3

 99.9  10.4   2.8   90.0   7.2   0.2   80.0   4.0  -1.5   70.0   5.1  -3.5
 60.0 -17.8  -1.8   50.0 -26.3  -7.1   45.0 -30.2   8.2   40.0 -26.6  11.7
 35.0 -35.5   8.5   30.0 -40.5   3.5   25.0 -15.4  -5.4   22.5  -3.6  -2.1
 20.0   8.4   2.3   15.0  -1.5  -3.3   12.0  10.3  -9.3   10.0  10.1  -7.1
  8.0   4.3  -2.8    7.0  -3.6   5.1    6.0 -12.0  11.3    5.0   0.0   0.0
  4.0   0.0   0.0
 
 28. 4.2015  12 Uhr

 99.9   0.0   0.0   90.0   0.0   0.0   80.0   0.0   0.0   70.0   0.0   0.0
 60.0   0.0   0.0   50.0   0.0   0.0   45.0   0.0   0.0   40.0   0.0   0.0
 35.0   0.0   0.0   30.0   0.0   0.0   25.0   0.0   0.0   22.5   0.0   0.0
 20.0   0.0   0.0   15.0   0.0   0.0   12.0   0.0   0.0   10.0   0.0   0.0
  8.0   0.0   0.0    7.0   0.0   0.0    6.0   0.0   0.0    5.0   0.0   0.0
  4.0   0.0   0.0
 
 29. 4.2015   0 Uhr

 99.9   0.0   0.0   90.0   0.0   0.0   80.0   0.0   0.0   70.0   0.0   0.0
 60.0   0.0   0.0   50.0   0.0   0.0   45.0   0.0   0.0   40.0   0.0   0.0
 35.0   0.0   0.0   30.0   0.0   0.0   25.0   0.0   0.0   22.5   0.0   0.0
 20.0   0.0   0.0   15.0   0.0   0.0   12.0   0.0   0.0   10.0   0.0   0.0
  8.0   0.0   0.0    7.0   0.0   0.0    6.0   0.0   0.0    5.0   0.0   0.0
  4.0   0.0   0.0
 
 29. 4.2015  12 Uhr

 99.9   2.2  -4.7   92.6   8.5   4.9   81.7   4.1   0.4   77.9   1.5   1.5
 76.0   2.1  -1.5   72.2  -3.6  -4.3   70.0  -6.3  -2.3   68.7  -7.2   0.6
 61.3 -16.0  11.2   55.7 -21.9  -5.9   52.7 -21.9  -5.9   50.0 -24.3  -6.5
 35.4 -32.9   0.0   32.7 -32.9   0.0   30.0 -30.4   0.0   27.7 -23.6   2.1
 25.5  -6.7   0.0   24.2 -12.7   2.2   22.9  -2.0   1.7   22.2   5.6  -1.0
 20.0   7.0   1.9   19.3   7.6   4.4   18.3   5.6   8.0   15.7   7.0  -1.9
 13.6  10.5   7.4   13.1   7.6   9.1   11.9   3.0   3.5   11.6  -3.5   3.0
 11.2   0.9   1.9   10.6  -1.6  -6.0   10.0  -7.5  -2.0    9.5  -0.1   1.5
  9.4   1.7   1.2    9.2  -0.9   1.9    8.9   7.7   2.8    8.2   7.6  -7.6
  7.9  11.3  -1.0    7.6   6.1 -13.1    7.5  12.0  -6.9    7.2   3.9 -10.6
  7.0  -0.9 -10.2    6.1  11.6  -6.7    5.9  13.1  -9.1

 99.9   2.2  -4.7   90.0   7.5   3.8   80.0   2.9   0.8   70.0  -6.3  -2.3
 60.0 -17.3   7.4   50.0 -24.3  -6.5   45.0 -27.1  -4.5   40.0 -30.0  -2.2
 35.0 -32.9   0.0   30.0 -30.4   0.0   25.0  -9.0   0.8   22.5   2.3   0.2
 20.0   7.0   1.9   15.0   8.1   1.1   12.0   3.4   4.0   10.0  -7.5  -2.0
  8.0  10.1  -3.2    7.0  -0.9 -10.2    6.0  12.3  -7.9    5.0   0.0   0.0
  4.0   0.0   0.0
 
 30. 4.2015   0 Uhr

 99.9  -8.0  -4.6   92.6  -5.7   0.0   89.0  -3.2  -4.6   83.3  -5.3  -1.9
 79.6  -6.7  -4.7   77.9  -4.8  -1.8   72.9  -7.6  -5.3   70.0 -10.3   0.0
 66.9 -13.1   9.1   65.5 -11.8   9.9   60.3 -18.4  -1.6   55.9 -22.1   0.0
 54.4 -28.3   0.0   50.9 -27.9   4.9   50.0 -25.8   4.6   49.2 -22.8   4.0
 46.5 -20.8   7.6   42.5 -21.4  -5.7   40.5 -26.2   0.0   36.6 -27.4  -4.8
 33.9 -29.7   2.6   30.0 -31.4   0.0   29.3 -32.9   0.0   26.1 -12.2   2.1
 25.2  -8.4  -2.3   24.3 -13.7   2.4   23.4 -15.7   2.8   21.7   0.9   1.9


 99.9  -8.0  -4.6   90.0  -3.9  -3.3   80.0  -6.6  -4.4   70.0 -10.3   0.0
 60.0 -18.7  -1.5   50.0 -25.8   4.6   45.0 -21.0   2.7   40.0 -26.4  -0.6
 35.0 -28.7  -0.5   30.0 -31.4   0.0   25.0  -9.6  -1.2   22.5  -7.0   2.3
 20.0   0.0   0.0   15.0   0.0   0.0   12.0   0.0   0.0   10.0   0.0   0.0
  8.0   0.0   0.0    7.0   0.0   0.0    6.0   0.0   0.0    5.0   0.0   0.0
  4.0   0.0   0.0
 
 30. 4.2015  12 Uhr

 99.9   0.0   0.0   90.0   0.0   0.0   80.0   0.0   0.0   70.0   0.0   0.0
 60.0   0.0   0.0   50.0   0.0   0.0   45.0   0.0   0.0   40.0   0.0   0.0
 35.0   0.0   0.0   30.0   0.0   0.0   25.0   0.0   0.0   22.5   0.0   0.0
 20.0   0.0   0.0   15.0   0.0   0.0   12.0   0.0   0.0   10.0   0.0   0.0
  8.0   0.0   0.0    7.0   0.0   0.0    6.0   0.0   0.0    5.0   0.0   0.0
  4.0   0.0   0.0
 

Monatsmittelwind fuer den  4 2015

Niveau Anzahl     U     V   DD FF
 [hPa]        [m/s] [m/s]     [kn]
  99.9     51  -6.8   0.3   93 13
  90.0     51  -5.2   0.2   92 10
  80.0     49  -3.6  -0.7   79  7
  70.0     45  -2.9   0.9  108  6
  60.0     41  -9.9   0.6   93 19
  50.0     40 -18.2  -1.0   87 35
  45.0     40 -21.4   0.1   90 42
  40.0     39 -25.8   0.5   91 50
  35.0     39 -29.1   0.6   91 57
  30.0     38 -31.1   0.5   91 61
  25.0     37 -23.1  -0.4   89 45
  22.5     37  -9.6  -0.2   89 19
  20.0     36   0.3  -0.2  303  1
  15.0     36   8.7  -0.5  273 17
  12.0     36  12.4   0.0  270 24
  10.0     35  12.3   0.1  269 24
   8.0     32  13.9  -0.1  270 27
   7.0     28  11.2  -1.2  276 22
   6.0     18   5.6  -0.4  274 11
   5.0      3   4.1   0.2  267  8
   4.0      0   0.0   0.0    0  0
