sing20190704.12
TTAA 54121 48698
99008 29249 16506 00097 28641 13510 92787 23022 13004
85521 17800 25006 70163 09000 16506 50589 06322 13020
40760 16325 14016 30970 29744 07015 25098 39571 07532
20246 51772 09542 15427 66361 10037 10665 77159 15007
88999
77999=
TTCC 54121 48698
70871 73568 27036 50071 65380 06507 30390 54986 28013
20649 53187 22017 10103 44990 08064
88959 78758 18002
77075 09082 40717=
TTDD 5412/ 48698
11959 78758 22883 78560 33866 75163 44767 71370 55684
73768 66576 68775 77537 70773 88508 65380 99421 62982
11395 58385 22301 54986 33273 53187 44214 56386 55173
48988 66136 54387 77125 46389 88115 48389 99103 44390
11086 46589 22067 35193 33063 36593 44053 30595
21212 11961 19002 22872 06526 33857 06523 44838 06511
55823 14501 66802 27510 77793 28014 88770 25520 99695
27037 11664 26529 22603 29525 33587 28514 44574 30514
55544 31013 66527 33010 77511 02501 88492 08011 99484
11010 11469 21510 22459 23515 33435 23520 44422 20010
55415 22005 66409 26510 77374 28530 88342 31527 99316
29529 11296 28010 22293 26008 33290 24010 44275 24035
55258 24541 66237 26536 77214 26031 88190 21012 99185
34001 11178 09510 22173 14512 33170 15513 44163 08511
55158 06518 66144 09031 77138 08033 88132 09537 99130
09036 11123 07554 22116 07560 33086 09078 44075 09082
55065 10575 66059 09576 77053 06533 88050 08021=
