sing20190723.00
TTAA 73001 48698
99008 26817 24504 00093 26020 14003 92778 22645 18513
85512 18228 17505 70149 08622 07004 50586 05506 09011
40758 15719 08515 30969 31123 12511 25096 39762 12016
20244 52958 15507 15423 67557 03028 10657 78357 10522
88106 81745 07531
77999=
TTCC 73001 48698
70866 69772 27014 50070 64380 26047 30383 62384 27524
20640 57386 27021 10094 42790 07561
88191 58385 31512
77064 08083 41032 77117 08581 42223=
TTDD 7300/ 48698
11957 79357 22916 75962 33907 72365 44868 70573 55735
71369 66681 67774 77631 69374 88572 63182 99530 65578
11509 63581 22391 65380 33361 62181 44360 61981 55322
64181 66230 52787 77191 58385 88173 51987 99151 53587
11140 48388 22105 41991 33087 46589 44077 46989 55057
36393
21212 11970 10517 22918 08536 33874 08511 44852 02004
55837 31010 66793 29026 77758 27021 88716 29010 99676
27022 11668 27522 22648 29515 33619 29006 44594 23518
55587 22515 66568 25025 77527 26051 88447 27530 99412
27029 11387 28035 22366 28519 33353 26029 44317 27532
55279 29513 66264 29032 77242 35014 88239 34510 99235
29002 11229 22510 22214 24025 33197 28018 44192 31011
55189 33014 66182 04019 77164 08516 88138 10572 99117
08581 11110 08070 22084 08056 33076 08578 44070 09578
55064 08083 66059 08575 77057 08060 88053 11039 99051
10051=
