sing20190702.00
TTAA 52001 48698
99008 28838 21505 00095 27839 16009 92783 22224 17518
85516 19042 24009 70161 09019 32503 50588 06343 05009
40759 17906 07523 30970 31131 08539 25096 41718 08040
20244 53357 06554 15423 66758 06073 10659 76961 08512
88113 78556 09048
77144 06077 41934=
TTCC 52001 48698
70871 68972 28035 50074 64378 28016 30389 56584 03005
20648 51387 22007 10099 49988 09554
88656 70771 28034
77078 08583 440//=
TTDD 5200/ 48698
11960 78160 22959 78160 33913 72167 44883 71568 55869
71768 66835 65776 77830 65576 88656 70771 99601 70972
11592 67575 22535 65178 33521 62980 44468 66177 55391
65378 66376 61182 77361 62580 88299 56384 99207 53387
11198 50388 22169 53786 33151 51587 44144 46989 55114
53387 66070 40191
21212 11971 05012 22950 06016 33913 01515 44873 03015
55863 04513 66847 10010 77817 06501 88789 28510 99753
27029 11673 27537 22608 32017 33599 33510 44556 16001
55531 26010 66510 27021 77489 29010 88463 33003 99443
27510 11429 28018 22400 32502 33366 29010 44329 28020
55313 00000 66293 28510 77264 26512 88245 30522 99240
31020 11231 28510 22214 22002 33194 23014 44190 21010
55182 11510 66167 10510 77159 14514 88151 13023 99145
07019 11142 06023 22131 08526 33120 09530 44109 11037
55096 10064 66092 10549 77078 08583 88070 09071=
