sing20190713.00
TTAA 63001 48698
99010 28228 24004 00112 27432 15506 92798 22249 18017
85530 19060 22505 70169 08856 07503 50588 06158 13012
40759 17941 05504 30968 31956 04522 25094 42150 07531
20241 53365 10518 15421 66758 06530 10658 73162 09012
88111 78156 07026
77999=
TTCC 63001 48698
70868 72167 27523 50072 62775 24024 30388 57978 21021
20646 55380 13512 10096 48784 10074
88999
77100 10074 42609=
TTDD 6300/ 48698
11904 71565 22811 73765 33797 70168 44662 71968 55593
64375 66523 61577 77481 64774 88463 62376 99417 63575
11403 60777 22338 62176 33285 56779 44273 57978 55258
53981 66225 56779 77124 48584 88108 51182 99071 41388
21212 11989 11012 22965 11511 33959 12010 44924 26010
55889 28010 66856 28505 77811 20014 88723 27518 99669
28529 11583 00510 22554 21502 33529 20010 44518 23015
55502 24024 66471 24514 77423 27028 88411 29032 99389
30525 11373 30014 22368 31010 33362 36005 44330 01501
55318 17510 66310 17017 77297 21524 88290 21023 99262
28524 11254 29527 22228 32517 33223 34510 44213 08001
55205 17010 66198 12514 77195 12514 88187 17016 99182
16519 11171 09019 22161 09040 33153 07041 44130 10061
55123 08570 66100 10074 77080 10562 88071 10074=
