sing20190708.00
TTAA 58001 48698
99010 28427 24503 00110 27633 13006 92797 22217 15014
85530 18448 16512 70171 10259 05005 50588 06757 08510
40760 16161 06013 30970 30569 08517 25097 40963 14514
20245 53757 18017 15424 66959 16019 10661 77959 12014
88105 77758 14524
77999=
TTCC 58001 48698
70868 68573 10512 50073 65576 28524 30389 61580 28529
20645 55985 35009 10099 45190 08061
88482 67375 28517
77095 08068 420//=
TTDD 5800/ 48698
11972 75561 22891 78759 33857 76361 44816 78162 55795
73167 66703 68573 77665 69972 88600 62980 99567 62580
11482 67375 22426 57583 33359 61980 44320 62779 55264
60781 66231 54785 77204 56584 88186 51188 99161 50988
11147 51987 22106 43990 33097 45789 44085 40391
21212 11880 19002 22856 28010 33832 29011 44809 01013
55778 04524 66761 06523 77711 09017 88694 12010 99677
18005 11661 23010 22619 29519 33585 31023 44566 27526
55526 27040 66462 28511 77448 23512 88406 26537 99361
26026 11339 27038 22317 28527 33291 29023 44279 26521
55265 30012 66262 29010 77253 25018 88247 24019 99237
25528 11228 25523 22206 29513 33201 34009 44191 05017
55183 07522 66171 07532 77163 10042 88155 11536 99136
08538 11124 07561 22110 08048 33095 08068 44085 09060=
