sing20190731.12
TTAA 81121 48698
99007 30260 20508 00086 29460 16513 92774 22432 18018
85505 17645 21511 70143 10068 16518 50587 05371 27503
40759 16158 10535 30969 32356 08032 25095 41958 07048
20243 52158 05068 15423 64567 07040 10661 76361 09508
88110 77950 09503
77169 05577 40948=
TTCC 81121 48698
70869 66176 24519 50071 67376 26019 30386 57184 26521
20641 58382 28010 10089 45589 09078
88999
77065 09097 41916=
TTDD 8112/ 48698
11992 76561 22792 75763 33759 74167 44741 68175 55705
65976 66619 69972 77316 60581 88299 56983 99248 56783
11223 59182 22189 55985 33158 57583 44154 53387 55143
50987 66133 53785 77117 51787 88105 44590 99089 43590
11081 44390 22071 41791 33061 32794 44057 34393
21212 11965 14010 22936 21006 33914 26510 44832 35522
55795 03020 66761 09025 77750 10020 88742 11512 99728
18007 11722 22010 22711 24016 33651 26031 44609 25022
55569 25537 66524 25509 77502 26520 88486 24514 99464
26527 11453 28020 22436 25021 33417 24523 44405 22017
55376 25526 66368 26523 77348 26007 88324 25521 99306
27016 11290 24520 22265 26539 33202 27513 44191 34010
55182 36007 66175 01016 77168 03521 88162 08025 99148
10545 11143 09558 22133 08060 33114 09085 44090 09075
55072 09078 66065 09097 77057 09081=
