sing20190728.12
TTAA 78121 48698
99008 30257 22006 00090 29056 19012 92780 22409 19514
85513 18025 22508 70153 09660 25009 50587 05934 09520
40759 15359 13513 30970 31356 11516 25096 42141 06532
20243 53359 06570 15423 66163 08036 10660 74363 19013
88115 78148 08517
77173 07080 41747=
TTCC 78121 48698
70868 70971 06012 50070 65978 20016 30384 58785 27035
20641 54986 07002 10090 46789 09570
88999
77060 08603 42753 77109 09585 41925 77048 08064 413//=
TTDD 7812/ 48698
11892 75962 22486 64980 33447 67777 44392 61184 55359
60584 66328 61783 77314 57985 88293 59385 99257 55386
11220 56786 22184 52787 33155 55986 44143 51188 55134
53187 66101 46589 77085 48588 88081 43990 99066 44990
11060 41991 22058 36992 33051 41191 44047 39392
21212 11966 25015 22910 28515 33862 29513 44814 27016
55795 27521 66762 29010 77745 32005 88703 06010 99685
06018 11645 10511 22642 10510 33621 00000 44609 26010
55574 28031 66559 28523 77533 32010 88522 27006 99514
21510 11501 20016 22482 24023 33454 27037 44436 28029
55413 25007 66388 25524 77372 25521 88356 23531 99337
23527 11306 27041 22271 27545 33242 28543 44230 28525
55222 31012 66219 31011 77213 28510 88201 05002 99194
08010 11190 11014 22186 11518 33182 13516 44177 13512
55169 18018 66165 17517 77160 12011 88158 10510 99156
09513 11149 10025 22144 07032 33128 09065 44109 09585
55103 10070 66087 09558 77072 08580 88066 08567 99060
08603 11057 08571 22054 08545 33048 08064 44047 08063=
