sing20190714.12
TTAA 64121 48698
99006 30658 21006 00077 29858 16009 92768 23656 15012
85502 18837 24508 70144 11671 23008 50586 03961 32513
40758 15361 13513 30969 30961 08014 25095 41360 05025
20243 51166 08535 15424 66759 11011 10661 76559 09527
88999
77999=
TTCC 64121 48698
70867 71967 05509 50071 62377 26540 30386 58579 28525
20646 51783 22008 10096 46786 09058
88925 79357 09019
77066 09583 42328 77135 05077 46763=
TTDD 6412/ 48698
11925 79357 22887 76560 33829 78160 44794 71966 55716
72767 66628 68972 77618 66374 88591 67174 99575 63377
11494 60978 22430 66374 33407 61778 44379 63376 55255
53782 66219 51783 77205 51583 88204 51383 99203 51383
11202 51383 22201 51383 33167 55581 44077 42588 55061
33794 66057 35593
21212 11921 09017 22897 11510 33817 19501 44804 27011
55794 27015 66775 29012 77760 32510 88719 34011 99707
02507 11696 06510 22665 07520 33654 08517 44634 12011
55627 16508 66621 21010 77613 23516 88598 25025 99580
25517 11557 28521 22527 26036 33471 28047 44433 28037
55365 24015 66301 28025 77290 30027 88280 31519 99266
36012 11263 36010 22257 26501 33245 16510 44234 20016
55217 22029 66205 18511 77202 20009 88183 29510 99175
33507 11170 35510 22164 07010 33157 09015 44149 08524
55135 05077 66134 07542 77116 10559 88092 07562 99066
09583 11059 10556 22057 10060=
