sing20170226.00
TTAA 76001 48698
99007 26218 03004 00089 25420 00508 92772 21427 01513
85503 17415 30510 70142 09435 03506 50586 05932 04506
40757 15535 05519 30968 30557 06516 25095 40956 07512
20243 53560 09531 15421 69736 09036 10653 81957 08039
88104 84348 10048
77999=
TTCC 76001 48698
70856 73567 26031 50053 67174 27519 30366 60178 28539
20622 54181 26533 10072 52582 34523
88120 52182 22517
77073 09560 45513=
TTDD 7600/ 48698
11910 84557 22838 82759 33771 71972 44664 75965 55564
73168 66489 65974 77464 66574 88389 62977 99357 64575
11336 61378 22271 60978 33250 56181 44187 54381 55143
47985 66120 52182 77106 50784 88093 53782 99078 43988
11073 46586 22065 39990 33055 39990
21212 11943 08527 22896 04521 33839 03020 44820 04010
55808 32001 66797 24010 77746 25036 88712 26029 99656
26534 11591 24024 22560 27025 33515 26011 44493 28025
55461 27031 66412 28038 77399 29034 88365 28558 99324
29547 11255 27530 22231 27532 33220 25532 44172 28539
55138 23035 66126 25017 77120 22517 88115 21510 99112
30005 11109 01510 22108 02014 33104 35017 44099 34023
55089 34022 66086 36021 77085 02519 88084 05525 99079
09054 11073 09560 22063 08554 33059 10545 44055 09550=
