sing20170226.12
TTAA 76121 48698
99005 29050 07506 00064 28450 05007 92753 22415 01516
85485 17808 35014 70128 09832 02007 50585 05556 03005
40758 15159 06012 30969 30160 08519 25096 40363 09024
20244 53361 07528 15422 69347 09537 10654 78162 08516
88111 82750 09549
77999=
TTCC 76121 48698
70857 75565 27532 50055 67774 29027 30367 61180 29039
20622 56982 27536 10074 48188 33518
88865 83158 12014
77052 09582 423//=
TTDD 7612/ 48698
11865 83158 22828 82559 33787 75765 44747 74367 55678
76565 66616 75966 77567 70571 88477 65976 99416 66775
11323 60581 22243 59381 33219 54984 44185 56982 55150
48188 66138 49786 77114 45589 88103 48788 99071 40391
11059 43590 22050 38992
21212 11930 07522 22874 10517 33846 16013 44810 19510
55803 21009 66792 24512 77736 27034 88700 27532 99641
25510 11624 26004 22613 30010 33563 31034 44513 30521
55482 27529 66400 27531 77377 27047 88322 30045 99258
27530 11248 26532 22170 27043 33148 24035 44139 24033
55131 25010 66121 32501 77117 01010 88112 35023 99101
33018 11096 35011 22091 06023 33076 10065 44073 08559
55059 10557 66052 09582 77050 09075=
