sing20170218.00
TTAA 68001 48698
99010 25818 06504 00113 25020 02512 92797 21028 03021
85528 18856 01506 70168 09656 35503 50589 04962 34514
40760 16358 02521 30970 31932 19505 25096 42130 10023
20243 55534 10041 15423 62768 09018 10660 82356 11011
88999
77174 09562 42044=
TTCC 68001 48698
70857 78563 07017 50057 67773 28039 30370 58379 26042
20628 51583 26034 10078 49785 17011
88834 86550 10013
77048 09076 412//=
TTDD 6800/ 48698
11961 84347 22834 86550 33735 85758 44720 80761 55641
70373 66622 70971 77590 70771 88578 67773 99527 70370
11417 64376 22384 65575 33309 57580 44262 59179 55218
50184 66171 53182 77159 50184 88120 52782 99116 50184
11105 52183 22096 48185 33084 49384 44075 46586 55070
47985 66066 42789 77062 42589 88055 35193 99053 35993
11042 27196
21212 11967 10508 22910 12012 33886 14015 44834 10013
55805 14510 66768 12017 77744 13518 88725 11020 99707
07017 11678 09027 22665 09016 33660 08010 44650 36005
55635 29510 66611 27514 77558 27034 88491 28040 99466
27036 11427 28538 22405 27028 33353 25042 44287 27047
55245 27042 66230 24525 77152 30547 88135 29536 99121
27028 11115 21520 22104 21022 33101 19014 44097 10511
55095 08010 66093 08510 77090 11516 88082 07022 99070
10062 11063 08563 22048 09076 33042 09561=
