sing20170220.00
TTAA 70001 48698
99008 26018 06504 00096 25220 03510 92778 20402 02021
85509 19257 34507 70151 09650 24505 50587 06749 14512
40760 13380 36023 30971 31167 33514 25097 42160 14005
20244 54746 10021 15422 64965 32511 10658 83145 28008
88999
77999=
TTCC 70001 48698
70856 73170 10511 50057 68373 27043 30369 60180 27542
20626 53983 27545 10076 47987 01020
88897 86342 32010
77075 10061 43718=
TTDD 7000/ 48698
11897 86342 22785 84559 33743 79563 44730 74966 55675
69372 66581 71370 77320 61779 88285 56382 99258 59180
11152 50186 22128 53184 33119 51186 44112 46189 55087
50186 66075 46988 77071 47788 88061 35393
21212 11853 35520 22794 04519 33760 04527 44706 09014
55699 11010 66690 16506 77682 21010 88562 27546 99535
28045 11477 25546 22417 25047 33373 27548 44353 28544
55339 28032 66320 29050 77290 26033 88273 27542 99239
25544 11199 27545 22161 27020 33146 22019 44140 21016
55135 23513 66132 21510 77121 00000 88118 32510 99116
32516 11113 36018 22110 36026 33100 01021 44098 02517
55090 11026 66085 12032 77083 12531 88075 10061 99072
09057 11061 09049=
