sing20170209.12
TTAA 59121 48698
99006 29259 06007 00075 28458 02012 92762 22634 35514
85494 17605 29512 70131 10469 29521 50585 03786 08508
40757 16149 08516 30968 31346 11512 25094 40745 15514
20242 52759 14034 15421 69150 11556 10657 75564 21018
88999
77138 11076 42523=
TTCC 59121 48698
70860 77963 26531 50057 70569 29027 30369 61176 27044
20622 56378 25538 10072 44985 24009
88864 81961 30510
77056 09083 444//=
TTDD 5912/ 48698
11864 81961 22850 79162 33782 77163 44694 78163 55559
72368 66542 68571 77502 70569 88418 68772 99389 62376
11313 60377 22267 62975 33208 55579 44185 56778 55091
42586 66083 47583 77081 43186 88077 41786 99074 43585
11060 43386 22053 35590
21212 11952 23010 22934 25508 33911 28010 44868 30510
55847 27514 66756 25027 77715 27033 88660 26019 99621
27514 11612 26514 22597 21510 33592 20510 44583 20511
55557 28512 66520 29530 77447 29023 88424 28519 99418
27017 11387 23034 22361 23537 33335 27050 44289 26537
55272 28538 66253 27529 77232 27533 88218 25033 99157
28539 11148 27536 22136 30029 33127 30529 44118 28021
55108 32020 66103 28515 77098 22507 88095 16512 99083
13525 11076 13043 22068 08537 33062 10044 44056 09083
55053 09075=
