sing20210330.12
TTAA 80121 48698
99003 28228 03509 00048 27428 03006 92739 24856 18001
85476 19856 24008 70124 10028 30011 50585 04158 16504
40758 14512 05011 30970 27962 09011 25098 38569 07512
20247 51365 13520 15428 67359 13034 10660 83150 13029
88999
77999=
TTCC 80121 48698
70863 69569 26518 50064 70170 28018 30375 60177 28016
20629 54980 07011 10087 37189 08569
88917 85547 11520
77053 10076 418//=
TTDD 8012/ 48698
11917 85547 22853 78557 33836 79756 44832 76758 55793
76361 66785 76562 77769 75763 88754 71366 99688 68370
11440 70570 22408 62976 33381 61576 44347 63575 55281
58578 66244 61376 77221 59777 88205 54580 99177 54979
11160 49582 22130 46784 33128 47184 44121 42586 55091
35390 66070 34791 77058 37989 88054 31593 99053 31793
11052 33592
21212 11888 10529 22873 10522 33853 05012 44852 04012
55851 02512 66844 01016 77796 36029 88767 36012 99759
33509 11753 31010 22732 26515 33651 26522 44634 23520
55613 23020 66589 24528 77523 28522 88467 27013 99431
29514 11411 28507 22355 29516 33317 28021 44303 27517
55266 30514 66233 23016 77225 24516 88219 24511 99218
24010 11209 08003 22202 04510 33195 11015 44187 13029
55170 13540 66157 09557 77147 07057 88133 08059 99121
09565 11106 08571 22090 06566 33063 09555 44053 10076
55052 09574=
