sing20210318.12
TTAA 68121 48698
99006 27431 04005 00074 26839 03507 92761 22006 04511
85494 18007 35506 70138 10250 12004 50586 05557 11513
40757 15568 07024 30968 30939 10017 25095 41339 09028
20243 51750 17504 15422 65550 29513 10658 83544 23518
88999
77999=
TTCC 68121 48698
70856 73764 07020 50058 67572 32018 30372 61577 26026
20627 54582 13514 10083 42188 08059
88950 84943 23007
77149 12148 41691 77090 08563 407//=
TTDD 6812/ 48698
11950 84943 22913 83356 33825 86342 44747 80559 55659
67570 66635 66971 77530 69170 88455 63975 99279 60178
11257 60977 22207 56780 33190 51782 44180 53181 55135
44786 66119 44586 77111 46185 88105 41388 99090 41189
21212 11973 24010 22951 22507 33919 18012 44853 15025
55752 06519 66694 07020 77666 13014 88644 22011 99628
26010 11605 26509 22560 27020 33503 31517 44461 31514
55439 27013 66409 24520 77384 26024 88366 25026 99347
23525 11316 26522 22304 26024 33266 27031 44215 30025
55208 30515 66205 30510 77203 19001 88200 14011 99199
13518 11197 13009 22187 10030 33169 10539 44158 11577
55149 12148 66147 10047 77133 08544 88090 08563=
