sing20210312.00
TTAA 62001 48698
99010 26423 36010 00109 25225 34507 92792 21219 06011
85522 17020 04010 70157 08010 02512 50587 06136 09503
40759 16557 02006 30969 31158 15527 25095 41556 10523
20242 54558 11535 15420 70734 11053 10654 80358 06011
88999
77999=
TTCC 62001 48698
70858 73567 25526 50059 70570 25017 30370 54780 20518
20630 53382 34520 10084 45586 07556
88936 82357 34523 88530 71568 27028
77087 08562 41117=
TTDD 6200/ 48698
11936 82357 22908 79560 33788 77963 44778 78163 55745
72168 66698 73567 77625 66773 88530 71568 99407 66574
11368 67773 22344 63977 33326 56581 44293 53781 55209
54781 66175 47984 77155 52782 88134 48185 99114 49184
11072 36592 22068 37191
21212 11969 35512 22949 34019 33925 36024 44877 03519
55855 03022 66785 06510 77780 06010 88755 31001 99740
24510 11704 25526 22684 25518 33664 29521 44649 29516
55608 27531 66556 27534 77515 27521 88505 26017 99493
24018 11473 22516 22450 24513 33430 24517 44405 28015
55376 28013 66360 25008 77350 22012 88299 20518 99289
21512 11281 26011 22231 31028 33201 34520 44196 00520
55187 08024 66182 10521 77179 11524 88163 08532 99143
09539 11135 07556 22107 08561 33101 07555 44087 08562
55080 10061 66068 10057=
