sing20210322.00
TTAA 72001 48698
99007 26822 03506 00086 26431 03006 92771 22257 03512
85503 19259 35511 70141 09657 06016 50586 05330 09514
40758 14361 09022 30970 29762 10020 25097 39967 09018
20245 52761 09015 15424 68544 11504 10656 85536 11526
88999
77999=
TTCC 72001 48698
70858 71967 30021 50057 67572 25518 30371 60578 23515
20629 50583 09534 10085 44387 07562
88959 86734 10525
77090 09575 41910=
TTDD 7200/ 48698
11959 86734 22910 80957 33821 83756 44795 81159 55787
76562 66767 72965 77730 70368 88604 73167 99478 65973
11461 66973 22428 66774 33388 60978 44350 61977 55284
57780 66266 59778 77242 55581 88226 55980 99213 49184
11181 51982 22166 51583 33151 46586 44130 48984 55107
46586 66079 36392 77065 37392
21212 11928 09531 22819 09020 33806 08017 44790 03016
55776 01515 66762 34013 77751 31015 88677 30522 99635
26525 11605 26531 22557 26520 33535 25026 44493 25517
55467 25519 66443 28522 77421 26020 88402 26025 99381
28531 11357 28024 22333 25024 33305 24515 44294 21017
55280 20009 66265 19015 77256 19517 88243 17520 99236
18512 11233 17510 22226 12006 33221 04010 44210 07524
55196 10533 66181 07039 77171 07554 88161 09538 99149
09557 11139 10053 22126 08057 33096 08572 44090 09575
55065 09068=
