sing20210303.00
TTAA 53001 48698
99010 26018 05509 00109 25221 02507 92792 22057 05513
85525 18857 09006 70161 09262 11510 50587 06933 07516
40758 16548 05023 30969 29770 09517 25096 41550 11024
20244 54157 11536 15422 69731 11050 10655 79160 09014
88117 80540 09066
77118 09066 430//=
TTCC 53001 48698
70859 69170 26515 50058 69771 31509 30374 58579 26523
20628 55182 15027 10083 43988 09562
88556 74766 26526
77077 10072 41210=
TTDD 5300/ 48698
11913 80160 22880 75564 33840 75165 44766 78163 55718
74367 66691 68171 77556 74766 88420 62178 99333 58979
11243 60378 22199 54982 33178 55581 44157 45187 55138
49184 66129 45987 77120 48385 88059 34193
21212 11960 10016 22926 08018 33898 08016 44869 04510
55771 05511 66748 04013 77739 02010 88718 30504 99707
26510 11644 25539 22544 26020 33524 29013 44508 31009
55484 32010 66468 30510 77445 31511 88410 26504 99392
25010 11380 28015 22368 28516 33340 25519 44321 26023
55278 26019 66266 28521 77257 26517 88240 28015 99232
32015 11226 32018 22217 34510 33210 04501 44206 12510
55197 15531 66188 16536 77173 14524 88170 13022 99162
07532 11141 06055 22123 09566 33114 11055 44107 10055
55086 08563 66077 10072 77059 08570=
