sing20210304.00
TTAA 54001 48698
99010 26215 05507 00112 25419 01509 92795 22036 03510
85527 17648 03506 70164 09456 14505 50587 06742 09511
40759 15769 07525 30969 31556 09018 25095 41160 10530
20243 53959 11037 15421 69756 09547 10656 76563 03514
88124 78350 10074
77123 10076 42863=
TTCC 54001 48698
70861 74965 25022 50058 68371 16512 30371 63576 21012
20629 49583 06013 10084 44985 09063
88999
77076 08076=
TTDD 5400/ 48698
11951 75364 22864 79561 33783 74165 44738 75765 55558
73966 66422 61377 77345 64775 88304 64175 99278 57579
11189 48583 22157 52581 33115 49383 44106 43986 55095
45785 66072 41388 77070 41388
21212 11967 02523 22888 04029 33864 05533 44821 08013
55816 09510 66808 15506 77801 20511 88793 21519 99747
23035 11666 26038 22606 27521 33550 31010 44536 24001
55505 16510 66499 16513 77491 16510 88454 28002 99444
30010 11429 28014 22381 28025 33336 27513 44322 23013
55306 20514 66296 22010 77246 00000 88210 15510 99207
14510 11201 06513 22198 05513 33194 06513 44188 08524
55173 03027 66161 04536 77147 08541 88131 10562 99121
10053 11111 08554 22076 08076 33070 08071=
