sing20210302.12
TTAA 52121 48698
99007 29057 06014 00085 28057 03512 92771 23661 03513
85505 19665 03509 70146 10257 06509 50587 04941 12017
40760 13964 12012 30971 31560 11519 25097 41764 11022
20245 53564 11539 15423 68956 09558 10658 79560 14522
88999
77142 09065 42705=
TTCC 52121 48698
70861 74566 21009 50061 71569 27523 30374 57979 26019
20633 55980 04517 10085 45986 09054
88908 83757 13521 88507 71769 27026
66068 09577 406//=
TTDD 5212/ 48698
11908 83757 22833 77363 33794 76964 44741 78363 55711
77364 66664 69371 77576 67172 88507 71769 99354 59379
11287 57779 22243 51782 33211 56380 44177 55181 55166
50983 66154 52382 77133 47185 88112 49584 99086 40389
11070 38190 22069 37991 33068 37991
21212 11951 15526 22914 14022 33878 11021 44852 09010
55838 00000 66823 28010 77809 28516 88787 30513 99780
31510 11720 07001 22629 25518 33568 27034 44479 27016
55460 30513 66444 29510 77405 28003 88379 33512 99365
33019 11335 30519 22292 24019 33260 23519 44250 28517
55225 33017 66214 33026 77208 35016 88193 09513 99187
14518 11180 15517 22175 12521 33169 15525 44151 13034
55147 11029 66144 09533 77130 09556 88117 08053 99107
09560 11068 09577=
