sing20210320.00
TTAA 70001 48698
99006 26414 04508 00077 25820 04007 92762 22428 04002
85496 19047 01504 70138 08638 04510 50585 05741 10520
40758 15158 06015 30969 30368 13019 25096 40370 12021
20243 53340 10009 15422 67945 15007 10656 82941 31016
88999
77999=
TTCC 70001 48698
70856 73165 14524 50057 67771 26530 30369 60777 26027
20626 52582 09025 10080 45186 08549
88862 88331 02508
77123 08561 41812=
TTDD 7000/ 48698
11862 88331 22803 82757 33791 76760 44745 76562 55720
72565 66685 73565 77636 68170 88590 70169 99465 67972
11449 64175 22371 65574 33199 52382 44198 52181 55171
54980 66165 51183 77145 47784 88135 49583 99125 45786
11113 47184 22076 35392
21212 11958 30013 22906 35012 33859 02508 44807 03519
55793 06523 66747 10027 77727 13526 88675 16016 99668
17511 11663 20010 22658 22511 33629 27525 44614 28531
55580 27526 66565 28025 77544 26024 88432 27529 99414
26029 11376 26530 22348 25532 33331 27032 44274 24518
55257 30019 66248 31020 77242 32513 88241 33010 99239
02005 11236 08510 22232 10523 33223 11537 44217 12528
55213 14514 66213 16011 77212 20508 88211 13018 99187
04526 11182 04531 22169 10039 33163 09047 44156 07545
55144 10056 66130 10059 77123 08561 88091 10048 99076
08053=
