sing20210312.12
TTAA 62121 48698
99008 27826 32508 00098 27240 30504 92784 21405 04013
85514 17438 05011 70150 08414 22502 50586 05750 10505
40758 15559 10011 30969 31356 13019 25095 41363 12532
20242 54134 10042 15420 69750 10052 10655 78959 02018
88999
77136 11061 41756=
TTCC 62121 48698
70862 69370 29032 50059 72168 27001 30372 59778 28517
20630 54181 32014 10085 39590 08552
88963 79959 03530 88600 73766 28531
77056 08574 417//=
TTDD 6212/ 48698
11963 79959 22901 76962 33837 78162 44811 71968 55780
70570 66751 72168 77700 69370 88600 73766 99545 74766
11467 69772 22442 64775 33343 60978 44254 57779 55241
54581 66173 52982 77166 53382 88157 47786 99138 49583
11113 46386 22098 38790 33087 37192 44053 37592
21212 11965 03530 22947 04525 33911 08512 44867 10520
55830 13517 66805 21014 77782 24522 88675 29537 99617
28031 11563 28517 22525 33512 33498 00000 44382 18517
55358 18022 66339 19524 77331 20019 88318 23511 99310
26014 11300 28517 22276 28517 33261 29033 44247 29030
55228 31022 66214 28518 77205 31010 88198 32014 99182
09521 11179 10524 22171 12019 33167 12014 44166 11014
55162 08019 66156 07537 77146 08533 88133 09044 99127
08552 11118 07555 22081 09065 33075 08558 44056 08574
55053 09064=
