sing20210306.00
TTAA 56001 48698
99009 26614 04510 00105 25822 02511 92789 21630 03017
85521 18434 35002 70163 09646 14012 50588 05948 14510
40759 16541 04508 30970 30762 09012 25097 40959 08517
20244 54140 09523 15422 69942 09529 10657 75963 10502
88126 77741 08549
77999=
TTCC 56001 48698
70858 83158 03010 50057 63574 24010 30373 58578 25014
20631 53581 02018 10088 40588 08056
88791 84157 27019
77064 09564=
TTDD 5600/ 48698
11791 84157 22680 83359 33596 67371 44565 64774 55406
63975 66335 61177 77315 56980 88294 58978 99270 55580
11241 57179 22209 53381 33191 53981 44180 50183 55164
52381 66157 48584 77136 48983 88101 40588 99090 42787
11063 32994
21212 11936 23011 22895 23021 33849 25023 44801 27020
55749 27518 66734 29511 77687 06012 88624 12513 99592
13010 11523 00000 22494 24510 33475 29010 44434 28524
55397 29014 66377 26508 77369 23012 88309 26015 99293
24016 11282 24019 22271 27024 33264 28522 44241 29520
55233 31018 66222 27013 77215 28014 88212 31013 99207
34515 11181 10525 22169 13027 33152 06040 44143 05554
55133 08060 66121 09553 77115 08546 88105 08560 99098
07556 11079 09563 22071 09053 33064 09564 44063 09062=
