sing20150614.12
TTAA  64121 48698
99005 27440 21004 00062 27036 19008 92747 22220 19517
85481 19644 23022 70127 08821 25010 50584 04915 30010
40757 14119 13513 30969 28527 10516 25097 39328 09025
20246 52132 09028 15425 67732 08031 10658 82544 10042
88999
77109 08059 42525=
TTCC  64127 48698
70864 74963 02029
88992 82741 10041
77999=
TTDD  6412/ 48698
11992 82741 22966 81525 33962 81126 44935 78949 55893
79756 66863 77139 77807 72333 88783 72129 99714 74736
11693 74973 22657 72177 33618 69177 44592 66978 55552
69577 66547 69374
21212 11974 09538 22938 10539 33920 10040 44901 09536
55881 09038 66863 10035 77844 10530 88807 06019 99791
05023 11778 04020 22755 04021 33730 02526 44719 02525
55697 02529 66679 05027 77662 07032 88653 08038 99627
09542 11619 09544 22592 10030 33565 11028 44557 11532
55547 11029=
