sing20150605.00
TTAA  55001 48698
99006 27826 36001 00065 28234 02003 92753 23232 13508
85488 19450 10508 70136 11257 10015 50587 03560 08017
40760 13966 11013 30971 29961 13014 25099 39560 15013
20248 51957 20006 15428 67156 22525 10662 83533 01007
88999
77999=
TTCC  55007 48698
70860 79375 08535
88986 83935 04007
77999=
TTDD  5500/ 48698
11986 83935 22968 83935 33853 84357 44820 85950 55804
84919 66790 84157 77774 84168 88747 82547 99711 79770
11698 79375 22660 76376 33652 74376
21212 11972 06508 22950 09512 33928 12010 44906 13510
55862 05519 66819 06027 77780 07046 88732 09034 99720
09037 11708 09035 22696 08535 33685 08536 44674 08541
55652 09048=
