sing20200401.12
TTAA 51121 48698
99005 31658 06506 00070 30658 05009 92763 24026 07511
85499 18804 01504 70147 10427 30009 50589 02561 30504
40762 12960 13008 30975 29564 08513 25102 39938 12511
20250 52356 14016 15430 67345 08527 10666 77361 23024
88999
77999=
TTCC 51121 48698
70870 79161 26527 50062 69372 09037 30379 60977 13508
20635 53382 11518 10099 40189 08053
88881 82157 25525 88654 81959 27019
77084 09073 42003=
TTDD 5112/ 48698
11881 82157 22830 80960 33791 74165 44654 81959 55577
79762 66533 74368 77525 70171 88511 71371 99450 67174
11380 55981 22297 61178 33220 54981 44209 56780 55183
49184 66169 49383 77134 40788 88125 41988 99075 37391
11066 38990 22049 23797 33048 23997
21212 11915 25532 22820 26509 33743 25527 44666 25523
55624 31014 66592 35027 77543 05019 88540 05519 99527
09525 11514 10529 22485 07541 33465 09050 44408 08054
55372 07540 66316 14011 77305 14510 88259 21001 99244
01010 11238 05018 22228 08528 33219 12522 44211 14516
55201 11517 66194 11520 77173 09043 88154 09064 99128
09546 11105 08547 22084 09073 33064 09061 44058 07029
55055 04543 66052 07029 77051 06024 88048 07015=
