sing20200405.12
TTAA 55121 48698
99007 29243 04005 00085 28649 04008 92774 23245 03515
85510 19849 02505 70157 11256 34001 50589 04546 14008
40761 14940 14513 30973 28156 16017 25102 37940 18016
20251 50536 18012 15432 66550 15502 10668 81757 25534
88999
77999=
TTCC 55125 48698
70865 84556 19005 50060 66176 09034
88802 86747 23512
77999=
TTDD 5512/ 48698
11802 86747 22640 82159 33572 68375 44533 70772 55503
66376 66486 66976 77393 58985 88389 59185
21212 11965 25028 22865 28515 33814 25512 44785 22014
55753 23010 66688 12503 77665 09010 88652 09010 99620
02511 11604 02017 22586 07522 33571 10028 44536 09030
55515 10529 66490 08037 77477 08541 88454 10532 99389
07033=
