sing20200410.12
TTAA 60121 48698
99008 30257 06004 00091 29257 08009 92780 22817 08006
85514 19050 16502 70162 11621 17510 50590 03171 08509
40763 13567 11511 30975 29361 17014 25103 39360 17526
20252 51734 17029 15432 67141 16025 10669 81757 27505
88999
77999=
TTCC 60121 48698
70868 70571 31010 50066 72568 12519 30376 57580 09532
20636 50782 09536 10103 34991 09574
88843 87544 33008
77139 10087 42111 77373 06559 43315=
TTDD 6012/ 48698
11843 87544 22781 84958 33762 77761 44695 69971 55601
73767 66576 70969 77500 72568 88405 69571 99380 63776
11341 63576 22315 61577 33296 56180 44280 57179 55211
49183 66196 50782 77181 46185 88167 46784 99110 39589
11098 34592 22090 35591 33073 30595 44062 32194
21212 11884 36003 22790 05512 33771 10021 44762 11523
55749 12518 66735 11511 77710 36006 88701 31010 99690
29016 11666 28524 22612 27020 33557 21512 44532 17008
55502 12518 66474 14029 77447 09031 88373 06559 99317
07547 11289 09523 22263 09021 33251 06020 44242 06518
55228 08037 66215 08520 77198 09537 88139 10087 99094
10071 11087 09079 22078 09062 33074 07534 44072 05527
55071 03526 66065 03526 77063 05527 88062 05527=
