sing20200413.00
TTAA 63001 48698
99009 28423 33505 00103 27629 35003 92791 22410 34505
85526 19643 25502 70175 10038 24512 50589 05372 02005
40761 15175 05519 30972 30118 12008 25099 39157 11514
20248 51557 21501 15428 66934 03002 10663 81356 05022
88999
77999=
TTCC 63001 48698
70865 72767 22512 50062 74966 07515 30374 57378 05020
20635 54579 25007 10094 38788 10556
88903 83956 02022 88205 54579 22004
77141 09062 42611 77393 09061 42828=
TTDD 6300/ 48698
11903 83956 22834 80159 33781 81759 44752 74564 55733
73167 66689 72367 77629 76564 88603 71768 99554 71768
11503 75166 22443 66773 33423 67772 44372 60977 55305
56978 66295 57978 77273 55579 88267 51782 99231 50981
11205 54579 22100 38788 33089 41786 44076 30393 55059
33991 66056 32792
21212 11925 02025 22894 02519 33869 04510 44850 08005
55823 13510 66731 17011 77717 16011 88705 22010 99670
25022 11634 25020 22623 24511 33612 16502 44570 07510
55545 03016 66501 07515 77468 11037 88457 10543 99438
08047 11393 09061 22319 09028 33306 06519 44300 05020
55290 05023 66277 10520 77253 18010 88245 21506 99204
22004 11184 00508 22183 01510 33179 05020 44171 08540
55168 09541 66151 09044 77141 09062 88115 09049 99090
11552 11086 10561 22081 09042 33078 05029 44077 03030
55074 01034 66070 02527 77069 01023 88066 34027 99062
33036 11059 34534 22056 34520=
