sing20200420.00
TTAA 70001 48698
99009 27816 03004 00099 27225 06507 92787 23657 06512
85523 20460 09510 70169 11266 07008 50590 05322 10514
40762 15339 08513 30973 30758 10029 25100 40562 08023
20248 52164 11024 15429 64764 14515 10666 80557 22012
88999
77999=
TTCC 70001 48698
70865 84357 35502 50060 72169 09530 30374 55580 14022
20633 51782 01019 10090 38190 09086
88939 82956 01004 88738 85156 12505
77112 09092 41411=
TTDD 7000/ 48698
11939 82956 22879 80958 33738 85156 44694 84358 55663
74566 66611 76165 77571 72169 88509 71569 99492 72569
11468 67373 22381 66174 33351 60378 44282 52981 55257
56179 66198 51382 77180 54780 88157 48784 99139 50382
11132 46785 22107 42188 33096 36791 44087 27596 55081
25597 66073 26796
21212 11984 22010 22948 27501 33923 02010 44900 05012
55805 08517 66772 12010 77726 00501 88638 29510 99620
30511 11581 02510 22571 04509 33538 05015 44511 09026
55484 09029 66462 08550 77386 09056 88357 11043 99336
10040 11305 13526 22296 15515 33293 17010 44287 22506
55283 26510 66264 28018 77253 31014 88250 29510 99238
16510 11235 17011 22230 20513 33221 24010 44214 28003
55206 36010 66194 02021 77177 05020 88158 09051 99134
09583 11112 09092 22097 08584 33090 08539 44086 09521
55085 11010 66083 18004 77081 25010 88076 28528 99073
28038=
