D20200401.00
100.0 205  6
 70.0 250 33
 50.0 105 26
 30.0 145 19
 20.0  80 29
 10.0  85 59
 96.6 260 12
 93.2 275 23
 85.9 305 10
 78.2 295  3
 76.5 235 10
 69.9 250 33
 66.6 260 28
 63.2 285 19
 60.8 335 14
 59.2 330 12
 58.3 345 10
 52.6  40 20
 50.2 100 24
 49.0 105 29
 46.7  65 33
 45.2  60 39
 42.3  90 45
 37.3  80 53
 32.1 110 20
 31.4 105 21
 29.6 155 19
 28.2 160 23
 26.4 145 11
 26.0  95  8
 25.3  55 10
 24.2  40 15
 22.6 115 21
 22.1 120 22
 20.6  80 25
 18.8  75 30
 16.7  75 59
 13.6  85 67
 10.5  90 57
  8.7  85 69
  7.1 110 58
D20200401.12
100.0 230 24
 70.0 265 27
 50.0  90 37
 30.0 135  8
 20.0 115 18
 10.0  80 53
 91.5 255 32
 82.0 265  9
 74.3 255 27
 66.6 255 23
 62.4 310 14
 59.2 350 27
 54.3  50 19
 54.0  55 19
 52.7  95 25
 51.4 105 29
 48.5  75 41
 46.5  90 50
 40.8  80 54
 37.2  75 40
 31.6 140 11
 30.5 145 10
 25.9 210  1
 24.4  10 10
 23.8  50 18
 22.8  85 28
 21.9 125 22
 21.1 145 16
 20.1 115 17
 19.4 115 20
 17.3  90 43
 15.4  90 64
 12.8  95 46
 10.5  85 47
  8.4  90 73
  6.4  90 61
  5.8  70 29
  5.5  45 43
  5.2  70 29
  5.1  60 24
  4.8  70 15
D20200402.00
100.0 330  5
 70.0 270 17
 50.0  70 30
 30.0 235  9
 20.0  60 34
 10.0  80 64
 92.7 290 25
 91.2 290 28
 86.1 290 24
 83.9 260 20
 82.6 240 23
 79.5 240 34
 72.4 255 23
 70.1 270 17
 67.0 240 13
 63.0 340 13
 61.4 360 12
 60.5  50  8
 59.8  90 10
 58.8 115 15
 55.8 110 19
 50.3  70 29
 47.9  95 46
 43.2 100 51
 40.1 110 44
 35.8 100 34
 32.1 130 14
 28.7 235  3
 27.1 310 10
 26.0 305 10
 24.8  85 10
 23.8  90 17
 23.4  95 11
 22.8  75  2
 21.4  40 21
 19.9  60 35
 19.1  70 37
 14.6  90 66
 11.9  85 55
 10.8  75 61
  7.8  90 72
  6.9  80 69
D20200402.12
100.0 250 14
 70.0 325 16
 50.0 105 31
 30.0   5 21
 20.0  95 10
 10.0  95 72
 92.6 270 26
 80.6 255 32
 76.0 260 25
 73.2 280 13
 70.7 325 15
 66.1 335 18
 64.0 360 16
 62.1  45 15
 60.7  55 11
 60.1  70 10
 57.6 120 18
 56.0 140 22
 53.5 105 21
 51.1 115 28
 48.5 100 34
 46.8 115 49
 46.1 105 50
 44.1  90 47
 39.5  95 48
 35.1  55 21
 33.3  20 18
 31.9  15 14
 31.5 355 10
 31.2 350 11
 29.8   5 22
 28.0 335 14
 25.8  15 10
 25.5  30 12
 25.2  30 10
 24.1 100 10
 22.9 240 10
 22.0 230 10
 20.6 170  1
 20.0  95 10
 18.0 110 39
 16.5 115 46
 14.8  95 63
 13.7  85 66
 11.1  85 78
  8.5  95 69
  7.6  90 83
  7.3  75 66
  7.0  90 53
  6.7  75 45
  6.3  80 48
D20200403.00
100.0 260 26
 70.0 315 19
 50.0 105 33
 30.0 200  2
 20.0  75 29
 10.0  85 69
 88.6 275 39
 83.0 250 24
 72.9 310 18
 68.7 320 17
 67.0 310 10
 64.8 230  2
 62.9 145 10
 60.2 160 25
 58.6 165 22
 55.1 125 26
 51.2 100 31
 49.2 115 37
 46.5  75 32
 45.1  70 38
 43.1  60 36
 41.0  75 34
 37.1  55 41
 35.2  55 30
 32.7  20 12
 32.0  30 10
 30.9 310  1
 28.9  75 10
 23.9 325  3
 23.4 345 10
 21.9  10 27
 21.1  25 26
 20.8  40 24
 20.0  75 29
 17.4  90 34
 15.0  95 66
 11.4  90 68
  9.1  85 76
  8.4  95 79
  7.7  95 76
  7.0  95 33
  6.5 130 31
  6.2 105 19
  6.1  95 10
  5.8 345  6
D20200403.12
100.0 275 46
 70.0   5  5
 50.0  75 29
 30.0 305  2
 20.0 130 23
 10.0  95 75
 93.6 270 52
 81.5 270 32
 72.3 305 10
 70.4 350  5
 66.4  85 12
 63.0 100 14
 61.4 135 14
 59.3 140 13
 56.1 105 20
 50.5  75 28
 48.2  95 35
 47.1 105 32
 43.2  55 32
 36.3  90 34
 32.9  85 10
 30.7  95  1
 27.1 330 10
 26.2  25 12
 25.8  30 11
 25.4  25 10
 22.9 185 10
 22.4 190 12
 20.8 135 13
 20.6 130 16
 18.6 130 28
 14.9  70 58
 14.1  75 62
  9.8  95 76
  7.6  95 74
  7.1 105 46
  6.7 150 22
  6.6 155 23
  6.3 165 35
D20200404.00
100.0 280 43
 70.0 210  3
 50.0  95 31
 30.0 160  4
 20.0  85 24
 10.0  75 67
 87.8 280 37
 78.5 330 22
 75.1 330 12
 70.4 230  3
 65.5 165 10
 61.1 195 14
 57.4  80  5
 54.4  80 10
 49.1 100 34
 46.5  65 29
 44.0  65 35
 40.7 100 31
 38.4  95 40
 35.1 130 22
 33.5 110 19
 29.0 190  3
 26.6 145 10
 25.7 185 17
 24.8 190 23
 22.3 135 10
 22.0 130  8
 21.6 100 15
 19.0  70 28
 16.8  95 46
 15.6  80 51
 14.1  85 64
 10.1  75 66
  9.4  85 72
  9.1  85 66
D20200404.12
D20200405.00
100.0 305 35
 70.0 175 14
 50.0 100 36
 30.0 310  4
 20.0  90  9
 10.0  95 64
 91.7 300 37
 83.6 330 10
 77.2   0  0
 72.9 180 10
 70.0 175 14
 68.0 190 10
 60.6 330  1
 58.8  10 10
 57.3  15 13
 55.3  60 14
 49.7 100 36
 48.0  90 35
 45.0 115 33
 39.3 100 34
 36.1 135 20
 34.5 120 10
 30.8 350  1
 27.1 275 10
 26.1 305 12
 24.0 320 21
 21.8 330 10
 21.1  15  3
 19.8  75 10
 19.4  65 17
 17.5  80 47
 16.2 100 51
 15.1  90 54
 14.5 100 57
 14.0 110 56
 12.4  85 60
 11.7  90 71
 10.8 100 68
  8.6  80 67
D20200405.12
100.0 255 34
 70.0 190  5
 50.0  90 34
 96.5 250 28
 86.5 285 15
 81.4 255 12
 78.5 220 14
 75.3 230 10
 68.8 125  3
 66.5  90 10
 65.2  90 10
 62.0  25 11
 60.4  20 17
 58.6  75 22
 57.1 100 28
 53.6  90 30
 51.5 105 29
 49.0  80 37
 47.7  85 41
 45.4 105 32
 38.9  70 33
D20200406.00
100.0 285 25
 70.0 135 15
 50.0  80 36
 30.0 275 16
 20.0 140 15
 10.0  90 77
 95.4 340 35
 94.2 350 46
 91.5   5 83
 87.3  16 88
 87.2 310 13
 83.8 330 12
 81.1 320 10
 77.5   0  0
 75.4 155 10
 73.4 140 20
 67.7 125 12
 64.8 115 16
 62.0  60 19
 59.3  35 32
 56.0  40 39
 54.0  60 34
 52.0 110 39
 51.9  85 34
 49.4  80 36
 46.2 105 29
 42.6  75 33
 39.0  75 33
 34.8  85 10
 32.3  55 10
 31.7 355  4
 30.9 295 10
 29.6 270 17
 28.4   0  0
 27.0 230 10
 25.5 270 11
 24.1 360 11
 22.9  85 15
 22.5 100 21
 21.5 150 15
 20.7 135 19
 20.2 145 15
 20.0 140 15
 19.5 100 22
 17.8 105 51
 14.9 100 66
 14.1  85 81
 13.4  75 79
 12.4  80 87
 10.6  85 75
  8.4  95 84
  7.9  95 80
  7.3  90 51
  6.9 110 36
  6.6  90 20
  6.5  70 13
  6.3  15  8
  6.2 340 17
  5.8 330 52
  5.6 325 28
  5.5 300 19
  5.3 265 25
  4.8 285 27
D20200406.12
D20200407.00
100.0 265 27
 70.0  30  1
 50.0 110 18
 30.0 180 10
 20.0  70 23
 10.0  85 74
 89.8 270 22
 85.3 240 14
 82.4 190 15
 80.6 170 12
 70.5  55  1
 64.3 145 10
 57.3 175 23
 55.2 150 17
 53.0  95 12
 52.7  90 13
 49.4 115 16
 47.1  95 16
 45.4  60 16
 41.0  50 17
 37.3 105 18
 35.6  90 21
 34.0 120 18
 32.9 105 26
 31.0 155  9
 30.0 180 10
 27.9 180 21
 26.3 200 17
 25.2 200 11
 24.8 185 11
 24.3 195 12
 23.5 185 10
 22.9 125  2
 22.1  65 10
 21.6  45 13
 20.2  70 22
 19.0  55 24
 18.0 100 33
 15.0  75 69
 12.3  90 79
  8.6  85 64
  8.2  95 76
  7.5 120 29
  7.3 130 23
  7.1 125 25
  7.0 165 15
  6.9 180 13
  6.7 165 11
  6.6 210 15
  6.3 240 17
  6.1 270 17
  5.9 295 30
  5.7 290 44
  5.5 295 49
  5.4 300 47
D20200407.12
100.0 240 30
 70.0 315  5
 50.0  95 17
 30.0 185 10
 20.0  50 18
 10.0 105 59
 85.6 215 18
 80.1 155 12
 77.3 190  1
 62.6 250 10
 58.5 215 12
 56.5 120 10
 55.6  95 13
 51.2  65 20
 49.3 110 16
 46.6 110 17
 43.4  60 13
 39.4 100 28
 36.6  75 24
 31.4 130 18
 30.7 145 13
 29.0 255 10
 25.5 345 14
 24.5  25 14
 22.7  50  1
 21.6  55 10
 19.5  45 23
 18.4  85 29
 15.8  80 48
 13.1  95 71
 11.2 110 65
  8.3  80 53
  8.0  85 63
  7.4 105 25
  7.0  65 10
  6.8 130  2
  6.4 230 10
  6.2 280 25
  5.9 290 36
D20200408.00
100.0 250 27
 70.0 105  7
 50.0  75 12
 30.0 345 13
 20.0  90 21
 10.0  95 65
 93.4 250 24
 86.2 275 18
 84.5 270 10
 82.7 265  2
 76.7   5 10
 74.1  20 12
 72.7  25 10
 63.0 220 10
 62.1 220 10
 59.7   0  0
 57.4  10 10
 55.7  10 18
 52.4  30 17
 50.0  75 12
 48.2  45  6
 46.0  35 10
 44.9  35 15
 38.9 120 28
 37.0 120 25
 34.7  90 21
 33.0 100 27
 32.1 110 14
 31.8 110 10
 31.2  35  2
 30.5 335 10
 27.6 360 18
 25.9  60 21
 25.2  80 20
 24.1  85 15
 23.2 100  7
 21.9 135 10
 20.1  90 19
 19.1  95 26
 18.2  75 32
 15.2 100 51
 13.2 100 68
 12.4  90 56
  9.8  95 66
  9.1  95 49
D20200408.12
100.0 235 28
 92.6 240 20
 87.4 220 15
 85.2 230 10
 82.0 245  7
 78.5 190 10
 74.8 130 10
 73.1 120 10
D20200409.00
100.0 245 24
 70.0 150  5
 50.0  75 13
 30.0  80 21
 20.0  95 17
 10.0  85 64
 94.2 235 12
 93.5 235 10
 91.2 275  6
 88.9 320 10
 86.9 325 11
 82.9  85 10
 79.0  90 15
 76.7  75 18
 74.6 120 20
 71.2 140 10
 69.2 240  1
 67.7 320 10
 64.8 305 23
 58.2 295 29
 54.3 310 15
 49.9  75 13
 47.3  35  5
 41.7 115 27
 36.2  90 23
 34.3 120 30
 33.7 130 29
 32.2 125 20
 31.4  95 13
 31.2  85 13
 29.4  85 26
 29.0  90 28
 27.9 120 23
 25.7 140 20
 24.9 165 21
 23.8 160 21
 21.6 100 10
 19.5 100 23
 19.0 110 23
 18.3  85 28
 17.4  95 47
 13.3  85 82
 11.3  75 71
  8.5  95 58
  7.9  80 34
  7.7  85 12
  7.6  25  4
  7.4 295 10
  7.3 290 11
  7.1 255 18
  6.7 260 27
D20200409.12
100.0 205 25
 70.0 335 12
 50.0 125 17
 30.0  95 12
 20.0 110 29
 10.0  75 58
 89.1 195 15
 80.0 105 10
 78.4  65 14
 77.5  65 15
 76.0  90 10
 71.9  35  3
 70.3 330 10
 68.1 340 13
 65.9 295 17
 61.1 295 28
 59.3 290 23
 56.5 250 17
 54.5 265 10
 53.6 205  3
 51.9 110 10
 48.5 135 16
 45.7  95 17
 43.8 115 29
 40.3  90 39
 38.1  95 43
 36.2  85 34
 34.3 100 29
 32.8  80 18
 31.4  75 18
 28.0 120 17
 26.4 110  9
 25.5  95 14
 24.7 105 12
 23.9  70 13
 22.9  45 15
 22.1  45 11
 21.6  85 10
 21.3 110 12
 20.4 120 22
 19.2  75 30
 16.0 100 48
 13.1  90 75
 11.0  75 60
  9.2  90 50
  7.8  95 63
  7.2  95 25
  6.9 120 10
  6.6   0  0
  6.4 295 10
  6.2 280 13
  6.1 300 18
  5.9 285 29
  5.6 290 10
  5.5 275  5
  5.2 255 13
D20200410.00
100.0 145 13
 70.0 315 18
 50.0 125 17
 30.0  80 22
 20.0  60 44
 10.0  95 73
 95.3 130 12
 92.2  10 10
 89.4 350 16
 85.3  10 11
 83.4  45 11
 81.9  55 13
 81.1  75 10
 74.7 210  1
 71.8 330 10
 69.2 310 22
 64.0 285 22
 60.2 290 16
 58.0 270 10
 54.8 225  4
 52.1 145 12
 50.1 125 17
 47.6 155 20
 45.8 115 20
 44.5 100 23
 43.1 115 24
 40.7  90 38
 37.5  85 43
 35.7  75 35
 33.8  85 30
 32.4  70 26
 29.4  85 24
 27.1 125 20
 25.2 120 19
 23.3 100 22
 22.2  70 22
 21.6  75 24
 19.5  65 51
 18.6  90 53
 17.6  90 53
 14.9  90 87
 13.2  90 89
  7.9  95 68
  7.7  90 54
  7.6  95 54
D20200410.12
100.0 275  5
 70.0 310 10
 50.0 125 19
 30.0  95 32
 20.0  95 36
 10.0  95 74
 88.4 360  3
 79.0  55 12
 77.1 100 21
 76.2 115 23
 74.9 125 18
 73.5 115 11
 71.0 360  6
 70.1 310 10
 69.0 290 16
 66.6 285 24
 61.2 270 20
 55.7 215 12
 53.2 170  8
 50.2 125 18
 47.4 140 29
 44.7  90 31
 37.3  65 59
 31.7  75 47
 28.9  95 23
 26.3  90 21
 25.1  60 20
 24.2  65 18
 22.8  80 37
 21.5  85 20
 19.8  95 37
 13.9 100 87
  9.4 100 71
  8.7  90 79
  7.8  90 62
  7.4  75 34
  7.2  55 27
  7.1  35 26
  6.5  35 26
  6.3  55 27
  6.2  55 27
D20200411.00
100.0 115  5
 70.0 220  9
 50.0 125 19
 30.0 120 30
 20.0 100 33
 10.0  90 76
 93.8   5 18
 89.2 360 28
 83.8  40 17
 81.7  90 14
 80.5 140 12
 79.7 165 12
 76.3 195 21
 71.3 190 12
 67.9 300 10
 64.7 315 15
 61.2 295 10
 57.9 260 12
 56.4 210 11
 53.9 160  4
 52.3 135 10
 49.0 120 21
 45.4  70 31
 44.3  70 34
 42.7  80 31
 38.6  70 59
 35.9  95 50
 32.6  85 40
 29.6 125 28
 26.3 120 22
 25.4  85 18
 25.2  75 18
 23.6  95 27
 21.0  85 32
 18.6 110 43
 16.8  85 59
 12.5  85 88
  8.8  80 77
  7.1  95 42
  6.7  85 48
  6.3 130 33
  6.2 125 25
D20200411.12
100.0 110  4
 70.0  75  8
 50.0 120 19
 30.0 110 21
 20.0 140 18
 10.0  75 72
 95.3 330 11
 89.9 350 21
 86.9 360 10
 85.5  15  7
 78.3 130 16
 75.4 150 18
 72.6 160 16
 71.6 145 12
 68.7  55  7
 67.7  10 10
 65.1 350 20
 61.2 315 17
 59.3 310 12
 56.9 255  4
 55.5 185 11
 51.8 130 13
 45.6  70 41
 43.7  85 43
 41.0  90 66
 33.6  95 43
 31.3 115 26
 30.0 110 21
 29.0  80 13
 28.4  45 10
 28.1  25 11
 26.6  10 22
 25.9  20 18
 25.0  60 10
 24.8  70  9
 22.9 115 17
 21.3 115 25
 19.9 140 18
 17.9 115 32
 16.8  85 42
 15.9  90 63
 13.2  95 77
  8.7  75 80
  8.0  75 75
  7.4  75 44
  7.2  85 29
  6.7 120 17
  6.4 105 32
  6.1 145 17
  6.0 175 18
D20200412.00
100.0 200  9
 70.0  40  7
 50.0  65 29
 30.0  85  6
 20.0 120 16
 10.0  85 79
 89.9  15 10
 86.7   5 16
 84.2  25 19
 80.7  65 10
 75.3  60 10
 67.5  45  3
 63.6 200 10
 61.1 215 11
 57.2 160  7
 55.3 135 15
 53.5  80 16
 48.4  60 35
 45.2  95 44
 42.8  90 59
 37.1 100 41
 33.3 130 23
 30.4 105 10
 30.0  85  6
 29.6  50 10
 28.8  55 18
 28.3  45 15
 27.5 355 13
 27.0 355 12
 25.4  40 13
 24.6  80 10
 24.0 145  3
 22.7 205 10
 22.3 205 12
 20.4 130 10
 17.6  75 27
 16.5  75 52
 13.7  80 79
 11.2  80 82
 10.8  80 83
  9.4  90 80
  8.7  80 75
  8.1  75 36
  7.9  90 25
  7.3 135 19
  7.2 155 16
  7.1 190 21
  6.5 230 34
  5.6 245 61
  5.2 250 55
D20200412.12
100.0 125 14
 70.0  45  7
 50.0  55 26
 30.0  75 22
 20.0  90 12
 10.0  95 69
 96.6 110 16
 89.1  30 16
 86.1  10 20
 82.5  40 13
 80.9  90 10
 78.6  95 10
 75.7  70 15
 74.4  80 11
 67.7 330  1
 65.7 235 10
 62.3 240 21
 60.7 235 14
 60.1 240 10
 57.5 340  1
 56.4  45 10
 53.1  40 23
 50.0  55 26
 47.0 110 32
 45.5 115 35
 43.2  85 38
 39.8  95 52
 34.7  90 35
 33.0 105 30
 30.5  85 24
 30.0  75 22
 29.5  45 19
 29.1  25 20
 27.6   5 27
 26.7  20 23
 25.8  55 27
 24.9  70 16
 24.3  35 10
 22.1  25  3
 20.3  95 11
 19.4  80 15
 18.3  85 18
 17.2  95 51
 13.4 105 63
  9.0  90 71
  8.3  80 63
  7.9  80 49
  7.6  90 16
  7.3 125 14
  7.0 160 20
  6.7 145 30
  6.5 155 19
  6.4 175 11
  6.3 245 11
  6.2 275 18
  5.9 280 28
  5.7 260 39
D20200413.00
100.0  50 22
 70.0 225 12
 50.0  75 15
 30.0  50 20
 20.0 250  7
 10.0 105 56
 92.5  20 25
 89.4  25 19
 86.9  45 10
 85.0  80  5
 82.3 135 10
 73.1 170 11
 71.7 160 11
 70.5 220 10
 67.0 250 22
 63.4 250 20
 62.3 245 11
 61.2 165  2
 57.0  75 10
 54.5  30 16
 50.1  75 15
 46.8 110 37
 45.7 105 43
 43.8  80 47
 39.3  90 61
 31.9  90 28
 30.6  65 19
 30.0  50 20
 29.0  50 23
 27.7 105 20
 25.3 180 10
 24.5 215  6
 20.4 220  4
 18.4   5  8
 18.3  15 10
 17.9  50 20
 17.1  85 40
 16.8  95 41
 15.1  90 44
 14.1  90 62
 11.5  90 49
  9.0 115 52
  8.6 105 61
  8.1  90 42
  7.8  50 29
  7.7  30 30
  7.4  10 34
  7.0  25 27
  6.9  10 23
  6.6 340 27
  6.2 330 36
  5.9 345 34
  5.6 345 20
D20200413.12
100.0 355  9
 70.0 110  9
 50.0  90 30
 30.0  85 19
 20.0  75 15
 10.0  80 43
 94.1  60 11
 91.7  35 13
 89.9  40 13
 87.7 110 11
 85.8 145 13
 83.1 165 10
 67.7   0  0
 60.0 355 10
 56.9   5 11
 55.1  20  6
 52.7  70 22
 48.7 105 36
 47.8 110 37
 44.7  80 35
 40.4  85 56
 35.3  95 39
 31.2  90 15
 29.9  85 21
 28.9  90 28
 27.2 135 25
 25.7 145 21
 25.0 165 19
 22.8 165 10
 21.5 105  2
 20.8  75 10
 19.5  75 11
 19.2  80 11
 18.0 100 35
 17.4 110 36
 16.4 115 32
 14.6  95 54
 11.6  90 37
  8.7  85 49
  8.1  75 55
  6.7  35 29
  6.5  60 37
  6.2  90 16
  6.1 140  9
  5.9 190 14
  5.8 210 21
  5.4 225 33
D20200414.00
100.0  35 19
 70.0 275 11
 50.0  85 32
 30.0  80 23
 20.0  65 17
 10.0  85 74
 93.7  50 19
 92.0  70 13
 90.2 125 14
 85.9 165 18
 83.8 155 14
 82.8 140 10
 72.8 265  1
 70.0 275 10
 65.4 260 22
 61.9 250 10
 60.2 295  1
 58.3 350 10
 57.0 345 10
 55.0  65  6
 54.2  90 10
 47.4 100 48
 45.2  90 45
 42.8  95 69
 35.8 115 43
 32.7  80 23
 29.8  80 24
 28.8 110 17
 28.3 135 15
 27.5 180 17
 25.8 215 24
 24.7 200 14
 23.6 245  3
 23.3 260 10
 22.8 270 18
 21.8 280 11
 21.6 285 10
 21.2 320  9
 20.6  30 12
 19.9  70 18
 16.9 105 36
 15.3  85 47
 14.7  95 62
 11.0  85 75
 10.2  90 76
  8.6  90 69
  7.5  65 42
  7.2  90 33
  6.8 155 21
  6.7 165 22
D20200414.12
100.0  35  4
 70.0  50 14
 50.0 105 42
 30.0 125 22
 20.0 110  5
 10.0  85 71
 95.4 140 13
 87.2 185 25
 83.3 185 29
 77.7 135 11
 77.2 125 10
 76.6 100  9
 75.7  45 11
 74.2  30 14
 71.2  30 15
 68.8  60 12
 65.6  15  5
 55.6  90 10
 53.5 110 19
 50.2 105 41
 48.0 100 42
 45.6  70 51
 42.2  80 64
 35.5  90 45
 33.9  70 40
 32.5  70 34
 29.6 130 22
 28.5 145 15
 27.1 130 10
 26.5 110 10
 26.2  35  3
 25.9 330 10
 25.2 330 16
 24.0 305 23
 22.4 335 11
 20.2  65  4
 19.7 130 10
 18.9 175 12
 18.6 175 11
 18.0 135 13
 16.0  80 33
 14.2  90 50
 11.1  95 73
  8.6  85 61
  7.1 125 22
  7.0 135 18
  6.8 210 14
  6.7 220 14
  6.5 255 19
  6.1 225 24
  5.8 235 16
  5.4 285  2
  5.2 345 12
  5.1  25 13
  5.0  30 13
D20200415.00
100.0 290  6
 70.0  70 13
 50.0 110 47
 30.0 215  7
 20.0 125  7
 10.0  90 70
 92.5 165 11
 87.4 180 17
 83.4 150 23
 82.8 145 22
 79.2  95 13
 77.2  40 12
 75.3  30 13
 70.0  70 12
 65.8   5 10
 63.7  10 10
 60.9  70  2
 55.1 100 10
 50.4 110 43
 49.2 105 51
 47.5  90 39
 44.0 100 63
 39.1  90 50
 37.2  75 44
 33.6  80 32
 32.5  90 17
 31.9 125 10
 28.4   0  0
 27.7 325 10
 26.8 330 15
 25.0 310 25
 22.5 350 10
 21.3 320  1
 19.2  90 10
 16.5  65 39
 15.7  75 54
 14.7  95 47
 13.6  80 59
 10.8 100 62
 10.0  90 70
  8.8  85 68
  8.2  75 48
  7.3 130 20
  7.1 160 14
  6.9 225 14
  6.5 235 10
  6.4 240 12
D20200415.12
D20200416.00
100.0   5 11
 70.0 180 13
 50.0  80 41
 30.0 180  5
 20.0  35  3
 10.0  70 71
 89.1  95 13
 85.8 110 19
 80.5  70 20
 77.9  95 22
 76.1 100 17
 74.6 130 16
 72.8 110 10
 69.8 180 13
 63.3 230 11
 62.1 230 10
 58.1 195  4
 56.2 115 10
 54.9  65 14
 53.9  70 14
 51.1  90 43
 48.9  75 43
 43.5  95 55
 36.9 100 33
 34.1 140 22
 32.4 135 14
 31.5 150 14
 30.6 145 10
 27.6 270  2
 25.3  85 10
 24.5 140 11
 23.5 135 12
 22.7 180 14
 22.1 190 16
 21.5 200 11
 20.7 185  1
 19.4 110 10
 18.4  80 17
 17.4  85 22
 16.2  95 50
 13.7  80 60
 11.7  85 80
 10.4  70 69
  8.7  85 63
  8.0  60 24
  7.7  80 14
  7.6  80 10
  7.5  45  7
  7.3 340 14
  7.1 310 19
  6.8 305 21
  6.6 310 22
  6.1  35 12
  6.0 150  1
  5.9 215 11
  5.8 225 53
  5.6 225 22
  5.3 215 30
D20200416.12
100.0 330 17
 70.0 180 23
 50.0  60 44
 30.0 225  8
 20.0  45 16
 10.0  90 66
 88.9  40  7
 87.3  65 10
 83.3  65 16
 81.5  45 22
 80.0  50 19
 77.8  90 13
 76.7 135 10
 76.1 155 11
 74.4 185 15
 66.6 180 25
 64.6 180 20
 63.1 160 15
 61.5 105  6
 60.5  75 10
 59.0  70 22
 56.1  90 37
 49.4  55 45
 45.7  80 53
 43.7  65 52
 41.0  75 41
 39.5  60 33
 36.2  90 21
 32.7  95 12
 32.0 130  7
 29.6 245 10
 28.4 230 10
 26.8 235 10
 25.8 180  4
 25.4 135 10
 24.6 175 19
 23.9 185 26
 23.4 195 25
 21.6 160 17
 21.2 125 11
 20.5  60 14
 19.8  40 17
 18.5  60 25
 17.7  50 29
 15.9 100 48
 15.3 100 46
 13.6  95 71
 12.0  75 74
  9.2  95 68
  8.9 105 55
  8.2  95 14
  8.1  90 10
  7.9  20  2
  7.7 300 10
  7.0 305 31
  6.3 340 12
D20200417.00
100.0 355 33
 70.0 165 25
 93.8  15 23
 87.5  85 25
 81.8 115 31
 78.1 150 21
 76.6 165 23
 69.1 170 25
 66.1 140 10
 63.4   0  0
 60.7  20 10
 58.0  10 12
 55.5  30 24
D20200417.12
D20200418.00
100.0  90 14
 70.0 330 16
 50.0 105 33
 30.0  65 21
 20.0  95 27
 10.0  75 67
 90.6 120 16
 87.1  80 18
 83.8  80 27
 81.5 100 19
 80.8  90 14
 80.0  50 10
 79.0   5 12
 77.5 340 13
 70.7 325 15
 67.8 360 18
 62.5  55 11
 58.5  85  5
 54.7 145 10
 52.0 105 23
 44.2  95 60
 39.0 115 47
 35.1 100 26
 33.7  90 20
 31.7  55 21
 30.3  60 21
 28.2 120 13
 27.2 170 13
 25.8 210 17
 25.0 195 10
 24.3 285  1
 23.3  20 10
 22.6  60 15
 21.5  80 33
 19.6 105 25
 17.2 105 20
 15.8  80 36
 14.8  80 55
 13.2 100 52
 11.7  90 60
 11.1  85 54
 10.5  75 71
  9.2  85 75
  7.9  90 28
D20200418.12
100.0 175  9
 70.0  45 15
 50.0 115 31
 30.0  80 23
 20.0 140 15
 10.0  85 87
 96.5 180 11
 95.6 170 10
 91.8  40 11
 90.5  20 16
 85.6  30 17
 81.7  65 16
 79.4 110 16
 76.0 105 13
 74.0  65 15
 67.8  40 20
 63.8  75 11
 62.1 190  1
 60.6 250 10
 59.9 250 10
 58.6 160  3
 57.7 100 10
 55.4  90 25
 51.5  95 28
 49.3 120 31
 46.0  90 35
 42.5  85 45
 38.6 100 37
 37.2  85 33
 34.1  90 26
 31.5  75 24
 29.5  85 25
 27.7 110 10
 25.7 110  2
 24.7 350 12
 23.7 345 22
 22.5  60 18
 21.6  80 35
 20.7 110 22
 19.7 155 14
 19.3 180 16
 18.5 185 19
 17.0 155 19
 16.2 115 21
 16.0 105 24
 14.3 110 58
 13.0  90 69
  9.4  85 90
  8.1  80 58
  7.8  80 59
D20200419.00
100.0  90  8
 70.0  40 13
 50.0  80 22
 30.0 100 31
 20.0 220  9
 10.0  90 88
 97.0 125 11
 94.4 115 15
 91.1  65 17
 89.8  60 20
 87.0 100 16
 84.3 125 14
 83.5 130 10
 81.8  55  1
 78.0 345 10
 75.4 355 15
 73.2 360 14
 64.5 160  4
 58.1 175 10
 55.8 145 15
 52.4 130 15
 51.8 120 16
 50.5  90 20
 48.7  75 27
 46.8  90 34
 41.8  75 51
 39.3  60 43
 29.6 100 31
 27.5 125 18
 26.8 120 13
 26.6 100 11
 26.2  70 11
 25.8  60 14
 25.0  75 21
 24.7  85 20
 23.5 140 15
 22.3 140 18
 20.1 215 10
 19.5 150  3
 18.6  65 10
 17.9  85 19
 16.1  70 36
 15.0  80 64
 14.3  90 66
 13.3  80 67
 12.2  90 77
  9.9  90 88
  8.9  95 83
  8.0 105 36
  7.7 115 17
  7.6 135 10
  7.5 205  4
  7.3 265 10
  7.0 295 13
D20200419.12
100.0 205  8
 70.0  40  7
 50.0  70 37
 30.0 130 17
 20.0 200  6
 10.0 100 93
 92.3 350 10
 90.7 360 10
 87.4   0  0
 85.3 130 10
 81.3 160 18
 76.5 140 11
 74.0  75  5
 69.2  55 10
 67.8  60 17
 66.1 100 15
 64.1 100 10
 60.2  25 10
 58.8  20 14
 57.6  45 11
 55.4  55 10
 49.8  70 37
 38.9  75 55
 33.6 100 27
 31.3  95 28
 30.4 110 21
 29.2 150 12
 26.8 275 10
 25.2 275 10
 24.5 200  1
 24.0 105 10
 23.6 105 16
 23.3 120 13
 22.5 230 10
 22.2 240 13
 21.3 200 10
 20.4 230 10
 19.7 175  4
 19.2 125 10
 18.7 115 14
 18.2  80 14
 16.6  70 25
 14.6  95 61
 13.5  85 74
 13.1  85 73
 10.6  95 98
  9.2 100 85
  8.4 100 52
  8.2 110 49
  7.9 125 28
  7.7 145 11
  7.5 210  5
  7.4 265 10
  6.9 275 34
  6.4 270 43
  5.9 290 48
  5.0 265 36
D20200420.00
100.0 220 12
 70.0 355  2
 50.0  95 30
 30.0 140 22
 20.0  10 19
 10.0  90 86
 98.4 220 10
 94.8 275  1
 92.3  20 10
 90.0  50 12
 80.5  85 17
 77.2 120 10
 72.6   5  1
 63.8 295 10
 62.0 305 11
 58.1  25 10
 57.1  45  9
 53.8  50 15
 51.1  90 26
 48.4  90 29
 46.2  85 50
 38.6  90 56
 35.7 110 43
 33.6 100 40
 30.5 135 26
 29.6 155 15
 29.3 170 10
 28.7 225  6
 28.3 265 10
 26.4 280 18
 25.3 310 14
 25.0 295 10
 23.8 165 10
 23.5 170 11
 23.0 205 13
 22.1 240 10
 21.4 280  3
 20.6 360 10
 19.4  20 21
 17.7  50 20
 15.8  90 51
 13.4  95 83
 11.2  90 92
  9.7  85 84
  9.0  85 39
  8.6  95 21
  8.5 110 10
  8.3 180  4
  8.1 250 10
  7.6 285 28
  7.3 280 38
D20200420.12
100.0 300  8
 70.0 115 15
 50.0  75 49
 30.0 275 12
 20.0 290  5
 10.0  85 84
 93.7 140 10
 89.6  55 10
 79.7 115 17
 77.9 110 11
 76.0  40 10
 74.5  30 14
 68.6 135 20
 67.5 145 22
 63.0 150 13
 62.1 135 10
 61.4 110  8
 60.8  85 10
 55.4  90 13
 54.3  75 13
 52.5  55 23
 47.9  80 54
 41.0  85 55
 37.6 110 46
 33.9 105 26
 31.9 145 13
 31.4 140 10
 30.6 195  4
 30.1 265 10
 28.5 290 23
 27.5 305 18
 26.0 315 15
 25.5 310 10
 25.2 290  8
 24.6 235 13
 23.5 245 24
 22.1 260 12
 21.2 220 12
 20.7 225 11
 19.6 350  5
 18.5 100 10
 17.7 100 15
 15.3 115 46
 14.5  95 62
 13.8  95 77
 11.5  90 86
 10.8  90 87
  9.8  85 81
  8.8  70 19
  8.7  80 11
  8.5 150  2
  8.4 245 10
  8.1 270 23
  7.7 275 34
  6.5 280 57
D20200421.00
100.0   5 10
 70.0 160  4
 50.0 100 47
 30.0 300 17
 20.0 110 12
 10.0  95 65
 97.1  30 10
 93.6  25 21
 89.5  55 27
 84.6  75 16
 81.8 105 10
 77.4  20 11
 76.0  15 14
 74.3  35 12
 68.8 195  3
 66.7 200 10
 64.7 220 10
 60.7  20 10
 59.6  50 10
 57.5  60 10
 56.8  75 10
 56.1  90 15
 49.9 100 47
 42.8 120 48
 38.5 115 35
 34.7  85 23
 32.8  90 10
 31.6  15  2
 30.9 300 10
 29.5 305 18
 28.6 325 19
 27.5 340 13
 24.6  90 14
 23.8 175 12
 23.3 190 16
 22.4 185 15
 21.1 120  7
 20.6 115 10
 20.0 110 12
 19.1  75 17
 18.1  80 23
 15.2 100 69
 13.0  95 82
 10.6  90 84
 10.1  95 76
  9.3 105 12
  9.2 110 10
  9.1 185  4
  9.0 250 10
  8.3 270 35
D20200421.12
100.0  10 10
 70.0 130 17
 50.0 100 43
 30.0 320 20
 20.0 105 13
 85.7 120 20
 82.2 140 21
 80.1 130 15
 77.1  70 18
 75.3  60 22
 73.7  75 22
 70.9 110 17
 68.5 170 16
 67.2 185 10
 62.0 185  2
 60.2  95 13
 57.6  80 31
 50.5 100 44
 45.3  75 39
 39.1  85 42
 37.5 100 36
 34.3  80 16
 33.7  60 11
 32.0 345 12
 29.8 320 20
 27.6 320 16
 27.0 315 10
 26.3 220  5
 25.2 180 10
 24.4 210 22
 23.6 215 28
 22.0 195 11
 21.1 170  6
 19.8  95 16
 17.2 125 36
 15.0  90 69
 13.3  85 81
 11.8  90 79
D20200422.00
100.0  45 17
 70.0 230  4
 50.0 125 34
 30.0 125  3
 20.0 105 19
 10.0  95 54
 94.4  55 18
 88.6 135 22
 86.7 140 25
 82.9 130 15
 81.7 105 10
 80.9  85 12
 79.3  75 19
 76.7  95 14
 61.0 175  1
 59.0  75 13
 55.8  80 21
 53.6 115 26
 51.5 130 32
 49.3 110 37
 46.3  75 35
 44.6  65 38
 39.9  90 40
 37.4  90 36
 34.7  70 25
 28.1  10  1
 26.8 120 10
 25.6 160 17
 24.5 140 10
 21.1 165  1
 20.5  95 10
 18.6 135 16
 17.2  85 31
 15.6  65 49
 14.4  85 59
 13.6  75 67
 10.9  85 67
 10.1  95 58
  9.3  90 22
  9.1  90 11
  8.8 165  6
  8.7 225 10
  8.5 245 18
  7.7 260 37
  7.2 250 50
  6.0 280 37
D20200422.12
100.0 130 24
 70.0  85 10
 50.0  75 35
 30.0 140 16
 20.0 125 22
 10.0  80 50
 95.6 145 22
 86.8 135 26
 82.6 145 30
 76.8  95 18
 71.2  95 13
 69.7  75 10
 62.0  75 14
 57.9 135 17
 57.2 130 17
 56.7 120 17
 55.6  95 27
 51.2  75 38
 47.3  60 34
 36.4  95 26
 35.1  95 22
 33.5  65 26
 30.8 100 19
 29.7 150 15
 29.3 155 15
 29.0 145 14
 28.5 135 15
 26.1 175 23
 25.3 155 23
 25.0 145 22
 23.3 115  2
 22.0 105 10
 20.0 125 22
 19.6 135 17
 19.0 130 15
 18.9 120 15
 18.0  80 23
 17.1  90 40
 14.7  85 51
 14.1  65 58
 12.3  85 71
 10.6  70 66
 10.3  75 66
  9.4  90 16
  9.3  90 10
  9.2  15  3
  9.0 295 10
  8.8 280 15
  8.4 270 29
  7.9 245 26
  7.6 265 28
  6.6 280 38
  5.9 290 34
D20200423.00
100.0 105 17
 70.0 355 21
 50.0  90 38
 30.0 150 17
 20.0 160  5
 10.0  80 71
 93.2  90 29
 83.7 130 30
 80.2  85 20
 75.4  95 22
 73.8  80 14
 72.2  10 13
 69.3 355 21
 66.3  15 10
 63.8  40  5
 60.6 110 11
 58.7 165 14
 56.8 165 18
 54.3 110 23
 51.3 100 39
 50.1  90 38
 40.1 100 27
 33.6  80 25
 32.6  95 17
 31.8 135 13
 31.4 145 14
 28.0 145 15
 26.2 110 28
 25.3  75 10
 24.8  55 11
 24.0  50 12
 23.6  65 10
 22.6 160  1
 19.7 120  4
 19.3  80 10
 18.0  60 19
 17.4  35 21
 16.6  65 25
 14.7  85 54
 12.9 100 62
 10.5  85 79
  9.3  75 38
  8.9  55 21
  8.7 360 11
  8.6 340 12
  8.3 295 23
  7.1   0  0
  7.0 225 11
  6.7 235 21
  6.6 280 23
  6.3 290 37
  6.1 305 41
  5.5 260 45
  5.4 260 40
D20200423.12
100.0 140 20
 70.0  70 13
 92.9 145 22
 87.6 130 23
 86.8 120 25
 81.6  55 18
 79.1  45 19
 72.8 115 17
 71.4 105 14
 70.3  70 12
 68.6  80 15
 64.8 175 12
 61.9 200 13
 61.4 200 10
 60.2 160  5
 58.7 115 10
 55.4  60 20
 52.7  50 28
 50.4  80 27
D20200424.00
100.0 150 27
 70.0  40 24
 50.0 100 33
 30.0  75 12
 20.0  45 15
 10.0  85 94
 95.2 145 32
 81.0  60 27
 78.7  85 19
 77.1  80 11
 76.4  65 10
 75.2  40 15
 72.9  30 21
 70.0  40 24
 66.8  75 11
 65.9 140  1
 64.3 210 10
 63.0 225 17
 60.8 220 15
 59.8 205 10
 58.1 135  4
 56.9  80 10
 54.3  85 28
 48.6 110 36
 46.2  95 30
 41.5 110 38
 37.4  90 38
 34.3 100 38
 32.7 110 33
 30.7 100 17
 29.9  75 12
 29.8  65 11
 29.3  35 12
 28.5  15 13
 27.5  50 11
 26.4 355 10
 25.8 345 10
 25.4 350 10
 23.9   5  2
 22.9  95 10
 20.5  35  8
 19.5  35 21
 17.0  80 43
 15.0 100 51
 14.4  85 58
 10.9  95 92
 10.2  85 95
  9.4  80 54
  8.9  45 29
  8.6  40 33
  7.8  90 19
  7.7 110 14
  7.6 170 15
  7.3 205 24
  7.0 220 36
  6.8 220 25
  7.0 225 26
D20200424.12
100.0 175 30
 70.0 215  8
 96.8 155 24
 94.7 130 21
 92.0  95 22
 88.0  85 33
 82.9  50 29
 80.4  45 29
 78.3  60 29
 75.0 100 14
 73.0  90 12
 71.9 105 11
 70.7 170  7
 69.7 225 10
 68.0 250 18
 61.2 230 22
D20200425.00
100.0 120 18
 70.0 250 32
 50.0  85 35
 30.0 145  6
 20.0  40 12
 10.0  55 25
 97.1 120 21
 85.7  50 33
 82.3  50 34
 80.8  75 23
 78.3 150 11
 77.5 185 13
 76.2 215 20
 70.5 245 33
 68.5 255 32
 64.7 265 23
 60.9 250 10
 57.2 280  3
 53.6  55 10
 50.7  85 30
 43.8 105 61
 38.7  95 62
 33.8  90 23
 32.3  85 30
 30.6 115 13
 29.4 200  3
 28.4 265 10
 27.4 270 19
 25.9 215  7
 23.2 165 13
 22.3 145 20
 21.9 130 15
 21.7 110 10
 21.5  60  7
 21.2  20 10
 20.1  40 11
 19.4  25 17
 18.9  40 21
 18.7  65 22
 18.4  80 29
 17.9  75 45
 12.8  85 86
 11.2  85 80
 10.3  75 37
 10.0  60 26
  9.6  15 20
  9.2  20 17
  8.9 360 12
  8.7 325 17
  8.4 315 16
  8.3 295 15
  8.2 280 17
  7.3 245 58
  6.4 280 19
  6.3 300 15
  6.2 310 16
  6.1 295 23
D20200425.12
100.0  95 15
 70.0 255 24
 50.0  90 43
 30.0 245 15
 20.0  85 21
 10.0  50 34
 88.5  60 37
 81.9 120 38
 80.2 130 27
 76.9 180 18
 76.4 190 16
 75.2 225 18
 67.4 270 25
 65.9 260 19
 64.4 215 14
 60.0 210 10
 55.3  75  1
 53.6  80 10
 49.2  95 47
 41.1  85 62
 33.9  85 31
 32.6 100 25
 31.6 140 14
 30.9 195 10
 30.5 225 11
 29.7 255 17
 29.0 260 22
 27.6 275 20
 25.3 275 15
 24.4 310 10
 23.9  15  1
 22.5  80 10
 21.2  90 19
 20.6  75 15
 19.5 105 20
 17.9 110 46
 17.5 100 50
 16.4 115 42
 15.4  95 53
 14.0  90 70
 11.8  80 78
  9.3  40 13
  9.2  35 10
  9.1 340  5
  8.9 275 10
  8.5 250 29
  8.1 225 29
  7.5 235 25
  7.2 280 35
  6.8 310 32
  6.4 315 16
  6.3 350 13
  6.2  15 15
  6.0 325 19
  5.7 320 26
D20200426.00
100.0  90 28
 70.0 265 23
 50.0 115 38
 30.0 230 12
 20.0  50 29
 10.0 130 20
 90.7  65 36
 85.0 130 16
 82.9 200  8
 81.8 245 11
 79.9 265 21
 77.5 270 29
 70.6 265 24
 67.0 285 22
 64.6 275 15
 61.4 295 10
 56.1  55  7
 55.3 100 11
 51.5 125 34
 49.1 105 42
 46.3  85 39
 38.9  95 59
 35.9  70 48
 34.2  75 42
 32.2  90 23
 31.7 110 13
 31.1 155  8
 30.7 210 10
 30.3 230 13
 26.9 280  4
 26.1 340 10
 25.0 345 10
 22.9  90 10
 22.3  95 17
 21.4  30 12
 17.3  85 36
 16.8  95 29
 15.6 100 50
 11.7 100 75
 11.1 100 69
 10.2 115 29
 10.0 130 21
  9.6 155 12
  9.4 195  8
  9.3 235 10
  8.9 275 21
  8.5 280 10
  8.3 300  8
  8.2 315 10
  7.6 300 36
  7.2 300 26
  7.0 340 10
  6.5 205  3
  5.9 225 10
  5.8 250 13
D20200426.12
100.0  90 26
 70.0 265 24
 50.0  85 37
 30.0 205 13
 20.0 155 23
 10.0  80 20
 91.4  95 45
 86.6 115 10
 85.0   0  0
 82.1 300 10
 78.6 290 23
 75.5 250 23
 69.5 270 25
 62.8 275 12
 62.2 270 10
 60.6 195  3
 58.5  70 10
 56.8  65 16
 54.6  90 25
 47.5  70 48
 43.8  85 62
 38.2  90 63
 34.9  85 55
 33.2 100 31
 32.3 130 20
 31.6 170 13
 31.0 205 12
 29.6 200 11
 27.3   0  0
 22.9 360 11
 20.0 155 23
 19.2 170 27
 18.8 170 21
 18.3 130 15
 18.1 115 16
 17.7 110 22
 17.3 130 19
 13.5 105 52
 12.8  95 54
 11.1  95 55
 10.0  80 20
  9.8  65 17
  9.3   5 23
  8.7 345 33
  8.5 325 29
  8.1 320 24
  7.9 295 20
  7.6 285 20
  7.3 310 16
D20200427.00
100.0  75 35
 70.0 280 20
 50.0  80 43
 30.0 225 15
 20.0 105 17
 94.2  75 46
 86.9  95 11
 84.8  20  3
 82.8 315 11
 76.3 280 31
 69.9 280 20
 64.8 325 13
 63.0  30  3
 60.6  75 11
 55.6 120 14
 50.7  80 41
 45.7 110 55
 42.9  95 57
 36.8  85 51
 32.9 115 16
 32.6 130 10
 32.1 195  5
 31.4 230 10
 28.7 220 18
 27.4 230 10
 25.6 350  1
 23.4  10 10
 22.3  75 17
 21.0  90 28
 19.5 120 10
 18.6 130  3
 18.1  50 10
 17.7  70 19
 17.2  50 18
 16.7  65 24
 15.4  75 36
 14.0  85 42
 12.2  70 55
 11.5  80 60
 10.6  80 60
D20200427.12
100.0  80 39
 70.0 295 17
 96.1 110 37
 92.0 115 14
 91.5 120 10
 89.8 210  2
 86.4 285 10
 83.2 255 10
 76.1 260 24
 67.2 300 11
D20200428.00
D20200428.12
100.0 125  3
 70.0 215 12
 94.2 235 12
 89.4 225 25
 86.7 225 20
 83.5 280 17
 78.4 285 21
 76.1 265 14
 72.2 260 11
 70.3 215 10
 65.5 225 11
D20200429.00
100.0 265 12
 70.0 255 14
 50.0  95 43
 30.0  50  2
 20.0  40 23
 10.0  70 25
 98.1 235 15
 93.7 220 13
 92.3 235 10
 89.5 290 10
 81.8 300 20
 75.8 305 10
 74.5 290  6
 71.0 250 10
 67.5 265 15
 63.4 235 14
 62.1 240 10
 60.8 165  2
 59.3  90 10
 57.8 110 13
 55.3  75 26
 53.8  70 36
 49.0 100 44
 40.9  90 42
 38.7  95 51
 35.8 115 46
 33.6 105 30
 31.9  50 10
 30.1  50  2
 24.1  90  2
 23.4  75 10
 22.8  50 11
 22.0  65 12
 20.9  40 22
 19.8  40 23
 17.5  85 27
 16.6  95 43
 14.8  95 62
 12.0  90 79
 11.0  95 71
 10.2  85 33
  9.9  65 23
  9.7  50 17
  9.3 105 10
  8.9 180  4
  8.7 120 12
  8.6 135 11
  8.2 270 11
  8.0 300 18
  7.6 280 26
  7.3 280 33
  7.0 300 23
  6.9 290 22
  6.8 275 28
  6.3 270 44
  6.2 270 37
D20200429.12
100.0 280 16
 70.0 275  8
 50.0  95 46
 30.0 110  5
 20.0  85 13
 10.0  45 21
 95.8 255 16
 91.6 200 14
 86.0 175 10
 83.7 235  3
 81.7 305 10
 79.3 300 20
 75.8 290 14
 72.3 300 10
 64.3   0  0
 61.5  85 16
 59.9  90 21
 55.9  70 27
 53.1  80 25
 50.5  95 46
 48.4 110 43
 44.2  90 47
 38.4 105 49
 33.4  70 26
 31.7  65 10
 30.6  85 10
 25.8 135  2
 23.4  15 23
 22.2  40 13
 21.4  30 16
 20.8  50 19
 20.3  85 12
 18.6 120 20
 18.0 110 29
 17.1 125 25
 16.6 110 33
 15.6 105 30
 13.2  85 68
 11.6  80 78
 11.3  85 68
 10.1  45 25
  9.8  60 10
  9.5 125  3
  8.8 205  1
  8.6 295 10
  8.2 265 22
  7.6 260 33
  6.9 265 31
  6.5 280 27
  6.2 285 40
  5.8 275 26
  5.4 265 31
  5.2 245 40
D20200430.00
100.0  65  9
 70.0 230 17
 50.0 100 50
 30.0 265 15
 20.0 140 19
 10.0  80 40
 92.3  60 15
 89.6  10 18
 86.5 350 17
 82.9 275 18
 80.9 265 21
 78.5 275 23
 74.7 275 14
 73.7 255 12
 72.8 240 13
 67.7 220 21
 65.6 215 14
 63.2 100  2
 59.3 100 10
 58.2 105 16
 55.6  75 19
 52.4  95 50
 45.6  95 56
 40.3 105 48
 37.7  80 43
 35.1  70 22
 34.3  80 15
 33.7 100 10
 32.7 170  1
 30.9 275 10
 29.6 260 16
 27.9 270 18
 25.0 290 10
 23.6 315  2
 21.5 115 10
 21.1 105 15
 20.5 140 15
 19.4 145 21
 18.9 125 26
 18.4 140 21
 17.4 130 29
 16.4  95 32
 15.8  85 32
 14.1  85 60
 11.5  75 81
  9.4  85 15
  8.9  65 13
  8.8  80 11
  8.4 195  3
  8.2 255 10
  7.9 235 16
  7.7 180 14
  7.6 180 15
  7.5 215 23
  6.8 240 52
  6.3 270 47
  5.6 270 52
D20200430.12
100.0  10 12
 70.0 160  8
 96.7 340 17
 93.3 330 16
 92.0 340 10
 91.0 325  8
 89.5 275 10
 86.0 275 13
 84.0 240 17
 77.2 230 29
 70.9 185 15
 69.4 135  7
 67.5  75 16
 65.7  55 22
 64.5  55 26
 62.1  70 23
 59.1 110 31
 55.9 110 32
 53.1  80 36
 52.9  80 36
