sing20151116.12
TTAA 66121 48698
99007 26425 33002 00084 25823 32004 92769 22432 29505
85502 18634 25008 70145 09414 16503 50587 04122 06009
40760 14503 08508 30972 28331 12006 25100 39134 05002
20249 52147 33009 15428 67956 03012 10661 77957 13016
88110 82938 07519
77999=
TTCC 66127 48698
70866 76561 27032 50065 /////
88999
77999=
TTDD 6612/ 48698
11916 74960 22821 79357 33562 70570
21212 11987 15515 22957 17010 33941 18506 44928 23010
55904 26017 66835 25520 77795 28023 88755 28514 99708
27533 11642 29524 22609 28519 33579 31517 44562 31518=
