sing20151104.00
TTAA 54001 48698
99008 26827 36001 00096 26024 06502 92783 22426 29504
85515 18449 18009 70154 09043 20504 50587 04940 36005
40760 13964 09020 30972 29765 08507 25099 40337 04013
20247 53539 05016 15425 67750 04524 10658 82346 04014
88105 82743 02506
77999=
TTCC 54001 48698
70867 72966 31522 50068 65375 29024 30384 53582 24523
20645 48985 28510 10105 44388 29012
88999
77999=
TTDD 5400/ 48698
11943 80157 22859 69967 33692 73365 44626 72368 55598
66774 66546 63976 77492 65575 88396 64376 99369 59579
11345 62377 22330 60579 33314 54183 44296 53382 55259
55980 66228 53982 77196 46786 88163 49384 99151 46586
11099 43988 22090 45187 33082 39392 44075 41989 55066
38591
21212 11985 04015 22966 01017 33953 01015 44913 12015
55891 14512 66878 21006 77865 26010 88821 27027 99726
31520 11675 32013 22654 24510 33619 21012 44589 22011
55573 23508 66565 24510 77553 28019 88525 27526 99497
29024 11439 25529 22408 24526 33396 26018 44388 28014
55380 30019 66354 31031 77334 30519 88327 28510 99321
28012 11314 24515 22297 24524 33268 21532 44250 25524
55220 28022 66209 26522 77201 28011 88199 29010 99196
31515 11175 32045 22150 33048 33125 31026 44119 29021
55114 27027 66111 27034 77103 28527 88100 29010 99097
20001 11095 11510 22089 11019 33084 13049 44077 10054
55074 08548 66066 10053=
