sing20151121.12
TTAA 71121 48698
99005 26823 04003 00067 26421 00000 92754 22211 13505
85487 17803 13503 70130 10029 21503 50586 04308 05508
40759 14701 09004 30972 28360 07004 25099 38756 06510
20248 51739 06006 15428 68149 10518 10662 78756 12506
88115 80745 09531
77999=
TTCC 7112/ 48698
70867 ///// /////
88999
77999=
TTDD 7112/ 48698
11972 80156 22946 79757 33924 75160 44860 77360 55702
75761
21212 11957 10012 22928 02512 33907 00515 44877 00515
55855 32514 66847 31016 77817 29028 88767 28044 99702
28524=
