sing20151105.00
TTAA 55001 48698
99009 28242 31502 00101 27440 26002 92788 22836 25506
85522 18447 25505 70164 09637 16503 50589 05718 12506
40761 14561 06513 30973 30361 03006 25100 39965 03514
20248 52960 06018 15427 68546 05535 10660 77759 06519
88111 81150 07015
77999=
TTCC 55001 48698
70866 75563 32515 50070 66373 30524 30387 58177 22530
20647 51580 31025 10104 46582 26028
88785 77560 25519
77059 07560 418//=
TTDD 5500/ 48698
11947 73763 22785 77560 33737 78160 44661 69971 55634
62976 66473 67372 77395 62575 88362 56179 99303 58377
11241 51780 22216 53579 33182 51380 44174 48182 55135
46782 66124 48581 77087 44783 88075 36988 99070 37987
11062 35588 22058 30991
21212 11951 12518 22913 15015 33877 22011 44838 25015
55789 25519 66707 32517 77691 33012 88685 31510 99677
30011 11655 32016 22630 29516 33540 30538 44497 30523
55447 27518 66433 29016 77406 31522 88389 30522 99377
31012 11370 26005 22365 22010 33348 22025 44336 21025
55320 23028 66311 22034 77286 22014 88282 23010 99278
25514 11254 27523 22242 31023 33220 30537 44203 31528
55176 28513 66172 30019 77166 27515 88161 31510 99157
29003 11154 22510 22144 22532 33130 21539 44108 25520
55106 27025 66100 26028 77097 24516 88095 22013 99091
14516 11087 11024 22084 07033 33080 07048 44074 09030
55073 09532 66064 06549 77059 07560 88058 08059=
