sing20151126.12
TTAA 76121 48698
99006 26831 03007 00058 26430 03007 92760 21625 36016
85492 18228 35512 70139 10243 35512 50587 04303 20505
40760 14704 21004 30972 28919 32505 25099 39156 11004
20248 52133 06516 15427 67748 07528 10660 80156 05511
88105 83148 09536
77999=
TTCC 76121 48698
70866 72365 26035 50063 69172 28019 30379 58579 26039
20636 52782 28533 10095 45586 09532
88999
77088 08559 427//=
TTDD 7612/ 48698
11898 80950 22764 71566 33581 73966 44538 72768 55451
62177 66424 64175 77404 60377 88369 62376 99318 61777
11299 58579 22251 59178 33225 52382 44203 53381 55185
48784 66149 50383 77137 43187 88112 47585 99108 43588
11096 46785 22082 41589 33081 41588
21212 11985 00508 22976 33510 33946 31517 44880 35012
55857 33512 66839 28009 77833 27510 88811 28514 99776
26533 11668 25545 22444 30534 33428 29531 44415 26026
55388 28027 66367 27024 77353 25532 88310 25542 99287
26535 11272 25034 22246 27020 33237 29525 44216 30037
55183 26537 66171 28036 77153 27542 88141 25532 99137
23527 11130 24524 22126 27515 33120 22010 44117 14005
55113 07010 66109 06024 77100 10033 88088 08559 99081
11049=
