sing20151113.12
TTAA 63121 48698
99008 28250 33502 00092 27235 35502 92780 23028 15503
85515 19458 17003 70161 10844 11005 50589 03746 10507
40762 14322 11007 30974 29126 19506 25102 39138 18504
20250 52150 21001 15430 68143 16003 10663 78956 07523
88103 81345 08035
77999=
TTCC 63121 48698
70868 71967 28518 50068 68772 25532 30383 59778 28041
20640 53182 26031 10101 45387 11521
88103 47985 09518
77081 09066 44708=
TTDD 6312/ 48698
11809 80157 22763 73163 33706 71767 44446 67773 55422
62777 66385 62377 77357 57979 88335 60377 99262 55980
11247 57179 22235 54181 33208 55580 44120 40589 55103
47985 66098 44787 77094 46785 88082 44387 99076 36193
11067 34993
21212 11984 09013 22947 17011 33880 20503 44832 20518
55808 21016 66783 19517 77760 23522 88731 23520 99704
28018 11683 29018 22648 26026 33571 24035 44526 24535
55509 25036 66467 28034 77436 28027 88417 30029 99396
29024 11369 26526 22342 29033 33289 28045 44267 27533
55253 24036 66246 23540 77236 25537 88212 24034 99180
27526 11144 28533 22134 29024 33130 32018 44123 29512
55121 31011 66119 34013 77102 10018 88097 13031 99093
13036 11089 09025 22088 08029 33081 09066 44076 11548
55067 07556=
