USSR01 WSSS 090000
TTAA  59001 48698
99009 23817 30504 00114 23008 26506 92796 21417 30516
85527 17620 29018 70161 07600 28519 50587 06502 25008
40759 16724 18002 30969 31142 07012 25096 40923 11016
20244 53927 11519 15422 68738 10051 10659 78528 25019
88999
77999
31313 73508 82336=



UKSR01 WSSS 090000
TTBB  59008 48698
00009 23817 11974 21803 22957 22824 33829 16626 44665 04804
55617 03024 66494 07111 77470 08108 88398 16724 99374 19309
11364 20508 22352 22548 33324 26156 44290 32728 55179 60532
66156 67133 77137 69557 88132 71157 99127 73135 11117 74933
22110 75732 33107 76946 44106 77150 55100 78528
21212 00009 30504 11992 26008 22952 31012 33853 29018 44693
28519 55625 31514 66572 30508 77559 28008 88542 28010 99522
24508 11502 26008 22488 22006 33448 23006 44436 21008 55415
27006 66405 21502 77404 19502 88395 19504 99393 21002 11370
23504 22348 14502 33341 16002 44333 07002 55275 06019 66243
11514 77150 10051 88125 07008 99121 32506 11110 30016 22100
25019
31313 73508 82336
41414 58478=



ULSR01 WSSS 090000
TTCC  5900/ 48698
88999
77999
31313 73508 82336=



UESR01 WSSS 090000
TTDD  5900/ 48698
11977 79139 22911 81523 33873 82334 44815 82528
21212 11960 23016 22912 23008 33888 20506 44843 24004 55838
26502 66826 01504 77815 03008
31313 73508 82336=
