USSR01 WSSS 201200
TTAA  70111 48698
99006 26822 25003 00086 26212 24006 92775 22818 03510
85508 18818 33008 70149 09808 25004 50588 04559 01508
40760 14330 10508 30973 28939 10516 25101 38937 13002
20250 51950 16512 15429 68338 11516 10660 86143 06033
88104 86140 05525
77999
31313 73508 81108=



UKSR01 WSSS 201200
TTBB  70118 48698
00006 26822 11894 21008 22814 17043 33723 11209 44642 05406
55614 04237 66591 02621 77538 01559 88522 02762 99509 03958
11482 05965 22463 08364 33447 10148 44438 10950 55435 11332
66410 13120 77397 14150 88375 17315 99316 26150 11276 33139
22188 55556 33104 86140 44100 86143
21212 00006 25003 11984 21004 22969 09004 33946 05008 44915
03008 55859 32508 66836 32510 77791 27506 88781 28008 99753
26006 11740 27006 22697 25004 33658 31506 44645 29502 55636
30502 66628 36002 77615 30004 88599 30004 99591 34504 11567
00508 22539 05010 33509 36008 44464 06008 55443 07008 66422
14006 77414 14506 88394 09010 99382 09510 11364 13508 22351
10512 33279 11004 44278 09504 55267 10502 66266 09502 77261
11002 88260 13502 99258 12002 11256 13002 22249 12502 33248
14504 44244 12004 55243 13504 66242 12004 77241 13504 88222
12006 99208 12506 11198 16512 22192 17010 33178 10010 44139
10519 55108 06023 66100 06033
31313 73508 81108
41414 39878=



ULSR01 WSSS 201200
TTCC  70117 48698
70863 79756 22023
88743 79750 22023
77999
31313 73508 81108=



UESR01 WSSS 201200
TTDD  7011/ 48698
11982 82757 22927 77558 33895 78156 44870 74359 55743 79750
66691 79956 77659 75959 88544 70359
21212 11996 06035 22963 06533 33898 02006 44880 27006 55871
24510 66844 22521 77769 23023 88730 21523 99641 23014 11608
29014 22559 33514 33544 02008
31313 73508 81108=
