USSR01 WSSS 291200
TTAA  79111 48698
99004 30857 29002 00063 30457 28502 92760 24230 29006
85496 19845 27516 70155 11858 25012 50588 03957 21510
40761 14156 13006 30973 29564 08021 25100 39163 10527
20249 52365 08533 15429 67360 06547 10664 79360 08010
88999
77999
31313 73508 81044=



UKSR01 WSSS 291200
TTBB  79118 48698
00004 30857 11945 25830 22910 24257 33837 18837 44749 15259
55680 09656 66626 05860 77618 04857 88576 01258 99532 01359
11517 02756 22436 10559 33390 14958 44364 19157 55354 20957
66343 23147 77338 24120 88336 23904 99331 24704 11327 25309
22325 25714 33324 25715 44321 26557 55319 26761 66273 33962
77256 37765 88242 41160 99234 42963 11224 45560 22221 46359
33217 47365 44168 61961 55122 76559 66100 79360
21212 00004 29002 11976 32004 22944 27004 33918 30008 44891
28010 55841 28518 66809 25516 77680 26012 88620 23012 99592
25012 11552 21504 22546 24502 33544 22502 44527 25002 55526
26502 66516 19502 77493 22510 88472 22506 99469 24004 11440
23506 22427 22004 33421 15502 44417 17004 55410 13006 66399
12506 77387 15006 88344 10010 99303 08021 11278 10521 22238
11027 33186 07041 44147 06551 55120 08537 66105 06021 77100
08010
31313 73508 81044
41414 28438=



ULSR01 WSSS 291200
TTCC  79111 48698
70864 75962 16518 50063 69370 06535 30374 60778 10062
20636 39589 32006 10106 37990 25525
88871 84357 11006 88168 45586 28527
77251 10068 40940
31313 73508 81044=



UESR01 WSSS 291200
TTDD  7911/ 48698
11871 84357 22802 83957 33761 79960 44720 80958 55702 76362
66628 73563 77607 69966 88511 70769 99481 66572 11425 67772
22318 63376 33266 58980 44246 54982 55232 47787 66209 40589
77168 45586 88163 42788 99106 39989 11088 35990 22060 38390
33052 36395
21212 11992 08508 22954 16508 33883 16006 44863 09008 55810
08029 66768 09531 77720 16019 88659 15004 99654 13002 11649
06002 22646 03502 33635 01004 44604 04510 55550 02025 66515
05535 77414 10547 88383 08545 99318 10553 11276 09058 22251
10068 33239 10064 44228 11037 55216 11529 66204 13002 77202
30502 88201 32504 99195 32514 11175 29027 22155 25027 33144
28523 44119 26037 55093 25019 66086 28523 77071 31514 88068
28521 99056 29012 11054 34006 22053 04008 33052 05510
31313 73508 81044=
