USSR01 WSSS 280000
TTAA  78001 48698
99006 27823 34501 00085 27416 00000 92772 23021 01004
85512 19442 32506 70157 10243 31012 50588 05339 35510
40760 16156 03508 30972 29764 10014 25099 40156 11023
20247 52560 10039 15426 67162 10033 10659 82159 08535
88999
77999
31313 73508 82330=



UKSR01 WSSS 280000
TTBB  78008 48698
00006 27823 11952 24205 22877 21256 33730 11414 44616 05256
55609 04860 66591 03257 77584 02862 88575 02265 99540 02350
11537 02161 22530 02550 33478 07718 44455 08956 55423 13735
66409 14957 77398 16349 88394 16744 99390 16958 11354 20563
22315 26965 33282 33363 44263 37356 55258 38159 66249 40556
77213 49361 88190 55557 99161 64157 11147 68164 22122 77160
33100 82159
21212 00006 34501 11990 18502 22985 19004 33979 16002 44938
11002 55924 00502 66902 30002 77863 32508 88856 31006 99849
33006 11820 35004 22801 34006 33787 30004 44772 29504 55764
31004 66738 28008 77722 30510 88692 32512 99666 31014 11635
34014 22606 33019 33556 01019 44531 34012 55492 34510 66471
29004 77456 32504 88455 31504 99437 02006 11403 03010 22371
09010 33362 07508 44329 09014 55317 11010 66300 10014 77267
11519 88194 10041 99155 09537 11141 10023 22130 08019 33100
08535
31313 73508 82330
41414 28438=



ULSR01 WSSS 280000
TTCC  78001 48698
70859 76762 11508 50058 71972 11027 30372 57184 10054
20632 47187 09018 10100 42588 27535
88954 83159 07035 88542 73770 14523
77339 10062 41310
31313 73508 82330=



UESR01 WSSS 280000
TTDD  7800/ 48698
11954 83159 22926 81162 33815 83357 44750 84557 55706 78960
66696 74963 77606 68770 88542 73770 99502 71972 11486 66976
22440 68375 33406 66977 44364 60584 55329 57184 66253 55583
77235 54383 88225 50786 99206 49586 11196 45787 22188 46587
33182 43788 44161 41189 55135 43586 66095 41988 77086 37990
88058 32589
21212 11924 05027 22852 33025 33783 32037 44723 01010 55705
10506 66675 14006 77664 13004 88647 08006 99554 14525 11515
12019 22452 08041 33339 10062 44319 11056 55253 09060 66235
08058 77212 08021 88197 09518 99179 23016 11164 29021 22150
27533 33089 27531 44077 27033 55068 29533 66062 31518 77060
34012 88058 31514
31313 73508 82330=
