USSR01 WSSS 220000
TTAA  72001 48698
99008 26627 04001 00105 26013 32506 92791 22829 02506
85526 18839 33004 70168 11057 31504 50590 04337 10506
40763 15359 07508 30973 30950 10012 25100 41130 09521
20248 53341 10031 15427 68349 09529 10660 77161 10019
88104 82157 08039
77999
31313 73508 80010=



UKSR01 WSSS 220000
TTBB  72008 48698
00008 26627 11797 14832 22698 11057 33634 05850 44607 04462
55585 02860 66579 02665 77575 02465 88569 01656 99559 01060
11536 01928 22464 08131 33455 08957 44444 10150 55419 12758
66364 19960 77347 22561 88343 23357 99296 31757 11274 36132
22182 58338 33132 74157 44104 82157 55100 77161
21212 00008 04001 11990 36004 22972 03508 33906 00506 44886
30006 55851 33004 66846 32006 77811 34004 88802 31504 99794
30504 11789 27002 22783 30002 33780 28004 44766 27004 55752
29006 66742 28506 77695 33004 88689 31002 99674 01504 11650
36006 22634 00508 33597 05010 44592 04508 55559 08008 66540
09502 77532 07002 88530 35002 99528 33002 11523 22002 22520
18502 33518 23002 44517 23502 55514 17502 66505 10504 77490
10006 88475 14504 99465 14504 11444 09504 22427 10506 33364
03506 44347 08506 55330 07008 66289 12014 77272 09518 88232
08525 99160 11029 11141 08029 22113 07545 33100 10019
31313 73508 80010
41414 11432=



ULSR01 WSSS 220000
TTCC  72001 48698
70862 81559 26533 50055 70968 10039 30370 57984 07566
20632 42385 30510 10096 42985 27547
88813 81958 26519 88161 48781 21518
77245 10070 42167
31313 73508 80010=



UESR01 WSSS 220000
TTDD  7200/ 48698
11813 81958 22675 81758 33596 78560 44555 72367 55473 70369
66441 65775 77410 65774 88388 61381 99340 57782 11294 57984
22280 55385 33255 56185 44234 54385 55223 50386 66221 50586
77216 44988 88212 42388 99186 43183 11161 48781 22148 44785
33131 42384 44108 44783 55094 43785 66090 44185 77080 38987
88066 32586 99059 34383
21212 11990 11016 22960 17510 33941 20014 44845 26516 55742
25535 66639 26516 77592 34506 88579 05008 99540 11035 11331
07560 22245 10070 33243 10570 44233 10566 55213 09512 66209
01006 77197 28512 88191 28512 99175 24025 11158 21514 22146
28016 33116 29037 44100 27547 55077 29043 66065 25529 77059
25531
31313 73508 80010=
