USSR01 WSSS 020000
TTAA  52001 48698
99008 26221 08003 00103 25616 04006 92785 22023 26506
85520 17613 22010 70162 09434 20012 50589 04156 22506
40761 14546 18506 30973 30356 27006 25100 40556 33508
20248 53745 06012 15426 68756 06529 10659 84556 07554
88999
77999
31313 73508 82331=



UKSR01 WSSS 020000
TTBB  52008 48698
00008 26221 11867 18209 22822 16826 33762 12815 44744 13056
55677 07424 66630 04857 77613 03658 88601 02657 99594 01819
11514 02756 22485 06318 33463 07747 44450 09323 55381 16558
66319 26956 77297 30759 88221 47739 99186 57758 11146 70157
22133 75143 33100 84556
21212 00008 08003 11990 04006 22986 00502 33973 36004 44960
30504 55932 26006 66918 27008 77889 22006 88875 24008 99848
21510 11807 21514 22786 19514 33742 21519 44725 19516 55665
21010 66641 16512 77615 18016 88593 16010 99572 16506 11550
20506 22516 23004 33497 22504 44488 18002 55484 18502 66481
11502 77478 09502 88471 19502 99465 25502 11459 21002 22448
22004 33445 20006 44429 15506 55411 21006 66406 20506 77393
15006 88321 18004 99308 27004 11274 28504 22240 36010 33207
03512 44197 07010 55181 06012 66138 08039 77100 07554
31313 73508 82331
41414 12438=



ULSR01 WSSS 020000
TTCC  52001 48698
70863 67370 10512 50071 63783 26027 30388 56385 27019
20651 51386 26039 10107 46187 26029
88989 84756 07556 88521 63983 27527
77942 07560 41235
31313 73508 82331=



UESR01 WSSS 020000
TTDD  5200/ 48698
11989 84756 22939 84957 33907 79361 44747 74964 55725 67970
66684 68373 77634 65182 88626 61383 99582 59784 11521 63983
22395 62983 33297 56585 44279 55385 55269 52186 66248 49386
77203 51386 88180 49586 99146 52386 11127 46587 22122 44988
33106 47187 44090 41589 55082 41989 66071 38589 77069 37390
88068 35190 99063 34990 11056 39589
21212 11942 07560 22877 09551 33835 08537 44748 02523 55698
11012 66646 15006 77626 22512 88576 26535 99535 28033 11468
25027 22406 28019 33352 28029 44325 26521 55291 27523 66265
26025 77231 28041 88202 26037 99183 25051 11120 26035 22107
24531 33077 31035 44072 32527 55066 28018 66064 29008 77063
07002 88062 09508 99056 12027
31313 73508 82331=
