USSR01 WSSS 300000
TTAA  80001 48698
99007 26634 03003 00100 26032 33504 92782 22656 01506
85517 18450 35004 70161 09243 34004 50587 06322 09018
40759 16158 07525 30969 31158 07518 25095 41560 10031
20243 54160 09047 15421 67365 09543 10655 83957 06006
88999
77999
31313 73508 82348=



UKSR01 WSSS 300000
TTBB  80008 48698
00007 26634 11898 21457 22841 17838 33793 15656 44713 09628
55601 03050 66525 04150 77519 04756 88514 05524 99490 07517
11480 08157 22463 09161 33461 09364 44459 09568 55444 11539
66427 13128 77416 14156 88398 16159 99386 17957 11373 19915
22344 23357 33211 51162 44191 56756 55174 61950 66168 63959
77151 67365 88100 83957
21212 00007 03003 11995 34506 22975 02508 33943 00510 44927
01506 55907 35008 66896 01508 77870 33506 88855 01506 99843
31502 11839 31002 22834 26504 33820 29506 44810 02502 55807
03002 66796 35502 77785 36002 88770 27004 99763 29004 11723
27006 22712 21002 33710 24502 44708 31502 55704 34004 66692
33502 77689 12002 88683 12502 99681 32002 11674 33506 22668
07004 33657 04008 44633 09006 55619 02002 66616 08502 77606
14006 88598 08504 99577 09510 11563 06008 22556 10508 33550
08510 44515 07019 55508 08016 66455 08025 77446 08016 88429
07023 99366 09523 11300 07518 22275 07519 33256 09527 44159
09551 55137 08014 66134 12010 77129 13504 88128 12502 99127
01502 11126 33504 22122 29006 33105 32006 44104 35004 55103
04504 66102 07006 77100 06006
31313 73508 82348
41414 11432=



ULSR01 WSSS 300000
TTCC  80001 48698
70855 73566 13018 50058 63383 25527 30378 54585 23518
20639 53985 30019 10090 47787 30521
88822 87750 08041
77999
31313 73508 82348=



UESR01 WSSS 300000
TTDD  8000/ 48698
11822 87750 22804 87346 33798 86744 44787 80959 55781 76562
66741 72763 77693 73966 88674 69171 99632 69780 11573 64982
22465 61383 33400 62983 44351 54785 55299 54585 66279 51786
77180 55585 88142 48587 99100 47787 11090 49187 22083 48587
33072 41389 44070 37990
21212 11987 05008 22906 07531 33823 08039 44790 09535 55755
08033 66705 13518 77667 07002 88666 05502 99663 31502 11659
28504 22641 27514 33609 29012 44540 25025 55497 25527 66434
29527 77420 27021 88408 27023 99386 24018 11354 24021 22341
25523 33301 24018 44252 27010 55241 26512 66223 29516 77180
30523 88165 28019 99159 25521 11134 25533 22115 24529 33111
27523 44092 31533 55080 27014 66078 19512 77076 16512 88070
12043
31313 73508 82348=
