USSR01 WSSS 260000
TTAA  76001 48698
99009 27032 06001 00108 26225 03508 92798 21806 26506
85526 17009 26514 70164 09243 23514 50588 05143 31004
40760 16350 10006 30970 31556 10527 25096 42130 11035
20244 54741 09539 15421 69356 08035 10655 79163 18514
88999
77999
31313 73508 82336=



UKSR01 WSSS 260000
TTBB  76008 48698
00009 27032 11914 21003 22780 14045 33604 02021 44578 00658
55567 00139 66491 05943 77436 12516 88402 16148 99374 20526
11353 22157 22333 25560 33307 30159 44298 31950 55253 41330
66232 46349 77192 56941 88187 58331 99180 60156 11167 64147
22160 66357 33120 78956 44115 74759 55111 75765 66100 79163
21212 00009 06001 11974 09002 22970 21502 33954 26504 44926
26506 55916 25006 66787 29014 77778 27012 88740 25018 99731
26514 11683 22012 22674 25512 33637 27512 44628 26019 55584
28516 66557 27018 77547 29014 88524 27012 99503 33004 11496
27006 22487 25510 33479 20004 44475 24504 55464 21506 66454
24004 77450 18502 88446 21506 99441 19006 11432 21008 22423
14006 33410 17004 44406 11002 55400 10006 66390 12002 77373
13506 88363 20006 99354 09506 11350 11010 22343 09514 33310
11027 44281 09525 55258 11035 66125 07539 77120 08539 88115
08019 99110 10010 11105 16504 22103 20504 33100 18514
31313 73508 82336
41414 12432=



ULSR01 WSSS 260000
TTCC  76001 48698
70859 68970 28018 50061 63783 28523 30377 59384 27039
20636 51786 27029 10090 47387 26547
88915 82360 24508
77999
31313 73508 82336=



UESR01 WSSS 260000
TTDD  7600/ 48698
11915 82360 22812 81760 33793 78960 44783 74363 55707 68969
66607 71177 77534 65182 88481 63583 99455 65782 11394 59584
22374 58384 33340 61383 44234 52586 55141 50786 66121 45987
77105 47987 88102 48787 99099 45987 11087 46387 22073 42588
21212 11910 25506 22892 33504 33868 34508 44857 02006 55778
11016 66738 07006 77724 01508 88711 29510 99694 28023 11668
28037 22622 29531 33551 26525 44521 28521 55486 28523 66466
30025 77434 30027 88392 26527 99330 27041 11285 26025 22262
28029 33191 26527 44170 28035 55112 29047 66101 27047 77095
26033 88091 27539 99081 25027 11078 26537 22073 24529
31313 73508 82336=
