USSR01 WSSS 051200
TTAA  55111 48698
99008 26844 07503 00101 26238 01504 92793 23858 19010
85530 19256 20012 70172 09025 22002 50589 04910 33004
40762 14923 10518 30973 29731 08012 25100 40343 11012
20249 53350 08519 15427 69745 08531 10657 83156 10566
88106 85143 09554
77100 10566 42983
31313 73508 81037=



UKSR01 WSSS 051200
TTBB  55118 48698
00008 26844 11959 23227 22938 24659 33698 08824 44495 05312
55395 15522 66316 26932 77241 42344 88106 85143 99100 83156
21212 00008 07503 11976 31502 22972 24502 33968 25002 44965
21502 55944 18506 66916 18510 77885 21014 88838 19508 99800
23014 11756 20508 22738 16508 33716 17504 44702 22502 55681
27502 66630 23508 77609 18506 88600 18004 99583 20506 11558
16504 22554 15502 33553 14002 44541 12004 55540 10504 66514
08002 77509 33502 88504 32004 99498 33504 11493 35504 22488
06002 33482 10006 44445 11516 55301 08012 66258 11512 77182
07523 88100 10566
31313 73508 81037
41414 28478=



ULSR01 WSSS 051200
TTCC  55112 48698
70864 73959 19002 50068 63361 28529 30386 58760 26023
20647 45766 28043
88999
77999
31313 73508 81037=



UESR01 WSSS 051200
TTDD  5511/ 48698
11973 83550 22958 82950 33946 78559 44925 74560 55873 72759
66722 75357 77635 67561 88588 67560 99571 64762 11435 62560
22416 59962 33361 59960 44332 56962 55294 58960 66222 51563
77210 47366 88199 45566 99176 48765 11130 47775
21212 11903 10558 22889 10554 33853 10004 44851 27502 55842
28016 66782 24018 77699 18002 88694 10002 99681 06506 11673
06506 22664 09004 33654 17504 44637 23012 55620 25518 66592
25518 77555 30025 88432 26527 99362 30527 11318 25025 22216
28033 33190 29551 44130 26039
31313 73508 81037=
