USSR01 WSSS 190000
TTAA  69001 48698
99007 27233 31502 00093 26826 25006 92777 21815 32521
85512 17610 31014 70153 08624 26533 50586 06107 30021
40758 15323 34014 30970 29944 09016 25097 40735 08523
20245 53956 08535 15422 69956 07043 10653 77958 09037
88106 85938 07064
77112 07072 41978
31313 73508 82334=



UKSR01 WSSS 190000
TTBB  69008 48698
00007 27233 11871 18006 22775 14640 33657 05635 44624 02801
55526 03502 66454 10921 77397 15728 88360 19742 99249 40935
11210 50956 22161 65957 33106 85938 44105 85541 55100 77958
21212 00007 31502 11988 30010 22966 30512 33937 34018 44925
32521 55878 32516 66868 30510 77837 32510 88752 28018 99738
30518 11730 28523 22720 30021 33704 27031 44680 25533 55674
26535 66663 25537 77638 27535 88590 25521 99581 28016 11576
27516 22569 29019 33561 28516 44549 30016 55493 29523 66483
30523 77474 29521 88432 31025 99409 34012 11379 31510 22351
27502 33348 24002 44340 09002 55327 09006 66320 06002 77317
08504 88267 10019 99226 08037 11199 08535 22176 07039 33145
07541 44112 07072 55105 07066 66100 09037
31313 73508 82334
41414 38478=



ULSR01 WSSS 190000
TTCC  69001 48698
70861 71347 26510 50065 62757 24023 30383 57142 26031
20645 50356 28531 10102 44168 28549
88999
77999
31313 73508 82334=



UESR01 WSSS 190000
TTDD  6900/ 48698
11979 73959 22861 75956 33805 75756 44770 72159 55690 71341
66667 69156 77631 65950 88594 66530 99558 64956 11522 65550
22500 62757 33463 62735 44427 61146 55400 62926 66389 63149
77370 59556 88353 58737 99329 57738 11319 57356 22303 56742
33279 53557 44263 54344 55247 51156 66236 51359 77220 52749
88212 52558 99200 50356 11184 49360 22126 49166 33109 45166
44095 44769 55087 39171 66075 39575
21212 11954 14021 22934 18518 33862 26016 44813 27535 55768
29025 66726 27018 77672 27012 88654 23504 99652 24004 11643
32504 22632 33004 33625 22504 44615 20008 55546 26025 66490
23529 77453 24523 88429 29527 99389 31033 11362 28029 22271
25531 33241 28031 44199 28531 55174 27045 66165 26537 77139
25553 88121 25553 99119 26054 11095 28549 22089 26043 33075
25533
31313 73508 82334=
