sing20150512.12
TTAA  62121 48698
99006 30257 21004 00064 30456 14504 92755 23840 11006
85490 19229 19506 70140 10833 04505 50588 03934 05504
40761 13550 08005 30974 27959 12510 25102 38558 20009
20251 50946 19007 15432 66145 26506 10667 82730 09044
88999
77999=
TTCC  62125 48698
70865 77347 06529 50065 62179 08531
88836 85348 07534
77999=
TTDD  6212/ 48698
11921 83737 22859 84750 33849 84950 44836 85348 55817
84539 66736 79958 77732 79357 88669 76139 99614 74357
11588 69545 22585 69345 33558 67778 44549 66378 55532
64779 66498 62179 77421 67178 88392 65778 99384 65978
21212 11957 09549 22913 08036 33874 06040 44768 11030
55718 07025 66703 06529 77689 07030 88677 07537 99655
08040 11625 08539 22615 09534 33606 09534 44597 10531
55578 09534 66529 07030 77515 08529 88493 08532 99476
09037 11459 11030 22415 10029 33402 09543 44395 08548
55384 08047=
