sing20150529.12
TTAA  79121 48698
99006 32058 21004 00067 30857 15005 92759 24443 13516
85495 18827 17508 70142 10843 02009 50587 03163 08510
40760 14561 09518 30971 30761 08023 25098 40159 10025
20247 51960 12023 15426 67358 11527 10662 76359 08528
88108 79558 09027
77999=
TTCC  79121 48698
70867 75376 11020 50060 74776 09051 30379 52582 01011
20646 45584 25538 10111 42984 22525
88999
77426 08073 42535=
TTDD  7912/ 48698
11964 77558 22921 76558 33894 77758 44803 78367 55689
75176 66616 77375 77568 79575 88560 79175 99553 77975
11531 76976 22481 70577 33475 70377 44448 66778 55421
65578 66390 59980 77357 50582 88316 51582 99263 46583
11247 48983 22240 49982 33231 48783 44216 46183 55196
44984 66189 43384 77165 45784 88153 46783 99145 45184
11139 42385 22108 44584 33100 42984
21212 11850 01513 22832 01011 33815 05511 44781 07009
55764 02510 66748 03515 77733 07514 88705 11021 99681
12021 11638 11019 22596 09019 33553 10031 44504 09050
55477 09560 66426 08073 77405 09067 88346 05016 99339
01014 11327 35013 22322 00513 33290 05017 44281 06507
55277 35002 66273 21002 77266 06003 88259 25010 99254
24518 11217 28029 22210 26525 33197 25541 44190 25032
55181 25545 66174 26537 77152 26036 88147 24022 99139
26033 11132 26028 22127 27525 33122 27023 44106 24521
55100 22524=
