sing20150503.12
TTAA  53121 48698
99008 28240 20004 00081 27636 23004 92768 23433 27504
85504 19850 30013 70149 08832 34016 50587 05522 23014
40759 15124 25005 30970 29930 10512 25097 40333 11028
20245 53137 10031 15424 68534 08545 10662 76731 25529
88999
77999=
TTCC  53127 48698
70862 80346 05527
88999
77999=
TTDD  5312/ 48698
11975 77729 22938 79325 33894 81326 44853 82733 55840
82935 66787 83350 77763 83537 88742 81942 99691 80150
11655 77735 22648 77732 33644 77730
21212 11963 27023 22945 27523 33927 27022 44909 27519
55891 27016 66873 26512 77855 27511 88838 27005 99820
18506 11804 14512 22788 14014 33724 05030 44709 05029
55652 08536 66644 08537=
