sing20150507.12
TTAA  57121 48698
99006 29843 19003 00068 29437 14507 92758 23008 14507
85493 19015 27503 70136 08818 35006 50586 04130 07506
40759 14358 07012 30971 28963 06006 25098 39342 14511
20247 51939 17010 15428 64741 24518 10663 83321 08504
88999
77999=
TTCC  57121 48698
70861 78556 07031 50061 63779 09537 30374 58780 09067
20635 43184 23015 10107 37386 30528
88962 84122 05505
77314 08072 42727=
TTDD  5712/ 48698
11977 83923 22962 84122 33907 83942 44895 84350 55867
85345 66857 85338 77816 85557 88790 85968 99765 85109
11740 81156 22719 79758 33702 78757 44680 75147 55658
73571 66643 72177 77640 71777 88615 70177 99504 63579
11418 65778 22382 64579 33326 59980 44322 59580 55293
58180 66261 56581 77252 54981 88243 53581 99233 51782
11210 48383 22199 42584 33197 42185 44162 39985 55150
41785 66140 44584 77135 43184 88129 41185 99120 37586
11097 37986
21212 11961 05005 22940 10011 33828 10019 44746 09035
55718 06536 66682 07531 77658 06030 88613 09028 99566
09029 11465 09044 22408 08035 33394 06038 44376 06052
55336 08059 66314 08072 77304 09067 88274 10057 99253
09029 11245 07032 22225 09034 33217 12517 44207 20509
55198 23017 66192 21517 77186 20018 88180 21526 99172
21514 11161 27527 22153 26532 33133 30514 44129 26517
55121 27518 66113 29528 77112 30033 88110 27525 99106
31029 11097 31526=
