sing20150508.12
TTAA  58121 48698
99006 30456 22504 00063 29845 18009 92754 23221 17509
85489 19017 23502 70137 10629 28005 50587 04750 28003
40759 14562 04517 30972 27948 18003 25100 38137 15004
20249 50741 27513 15430 66143 29514 10664 84326 00506
88999
77999=
TTCC  58127 48698
70862 75945 06541
88888 87138 08516
77999=
TTDD  5812/ 48698
11957 85556 22928 86350 33888 87138 44874 86532 55850
86956 66825 86132 77813 85750 88789 82159 99782 80357
11765 80948 22753 79961 33730 75935 44726 75737 55692
76350 66682 76746 77654 70357 88636 68337 99600 68778
11561 67978
21212 11983 03505 22964 01004 33945 05503 44927 10511
55907 09013 66858 08021 77827 09033 88811 09029 99764
07039 11749 07041 22721 06044 33709 06043 44698 06540
55687 07036 66674 06538 77662 08541 88638 11022 99593
10524 11576 09022 22569 09024 33561 08526=
