sing20180418.12
TTAA 68121 48698
99007 29256 07006 00083 28250 04511 92770 22426 04016
85505 19456 04010 70152 10023 24502 50589 04157 06502
40761 14158 35502 30973 29558 09513 25101 39158 10018
20249 51959 06515 15429 67157 03507 10663 85143 10521
88999
77999=
TTCC 68121 48698
70863 76564 31515 50059 71568 35013 30370 57374 09563
20631 51376 09063 10101 36984 11514
88927 87541 10530 88071 36386 01013
77140 09572 41129=
TTDD 6812/ 48698
11927 87541 22850 85158 33829 78162 44815 76562 55748
78163 66667 72767 77616 75165 88462 71567 99403 66570
11382 67970 22348 60973 33253 53176 44170 48177 55133
34583 66112 38782 77087 36785 88084 32387 99078 31387
11071 36386 22057 34388 33056 30590 44053 29591 55051
22794 66049 24993 77048 24594 88046 16598 99044 17998
21212 11948 09526 22884 11539 33862 10541 44823 07511
55809 01505 66794 32510 77706 31516 88672 27018 99645
27022 11624 26521 22581 30515 33564 29017 44533 35512
55526 35512 66516 31512 77510 31512 88506 33510 99503
35011 11488 34517 22473 00513 33460 05016 44431 09530
55417 10539 66401 08548 77321 09566 88274 08556 99140
09572 11116 10036 22111 09039 33107 09525 44104 12520
55100 12015 66096 01502 77090 31510 88088 30513 99083
33526 11071 00513 22069 03514 33068 04510 44066 12003
55065 16010 66063 17021 77060 12516 88057 13020 99055
09516 11054 09022 22053 10024 33052 12018 44052 16510
55051 18511 66050 22517 77048 27023 88047 28521 99044
27039=
