sing20180408.12
TTAA 58121 48698
99006 29046 07007 00078 28045 04013 92766 22015 03519
85498 18230 02012 70140 10256 33010 50587 02967 27506
40760 14761 21503 30971 30164 07008 25099 39540 21511
20247 52933 21509 15425 68750 09008 10658 84556 08034
88999
77999=
TTCC 58127 48698
70858 73968 24517
88997 84556 08033
77999=
TTDD 5812/ 48698
11997 84556 22936 80559 33845 84356 44661 70571 55572
73368
21212 11932 10521 22880 09519 33847 10522 44816 10510
55798 07001 66772 04510 77757 06511 88730 17511 99704
24016 11685 25517 22642 25040 33572 23021=
