sing20180406.12
TTAA 56121 48698
99005 28836 06504 00069 28036 05006 92757 22832 07507
85492 18421 26003 70137 10242 29006 50586 04934 30004
40758 14763 08013 30970 29762 12008 25097 40159 12518
20245 52357 10509 15425 67356 22005 10658 83946 10528
88999
77999=
TTCC 56121 48698
70857 75767 02015 50056 68572 26022 30367 56980 09054
20625 52782 08066 10090 32594 08523
88916 86542 11025 88068 36393 18018
77135 10082 42629=
TTDD 5612/ 48698
11916 86542 22884 86750 33826 80558 44783 82559 55707
77965 66679 71572 77634 73369 88449 66574 99347 65175
11341 65375 22298 56580 33271 55780 44258 56380 55145
48984 66121 36792 77106 33594 88083 27996 99068 36393
11061 31794 22050 33194 33043 25996 44042 17799 55041
16599 66040 17599
21212 11971 10029 22922 10526 33868 14528 44815 16518
55781 14521 66762 13013 77723 07004 88708 02510 99673
35525 11647 35031 22619 34522 33569 30015 44548 31017
55473 24015 66469 23014 77439 19017 88415 12015 99412
11516 11398 09522 22366 09543 33349 10540 44316 08049
55270 10055 66236 09058 77184 07563 88161 08559 99141
09566 11135 10082 22101 09026 33088 01513 44087 01010
55085 30001 66083 22510 77081 21015 88077 22026 99067
17519 11065 22521 22061 25516 33060 28013 44059 30516
55057 32026 66055 33023 77049 33514 88049 35010 99048
05510 11046 09010 22045 34501 33043 26010 44040 25027=
