sing20180426.00
TTAA 76001 48698
99007 28829 07002 00087 28034 08503 92776 23234 30505
85510 18009 28008 70152 09405 23525 50588 05932 27006
40760 13763 03003 30972 30346 11006 25099 39761 07516
20247 52162 06517 15428 67930 06518 10660 78161 11009
88999
77999=
TTCC 76001 48698
70862 76764 28529 50061 70370 35007 30370 59778 10066
20631 50583 09074 10098 34793 30511
88890 79960 22024
77146 08578 40629=
TTDD 7600/ 48698
11890 79960 22607 74767 33536 68572 44535 68572 55422
70770 66338 61577 77218 50383 88199 50783 99100 34993
11088 38591 22068 34593 33062 35593 44048 22997 55047
23997
21212 11929 22513 22841 22519 33699 28529 44668 27024
55668 28528 66644 28524 77592 23522 88569 24021 99548
26014 11531 31015 22509 33010 33499 35507 44487 03011
55422 09540 66/// ///// 77343 09562 88275 11065 99233
09069 11146 08578 22116 07035 33109 08015 44105 10011
55105 10010 66103 21002 77100 30510 88091 29533 99084
31017 11082 28023 22079 28530 33071 26527 44068 23521
55066 24016 66065 26010 77062 25510 88061 29007 99060
35511 11057 00519 22055 30520 33054 29527 44050 30526
55047 28522 66047 29527=
