sing20180410.12
TTAA 60121 48698
99005 29857 08504 00071 29057 07007 92761 22209 09507
85494 19057 15504 70141 11058 12514 50587 04350 09521
40760 15566 07514 30971 30160 08013 25098 39928 10504
20247 52145 15018 15426 68349 15007 10658 82348 08539
88104 83748 07034
77999=
TTCC 60125 48698
70860 76565 29526 50058 68972 26508 30369 ///// /////
88999
77999=
TTDD 6012/ 48698
11942 83556 22894 77961 33793 81559 44725 75166 55651
77364 66626 76166 77598 69372 88547 68172 99453 69771
11429 65975 22409 66773 33344 62177
21212 11980 09041 22949 09537 33930 11524 44905 17516
55880 17512 66835 12513 77802 14516 88769 20012 99759
24009 11749 27511 22731 29021 33698 29526 44667 27021
55643 27018 66627 29510 77611 29002 88548 27015 99510
25510 11453 07002 22442 12510 33409 07028 44359 09051
55344 08550=
