sing20180411.00
TTAA 61001 48698
99007 26814 08002 00088 26017 03503 92774 22236 10514
85507 18638 11014 70149 09834 14012 50588 04759 11024
40760 15156 10509 30971 29959 09022 25098 40163 11020
20246 53138 15009 15425 67956 06012 10658 83356 07544
88102 83349 07543
77999=
TTCC 61001 48698
70860 76765 32013 50057 70970 22018 30367 59378 08058
20627 50783 09570 10090 40191 09042
88999
77131 08085 41920=
TTDD 6100/ 48698
11947 79758 22813 81360 33742 76166 44604 74767 55602
74767 66569 69772 77506 70970 88429 66574 99398 68572
11382 64376 22342 63576 33312 58979 44170 47186 55162
47785 66132 45787 77113 38792 88098 40591 99091 35993
11084 36792 22077 29395 33070 28196 44048 29195
21212 11953 07021 22928 08010 33918 15501 44892 25010
55855 27519 66811 29003 77756 33021 88714 33515 99683
27515 11661 28013 22644 30010 33605 23002 44585 21010
55575 24015 66557 23014 77542 24519 88520 23021 99493
22016 11476 23510 22456 00000 33449 14010 44439 14019
55414 08524 66403 07029 77383 10046 88347 07054 99322
08060 11239 10060 22146 08068 33131 08085 44119 08079
55101 09044 66094 07533 77092 05020 88085 07029 99082
06523 11079 10011 22078 12008 33075 17511 44071 18510
55070 21015 66064 22018 77061 21512 88058 17510 99055
17526 11052 22017 22051 23525 33048 24543=
