sing20180413.12
TTAA 63121 48698
99005 30256 08006 00066 29050 05512 92756 23010 06018
85491 18200 07011 70135 10236 09020 50587 03358 10019
40760 14159 12015 30972 28762 09515 25100 38963 12007
20249 51366 08007 15429 67158 08010 10662 85742 09519
88999
77999=
TTCC 63121 48698
70861 78962 03006 50058 67772 29006 30368 58778 09069
20625 52582 10081 10097 27196 22018
88962 87537 09525 88066 40190 32007
77136 09094 41555=
TTDD 6312/ 48698
11962 87537 22832 79560 33776 79361 44714 81560 55620
73369 66502 67573 77392 70170 88310 57979 99283 59178
11253 58978 22229 54581 33176 51383 44121 36192 55113
28995 66107 28196 77103 29395 88099 25996 99066 40190
11060 39192 22054 29195 33045 32594
21212 11902 10037 22859 13523 33836 12525 44778 17021
55745 17520 66718 15511 77707 09004 88694 01010 99684
01013 11655 04518 22629 07510 33599 20002 44578 30510
55529 24512 66514 28510 77457 06002 88447 04011 99429
06526 11392 10030 22371 07541 33316 08070 44307 09066
55263 07573 66244 09570 77154 09579 88136 09094 99116
09035 11113 10521 22110 14514 33109 15515 44100 21519
55097 26523 66093 28032 77089 28039 88084 27535 99077
31523 11070 28518 22068 30513 33063 28007 44062 25510
55059 31515 66057 32523 77054 01517 88052 32510 99050
27018 11047 25534 22045 26028=
