sing20180406.00
TTAA 56001 48698
99007 26821 04001 00082 26226 07002 92769 23456 14503
85503 18656 18506 70143 09219 20506 50587 05366 02506
40759 15375 01006 30969 30963 08013 25096 40368 10016
20244 52167 08013 15424 67348 26510 10658 82948 07018
88999
77999=
TTCC 56001 48698
70855 81760 16006 50053 70570 28515 30365 60378 09057
20625 51383 09562 10089 37992 10030
88864 88740 11020
77123 09077 40737=
TTDD 5600/ 48698
11864 88740 22808 79959 33709 83559 44624 68777 55616
67577 66484 70970 77355 61178 88312 60577 99302 60778
11246 51583 22221 52382 33102 37392 44093 37792 55081
30995 66076 33594 77068 29595 88053 32194 99046 25996
21212 11917 10019 22875 10020 33848 14520 44822 14514
55811 17010 66806 17510 77730 18020 88715 17514 99693
15004 11671 09510 22658 05510 33646 34010 44598 34034
55511 28019 66494 28514 77477 26017 88465 26010 99451
21506 11436 17010 22428 16511 33417 09009 44406 08016
55394 09530 66374 09043 77308 09058 88286 09553 99231
11058 11171 09057 22123 09077 33116 08554 44108 07543
55101 10031 66092 10523 77085 08515 88078 14501 99075
13010 11069 20528 22068 21030 33061 22018 44053 29018
55049 35511 66047 01015 77046 35014=
