sing20191105.00
TTAA 55001 48698
99009 27618 35503 00102 26828 01503 92789 22430 21503
85522 18231 23010 70159 09450 27509 50588 05961 08509
40760 15158 10517 30971 30745 09019 25097 41330 06016
20245 53949 07531 15422 70147 07043 10657 78958 16518
88107 80750 09022
77999=
TTCC 55001 48698
70861 77361 28015 50060 66778 25017 30374 61584 28516
20629 53387 07041 10084 42590 10056
88350 64581 23520
77077 09066 41647=
TTDD 5500/ 48698
11815 75961 22718 79159 33620 74567 44565 65782 55538
68176 66409 60984 77350 64581 88270 61984 99252 56986
11236 58985 22202 53387 33189 54387 44105 42391 55100
42590 66083 42191 77078 38792 88074 31194 99059 26396
21212 11968 18024 22945 17518 33919 23510 44908 26512
55882 29512 66820 28015 77758 29021 88718 27516 99649
28518 11617 30519 22611 31019 33592 35010 44579 31003
55566 25010 66540 25519 77505 25018 88485 28012 99472
26509 11455 24510 22431 26018 33377 26527 44363 26522
55346 23021 66325 23015 77309 24517 88292 31513 99288
33515 11273 36026 22245 14517 33240 16020 44234 14021
55223 07528 66216 05529 77185 08055 88169 10548 99146
09061 11138 08050 22126 09050 33089 10560 44077 09066
55071 08027 66065 06522 77059 07509=
