sing20191121.12
TTAA 71121 48698
99008 27237 03005 00091 26238 04008 92775 22036 03017
85508 18633 04006 70148 09213 14002 50587 05310 11009
40759 14916 06511 30971 29532 08014 25098 39735 09518
20246 53141 06526 15426 67350 14021 10659 83750 06019
88999
77999=
TTCC 71127 48698
70861 73965 26515
88954 85750 06528
77999=
TTDD 7112/ 48698
11954 85750 22852 82957 33831 77160 44801 75763 55612
71968
21212 11890 08537 22868 07534 33834 10019 44816 13510
55772 23501 66703 26514 77653 28020 88612 26027=
