sing20191126.00
TTAA 76001 48698
99008 26417 32504 00093 25826 29503 92777 22240 00515
85510 17414 30004 70148 09442 28002 50587 04947 11015
40759 15562 13512 30970 30559 05513 25097 40763 05031
20245 53366 04537 15425 66557 29007 10660 82356 35002
88999
77999=
TTCC 76001 48698
70860 77960 15013 50058 68175 32017 30372 58185 27021
20629 55386 09050 10076 46989 08064
88862 84950 09014 88188 58385 09547
77092 08090 42924=
TTDD 7600/ 48698
11862 84950 22820 85149 33768 78759 44741 79359 55652
76363 66579 69372 77517 67975 88454 71173 99381 59585
11355 57985 22275 60584 33219 52987 44188 58385 55167
57985 66154 52787 77135 52387 88131 52787 99116 47589
11105 48588 22094 43590 33086 44790 44077 34393 55071
36792 66062 34593 77057 25596
21212 11990 27001 22950 15510 33899 13010 44858 08516
55835 08521 66786 08011 77763 16502 88715 17010 99687
12510 11620 30510 22598 32018 33573 30511 44538 26010
55523 28019 66506 31517 77474 33517 88457 30510 99436
24005 11426 20510 22390 21021 33379 24022 44353 28025
55342 29018 66322 26522 77290 27520 88280 26513 99264
21509 11256 17514 22247 19023 33243 17017 44238 13513
55235 09511 66233 06514 77227 04524 88213 07544 99204
09048 11183 09055 22161 09538 33147 10552 44106 08563
55102 08058 66092 08090 77080 09076 88075 08046 99070
06031 11067 03017 22064 31523 33063 30527 44062 29523
55057 29517=
