sing20191106.12
TTAA 56121 48698
99005 30257 22006 00066 29657 20009 92757 23842 19514
85494 19235 18018 70137 10664 22015 50586 04329 22502
40758 15714 32508 30970 29761 01015 25097 40157 02511
20245 53128 06020 15423 68748 07544 10660 77159 29007
88999
77142 07563 43040=
TTCC 56121 48698
70863 76563 31003 50060 67376 30521 30373 61781 27514
20629 53986 11525 10089 34393 08542
88810 81156 30012
77163 06578 46552=
TTDD 5612/ 48698
11810 81156 22754 79559 33730 74763 44703 76563 55549
70971 66520 71172 77500 67376 88435 66377 99421 67576
11345 59583 22295 62381 33274 58783 44254 61382 55230
55186 66215 55785 77127 45789 88097 33794 99083 37792
11065 29595 22062 29995
21212 11939 23010 22902 23511 33856 28517 44807 30010
55706 25501 66656 27510 77644 25014 88614 28020 99539
28529 11470 31022 22416 28020 33395 25021 44355 25011
55341 28014 66293 26513 77282 19503 88269 16510 99253
18012 11245 06010 22235 00515 33222 03522 44207 10520
55189 12030 66179 15029 77174 14028 88171 12527 99167
08541 11163 06578 22162 09534 33145 09042 44136 12041
55122 09042 66103 09040 77095 07043 88081 08544 99077
08555 11072 09030 22070 10517 33068 16511 44062 17024=
