sing20191116.00
TTAA 66001 48698
99008 26828 34005 00098 26032 35503 92782 22238 03004
85515 18438 16007 70155 09233 11511 50587 04340 25006
40760 14556 11504 30971 30556 08510 25098 40958 05019
20246 53159 08029 15425 67345 26009 10659 83741 06514
88999
77999=
TTCC 66001 48698
70859 76561 35009 50059 69771 07508 30373 60578 28016
20628 56180 08523 10079 45386 09067
88936 86340 08009
77081 08572 410//=
TTDD 6600/ 48698
11936 86340 22889 86538 33761 76560 44728 77160 55565
67771 66506 70370 77481 64375 88453 62376 99437 64174
11388 61177 22329 63575 33282 58378 44252 60577 55212
55580 66202 56779 77191 51982 88177 53980 99131 51782
11110 47184 22103 47984 33089 40788 44079 41387 55073
35791
21212 11959 06006 22933 08510 33914 10513 44896 10016
55867 06523 66839 09031 77802 12014 88785 10510 99767
34001 11656 25510 22618 26010 33593 28517 44579 30514
55549 29513 66528 31511 77500 08008 88496 10010 99475
11521 11456 14010 22441 11005 33429 11510 44419 14513
55410 14014 66399 19014 77383 23513 88370 22516 99361
23018 11323 26015 22310 26015 33273 31510 44264 31504
55257 27510 66250 27511 77241 33011 88215 07518 99200
08524 11186 08547 22158 08051 33145 10057 44139 09059
55133 08052 66110 10063 77087 07068 88081 08572 99073
09041=
