sing20191130.00
TTAA 80001 48698
99008 26003 35005 00090 25416 35004 92777 22831 03510
85511 18417 35502 70154 09404 08010 50588 04538 09011
40761 13961 10519 30973 29358 09525 25101 40356 11024
20249 52167 08522 15429 66350 12508 10663 85950 12012
88999
77999=
TTCC 80001 48698
70865 76362 27020 50059 73968 24506 30370 63584 29522
20623 54187 10057 10080 45989 08556
88923 87350 09037
77138 10559 41111=
TTDD 8000/ 48698
11923 87350 22871 76761 33848 75362 44620 77562 55486
74169 66434 68378 77413 62384 88327 61184 99293 63584
11252 62384 22221 58985 33206 53587 44190 54986 55143
45390 66124 45390 77115 46589 88101 46189 99077 37192
11056 41991
21212 11973 09016 22907 09544 33882 09027 44864 06514
55853 02511 66847 01011 77814 35513 88789 29515 99754
27530 11691 27018 22662 28032 33586 28519 44561 28013
55535 25014 66524 26510 77515 31005 88464 14510 99445
15016 11432 14015 22423 14010 33350 00000 44337 32010
55325 30018 66307 30523 77291 27017 88277 26017 99263
30012 11259 32510 22257 34511 33247 05021 44233 11028
55225 11023 66218 08527 77197 09558 88174 09542 99156
10046 11148 11548 22138 10559 33124 09543 44105 08547
55085 08558 66078 08519 77075 07015 88073 02512 99072
36013 11068 29029 22066 28042 33062 26040 44057 26544
55056 26040=
