sing20191122.12
TTAA 72121 48698
99008 26831 35506 00092 26033 01505 92778 22842 04512
85512 18857 12009 70154 09637 02501 50588 05701 08510
40760 14756 08013 30971 29534 07516 25099 39939 05521
20247 52349 04518 15426 68350 10002 10659 83948 10017
88999
77999=
TTCC 72125 48698
70863 73166 28530 50060 71771 04502
88947 85747 07526
77999=
TTDD 7212/ 48698
11947 85747 22893 83557 33861 75961 44840 74963 55683
72566 66548 74367 77465 70175 88448 65979
21212 11960 07524 22905 09032 33890 10027 44868 15520
55804 24010 66791 28505 77779 32010 88726 29537 99622
27020 11556 29510 22499 04502 33471 13010 44465 09514
55448 07027=
