sing20191120.12
TTAA 70121 48698
99007 25204 34005 00086 25219 32502 92770 21828 03520
85501 17825 04014 70144 09637 06505 50587 05708 10007
40759 14919 08506 30970 29921 08004 25098 40533 07505
20246 52350 07527 15425 67550 14512 10659 84547 18017
88999
77999=
TTCC 70127 48698
70861 73165 17504 50061 ///// /////
88978 85348 16012
77999=
TTDD 7012/ 48698
11978 85348 22948 85550 33892 78958 44829 81358 55638
68972 66588 70570
21212 11959 16011 22934 13014 33913 08519 44844 06533
55800 06512 66789 03008 77770 34010 88745 32015 99732
33010 11704 12002 22689 20510 33672 22518 44656 22514
55639 26513 66588 30025=
