D20160101.00
100.0 280  9
 70.0 330  9
 50.0 200  4
 30.0 290 18
 20.0 305 32
 10.0  75 41
 94.3  25 14
 89.1  25 13
 87.6  20 10
 82.5 295 11
 75.8   0  0
 70.8 340 10
 67.1 250 10
 63.2 235 23
 60.5 240 16
 59.4 245 11
 58.2 280 12
 56.3 305 12
 53.6 305 10
 50.5 265  2
 43.7 260  3
 41.6 265 10
 39.8 240 22
 38.4 250 16
 37.2 285 11
 36.4 315 13
 35.4 325 15
 32.9 305 23
 32.0 295 18
 29.9 290 18
 28.9 310 19
 26.7 280 18
 25.9 250 13
 23.4 235 26
 22.6 240 24
 21.5 285 18
 21.3 295 21
 19.7 305 35
 18.9 315 33
 17.7 290 17
 17.4 280 10
 17.2 245  6
 17.0 205 10
 15.5 210 37
 14.2 175 43
 13.4 145 32
 13.2 125 22
 13.0 105 19
 12.9  80 23
 12.0  55 24
 11.1  70 41
 10.6  65 39
  9.9  80 41
  9.5  70 44
  8.2  80 47
  7.7 100 42
  7.4  95 59
  6.7  85 47
  6.5  90 46
  6.0 100 47
  5.6 105 73
  4.8 105 70
D20160101.12
100.0 280  8
 70.0  60  8
 95.2 335 12
 87.5 280 13
 82.0 190 10
 77.4 220 10
 69.9  60  8
D20160102.00
100.0 240  3
 70.0 155  5
 50.0 245 22
 30.0 295 21
 20.0 295 28
 10.0  95 49
 92.5  35 10
 91.1  25 10
 81.0 160 10
 79.8 150 14
 77.4 170 18
 72.5 105 19
 71.0 105 11
 69.9 165  5
 68.7 235 10
 66.8 250 23
 57.9 285 25
 54.6 245 18
 50.8 250 22
 44.5 220 15
 43.5 230 14
 42.6 255 10
 41.9 310  7
 39.9 280 10
 39.2 270 13
 35.7 310 21
 33.0 315 29
 31.0 310 23
 29.4 280 19
 29.2 270 19
 28.8 250 21
 24.7 250 21
 23.9 275 23
 20.7 300 32
 18.9 295 25
 18.1 235 17
 16.8 200 14
 16.6 190 10
 16.4 170  8
 16.1 130 12
 14.0  75 37
 13.7  75 34
 12.9  20 29
 12.4  35 28
 11.7  50 34
 11.3  75 37
 10.9  70 33
  9.6  95 47
  9.0 125 60
  8.1 115 74
  6.9  95 46
  6.3  95 78
  5.7  90 61
  5.4  95 78
  4.8  75 60
  4.5  80 66
  4.3  90 90
  4.1  80 66
D20160102.12
100.0 245  9
 70.0 260  9
 50.0 245 15
 30.0 265 20
 20.0 265 26
 10.0 110 54
 86.2  90 12
 83.6  90 10
 77.6   0  0
 72.2 220  1
 69.5 255 10
 66.3 235 24
 62.8 240 36
 59.1 265 28
 52.1 260 21
 47.1 235 13
 46.3 230 10
 44.8 260  6
 43.9 320 10
 42.8 340 11
 41.1 315 13
 37.6 295 14
 34.5 300 14
 27.9 240 30
 25.3 220 17
 24.9 240 14
 24.4 270 18
 21.1 295 25
 19.6 260 26
 17.2 305 30
 16.1 300 12
 15.3 335  6
 15.0  10 10
 14.2  45 16
 13.7   5 25
 13.4  10 28
 12.8  70 25
 12.2 100 30
  9.4 120 54
  8.1 110 77
  6.6  85 51
  6.1  90 72
  5.9  85 59
  5.3  85 69
D20160103.00
100.0 350 13
 70.0 230 22
 50.0 295 23
 30.0 225 23
 20.0 250 22
 10.0 100 46
 92.5  60 13
 91.1  60 10
 89.3 350  3
 87.3 250 10
 85.7 225 13
 81.7 220 20
 76.1 225  3
 73.4 225 10
 69.8 230 22
 61.4 270 29
 58.3 270 18
 55.9 295 31
 47.6 300 16
 46.0 285 10
 42.6 310 11
 41.7 315 10
 39.2 260  1
 37.3 205 10
 35.5 230 20
 27.8 225 30
 26.1 215 16
 25.9 225 11
 25.7 260  7
 25.4 295 10
 23.2 310 27
 21.7 290 22
 20.9 255 24
 17.9 255 18
 16.3 185 18
 15.9 150 15
 14.9  75 17
 14.2  75 19
 13.8  35 20
 12.5  85 28
 11.1 105 33
 10.6  90 32
  9.4 105 55
  7.9  75 74
  7.1  65 55
  6.7  70 57
  6.4  85 75
  6.0  85 55
  5.1 105 51
  5.0 105 53
D20160103.12
100.0 260 13
 70.0 255 20
 50.0 260 24
 30.0 260 15
 20.0 235 26
 10.0  90 51
 87.4 215 10
 82.8 215 15
 78.4 155 10
 73.1 180  1
 71.9 255 10
 67.8 255 19
 64.5 290 26
 62.0 290 39
 56.9 285 29
 54.7 285 41
 47.1 255 16
 45.8 225 20
 43.0 210 10
 41.6 255  3
 34.3 285 10
 32.3 295 13
 28.6 245 19
 27.3 225 11
 26.7 250  6
 26.4 280 10
 24.9 285 25
 23.4 280 27
 22.3 245 25
 20.6 240 34
 19.7 225 22
 19.0 240 19
 18.5 225 16
 17.5 255 25
 16.9 245 24
 16.4 235 10
 16.1 160  1
 15.7   5 10
 15.4 330 19
 14.4 350 26
 14.0   5 24
 13.7  30 15
 13.5  65 12
 13.4 100 14
 13.0 135 20
 11.2 115 36
 10.8 110 28
  9.6  85 64
  8.5  80 73
  8.1  75 67
  6.7  85 61
  6.3  95 81
  5.9  85 65
  5.4  90 64
  5.1  90 67
D20160104.00
100.0 275 17
 70.0 260 25
 50.0 265 21
 30.0 265 14
 20.0 275 19
 10.0  70 57
 98.0 275 15
 83.8 225  2
 81.8 175 10
 80.1 175 10
 74.1 290 10
 70.7 265 22
 62.9 285 38
 58.1 300 29
 55.9 275 28
 50.3 265 22
 48.5 230 17
 44.0 205 10
 42.1  50  2
 32.6 265 10
 31.6 250 13
 30.6 270 14
 29.4 265 16
 28.4 275 10
 28.0 300  7
 27.6 315 10
 25.9 305 29
 24.7 295 23
 24.1 285 20
 21.9 250 31
 18.6 290 12
 17.1 280 26
 16.3 275 10
 16.0 305  4
 15.7 345 10
 14.8 330 34
 14.0  15 16
 13.4  80 14
 13.2 100 15
 12.7 130 17
 10.7  80 45
  9.6  60 57
  7.6 100 79
  6.8 100 71
  6.4 100 90
  5.8  85 61
  5.2  95 51
D20160104.12
100.0 265 15
 70.0 255  5
 50.0 255 25
 30.0 280 17
 20.0 280 30
 10.0  70 43
 93.6 250 10
 87.9 305 15
 77.6 230  3
 69.0 290  6
 67.6 290 10
 65.6 270 19
 62.2 285 33
 57.7 290 27
 55.7 280 19
 54.0 265 25
 51.0 265 31
 47.0 210 10
 45.2   0  0
 42.4  20 10
 41.7   5 14
 41.1  15 16
 40.2  35 14
 39.1  35 10
 38.4 330  2
 36.8 240 10
 35.9 225 10
 33.5 235 10
 32.0 270 10
 31.2 265 12
 27.9 300 11
 26.2 290 17
 24.7 255 27
 23.0 260 39
 21.4 255 30
 20.6 265 24
 19.0 295 34
 17.1 285 29
 16.0 300 15
 15.8 310 13
 15.0 330 29
 14.3  20 19
 13.5 115  7
 13.3 150 10
 12.3 175 19
 11.2  85 28
 10.9  70 27
 10.6  60 35
  8.6  90 75
  7.4  95 78
  6.3 100 87
  5.6  80 70
D20160105.00
100.0 260 15
 70.0  10 10
 50.0 235 17
 30.0 295 22
 20.0 295 31
 10.0  90 57
 82.4   0  0
 71.6 105  3
 70.0  10 10
 67.3 325 19
 63.9 305 23
 61.2 310 28
 59.0 310 20
 58.0 295 13
 57.4 270 12
 56.7 245 14
 53.9 250 28
 48.7 240 10
 46.9 265  3
 41.8 115 10
 39.0 150 17
 37.4 160 14
 34.9 255  2
 32.5 305 10
 31.7 285 15
 28.9 305 28
 24.5 275 33
 21.2 290 38
 19.3 305 28
 17.0 290 16
 15.3 315 19
 14.6 300 11
 14.5 295 10
 13.8 200  5
 13.6 145 11
 13.3 150 22
 12.8 115 32
 12.3  80 31
 10.3  85 44
  9.3  95 64
  7.7 100 74
  6.1 100 71
D20160105.12
100.0 220 13
 70.0 360 25
 50.0 160  9
 30.0 280 33
 20.0 290 27
 10.0 105 54
 98.4 230 13
 93.6 305 11
 90.7 330 12
 80.6 200  2
 73.4  40 10
 69.3 360 26
 66.0  25 21
 61.7 340 11
 59.8  75  2
 58.7 185 10
 56.7 225 20
 55.9 230 22
 52.8 220 16
 51.9 205 15
 50.1 160 10
 49.2 115  5
 48.0  65 10
 40.7  50 10
 38.9   5  4
 38.1 305 10
 35.5 310 17
 33.2 275 20
 31.8 290 26
 30.6 275 32
 29.2 290 36
 24.1 290 41
 17.7 290 17
 16.7 305 22
 15.8 290 16
 15.1 255 10
 14.9 225  6
 14.6 185 12
 13.8 160 35
 13.4 150 29
 12.4  85 34
 12.1  70 37
 11.5  80 44
 10.2 105 50
  6.5  80 84
  5.3  70 68
  4.8  75 64
D20160106.00
100.0 125  4
 70.0  15 24
 50.0 225 10
 30.0 295 29
 20.0 305 28
 10.0  90 64
 94.6 110 10
 92.6  85 14
 89.6  95 10
 83.2  30  9
 81.7   5 12
 76.4   5 34
 69.0  15 23
 66.2  35 10
 63.9 100  3
 62.7 175 10
 61.1 200 24
 59.3 200 34
 51.5 210 15
 50.0 225 10
 47.2 300  2
 45.7  20 10
 41.8  25 16
 38.1 315 10
 36.1 295 14
 34.6 310 24
 33.3 290 21
 31.2 300 29
 28.7 280 36
 27.9 270 33
 22.3 280 30
 21.0 305 37
 18.8 295 21
 18.0 280 13
 17.4 240  8
 16.8 210 10
 15.6 175 16
 14.8 175 22
 14.1 130 33
 11.9  65 44
  9.8  95 68
  7.4  85 86
  6.8  85 85
D20160106.12
100.0  85  4
 70.0  85 13
 50.0 350 12
 30.0 275 28
 20.0 280 19
 10.0 100 53
 90.4 130 10
 84.7  75  3
 78.0  10 10
 73.2  35 12
 67.9 115 15
 63.6 160 12
 61.9 150 13
 59.9 195 15
 57.8 190 10
 55.4 300 10
 53.5 320 12
 51.9 315 14
 48.4  30 18
 44.3  60 17
 43.0 105 10
 39.8 360  3
 37.0 285 10
 35.6 285 15
 34.1 310 20
 32.0 270 20
 27.1 265 38
 23.7 270 27
 21.2 295 34
 19.8 275 17
 19.3 295 16
 18.7 235 14
 18.2 230 11
 15.6 175 23
 15.0 190 26
 14.3 135 20
 14.1 105 18
 14.0  75 22
 13.8  60 31
 12.8  55 45
 11.1 100 48
  9.7  95 52
  7.6  75 78
D20160107.00
100.0 115  9
 70.0 110 16
 50.0  20 16
 30.0 275 25
 20.0 215 20
 10.0  90 49
 92.8 110 13
 89.3  50 14
 87.1  40 19
 80.3  40 33
 75.0  55 23
 70.6  95 22
 69.2 145 13
 68.8 160 13
 66.8 185 18
 62.8 170 23
 60.1 165 12
 59.9 160 10
 59.1  75  1
 57.9 325 10
 55.9 315 21
 53.8 315 16
 50.3  20 16
 47.9  15 18
 44.3 330  1
 35.9 285 14
 34.4 305 17
 32.7 280 19
 30.5 280 27
 29.0 265 27
 26.1 250 24
 24.6 285 19
 22.4 290 21
 21.4 280 10
 21.2 270  9
 20.4 220 14
 18.9 230 17
 18.2 210 17
 17.2 150 17
 15.4  95 20
 15.0 100 19
 14.4  90 26
 13.5  45 29
 13.0  50 33
 12.4  90 40
 11.8 110 36
 11.3 105 40
 10.7  95 58
 10.1  95 48
  9.1  75 58
  8.0  75 74
  7.2  90 69
  5.8  85 53
D20160107.12
100.0 110  4
 70.0 170 19
 50.0 340 18
 30.0 270 32
 20.0 230 21
 10.0  90 53
 96.5 145 11
 93.6 130 22
 89.4  85 18
 82.3  65 33
 74.8  90 37
 73.1 105 28
 71.6 140 18
 70.5 165 18
 68.1 170 20
 66.5 160 23
 64.9 140 18
 63.6 120 10
 62.5  30  1
 61.0 310 10
 56.1 295 24
 52.9 320 25
 45.2  25 12
 40.0  10  1
 35.4 295 10
 34.6 270 14
 33.2 285 23
 28.4 255 33
 26.3 260 34
 24.6 285 31
 22.3 280 29
 19.0 210 26
 18.2 220 23
 16.7 145 12
 16.5 145 10
 16.0  80  6
 15.8  30 10
 14.8   5 33
 13.2  75 43
 13.0  85 45
 12.4 100 40
 11.9 100 36
 10.4 100 50
  9.4  80 59
  8.1  85 72
  6.8  95 67
  4.7  80 69
D20160108.00
100.0 170 17
 70.0 140 19
 50.0 330 12
 30.0 270 27
 20.0 220 27
 10.0  95 48
 84.1  90 24
 79.8  85 34
 76.6 100 31
 74.5 135 20
 72.1 150 21
 67.6 135 17
 66.2 120 13
 65.4  90 12
 64.6  45 10
 64.1  10 12
 62.4 330 19
 59.4 305 26
 55.1 300 30
 51.1 300 17
 49.6 340 10
 48.8  20  6
 47.7  65 10
 46.9  90 10
 40.9 350 15
 36.9 320 15
 35.2 265 11
 34.9 255 12
 32.5 280 21
 27.3 255 32
 26.3 270 37
 24.2 275 37
 20.3 225 33
 19.6 195 15
 19.0 135  8
 18.7 110 10
 18.2  95 11
 17.4  40 11
 16.5   5 20
 16.0 360 30
 15.3  25 34
 14.6  75 34
 12.9 110 52
 11.6 100 37
  8.3  85 66
  7.3  95 63
  5.9  80 57
D20160108.12
100.0 230  8
 70.0 120 17
 96.8 195 17
 90.6 135 27
 81.6 105 28
 78.0 110 31
 76.9 120 32
 74.4 145 30
 68.4 115 18
 67.2  95 14
 65.4  25 11
D20160109.00
100.0 335 18
 70.0  50 15
 50.0 105  7
 30.0 255 33
 20.0 140  3
 10.0  90 50
 97.2 315 10
 94.5 245  3
 92.5 170 10
 87.5 145 24
 85.6 135 23
 75.6 140 29
 73.9 140 24
 72.2  95 14
 71.5  80 14
 69.5  45 16
 67.3  40 15
 65.6 330 12
 62.4 285 16
 60.3 280 23
 58.3 265 20
 56.2 270 10
 52.1 355  1
 49.5 115 10
 46.4 140 10
 41.3 335 10
 35.5 270 19
 29.3 250 35
 22.9 235 32
 20.5 170 12
 20.3 165 10
 19.7  75  2
 19.1 340 10
 17.9 345 29
 17.1 360 22
 16.6  50 15
 16.3  80 18
 15.5 120 26
 14.6 135 23
 13.9 120 26
 12.8 130 35
 11.8  70 33
  9.8  95 48
  8.0 100 60
  7.4  90 62
  6.9  80 58
  5.9  95 57
  5.2  80 54
  5.0  90 64
  4.8  90 58
D20160109.12
100.0 330 18
 70.0  25 21
 50.0  20  6
 30.0 260 29
 20.0 325  4
 10.0  95 47
 97.5 320 13
 93.7 255  5
 89.5 205 10
 84.9 140 18
 83.1 130 18
 76.0 140 34
 74.0 125 22
 72.5  85 14
 71.6  50 15
 70.0  20 21
 68.9  15 23
 66.2  25 13
 65.3 355  9
 62.9 300 10
 57.8 235 10
 55.9 225 12
 48.9  65  3
 41.0 310 10
 40.1 285 14
 36.9 250 22
 33.8 280 29
 27.8 250 37
 25.0 265 21
 23.0 255 12
 22.9 250 10
 21.6   0  0
 19.5 320 11
 19.0 350 10
 18.5 355 18
 17.5  55 20
 16.2 150 17
 15.8 160 17
 15.3 190 13
 14.9 180 10
 14.7 165  9
 14.5 140 11
 13.7 135 25
 12.5  95 31
 11.8  65 31
 11.2  80 29
 10.7  85 46
 10.3  95 45
  8.5 105 50
  8.0  90 48
  7.3  85 61
  6.8  70 53
  5.9  90 56
D20160110.00
100.0 315 21
 70.0  15 15
 50.0 235  5
 30.0 270 28
 20.0 335 28
 10.0  90 43
 95.2 330 10
 91.2 260  5
 88.6 185 10
 85.6 140 18
 81.7 125 22
 77.8 120 15
 76.1  90 14
 74.5  30 16
 69.0  10 13
 66.6 305 10
 64.4 295 10
 61.9 225 13
 60.3 220 13
 53.1 310 12
 49.1 215 10
 47.7 215 10
 45.7 300  3
 40.2 350 10
 36.5 300 25
 32.4 290 39
 30.9 285 29
 28.3 240 26
 26.5 245 21
 25.6 220 19
 24.1 235 17
 22.5 290 15
 21.6 335 16
 20.7 320 27
 19.0 345 35
 18.6 360 27
 18.2  40 20
 17.7 100 20
 16.7 165 25
 15.3 170 31
 14.0 150 15
 13.5 140 20
 12.7  90 16
 12.0  65 28
 11.0  85 34
 10.5  85 52
 10.1  90 43
  8.8 110 54
  7.9  90 58
  7.1  95 50
  6.7 110 58
  6.1 105 67
  5.7  95 66
D20160110.12
D20160111.00
100.0 330 11
 70.0  65  8
 50.0 290  3
 30.0 245 19
 20.0 300 16
 10.0 100 36
 94.0 310 10
 91.0   0  0
 88.0 110 10
 80.2  25 17
 76.1  10 28
 73.4  15 22
 71.6  40 18
 70.3  65 10
 68.5 145  1
 66.8 230 10
 64.1 235 16
 62.2 220 10
 60.8 235 10
 41.1   0  0
 38.2 240 12
 36.4 255 10
 32.6 230 22
 27.2 275 14
 24.8 255 19
 23.5 275 16
 22.9 285 20
 21.7 295 32
 20.0 300 17
 19.7 285 10
 19.4 240  6
 19.0 215 10
 18.4 195 23
 17.4 205 31
 16.6 185 20
 16.3 155 14
 16.2 135 16
 14.8  55 28
 13.9  20 28
 12.5  40 33
 12.0  45 30
 11.5  80 32
 10.0 100 36
  9.3 105 39
  8.8  85 45
  7.5 100 49
  6.6 100 71
  6.1 100 62
D20160111.12
100.0   5  5
 70.0 130 14
 87.5 100 14
 71.7 150 10
 69.6 130 16
 68.4 130 10
 59.6 315 10
 58.4 325 16
 53.0 240  8
D20160112.00
D20160112.12
100.0 310 25
 70.0 145 12
 50.0 300 19
 30.0 210 22
 20.0 230 31
 10.0 100 46
 95.7 295 10
 92.5 235  5
 88.6 135 10
 85.8 140 13
 80.9  80 14
 78.8  75 16
 72.2 110 22
 69.5 150 11
 69.1 150 10
 66.6  75  1
 64.5 300 10
 61.6 260 14
 60.1 255 22
 54.1 305 21
 50.8 295 16
 45.5 315 26
 42.9 355 16
 40.0 350 16
 39.5 355 10
 36.3 110  1
 34.6 225 10
 32.4 215 29
 30.6 210 26
 29.6 215 17
 29.2 235 12
 28.8 270 11
 28.4 300 13
 27.9 320 21
 26.8 330 33
 24.3 320 32
 22.8 300 20
 22.2 265 10
 22.0 250 13
 20.3 230 32
 18.4 225 22
 17.8 195 17
 17.3 220 10
 16.9 175  2
 16.3  75 10
 15.9  65 19
 15.2  15 26
 14.9  10 28
 14.5  30 32
 13.1 125 35
 12.1 145 40
 11.3 130 35
 10.6  95 46
  7.5  95 72
  6.9  95 70
  6.3  90 37
  6.0 100 47
  5.3  90 30
  4.8  85 54
D20160113.00
100.0 320 32
 70.0 145 20
 50.0 275 20
 30.0 315 14
 20.0 260 20
 10.0  85 43
 95.4 340 21
 90.3  45 13
 88.5  80 16
 86.8  80 19
 84.6  60 24
 78.7  65 30
 74.9  85 22
 72.6 135 18
 68.3 140 10
 66.9 190  4
 65.3 270 10
 61.1 250 17
 57.6 280 34
 50.6 275 22
 48.8 295 13
 47.3 260 12
 45.1 285 13
 43.6 340 13
 40.6   5 10
 38.8  80  4
 36.5 150 10
 36.1 155 10
 35.2 205 11
 32.5 180 14
 31.6 190 13
 31.4 200 10
 30.3 300 10
 27.8 330 20
 26.6 340 10
 25.6 300  2
 24.0 205 10
 22.1 220 18
 20.3 260 18
 18.3 270 23
 16.6   5 22
 16.0  15 30
 15.7  30 27
 14.5 110 26
 13.8 135 24
 13.5 135 25
 13.0  90 22
 12.3  80 37
 11.9  70 38
 11.1  85 42
 10.5  65 43
  9.8  95 47
  9.1  95 54
  8.5 105 48
  7.9  95 66
  7.1  90 65
  6.1 105 36
  5.8 120 38
  4.9 115 46
  4.4 100 90
  4.4 100 89
D20160113.12
100.0 250 12
 70.0 285 11
 50.0 225 19
 30.0 290  3
 20.0 260 20
 10.0  80 41
 97.7 245 10
 94.4 280 11
 91.9 290 10
 88.2   0  0
 85.4 135 10
 80.3  90 31
 77.7 105 28
 75.6 145 26
 73.2 145 23
 71.7 140 10
 70.9 210  2
 70.1 285 10
 66.5 300 32
 64.3 310 30
 54.2 260 16
 52.3 235 22
 47.2 215 10
 46.0 240 10
 40.7 310  1
 37.9 210 10
 36.2 220 20
 35.0 235 20
 34.1 230 15
 33.3 205 10
 30.3  25  1
 25.9 305  3
 24.2 240 10
 23.5 225 17
 21.6 230 26
 20.7 230 21
 19.0 290 21
 17.6 295 22
 16.4 340 27
 15.8   5 19
 15.5  30 14
 15.3  80 11
 15.1 120 14
 14.8 140 18
 14.0 110 33
 13.5  90 29
 11.5  75 46
 11.1  85 50
 10.6  95 48
  9.9  80 41
  8.7  95 67
  8.3  75 59
  7.8  85 72
  6.5  80 68
  5.2  75 39
  4.8  70 43
  4.2  80 79
  4.1  85 77
D20160114.00
100.0 210  4
 70.0 290 19
 50.0 270 15
 30.0 350 19
 20.0 320 22
 10.0 105 46
 94.8  10 10
 92.0   5 14
 86.7  60 16
 85.4  80 21
 81.8  85 35
 75.7 115 23
 74.1 110 10
 73.2  35  1
 71.9 290 10
 68.3 295 20
 64.4 280 32
 51.4 255 19
 47.7 295 10
 45.3 350 14
 43.5 350 10
 41.7 100  1
 38.8 180 10
 36.9 210 17
 35.3 170 12
 34.8 170 10
 33.2 125  2
 31.9  10 10
 31.2  30 15
 30.2 355 19
 28.0 345 10
 27.1  80  2
 25.4 230 10
 23.7 220 23
 23.0 215 19
 22.0 265 14
 20.5 315 20
 18.3 315 15
 17.2  20 10
 16.3  20 10
 16.0  75  4
 15.8 145 10
 15.5 160 23
 14.9 155 35
 13.8 110 27
 12.8  40 18
 11.9  45 15
 11.5  40 21
 11.1  75 23
 10.7  80 19
 10.5 100 33
  9.9 105 47
  9.5 100 39
  8.3  85 52
  7.6  95 59
  7.2  85 51
  6.6 100 54
  5.7  80 40
  5.3  85 52
D20160114.12
100.0 150  4
 88.7  65  9
 88.3  75 11
 87.2 100 16
 83.5 125 36
 80.2 120 23
D20160115.00
100.0  40 24
 96.4  45 28
 92.9  65 23
 90.0  90 36
 86.0 100 44
 79.2  85 13
 77.4 350  2
 74.8 300 10
 70.5 345 12
D20160115.12
100.0  45 26
 70.0 240 22
 90.7  75 25
 88.0  95 33
 85.2 120 16
 83.1 170 12
 82.1 205 13
 76.1 240 33
 72.4 250 25
 66.7 225 15
 65.3 225 18
 63.3 250 24
 57.3 290 30
D20160116.00
100.0  65 19
 70.0 265 25
 50.0 285 14
 30.0 230 16
 20.0 245 28
 10.0  80 29
 96.7  75 13
 87.9 110 24
 86.1 135 17
 83.9 200 16
 81.6 225 18
 78.9 225 23
 70.8 270 26
 68.0 260 28
 59.6 295 36
 51.3 265 24
 49.1 305 12
 47.3 335  2
 38.3  65 10
 35.3   5 23
 33.3  25 12
 33.0  40 10
 31.7 130  3
 30.9 235 10
 29.7 230 17
 28.9 260 19
 27.9 255 27
 25.8 285 24
 24.1 290 21
 23.2 260 24
 21.9 245 33
 18.7 245 34
 17.6 250 29
 16.0 280 30
 14.7 255 16
 14.5 250 10
 14.2   0  0
 13.9  20 10
 13.3 350 20
 12.9  15 13
 12.7  70  9
 12.6 110 11
 12.3 145 17
 11.7 150 18
 10.2  90 32
  8.7  85 51
  8.3  80 42
  7.3  95 72
  6.9  90 47
  6.7  95 62
  6.4  95 48
  6.0  95 86
  5.4  75 46
  5.0 105 71
  4.9 120 68
  4.7 120 62
D20160116.12
100.0 205 24
 70.0 285 25
 50.0 310  8
 30.0 235 17
 20.0 260 32
 10.0  80 35
 92.8 210 13
 90.7 205 10
 89.3 195  8
 87.8 170 10
 85.3 185 16
 82.1 165 22
 80.5 180 16
 78.5 255 14
 77.0 280 20
 73.0 285 30
 65.8 290 23
 63.2 270 24
 59.9 290 28
 52.5 260 18
 50.7 275 12
 47.7  35 10
 44.9  40 10
 41.2  40  2
 37.8   5 10
 35.9   5 14
 35.1  35 13
 34.2  40 12
 33.8  55 10
 31.6 225 10
 30.0 235 17
 29.1 260 16
 28.1 250 21
 26.4 285 29
 23.3 285 26
 20.2 260 34
 17.8 270 35
 16.3 300 29
 15.8 295 19
 15.1 265 13
 15.0 265 10
 14.7 310  4
 14.3 360 10
 14.0 360 17
 13.8  15 15
 13.0 145 16
 12.7 165 22
 11.9 145 19
 11.2  90 25
  9.9  80 35
  9.4  90 46
  7.5 100 70
  6.9  90 76
  6.1  75 66
  5.8  85 86
  5.5  80 77
D20160117.00
100.0 200 23
 70.0 315 19
 50.0 285  6
 30.0 260 30
 20.0 275 28
 10.0  80 44
 93.7 205 15
 88.3 260 10
 78.3 235  2
 75.3 300 22
 68.0 330 26
 66.5 325 21
 65.1 285 11
 64.7 275 12
 62.0 285 23
 60.1 300 19
 56.5 260 19
 52.5 280 20
 51.1 310 12
 45.4 180 10
 44.5 190 10
 41.1 255  2
 37.5  10 10
 36.5  15 16
 35.7  25 12
 35.5  30 10
 34.6 105  4
 33.8 185 10
 31.7 235 26
 31.1 245 29
 29.5 270 29
 26.8 275 34
 23.5 245 32
 16.9 300 32
 15.4 320 17
 15.2 325 10
 14.7  15  2
 14.3  75 10
 14.0  60 17
 13.5  80 31
 12.5 125 27
 10.8  75 44
 10.5  80 51
 10.1  85 44
  9.1  70 69
  7.6 100 68
  7.2  95 76
  5.0 100 78
D20160117.12
100.0 200 25
 70.0 360 16
 50.0 250 21
 91.4 195 16
 87.0 180 10
 83.5 145 10
 82.3  80  3
 81.1 360 10
 79.3 340 22
 76.3 345 27
 72.2 340 20
 70.2 360 15
 68.1 355 12
 67.3 315  5
 66.4 280 10
 62.1 325 14
 61.0 320 11
 57.9 260 16
 54.5 260 25
 51.8 240 26
 47.8 250 10
 47.3 240  9
 39.9 325 10
 39.2 355 10
 37.1 355 13
 36.5  15 10
 35.7   0  0
 34.8 190 10
 32.2 205 21
 31.1 245 27
D20160118.00
100.0 195 17
 70.0  35 17
 50.0 245 34
 96.4 195 21
 94.9 190 22
 88.8 160 15
 86.3 155 12
 84.4 165 10
 81.8   0  0
 80.4 355 10
 75.5 355 29
 71.5  15 23
 69.4  40 13
 69.0  40 10
 68.0 330  3
 66.6 280 10
 64.1 255 10
 58.1 260 50
 50.3 250 35
 46.8 250  7
 46.7 250  7
D20160118.12
100.0 145 19
 70.0 240 13
 50.0 270  8
 30.0 280 23
 20.0 295 30
 10.0 100 51
 93.0 105 10
 89.3  55  8
 87.5  30 10
 79.3  15 23
 77.2  20 27
 73.1  45 16
 72.4  45 10
 71.5 330  1
 70.3 240 10
 59.2 245 50
 54.8 235 32
 53.0 260 24
 50.9 255 16
 49.1 325  2
 48.0 325 10
 47.2 325 13
 45.4 295 10
 40.1 335 10
 36.9 340  1
 35.2 250 10
 32.5 270 22
 31.1 285 21
 23.0 265 25
 20.4 290 33
 17.6 330 18
 17.0 335 10
 15.9 280  3
 15.0 175  7
 14.9 150 10
 14.7 135 19
 14.2 135 33
 13.2 125 38
 12.5  75 27
 12.3  65 29
 10.9 105 39
  9.7 100 55
  7.6 100 70
  7.5 100 69
D20160119.00
100.0  95 18
 70.0 225 33
 50.0 320 23
 30.0 285 18
 20.0 300 32
 10.0 105 46
 98.4  90 16
 92.3  25 21
 87.2  20 32
 81.8  50 21
 78.4  30 11
 78.1  30 10
 77.1 115  1
 76.0 200 10
 68.0 225 39
 63.7 255 36
 59.9 245 28
 56.1 295 21
 55.4 310 25
 52.6 315 41
 50.3 315 26
 47.5 360 10
 43.5 325 10
 41.4 240  1
 36.0 200 10
 31.7 295 11
 26.4 250 29
 22.4 270 36
 21.0 300 32
 19.4 295 30
 18.4 305 19
 18.0 295 10
 17.6 235  4
 15.7 165  6
 15.3 145 10
 14.5 100 30
 13.5 100 38
 12.8 105 38
 12.2  70 31
 11.1 105 41
  9.4 110 46
  8.2  70 57
  7.9  80 64
  6.7 100 61
  6.2  95 73
  5.6  75 57
  5.1  85 69
D20160119.12
D20160120.00
D20160120.12
100.0 305 14
 70.0 205 13
 50.0 235 14
 88.8 360 13
 86.7  45 12
 82.0  90 17
 78.1 165 11
 74.8 170 17
 69.8 205 12
 69.5 200 10
 68.3  90  2
 67.1 320 10
 66.2 310 17
 61.8 325 29
 59.9 330 28
 58.2 305 29
 55.7 290 32
 54.2 275 18
 52.2 275 16
 49.9 235 14
 48.5 240 19
 47.3 235 10
 43.0   0  0
 40.1 155  8
D20160121.00
100.0 335 10
 70.0  65  8
 50.0 260 14
 30.0 270 41
 20.0 255 18
 10.0  80 45
 94.9  15 14
 89.6  30 16
 84.7  20 21
 80.7  40 16
 75.9 120 17
 74.7 120 13
 73.7  95 10
 71.1  55  6
 69.0  65 11
 68.2  45 12
 67.0 350 15
 63.8 305 19
 60.4 280 27
 56.0 280 35
 53.3 285 21
 51.5 260 12
 48.0 255 10
 47.0   0  0
 44.6 100 10
 43.4 115 20
 39.4  75 16
 37.6  40  8
 36.7  35 11
 35.2 315 13
 32.6 285 15
 30.9 270 38
 27.9 265 49
 23.8 280 33
 20.6 255 17
 19.6 265 17
 18.8 250 13
 18.6 240 12
 18.2 215 13
 17.5 140 18
 16.9 120 30
 16.0 120 10
 15.5  60  2
 14.7  50 10
 13.8  95 27
 12.5 120 36
 12.0 100 42
 11.4  60 38
 10.2  80 45
  9.2  75 55
  8.5 100 61
  7.6  95 70
  7.3  90 55
  6.6  90 61
  6.2 100 83
  4.9  85 66
D20160121.12
100.0 195  2
 70.0  70  8
 50.0 260  8
 30.0 285 28
 20.0 260 10
 10.0  80 29
 92.8  45 14
 84.6  70 23
 82.4  80 18
 79.9 140 16
 76.9 190 14
 76.0 190 14
 75.1 170 10
 73.0 115  5
 69.0   5 10
 65.1 305 19
 62.5 305 30
 59.7 275 22
 55.0 295 17
 54.3 290 12
 53.1 230 10
 51.6 235 11
 51.1 245 10
 47.3  20  1
 46.2  90 10
 45.3  80 15
 44.7  70 14
 42.3 105 13
 38.2  65 10
 36.9  45  2
 34.4 280 11
 31.3 265 26
 29.7 285 31
 27.4 280 41
 20.3 270 13
 19.7 245  8
 18.5 155 12
 17.3 125 19
 17.0 100 21
 16.5  65 10
 15.8  50  7
 14.9  80 25
 13.9 125 27
 12.6 115 29
 12.0 100 45
 10.7  80 29
 10.3  90 29
  9.9  80 31
  9.3 100 44
  8.5  95 50
  8.1 100 66
  7.8  95 56
  6.0 100 69
  5.4  90 71
  4.8  70 56
  4.4  70 75
  4.4  70 72
D20160122.00
100.0  95 14
 70.0  25  7
 50.0 200 17
 30.0 275 34
 20.0 250 22
 10.0  70 40
 93.4  85 19
 82.6  90 25
 80.0 110 27
 78.9 120 25
 72.0  45 14
 70.6  35 10
 69.2 325  4
 68.0 270 10
 66.5 275 15
 63.3 240 28
 59.5 250 39
 57.4 255 34
 52.6 235 16
 51.5 230 16
 50.2 200 17
 46.7 175 10
 43.8 115 10
 39.0  40  5
 37.3 290 10
 36.8 285 11
 35.9 310 10
 34.8 280 15
 32.4 290 22
 30.5 275 33
 29.3 280 35
 26.8 275 17
 26.0 280 18
 23.5 235 17
 20.7 250 20
 19.5 240 22
 18.3 295 13
 17.9 350  8
 17.7  25 10
 17.5  25 13
 17.0 345 16
 16.5 340 21
 15.9 335 11
 14.8   0  0
 13.8 130 10
 13.5 100 21
 12.5  90 44
 11.9  60 33
 10.5  60 36
  9.5  95 44
  8.2  90 52
  7.8 100 65
  6.2 100 66
  4.8 105 59
D20160122.12
100.0 180 12
 70.0 190  6
 50.0 175 18
 30.0 300 29
 20.0 230 18
 10.0 110 39
 95.3 120 13
 85.4 115 33
 81.8 135 28
 77.5 130 20
 73.8  95 14
 72.4 100 14
 70.5 170  6
 68.1 225 10
 60.4 270 30
 49.4 170 16
 48.3 180 13
 47.4 155 10
 44.3 150 10
 38.3 285  6
 37.6 335 10
 36.8 340 13
 35.5 295 11
 31.7 310 15
 29.1 305 34
 26.0 305 18
 25.3 295 15
 22.2 230 26
 20.2 230 18
 19.1 240 17
 17.7  10 12
 17.1  30 15
 16.9  25 14
 16.3 330 10
 16.0 270  3
 15.6 215 10
 14.6 190 14
 14.1 135 15
 12.4  35 32
 12.2  30 34
 11.8  35 31
 11.1 115 16
  9.3 105 46
  8.4  85 44
  7.9  95 48
  7.1  90 55
  7.0  90 55
D20160123.00
D20160123.12
D20160124.00
100.0  70 14
 70.0 255 29
 50.0 345 11
 97.4  85 20
 89.5  95 37
 82.9  55 27
 80.5  65 29
 79.0  75 18
 78.1  90 10
 77.2 150  6
 76.0 210 10
 72.1 255 19
 65.6 250 41
 63.8 240 34
 61.2 245 19
 59.3 265 17
 57.4 245 11
 57.0 230 10
 54.3   0  0
 50.4 360 10
 49.0 330 10
 45.3 160  2
D20160124.12
100.0 115 14
 70.0 245 36
 50.0   5 16
 30.0 260 33
 20.0 275 34
 10.0  80 34
 89.3 105 38
 83.9  80 26
 81.2 100 15
 79.8 145 12
 79.0 170 13
 76.6 215 20
 72.9 245 32
 68.3 245 38
 60.5 240 13
 58.7 280 11
 56.5 285 10
 55.4   0  0
 52.4  30 10
 50.9   5 20
 49.4  10 12
 48.2  35 11
 46.4 110 10
 44.4 115 21
 42.9 130 19
 41.2 130 10
 37.7 335  3
 36.4 270 10
 35.6 245 12
 34.6 260 21
 33.5 260 27
 27.8 270 35
 21.6 260 21
 20.8 275 28
 18.0 285 40
 16.0 265 26
 15.2 235 25
 13.9 235 16
 13.6 265 10
 12.4 240  1
 12.0 160 10
 11.7 160 19
 11.0 110 35
 10.6  80 24
 10.3  80 23
  9.1  95 54
  8.6  90 60
  7.6  75 54
  6.8  90 49
  6.4  95 62
  5.3  90 90
  4.4  85 88
D20160125.00
100.0  50  8
 70.0 240 42
 50.0 185  9
 30.0 260 28
 20.0 290 31
 10.0  80 49
 94.2 100 33
 91.5 100 39
 87.0 100 28
 85.9 115 23
 84.1 155 17
 81.9 200 21
 73.6 245 44
 63.8 235 28
 62.4 240 15
 61.7 255  9
 60.7 285 12
 57.2 330 12
 55.1 335 18
 53.6 345 12
 52.2 330 10
 51.2 260  2
 49.9 185 10
 46.5 135 16
 45.4 155 10
 43.8 145 11
 41.5 285  5
 39.9 280 10
 37.3 255 19
 36.0 215 22
 34.0 240 26
 32.8 240 30
 30.2 260 28
 28.4 245 34
 25.9 255 30
 25.3 275 23
 24.0 310 26
 23.0 320 32
 21.2 305 38
 18.7 275 25
 17.4 230 23
 14.9 215 19
 14.3 220 11
 13.7 135  1
 12.4  85 10
 11.5  55 26
  9.1  80 57
  8.1  75 45
  7.4  90 44
  6.0  90 71
  5.6  80 55
  5.2  95 77
  4.8  85 62
D20160125.12
100.0 105 27
 70.0 260 18
 50.0 290  4
 30.0 275 26
 20.0 285 37
 10.0  85 35
 97.1 110 36
 89.7 155 44
 86.9 165 31
 85.1 190 23
 83.5 210 24
 74.3 260 31
 68.7 260 18
 65.2 250 10
 62.3 185  3
 57.5   5 10
 56.7 350 12
 53.5 350  1
 37.2 255  7
 31.7 285 28
 26.8 265 42
 25.6 265 31
 24.8 280 28
 24.3 295 32
 23.0 300 43
 20.6 280 38
 18.1 290 32
 16.8 260 22
 16.5 225 17
 16.2 200 19
 15.2 145 23
 14.6 130 30
 13.2 150 12
 12.5 125 25
 11.6 110 19
 10.5  85 41
 10.1  80 33
  9.1 105 50
  8.7  95 61
  7.4 100 52
  6.5  80 64
  6.4  80 62
D20160126.00
100.0  90 25
 70.0 270 17
 50.0 170 10
 30.0 260 26
 20.0 285 18
 10.0  90 35
 92.9 120 24
 85.8 215  9
 80.2 285 14
 74.6 255 22
 69.6 275 16
 63.9 330 11
 60.7 340 19
 56.9 310  8
 54.0 240 10
 48.2 150 19
 46.6 145 10
 43.5  70  7
 42.1 350  2
 40.6 315  6
 38.6 315 22
 27.2 240 17
 25.3 280 22
 16.5 240  8
 15.6 245 12
 15.0 160  3
 14.5  70 11
 11.2  50 26
 10.6  70 39
  9.6 110 51
  8.4 105 69
  7.2  95 58
  6.1  85 75
  5.9  90 64
D20160126.12
100.0  40 26
 70.0 360 10
 95.6  50 23
 89.2 125 18
 85.9 130 26
 84.3 135 19
 82.6 170 10
 79.0 220  6
 74.6 215 22
 72.9 205 16
 72.2 190 10
 71.1  95  3
 69.9 360 10
 66.8 345 17
D20160127.00
100.0  60 19
 70.0  50 16
 50.0 245 27
 30.0 295 18
 20.0 195 29
 10.0 105 52
 94.3 125 18
 88.1 130 33
 84.0 135 15
 81.4 105  3
 75.1 315  2
 72.1  30 10
 69.2  60 16
 68.5  50 13
 67.3 360 12
 65.3 345 19
 62.1 345 11
 59.7 250  3
 57.7 250 10
 51.3 250 32
 45.9 250 24
 43.6 230 13
 42.9 220 10
 41.3   0  0
 31.5 300 10
 25.0 285 25
 23.3 245 16
 22.8 220 15
 22.6 210 16
 20.4 195 30
 18.8 205 17
 18.1 235 18
 17.2 215 10
 16.7 260  1
 16.1  20 10
 15.8  35 14
 15.3  10 14
 14.7  40 19
 13.7  40 41
 12.4  85 36
 11.7  90 32
  9.8 105 52
  8.4  90 86
  8.3  90 85
D20160127.12
100.0  60 16
 70.0  85 16
 50.0 270 28
 30.0  55  7
 20.0 230 20
 97.0  70 17
 92.7 130 22
 87.1 140 35
 83.2 140 10
 81.4  35  1
 74.7  25 10
 72.8  30 13
 70.0  90 16
 68.7  95 17
 67.3  65 10
 62.8 160 11
 61.4 210 13
 59.8 225 18
 58.1 225 14
 57.8 235 14
 55.9 260 27
 52.9 270 42
 48.8 275 23
 46.1 255 15
 44.0 215 10
 42.9 195  8
 40.9 100 10
 38.6  95 29
 36.6  90 21
 33.2 100 17
 30.7  85 13
 28.6 335  4
 27.7 305 10
 26.0 285 13
 25.2 245 15
 24.5 225 22
 21.3 235 31
 19.6 230 17
 18.9 205 14
 18.3 235 16
 17.7 230 17
 17.3 255 16
 16.9 250 10
 16.7 275  6
 16.4 300 10
 15.9 305 22
 15.2 320 20
 14.7 350 17
 14.3 340 24
 14.0 350 21
 13.8 360 19
 13.2  80 24
 11.8  95 45
 10.9  85 40
D20160128.00
100.0  90 14
 70.0  90 11
 50.0 265 34
 30.0   5  2
 20.0  95 14
 10.0  85 54
 96.4  90 17
 90.4 115 21
 86.9 100 29
 83.5  45 21
 81.1  35 26
 77.8  55 31
 75.6  60 30
 71.8  95 20
 69.9  95 10
 69.1 110 10
 67.1 185  8
 66.4 230 10
 63.5 260 25
 60.9 265 39
 53.8 270 45
 48.8 265 26
 46.8 250 10
 44.8 185  3
 43.6  75 10
 40.4  90 31
 37.8 100 22
 35.7 100 25
 34.1  80 18
 31.9 110 10
 29.6  80  1
 27.5 240 10
 23.4 205 31
 22.3 205 24
 20.7 120 10
 20.5 105 11
 19.7  80 15
 19.4  60 13
 19.1   5 11
 18.1 345 22
 16.6 350 28
 15.3  15 17
 15.0  30 16
 14.5  80 25
 14.0 100 37
 13.2 115 39
 12.4  90 38
 10.9 105 54
 10.2  90 50
  8.3  85 84
  7.8  90 73
  7.2  80 86
  6.9  90 87
  6.3  90 81
  5.6  91  3
  5.2  95 98
D20160128.12
100.0  90 35
 70.0  95 11
 50.0 260 14
 30.0 210  2
 20.0 355 21
 10.0 100 47
 95.4 110 42
 92.6 100 47
 88.6  70 29
 87.6  65 28
 80.5  70 21
 72.8 115 20
 69.1  80 12
 68.2  85 10
 67.2 185  1
 66.2 250 10
 62.1 255 34
 56.6 270 39
 50.3 265 16
 49.5 255 10
 48.4 215  5
 45.2  90 10
 42.2  75 16
 41.3  65 23
 39.2  85 41
 37.8  95 30
 33.1  55 18
 32.2  30 10
 30.3   0  0
 29.1 270 10
 27.2 290 16
 26.1 260 16
 23.9 225 21
 22.5 210 16
 22.1 195 12
 21.8 170 10
 21.4 115  7
 21.1  70 11
 20.1 360 20
 18.7 340 36
 17.1 340 30
 16.0  10 15
 15.3  50 14
 14.0 125 31
 13.3 150 30
 12.4 115 25
 10.9 110 47
 10.2 100 44
  8.9 105 69
  5.7  90 97
  5.6  90 96
D20160129.00
100.0  90 41
 70.0 255 35
 50.0 295 18
 30.0 215 21
 20.0 350 23
 10.0  80 47
 95.2 105 47
 91.4  95 51
 89.5 100 48
 85.7  65 42
 82.7  65 44
 77.8 100 10
 75.7  10  1
 74.6 275 10
 73.0 260 22
 69.5 260 36
 64.3 250 18
 63.6 255 15
 60.1 285 31
 56.8 295 42
 49.7 290 17
 46.6  10  5
 45.3  45 10
 39.7 100 46
 37.1 100 26
 34.6  75 16
 34.1  80 10
 32.9 135  3
 31.4 205 10
 28.9 215 24
 27.3 235 17
 24.2 220 16
 23.8 220 11
 23.4 110  1
 22.8  30 10
 20.9 345 34
 19.5 345 21
 18.3  35 13
 17.8  35 11
 17.0 120  7
 16.6 155 10
 16.1 180 12
 15.1 200 17
 13.9 165 37
 13.3 115 27
 13.2 105 28
 12.5  90 43
 10.4  90 39
  8.2  70 69
  6.1  85 83
  6.0  85 82
D20160129.12
D20160130.00
100.0  95 37
 70.0 260 30
 50.0 305  9
 30.0 280  8
 20.0 300  5
 10.0  90 53
 92.4 130 36
 88.2 125 22
 86.8 140 14
 85.0 205 10
 84.3 230 11
 82.7 260 16
 77.7 280 30
 72.9 275 27
 66.8 240 20
 65.0 260 17
 63.3 285 20
 57.1 300 35
 53.3 320 15
 50.2 305 10
 48.4 335  5
 46.4  50 10
 43.3  80 40
 40.8 110 30
 38.9  80 29
 36.0  85 27
 35.0  90 21
 34.1  90 10
 33.1  10  1
 32.0 255 10
 31.5 250 12
 30.5 260 11
 29.1 320 11
 27.5 340 10
 25.7 270  4
 24.3 320 10
 23.9 335 13
 22.7 350 25
 21.4 330 17
 20.4 340 10
 19.9 270  4
 19.5 185 10
 18.5 220 25
 17.3 225 38
 15.2 185 21
 14.7 150 18
 14.5 135 21
 13.5 120 25
 12.8  65 28
 11.7  75 36
 11.1  65 53
 10.2  95 51
  7.5 100 72
  6.8  95 61
  6.0 105 81
  5.7 100 75
D20160130.12
100.0 130 28
 70.0 280 28
 50.0  30  5
 30.0 290 11
 20.0 240  9
 10.0 100 41
 91.3  70 11
 90.5  65 10
 88.8 135  4
 86.3 205 10
 82.4 210 15
 78.8 260 18
 74.8 265 31
 59.3 300 34
 57.0 300 23
 55.3 335 10
 51.7 340  1
 46.6  90 12
 43.4  95 42
 39.6 110 33
 36.0  65 25
 33.4  55 23
 32.3  55 10
 31.7   5  4
 30.9 310 10
 29.9 290 12
 27.7 325 19
 24.6 295 15
 23.2 325 17
 21.2 320 14
 20.4 290 10
 20.1 255  8
 19.9 225 10
 19.6 215 13
 19.0 250 17
 18.2 245 21
 17.5 245 17
 17.0 215 14
 16.4 210 11
 16.3 205 10
 14.5  65  4
 14.1  30 10
 13.2  40 28
 12.9  65 32
 12.6  75 30
 12.3  80 25
 11.3 115 34
 10.8  95 36
  8.6 115 64
  7.4 110 52
  6.8  95 54
  4.9 100 70
D20160131.00
100.0  95 25
 70.0 305 24
 50.0 105 13
 30.0 305 25
 20.0 225 10
 10.0  90 46
 95.2  55 14
 94.3  60 10
 92.7 135  2
 91.4 215 10
 85.8 250 25
 82.6 265 24
 74.5 285 26
 70.7 305 24
 63.9 305 16
 59.4 300 29
 55.8 325 21
 54.9 360 12
 54.5  50  8
 54.1  85 10
 53.6 110 14
 51.8 130 17
 47.6  85 13
 46.4  90 12
 43.5  85 37
 40.9 100 27
 39.2  75 25
 37.4  75 32
 35.9  70 15
 35.5  75 10
 35.0 170  1
 34.4 265 10
 33.6 270 22
 30.0 305 25
 28.1 325 22
 25.0 325 21
 24.2 310 15
 23.4 360 10
 22.5 310  2
 20.8 210 10
 18.6 250 23
 17.8 240 17
 17.0 280 12
 16.7 315 10
 16.6 335 13
 14.8   5 34
 14.2  15 33
 13.9  30 29
 13.4  70 28
 13.2  90 30
 12.5 120 34
 12.0 120 37
 10.8  90 44
  8.8 100 47
  7.7  85 50
  6.9  75 38
  6.4  85 53
  6.0  75 46
  5.4 100 41
  5.1 105 57
  4.9 105 53
D20160131.12
100.0 110 17
 70.0 310 27
 97.6  95 10
 94.2  25  4
 88.7 285 10
 82.5 260 30
 78.4 290 27
 67.0 325 25
 64.5 335 10
 61.4 305  5
