USSR01 WSSS 011200
TTAA  51111 48698
99007 28656 21003 00098 28248 11508 92788 23425 16012
85524 18633 16018 70172 09412 32006 50589 06115 29508
40761 15517 07514 30971 30361 10031 25099 40146 09514
20247 52147 05543 15427 66157 07076 10665 75358 28523
88123 74356 08574
77130 08086 42274
31313 73508 81046=



UKSR01 WSSS 011200
TTBB  51118 48698
00007 28656 11933 23622 22803 16250 33779 14450 44770 13415
55622 04406 66517 05917 77481 07112 88411 14133 99401 15318
11389 16923 22378 18757 33341 23560 44334 20961 55330 23959
66310 28360 77264 37141 88123 74356 99100 75358
21212 00007 21003 11990 14006 22968 16512 33921 15514 44893
17018 55861 15516 66820 19012 77807 16508 88794 21004 99778
21006 11760 29508 22730 29504 33701 31506 44690 31014 55681
33012 66654 31008 77635 33004 88628 29506 99612 31506 11601
27008 22592 31514 33583 30510 44573 31508 55559 30012 66545
26006 77539 29014 88514 31008 99505 28510 11480 34508 22457
33004 33447 36006 44440 04506 55434 36006 66426 04008 77412
07012 88391 08519 99370 07519 11345 09527 22286 10037 33247
10012 44241 08516 55196 05043 66130 08086 77125 08578 88109
09512 99108 08008 11106 32008 22100 28523
31313 73508 81046
41414 29438=



ULSR01 WSSS 011200
TTCC  51111 48698
70873 74559 24014 50074 64161 25033 30384 66560 07535
20637 58760 08574 10084 47163 08076
88999
77999
31313 73508 81046=



UESR01 WSSS 011200
TTDD  5111/ 48698
11748 75957 22659 75558 33572 66762 44520 63362 55418 68159
66371 65161 77314 68159 88292 66559 99262 57963 11187 58960
22096 47163 33081 40768 44078 40168 55076 38370 66075 35772
77072 35972 88066 32775 99064 29778 11062 27179 22052 29378
33051 30378 44048 27781 55036 29981
21212 11888 26529 22733 26021 33699 24014 44682 21010 55652
19014 66637 22516 77587 26527 88577 25519 99511 24535 11462
26031 22420 30021 33382 33006 44377 05006 55368 08504 66362
09006 77349 14006 88343 08508 99338 06514 11328 06018 22309
08025 33296 07035 44267 09064 55255 10566 66216 08572 77161
10068 88119 08070 99076 08568 11072 08570 22067 07549 33061
08514 44058 16512 55055 17512 66054 14510 77049 15521 88045
12014 99044 12514 11043 16004 22042 24008 33041 22510 44040
23510 55039 32502 66038 13504 77037 16502 88036 07504
31313 73508 81046=
