USSR01 WSSS 260000
TTAA  76001 48698
99010 26829 04002 00123 26624 28502 92812 23241 20504
85545 18450 15012 70190 08624 12510 50591 05338 10012
40762 15759 10008 30973 30756 07512 25100 41359 08510
20247 54160 08023 15426 67160 00000 10664 74961 28535
88999
77999
31313 73508 82331=



UKSR01 WSSS 260000
TTBB  76008 48698
00010 26829 11009 26620 22988 26637 33869 19857 44802 15026
55682 07215 66549 02520 77512 04556 88487 06729 99438 11347
11429 11959 22380 18156 33370 19359 44332 24961 55302 30356
66254 40359 77232 45757 88218 48961 99199 54360 11192 56356
22182 59156 33174 60160 44132 72558 55111 76158 66106 72762
77100 74961
21212 00010 04002 11994 26502 22978 23506 33965 25006 44946
19004 55919 22004 66908 18506 77872 15008 88862 16508 99850
15012 11829 16510 22809 15508 33770 17010 44708 14510 55700
12510 66668 13514 77645 11512 88639 13512 99613 10510 11600
07510 22590 09008 33548 08008 44541 10510 55530 09012 66482
10510 77475 08510 88456 11510 99448 09512 11440 11510 22430
07508 33420 09004 44412 08006 55391 12008 66386 10006 77382
11006 88370 08012 99351 11510 11345 09010 22337 11012 33331
08506 44326 09008 55307 07010 66297 08010 77287 06010 88266
09506 99256 06008 11251 08010 22244 07014 33237 08516 44207
08027 55176 08029 66158 12006 77155 09002 88151 13002 99136
32502 11132 35502 22130 24502 33119 27025 44112 25521 55109
27523 66100 28535
31313 73508 82331
41414 11438=



ULSR01 WSSS 260000
TTCC  76001 48698
70868 72163 24504 50064 72367 35012 30375 61579 09045
20631 53585 09056 10090 42187 09053
88852 81357 30531
77219 29696 44946
31313 73508 82331=



UESR01 WSSS 260000
TTDD  7600/ 48698
11852 81357 22791 81157 33706 72762 44599 75363 55564 71766
66523 73566 77493 71967 88484 68970 99408 64774 11360 66373
22319 64576 33272 57781 44212 52786 55184 53585 66140 48187
77129 43788 88099 42387 99093 42188 11086 36990 22066 32790
33061 33588
21212 11939 29541 22789 31019 33749 33004 44742 23004 55710
22004 66703 24004 77649 27006 88636 23004 99588 28010 11554
30025 22495 35510 33487 06508 44471 08506 55460 17508 66431
16531 77359 07041 88339 09041 99298 09045 11282 10556 22242
09556 33237 09558 44235 09558 55234 09558 66229 10012 77228
26504 88225 28582 99224 28611 11223 29138 22222 29161 33219
29696 44218 30196 55217 30194 66216 30181 77215 30659 88214
32072 99213 05033 11212 08556 22097 09554 33091 10053 44090
10056 55079 07514 66078 04506 77077 34508 88076 33012 99073
02512 11072 02506 22070 28512 33068 24014 44066 24016 55064
27519 66061 29029
31313 73508 82331=
