sing20221114.12
TTAA  64111 48698
99005 29250 22003 00074 28638 20004 92766 22805 29004
85505 17204 24008 70149 10438 26519 50588 05104 10506
40760 13931 05508 30973 28958 19006 25100 39756 12008
20249 52732 10514 15428 68156 10527 10659 87742 08553
88999
77999=
TTCC  64111 48698
70864 68568 29004 50067 64779 27018 30387 56585 26031
20646 52786 26029 10104 43588 27023
88958 89145 09053
77939 08562 42705=
TTDD  6411/ 48698
11958 89145 22908 86350 33890 84356 44870 77761 55828 72361
66774 69162 77679 69570 88633 64573 99539 67175 11438 63379
22408 58582 33292 56785 44275 53985 55220 55385 66183 49986
77158 50986 88128 45188 99073 43588 11066 41589 22060 36790
33055 35390 44047 37399
21212 11939 08562 22804 09060 33784 09056 44752 11006 55747
09502 66714 07002 77712 05502 88704 30502 99677 28006 11648
34010 22635 30514 33547 28033 44481 26516 55468 24516 66442
25016 77393 30529 88324 27027 99275 27027 11219 24035 22196
26027 33167 29043 44156 27535 55128 24547 66118 23549 77103
26519 88098 26523 99087 31019 11071 33049 22062 35037 33059
03518 44058 02508 55057 35002 66056 21502 77055 14010 88053
17014 99047 12043=
