sing20221130.00
TTAA  80001 48698
99007 26634 03003 00100 26032 33504 92782 22656 01506
85517 18450 35004 70161 09243 34004 50587 06322 09018
40759 16158 07525 30969 31158 07518 25095 41560 10031
20243 54160 09047 15421 67365 09543 10655 83957 06006
88999
77999=
TTCC  80001 48698
70855 73566 13018 50058 63383 25527 30378 54585 23518
20639 53985 30019 10090 47787 30521
88822 87750 08041
77999=
TTDD  8000/ 48698
11822 87750 22804 87346 33798 86744 44787 80959 55781 76562
66741 72763 77693 73966 88674 69171 99632 69780 11573 64982
22465 61383 33400 62983 44351 54785 55299 54585 66279 51786
77180 55585 88142 48587 99100 47787 11090 49187 22083 48587
33072 41389 44070 37990
21212 11987 05008 22906 07531 33823 08039 44790 09535 55755
08033 66705 13518 77667 07002 88666 05502 99663 31502 11659
28504 22641 27514 33609 29012 44540 25025 55497 25527 66434
29527 77420 27021 88408 27023 99386 24018 11354 24021 22341
25523 33301 24018 44252 27010 55241 26512 66223 29516 77180
30523 88165 28019 99159 25521 11134 25533 22115 24529 33111
27523 44092 31533 55080 27014 66078 19512 77076 16512 88070
12043=
