sing20221106.12
TTAA  56111 48698
99008 27444 07505 00105 26836 01504 92790 21211 00506
85516 17826 31504 70162 09426 12502 50588 04537 03514
40760 14750 07018 30972 30341 05014 25099 40345 10021
20247 52746 08019 15426 68956 10023 10656 87944 09056
88999
77999=
TTCC  56117 48698
70862 67565 22516
88988 88740 09060
77972 09064 43575=
TTDD  5611/ 48698
11988 88740 22978 86956 33952 87149 44943 86750 55932 81959
66925 78561 77873 72960 88794 75360 99716 67966 11671 67367
21212 11972 09064 22913 10539 33851 11502 44847 26002 55846
27002 66769 25504 77738 15506 88730 15510 99700 22516 11687
23016 22671 27018=
