sing20221117.00
TTAA  67001 48698
99007 25424 01002 00091 24816 32506 92776 22435 31523
85509 18437 30029 70153 09228 32523 50587 05907 35016
40758 16107 01518 30970 30350 10510 25097 40763 11014
20244 53350 10023 15423 69156 10529 10653 86550 07551
88999
77999=
TTCC  67001 48698
70861 70163 28027 50063 61562 30019 30381 56163 30539
20642 49763 25543 10099 44788 26035
88957 88349 08053
77933 08562 42286=
TTDD  6700/ 48698
11957 88349 22918 87940 33913 87939 44902 83558 55880 71565
66862 68763 77682 70364 88567 68161 99499 61562 11361 63159
22322 56562 33261 54963 44233 50963 55190 49167 66164 51367
77144 47977 88126 47787 99073 39589 11066 36190 22060 36590
33054 33391
21212 11933 08562 22914 09062 33872 09019 44840 08502 55830
22502 66822 26504 77775 28531 88732 28037 99627 26518 11604
28010 22575 27012 33555 29514 44544 28512 55526 30016 66374
24525 77361 25025 88338 30527 99313 31543 11240 28035 22203
25543 33185 27045 44153 25537 55134 29041 66116 28019 77107
25527 88086 26531 99081 29518 11074 26523 22070 26521 33069
24029 44067 21010 55061 05516 66060 05014 77059 01021 88054
08533=
