sing20221113.00
TTAA  63001 48698
99007 25417 33001 00090 25015 29504 92772 21619 00000
85510 18020 19506 70145 10033 25006 50587 04925 06010
40760 14557 09506 30971 29565 07010 25099 39570 10016
20247 52365 10521 15426 68550 09033 10657 87156 10535
88999
77999=
TTCC  63001 48698
70859 67569 10506 50062 62183 25031 30381 57184 27016
20642 51986 24531 10096 45188 23045
88931 88949 10043
77999=
TTDD  6300/ 48698
11931 88949 22896 88556 33865 85557 44851 78561 55795 76758
66759 71364 77706 67569 88654 69371 99580 67975 11513 61783
22477 62983 33438 61983 44406 57584 55333 59184 66264 52186
77242 53785 88185 49586 99160 51786 11120 49187 22108 48187
33097 44188 44085 46187 55065 36590 66055 36590 77052 36790
88048 32793
21212 11942 10543 22883 08054 33818 06533 44771 09533 55736
05016 66698 11006 77687 19006 88667 24508 99629 25002 11623
35502 22592 34502 33588 27502 44584 26002 55577 30502 66558
26514 77535 29014 88526 27014 99500 25031 11488 24531 22456
28023 33389 26516 44374 24521 55320 23016 66312 26016 77295
28519 88259 30029 99216 27523 11195 24031 22165 26527 33147
25529 44115 28527 55108 23541 66096 23047 77082 23033 88078
25037 99074 23018 11072 17508 22070 20504 33068 29008 44067
28008 55066 30006 66063 21018 77062 20018 88061 23518 99057
25514 11056 23514 22054 27508 33053 33008 44048 04519=
