sing20221121.00
TTAA  71001 48698
99005 25036 32002 00077 24829 31506 92766 22641 28523
85501 18224 28023 70149 10040 27525 50586 05147 27525
40758 15528 30512 30969 30331 13019 25096 40358 09027
20244 53156 09547 15423 68756 07056 10655 77161 07519
88108 83357 08560
77123 08562 41531=
TTCC  71001 48698
70862 69768 23031 50064 64974 29012 30385 55985 29047
20646 52786 27043 10101 45388 26041
88999
77999=
TTDD  7100/ 48698
11853 77362 22784 75763 33747 70567 44622 71769 55534 64773
66450 62780 77394 56585 88342 54585 99306 57184 11248 52986
22192 53585 33143 49986 44121 45188 55098 45987 66067 38789
21212 11957 09002 22953 22002 33951 22502 44923 15014 55899
16510 66883 23012 77853 25519 88824 23025 99706 22529 11627
24527 22589 29525 33506 27512 44494 31012 55455 31012 66431
25512 77384 24023 88360 27523 99314 28547 11175 25533 22156
26537 33146 25045 44133 25535 55115 27547 66092 26543 77087
27041 88083 27033 99079 28539 11072 29019 22071 31019 33067
32029=
