sing20221126.00
TTAA  76001 48698
99009 27032 06001 00108 26225 03508 92798 21806 26506
85526 17009 26514 70164 09243 23514 50588 05143 31004
40760 16350 10006 30970 31556 10527 25096 42130 11035
20244 54741 09539 15421 69356 08035 10655 79163 18514
88999
77999=
TTCC  76001 48698
70859 68970 28018 50061 63783 28523 30377 59384 27039
20636 51786 27029 10090 47387 26547
88915 82360 24508
77999=
TTDD  7600/ 48698
11915 82360 22812 81760 33793 78960 44783 74363 55707 68969
66607 71177 77534 65182 88481 63583 99455 65782 11394 59584
22374 58384 33340 61383 44234 52586 55141 50786 66121 45987
77105 47987 88102 48787 99099 45987 11087 46387 22073 42588
21212 11910 25506 22892 33504 33868 34508 44857 02006 55778
11016 66738 07006 77724 01508 88711 29510 99694 28023 11668
28037 22622 29531 33551 26525 44521 28521 55486 28523 66466
30025 77434 30027 88392 26527 99330 27041 11285 26025 22262
28029 33191 26527 44170 28035 55112 29047 66101 27047 77095
26033 88091 27539 99081 25027 11078 26537 22073 24529=
