D20221101.00
100.0  80 60
 70.0 360 10
 50.0 270 29
 30.0 245 31
 20.0 290 37
 10.0 245 45
 93.8  85 60
 84.5 105 14
 82.2 160 10
 81.0 165 10
 75.0 115 16
 72.3  25 12
 67.8   5  6
 66.0  95  2
 65.0  95  2
 62.4 170  6
 54.1 275 25
 44.9 255 41
 39.7 260 39
 37.1 275 29
 35.1 250 29
 29.1 255 27
 27.3 285 27
 24.0 285 27
 21.9 305 37
 15.0 250 43
 13.9 260 33
 10.6 250 47
  9.7 245 47
  8.7 240 29
  6.7 300 31
  6.2 300 14
  5.7  40 29
  5.2  90 43
  4.6 100 64
  4.5 100 64
D20221101.12
100.0  85 62
 70.0 350 18
 50.0 265 37
 30.0 280 27
 20.0 265 41
 10.0 250 29
 95.3  85 64
 90.4  80 41
 85.5  60 25
 81.1  85 29
 75.3  45 18
 71.9 350 18
 67.4 330  4
 66.8 260  2
 66.3 225  4
 63.4 170  2
 63.2 125  2
 62.1  70  2
 61.5 195  2
 54.8 255 25
 52.1 265 37
 46.2 270 35
 40.3 255 25
 34.2 275 31
 31.6 265 35
 26.6 295 27
 18.5 260 43
 14.8 275 49
 10.4 250 35
  6.9 300 19
  6.5 245 12
  6.4 245  4
  6.3  65  2
  6.2  80  8
  5.7  55 31
  5.1  70 43
  4.8  95 66
D20221102.00
100.0  75 54
 70.0 105 12
 50.0 260 27
 30.0 270 19
 20.0 260 39
 10.0 260 29
 94.2  75 60
 87.7  95 51
 83.5  85 37
 74.8  25 23
 69.8 110 12
 64.6 150  6
 62.6 225 12
 57.6 265 35
 53.5 280 33
 46.8 250 27
 40.6 280 19
 35.2 280 29
 32.5 265 21
 29.1 275 23
 26.5 260 25
 23.1 280 41
 20.2 260 37
 18.3 250 51
 12.0 260 35
 10.7 245 31
  7.7 310 35
  7.2 325 27
  6.6 280 18
  6.4 290  8
  6.3  70  2
  6.2  95  8
  5.6 120 27
D20221102.12
100.0  95 53
 70.0  95 14
 50.0 265 18
 30.0 255 27
 20.0 235 47
 91.0  85 60
 87.6  90 56
 84.1 100 29
 77.9  75 16
 69.6  95 14
 67.0  85  8
 66.4  60  4
 66.0   5  4
 65.3 315  6
 63.7 295 18
 54.8 295 29
 48.3 260 21
 42.7 290 19
 33.8 250 25
 32.2 265 23
 28.9 250 29
 24.4 270 41
 20.7 235 49
 18.2 240 45
 16.3 265 45
 14.1 260 43
 11.9 280 29
D20221103.00
100.0  95 49
 70.0 300 12
 50.0 240 23
 30.0 255 37
 20.0 260 35
 10.0 255 35
 85.3  90 39
 83.0  70 33
 76.5  80 33
 71.7  55  6
 70.9 330  6
 70.4 310 10
 65.9 280 21
 60.2 290 16
 56.8 245 16
 54.7 260 19
 51.9 235 19
 45.7 255 21
 42.4 245 25
 39.7 260 31
 33.3 270 33
 30.2 255 37
 23.0 275 35
 13.2 245 29
  9.5 255 39
  7.1 285 27
  6.2 165 16
  6.0 175 10
  5.8 275  8
  5.7 275 10
  5.6 245  8
  5.4 125 16
  5.3 110 23
  4.9 105 56
  4.4  70 54
  4.0  90 31
D20221103.12
100.0 100 45
 70.0 155 18
 50.0 265 21
 30.0 260 33
 20.0 255 41
 10.0 270 37
 86.3 105 62
 80.2 115 31
 75.0 105 23
 68.5 185 12
 67.1 265 10
 64.6 295 19
 61.8 250 18
 58.2 250 33
 51.6 255 23
 44.6 295 23
 38.8 250 25
 34.1 275 29
 21.3 250 37
 18.3 265 41
 15.7 260 37
 13.3 275 37
  8.7 270 33
  8.0 255 25
  7.3 275 29
  6.5 305 19
  6.1 280 14
  5.9 305  4
  5.8  60  4
  5.7  60  8
  5.6  15 12
  5.5 360 16
  5.4  15 14
  5.3  50 16
  5.1  60 37
  4.2  90 51
D20221104.00
100.0  90 47
 70.0 270 12
 50.0 250 19
 30.0 280 29
 20.0 260 31
 10.0 265 37
 89.8 110 53
 88.9 105 53
 84.5  90 43
 81.5 120 25
 77.1 135 16
 68.9 280 14
 66.4 285 12
 63.2 245  6
 60.1 255 23
 47.5 260 16
 44.7 235 23
 38.9 235 35
 35.0 270 29
 25.7 290 31
 22.7 260 29
 14.5 280 33
 12.2 250 33
  8.2 270 25
  7.4 290 39
  6.4 265 18
  6.0 335 16
  5.7 360 10
  5.6  65  6
  5.5 100 10
  5.2  70 23
D20221104.12
D20221105.00
100.0  95 49
 70.0  25 14
 50.0 265 21
 30.0 255 27
 20.0 275 31
 10.0 265 31
 92.9 105 56
 91.5 105 56
 88.0 100 19
 87.0 125 10
 85.7 180  8
 81.8 205  8
 79.6 280  6
 79.0 285  4
 76.7 245  2
 75.8 305  2
 72.2  25  8
 67.9   5  2
 67.5 265  2
 67.3 250  4
 64.7 235 18
 59.9 275 23
 39.3 275 31
 35.1 300 27
 32.1 255 25
 28.2 265 27
 25.9 250 27
 21.4 280 19
 19.5 270 33
 16.1 290 41
 14.4 270 33
 12.1 270 43
  7.9 280 19
  7.2 250 21
  5.9 195  6
  5.7 115  8
  5.6 135 10
  5.5 110 25
D20221105.12
100.0 105 66
 70.0 190  2
 50.0 285 29
 30.0 260 23
 20.0 280 43
 90.3 105 58
 88.9 105 54
 85.3 100  4
 85.1 275  2
 84.2 280 16
 78.2 240 18
 69.9 180  2
 69.4 100  2
 68.1  65  6
 67.3  65  6
 66.4  90  4
 65.4 175  4
 63.7 230 12
 62.0 255 18
 59.2 255 18
 55.5 300 25
 43.2 265 27
 36.2 305 27
 31.8 250 25
 21.6 280 33
 19.0 295 51
 13.0 260 39
D20221106.00
100.0 115 47
 70.0 215 16
 50.0 255 39
 30.0 290 25
 20.0 275 33
 10.0 290 33
 96.0 105 56
 90.5  75 23
 86.4 350 16
 79.4 320 12
 72.5  60  4
 71.7 170  4
 69.8 215 16
 59.5 270 31
 50.3 255 37
 45.6 250 31
 37.1 315 27
 34.4 285 21
 29.9 290 25
 24.9 270 23
 13.8 270 33
 11.6 295 29
 10.2 295 33
  7.7 250 37
  6.5 215 12
D20221106.12
100.0  90 56
 70.0 225 16
 97.2  90 64
 91.3 105 39
 85.1 115  2
 84.7 260  2
 84.6 270  2
 76.9 255  4
 73.8 155  6
 73.0 155 10
 70.0 225 16
 68.7 230 16
 67.1 270 18
D20221107.00
100.0  95 49
 70.0 275 14
 50.0 280 23
 30.0 300 35
 20.0 285 37
 10.0 280 25
 98.0  95 56
 87.5  95  2
 87.0  10  2
 86.0 320  2
 79.5 255  8
 73.9 310  6
 71.1 280  8
 67.0 295 23
 61.5 255 27
 55.6 265 31
 53.0 285 25
 48.2 280 18
 42.6 240 16
 38.8 245 21
 29.8 300 35
 25.6 305 31
 16.3 255 35
 11.5 315 29
 10.9 305 21
  9.6 275 31
  7.6 255 14
  6.9 270 12
  6.7 255  8
  6.4 160 10
  5.7 130 19
  5.4  85 35
D20221107.12
100.0  90 53
 70.0 285 10
 50.0 285 18
 30.0 295 39
 20.0 255 41
 10.0 255 18
 98.8  90 54
 95.8  90 54
 91.2 110 27
 87.5 190 14
 84.1 235 14
 77.5 235  8
 74.5 205  4
 72.6 220  6
 71.4 270  6
 70.2 285 10
 61.1 270 23
 54.2 305 29
 52.0 305 23
 48.7 265 14
 44.6 255 16
 41.8 275 21
 35.1 270 33
 31.7 295 39
 27.9 290 33
 26.2 270 21
 21.5 255 37
 16.1 270 43
 12.1 290 27
 10.9 240 19
  9.5 265 18
D20221108.00
100.0  80 51
 99.7  80 53
 93.5  80 25
 90.5  60  6
 87.3 310  8
 81.0 300 18
 76.3 335  2
 75.9 315  2
 71.9 270 12
D20221108.12
100.0  90 41
 70.0 235 10
 50.0 290 16
 30.0 255 29
 96.0  75 14
 92.5 335  8
 89.9 290 10
 88.2 280 16
 84.9 295 18
 80.0 300  8
 77.5 345  4
 76.1  25  2
 74.0 325  4
 73.6 300  4
 71.7 245  8
 67.3 225 14
 64.1 260 27
 54.8 305 21
 44.4 265 23
 38.0 285 41
 37.6 285 41
 29.4 250 27
 25.2 260 25
D20221109.00
100.0 100 31
 70.0 195 16
 50.0 290 29
 30.0 245 23
 20.0 280 25
 10.0 270 21
 95.6 135  2
 95.3 260  2
 92.0 300 16
 86.8 320 19
 80.5  25 14
 75.7  40  2
 75.1 170  2
 73.0 200 10
 67.9 195 14
 64.8 260 18
 61.1 255 19
 58.2 275 10
 56.2 265 10
 49.6 290 29
 46.5 270 33
 30.1 245 23
 27.4 275 21
 23.1 290 23
 19.4 270 23
 16.1 290 27
 12.8 240 29
  9.7 270 21
  7.7 250 27
  6.9 290 16
  6.5 230 21
D20221109.12
100.0  95 41
 70.0 180 12
 50.0 265 25
 30.0 265 23
 20.0 270 31
 10.0 310 19
 93.8  75  4
 92.3 335  2
 91.0 310  6
 89.2 315  6
 87.2  30  6
 79.1  90 10
 76.0  75  6
 75.3  90  4
 73.4 165  6
 69.1 190 10
 66.3 250 14
 58.9 240 10
 55.0 295 19
 51.2 265 19
 47.0 275 31
 43.3 245 31
 36.4 270 27
 32.2 255 25
 24.9 280 25
 21.1 270 33
 17.2 285 31
 12.8 255 29
 11.1 275 25
 10.4 310 21
  9.4 295 21
  8.0 240 18
  7.7 270 12
  7.6 280 12
  6.6 340 18
  6.4 305 12
  6.1 285 12
  5.7 325 10
D20221110.00
100.0  90 33
 70.0 260  6
 50.0 255 27
 30.0 275 16
 20.0 295 21
 10.0 310 23
 91.6  95  6
 88.6  90  2
 88.0  50  2
 87.3 320  2
 86.8 350  2
 85.7 355  4
 83.0  50  8
 81.6  60 10
 74.8  35  2
 74.4 185  2
 74.0 200  4
 71.8 215  4
 69.5 270  6
 68.0 280 10
 59.2 220 12
 54.9 260 14
 52.7 245 21
 49.0 260 27
 45.1 250 29
 41.6 265 41
 32.1 240 19
 27.5 305 23
 23.8 290 21
 16.9 285 23
 14.9 255 23
 13.7 275 21
 12.1 260 23
 10.7 305 21
 10.0 310 23
  9.0 285 23
  7.3 300 27
  6.6 285 25
  5.9 320 19
  5.5 250  4
  5.4 185  8
  5.3 175 18
  5.2 170 27
  4.3 145  2
  4.1  70  4
D20221110.12
100.0  80 54
 70.0 155  2
 50.0 275 31
 30.0 300 16
 20.0 275 33
 10.0 280 29
 89.9  85 10
 87.5  65  8
 82.4 100 12
 77.5  95 16
 73.6 150 10
 69.5 165  2
 69.1 260  2
 69.0 275  2
 67.5 305  6
 61.7 245  6
 60.5 255  2
 59.6 310  2
 57.2 275 12
 51.8 275 29
 43.9 250 23
 39.9 265 25
 37.5 235 21
 31.8 240 10
 30.1 295 16
 27.2 315 25
 23.2 275 31
 14.5 275 25
 12.6 290 18
 11.5 275 23
 10.0 280 29
  9.0 310 41
  7.6 310 33
  6.3 270 12
  6.0 315 12
  5.7 310 18
  5.3  10 16
  5.2   5 10
  5.1 320  6
  5.0 230  4
  4.8 155 16
  4.7 125 25
D20221111.00
100.0  75 49
 70.0 360 16
 50.0 250 27
 30.0 295 31
 20.0 290 21
 10.0 285 41
 98.2  75 54
 94.9  80 54
 89.8 110 23
 72.8  80 12
 70.0 360 16
 67.8 360 19
 64.8 320 18
 62.4 350 14
 60.2 295  8
 58.1 305  8
 57.1 265 12
 55.7 245 25
 49.1 255 29
 45.3 230 21
 44.4 255 25
 40.7 255 29
 34.5 315 19
 29.4 295 31
 24.5 245 33
 20.6 290 25
 18.0 290 16
 15.1 235 23
 14.4 260 19
  9.9 285 43
  8.9 290 43
  8.3 305 27
  8.0 290 18
  7.5 245 21
  7.2 250 29
  6.9 265 25
  6.6 225 21
  6.0 235 10
  5.9 195  8
  5.7 205 12
  5.3 170 25
  5.1 120 23
D20221111.12
D20221112.00
D20221112.12
D20221113.00
100.0 105 35
 70.0 105  6
 50.0 250 31
 30.0 270 16
 20.0 245 31
 10.0 230 45
 94.2 105 43
 88.3  80 54
 81.8  65 33
 77.1  95 33
 73.6  50 16
 69.8 110  6
 68.7 190  6
 66.7 245  8
 62.9 250  2
 62.3 355  2
 59.2 345  2
 58.8 275  2
 58.4 260  2
 57.7 305  2
 55.8 265 14
 53.5 290 14
 52.6 270 14
 50.0 250 31
 48.8 245 31
 45.6 280 23
 38.9 265 16
 37.4 245 21
 32.0 230 16
 31.2 260 16
 29.5 285 19
 25.9 300 29
 21.6 275 23
 19.5 240 31
 16.5 265 27
 14.7 255 29
 11.5 285 27
 10.8 235 41
  9.6 230 47
  8.2 230 33
  7.8 250 37
  7.4 230 18
  7.2 175  8
  7.0 205  4
  6.8 290  8
  6.7 280  8
  6.6 300  6
  6.3 210 18
  6.2 200 18
  6.1 235 18
  5.7 255 14
  5.6 235 14
  5.4 275  8
  5.3 330  8
  4.8  45 19
D20221113.12
100.0  85 35
 70.0 140 12
 88.4  85 70
 82.1  80 31
 78.1 115 31
 75.2 115 35
 71.4 125 14
 66.8 160  8
 64.6 120  2
 64.5 100  2
 64.3  15  2
 64.2 355  2
 63.0   5  8
 57.8 305 10
D20221114.00
100.0  90 54
 87.4  80 64
 84.7  75 64
 82.4  80 41
 79.0  95 35
 77.4  95 21
 74.0 145  6
 73.4 115  6
 73.3 130  6
 72.7 100  8
D20221114.12
100.0  85 53
 70.0 290  4
 50.0 270 18
 30.0 260 31
 20.0 260 29
 10.0 270 23
 93.9  85 62
 80.4  90 60
 78.4  90 56
 75.2 110  6
 74.7  95  2
 71.4  70  2
 71.2  55  2
 70.4 305  2
 67.7 280  6
 64.8 340 10
 63.5 305 14
 54.7 280 33
 48.1 265 16
 46.8 245 16
 44.2 250 16
 39.3 305 29
 32.4 270 27
 27.5 270 27
 21.9 240 35
 19.6 260 27
 16.7 290 43
 15.6 275 35
 12.8 245 47
 11.8 235 49
 10.3 265 19
  9.8 265 23
  8.7 310 19
  7.1 330 49
  6.2 350 37
  5.9  35 18
  5.8  25  8
  5.7 350  2
  5.6 215  2
  5.5 140 10
  5.3 170 14
  4.7 120 43
D20221115.00
100.0  90 54
 70.0 255 16
 50.0 265 21
 30.0 230 39
 20.0 305 37
 10.0 290 39
 87.7  85 68
 84.3 100 49
 78.2 100 16
 75.3 185  4
 73.4 205  6
 71.3 260 10
 62.1 275 23
 56.3 260 29
 52.4 270 21
 46.0 265 18
 43.3 285 16
 40.4 290 29
 35.9 265 37
 34.4 280 29
 30.5 235 39
 26.7 235 27
 23.1 300 23
 19.8 305 35
 17.6 285 33
 16.1 250 29
 14.0 245 41
 12.9 245 41
 10.8 285 31
  8.6 285 33
  8.2 285 41
  6.4  30  8
  6.3  75 10
  6.1  85  8
  5.8 175 14
  5.7 165 19
  5.6 160 23
  5.2  95 19
  4.9 100 35
  4.5  85 72
D20221115.12
D20221116.00
100.0  95 43
 70.0 285 29
 50.0 290 16
 30.0 280 29
 20.0 275 31
 10.0 270 35
 87.2 100 62
 80.5  85  2
 80.3 290  2
 78.4 285 18
 75.0 270 19
 70.6 285 31
 59.5 280 21
 55.9 260 21
 50.5 280 16
 48.2 320 16
 46.0 295 16
 43.9 245 21
 37.9 265 31
 32.5 235 23
 31.4 275 18
 23.5 300 39
 17.0 255 45
 14.3 255 39
 13.6 275 35
  9.8 275 35
  8.9 295 35
  7.7 295 37
D20221116.12
100.0  85 39
 89.2  90 58
 87.2  95 58
 84.8  90 29
 81.7  80  4
 81.4 360  2
 81.3 345  4
 81.1 345  4
 81.0 305  4
 80.9 265 29
D20221117.00
100.0  75 51
 70.0 280 27
 50.0 300 19
 30.0 305 39
 20.0 255 43
 10.0 260 35
 93.3  85 62
 91.4  90 62
 87.2  90 19
 84.0  85  2
 83.0 225  2
 82.2 265  4
 77.5 285 31
 73.2 280 37
 62.7 265 18
 60.4 280 10
 57.5 270 12
 55.5 295 14
 54.4 285 12
 52.6 300 16
 37.4 245 25
 36.1 250 25
 33.8 305 27
 31.3 315 43
 24.0 280 35
 20.3 255 43
 18.5 270 45
 15.3 255 37
 13.4 290 41
 11.6 280 19
 10.7 255 27
  8.6 265 31
  8.1 295 18
  7.4 265 23
  7.0 265 21
  6.9 240 29
  6.7 210 10
  6.1  55 16
  6.0  50 14
  5.9  10 21
  5.4  85 33
D20221117.12
100.0  90 58
 70.0 260 21
 50.0 305 19
 30.0 285 37
 20.0 260 39
 91.8 100 70
 83.1  95  2
 82.7 265  2
 81.5 285 10
 77.6 280 31
 73.7 285 31
 69.8 260 21
 62.5 270 14
 59.8 305  8
 58.1 300 12
 56.3 340 12
 55.4 320 10
 53.2 335 19
 46.3 280 23
 43.4 280 25
 40.4 260 29
 35.3 300 37
 22.8 250 37
 16.0 270 35
 13.8 295 43
D20221118.00
100.0  80 64
 95.0  85 66
 88.8 115 19
 84.1 240 12
 80.8 260 33
 77.4 260 37
D20221118.12
100.0  85 76
 70.0 285 18
 50.0 245 29
 30.0 255 35
 20.0 270 33
 10.0 260 39
 92.8 100 16
 90.0 155  6
 88.5 230  8
 84.3 265 25
 82.2 265 39
 76.2 270 33
 72.0 295 19
 67.1 290 18
 64.4 260  6
 63.1 305  8
 61.5 300  8
 60.1 240  6
 58.9 290  6
 57.8 265  8
 55.8 275  6
 50.4 245 29
 44.6 245 29
 40.9 270 21
 36.8 305 31
 29.1 250 37
 23.7 255 37
 17.5 295 45
 14.0 275 35
 12.4 260 47
  8.1 250 33
  6.0 320 21
  5.9 310 23
  5.7 350 19
  5.6  30 16
  5.5  75 18
  5.3 145 21
  5.2 150 27
  5.0 130 33
D20221119.00
100.0  90 37
 70.0 265 10
 50.0 240 23
 30.0 260 31
 20.0 285 31
 10.0 285 49
 95.4 140 21
 93.4 185 18
 86.2 260 16
 81.3 275 35
 76.8 290 25
 72.6 270 18
 67.2 270 12
 65.4 235  4
 65.2 240  4
 64.3 325  4
 63.2 330  4
 62.5 225  4
 61.5 200  8
 54.6 260 25
 49.0 235 29
 45.3 245 23
 42.9 295 27
 38.9 310 33
 36.2 280 29
 27.1 255 31
 24.1 280 31
 19.9 285 31
 17.4 270 45
 16.5 265 37
 13.9 255 53
 12.1 255 53
 11.9 260 54
  9.5 285 49
  8.9 260 43
  7.5 255 33
D20221119.12
100.0  75 35
 70.0 280 16
 50.0 215 23
 30.0 260 29
 20.0 265 51
 10.0 255 41
 94.4  50  2
 93.9 315  2
 93.4 285  4
 87.6 250 29
 84.1 255 33
 76.1 315 19
 72.6 305 19
 69.8 280 16
 67.3 310 14
 65.7 285  8
 63.3  20  2
 63.2  10  2
 63.0 245  2
 62.6 220  6
 61.4 220 12
 60.1 240 12
 54.6 225 29
 50.1 215 23
 45.5 255 12
 42.0 305 21
 38.5 305 21
 36.2 275 25
 26.7 250 35
 22.0 280 45
 18.6 265 60
 13.8 265 58
 11.8 270 47
  6.8 240 21
  6.1 205 10
  6.0 225 10
  5.4 115 25
  4.7  55 47
D20221120.00
100.0  40 12
 70.0 225 18
 50.0 290 29
 30.0 255 35
 20.0 255 47
 10.0 280 39
 98.9   5  6
 97.1 250  8
 95.0 215 14
 90.9 255 19
 81.0 280 14
 77.4 225 10
 75.3 170 12
 73.1 205 16
 69.7 225 18
 62.9 215 14
 58.4 265 23
 52.0 290 29
 44.9 285 27
 42.4 310 25
 39.4 280 16
 37.9 230 12
 36.8 215 19
 32.6 225 33
 26.2 290 47
 22.9 285 39
 19.6 255 49
 11.3 260 43
 10.6 275 39
  8.6 265 45
  6.5 250 21
  6.1 210 12
  6.0 165 12
  5.7  80 27
D20221120.12
100.0  60 21
 70.0 240 14
 50.0 270 19
 30.0 280 41
 20.0 270 54
 10.0 260 39
 97.2  25  8
 94.8 295  8
 85.8 225 19
 79.7 260 16
 74.6 225 14
 70.7 245 14
 69.0 220 16
 62.8 225 23
 60.4 255 25
 56.9 270 25
 49.6 270 19
 47.5 255 12
 42.4 265 16
 38.9 240 18
 32.8 250 37
 28.6 290 49
 21.7 265 54
 13.4 270 43
 11.7 250 39
 11.1 265 35
 10.0 260 39
  8.8 280 35
  8.0 275 33
  7.4 250 10
  7.0 320  4
  6.9  10  4
  6.8 330  8
  6.6   5 14
  6.4  10 12
  6.3  35  6
  6.2 200  4
  6.1 210  2
  6.0 135  2
  5.8 165 12
  5.6 105 16
  5.1  85 29
D20221121.00
100.0  75 19
 70.0 230 31
 50.0 290 12
 30.0 290 47
 20.0 270 43
 10.0 260 41
 95.7  90  2
 95.3 220  2
 95.1 225  2
 92.3 150 14
 89.9 165 10
 88.3 230 12
 85.3 255 19
 82.4 230 25
 70.6 225 29
 62.7 245 27
 58.9 295 25
 50.6 275 12
 49.4 310 12
 45.5 310 12
 43.1 255 12
 38.4 240 23
 36.0 275 23
 31.4 285 47
 17.5 255 33
 15.6 265 37
 14.6 250 45
 13.3 255 35
 11.5 275 47
  9.2 265 43
  8.7 270 41
  8.3 270 33
  7.9 285 39
  7.2 290 19
  7.1 310 19
  6.7 320 29
D20221121.12
100.0  35 10
 70.0 235 21
 97.4  20  8
 95.6  70  4
 93.9 150  4
 91.9 140  8
 87.3 230 10
 82.7 245 19
 80.1 235 25
 75.8 245 25
 74.1 230 23
 62.9 250 19
 61.3 270 18
 58.1 290 18
 57.1 320 16
 55.3 325 14
D20221122.00
100.0 315  6
 70.0 290 12
 50.0 255 14
 30.0 260 39
 20.0 265 37
 10.0 265 29
 96.6 270 12
 92.5 245  8
 90.0 195  6
 86.2 255 18
 77.3 225 21
 75.8 245 16
 72.5 240 14
 70.6 290 12
 64.2 280  8
 62.4 345 14
 58.7 355  2
 58.1 185  2
 57.8 175  2
 55.5 195  4
 54.7 240  4
 51.2 300 10
 49.4 235 18
 43.8 260 35
 39.0 260 49
 23.2 275 39
 22.0 260 39
 13.6 275 47
  9.7 260 31
  8.7 245 31
  8.4 255 31
  8.1 240 27
  7.9 260 19
D20221122.12
100.0 290 14
 97.5 285 25
 93.0 295 10
 90.0 255 10
 87.8 275 12
 80.7 235 10
 78.1 110  4
 77.1 180  2
 76.8 285  2
 76.3 310  8
 75.2 320 12
 73.2 295 10
D20221123.00
100.0   5 25
 70.0 290  4
 50.0 255 45
 30.0 270 31
 20.0 270 37
 10.0 260 31
 94.7 330  6
 92.9 220  2
 91.6 185  6
 86.8 215 12
 81.5 175 10
 78.8  80  6
 78.1 360  4
 77.8 345  6
 75.1 350  8
 74.2  40  4
 73.5   5  4
 71.1 350  8
 69.8 285  4
 68.5 325 10
 65.8 345 12
 63.7 330  8
 63.1 345  6
 61.9  50  4
 60.5 200  8
 58.8 235 16
 49.8 255 45
 42.4 270 35
 37.6 295 37
 29.6 265 33
 26.1 270 35
 23.0 255 35
 21.7 270 41
 20.8 265 29
 19.2 285 39
 17.5 265 45
 13.4 260 45
 11.8 255 31
 11.3 265 31
  8.4 230 19
  8.1 165 14
  7.7 195  8
  7.6 220  8
  7.4 130  4
  7.3 360  4
  7.2 335  6
  7.0 345 16
  6.6 350 23
  6.4 345 29
  6.0  10  8
  5.9  65  6
  5.7  90 21
  5.5  70 18
  5.3  90 29
  5.0  70 23
D20221123.12
100.0 295 12
 70.0 345  6
 50.0 270 47
 30.0 265 37
 20.0 255 47
 10.0 235 21
 97.0 275 10
 94.3 285 12
 89.6 245 14
 85.6 270 10
 83.4 235  4
 82.3 165  2
 80.3 160  6
 76.3  15 10
 75.1   5 12
 72.6  15  4
 72.0 295  2
 71.7 285  2
 70.8 335  2
 67.8 355  6
 65.6  25  2
 65.2 175  2
 63.2 130  8
 62.8 140 10
 61.8 195 10
 58.8 280 12
 55.9 290 18
 52.6 270 45
 41.5 275 29
 39.8 290 31
 31.6 285 39
 29.9 265 37
 25.1 270 37
 19.6 255 45
 12.0 265 27
 10.8 235 23
  9.8 235 16
  8.2 305 14
  8.0 300  4
  7.9 335  4
  7.6 305 14
  7.4 345 14
  7.3 310 23
  7.1 295 12
  6.3 360 14
  6.2  35  8
  6.1  55  6
  5.9 140  8
  5.7  75 19
D20221124.00
100.0 340  8
 70.0  65  6
 50.0 265 39
 30.0 280 37
 20.0 255 27
 10.0 265 41
 92.7 295 19
 83.8 340  4
 83.0  65  4
 82.7  80  6
 79.3  95 18
 77.2  80 12
 74.7  95 10
 72.0  10 10
 71.4  20 10
 68.2 140  6
 65.8 155 10
 64.0 200 12
 59.8 270 18
 57.6 255 27
 54.8 265 45
 46.5 275 35
 41.9 260 27
 37.4 280 31
 31.7 265 37
 29.3 280 37
 27.6 250 25
 26.1 245 25
 23.5 275 31
 22.1 235 35
 20.1 250 27
 18.4 245 31
 13.7 265 27
 11.3 270 47
  9.9 265 33
  9.1 270 41
  8.9 275 35
  8.8 275 25
  8.0 295 25
  7.9 280 19
  7.1 315 19
  6.7 240  6
  6.6 245  2
  6.5  75  2
  6.4 120  6
  6.0 155 21
  5.8 125 25
  5.5 110 29
  5.4 110 37
  4.9  60 27
D20221124.12
100.0 205 10
 70.0  10  8
 50.0 265 31
 30.0 265 27
 20.0 285 31
 10.0 270 25
 99.5 205  8
 97.3 265 10
 96.3 275 10
 91.0 255 18
 84.3 220  4
 82.5 130  4
 81.8 115  4
 78.0 110 16
 75.2  75 12
 71.9  60  6
 70.3  10  8
 66.3  70  2
 65.7 215  2
 65.0 210  2
 63.4 245  8
 62.2 245 12
 61.0 270 14
 58.0 260 33
 53.9 270 43
 47.2 255 33
 35.7 275 23
 33.7 240 29
 30.5 265 27
 28.0 235 33
 26.3 260 31
 22.6 265 35
 21.3 290 25
 18.2 260 41
 15.4 275 41
 11.5 240 43
 10.7 260 39
  9.7 255 23
  9.3 290 25
  8.8 270 21
  6.8 260 18
  6.6 265 19
  6.4 225 16
  6.2 160 23
  5.3 115 60
  5.0 110 43
D20221125.00
100.0 240 10
 70.0 220 14
 50.0 275 27
 30.0 240 37
 20.0 275 43
 10.0 285 14
 93.6 275 12
 89.6 335 12
 85.0  20 12
 81.7  75 16
 78.4  70 14
 76.4 135  6
 74.7 105  6
 73.4 140  6
 72.1 115  6
 71.8 125  6
 70.9 200  8
 68.1 250 16
 65.3 270 25
 60.4 275 45
 43.6 275 23
 35.9 250 21
 33.3 260 31
 30.6 240 35
 25.4 250 27
 22.2 280 31
 20.3 270 43
 14.8 255 27
 12.3 325 18
 11.7 305 29
  8.9 260 21
  7.1 240 29
  6.7 265 31
  6.5 255 23
  6.4 225 14
  6.2 150 19
  5.5 100 45
  5.1 115 25
D20221125.12
100.0 215 12
 70.0  75  6
 50.0 270 25
 30.0 260 31
 20.0 265 41
 10.0 280 31
 94.9 220 10
 92.6 265  8
 89.5 290  8
 88.4 360  6
 83.8  90 12
 81.1  95 21
 77.5 145 19
 70.6 105  6
 69.0  30  4
 68.1 290  6
 67.5 270 14
 61.6 290 37
 53.9 290 39
 46.3 260 27
 42.7 285 21
 38.2 235 21
 28.0 260 33
 26.0 285 33
 22.6 285 37
 21.2 265 41
 18.4 255 39
 14.5 270 41
 11.1 265 37
  9.7 280 25
  7.6 285 23
  7.2 230 12
  6.6 200 12
  6.3 165  8
  6.1  95 12
  5.7 120 45
  5.5 115 49
  5.1  75 29
  4.7  80 25
D20221126.00
100.0 185 14
 70.0 280 18
 50.0 285 23
 30.0 270 39
 20.0 270 29
 10.0 265 47
 91.0 255  6
 89.2 335  4
 86.8 345  8
 85.7  20  6
 77.8 110 16
 73.8  70  6
 72.4  15  8
 71.1 295 10
 69.4 280 23
 66.8 280 37
 62.2 295 31
 55.1 265 25
 52.1 285 21
 48.6 285 23
 46.6 300 25
 43.4 300 27
 39.2 265 27
 33.0 270 41
 28.5 260 25
 26.2 280 29
 19.1 265 27
 17.0 280 35
 11.2 290 47
 10.1 270 47
  9.5 260 33
  9.1 275 39
  8.1 250 27
  7.8 265 37
  7.3 245 29
D20221126.12
100.0  65  6
 70.0 275 19
 50.0 295 21
 97.8 120  2
 97.6 150  2
 95.5 200  2
 93.7 190  4
 92.5 145  4
 91.1  25  4
 89.4 340  6
 83.4  65 19
 80.3  85 14
 78.2 130 18
 74.9 130 14
 73.2 175  8
 71.9 260 10
 70.9 275 14
 69.0 265 23
 65.3 295 35
 54.9 275 23
 51.6 300 23
 48.8 285 19
 48.7 310 23
D20221127.00
100.0  20 23
 70.0 215 12
 50.0 260 27
 30.0 290 37
 20.0 285 23
 10.0 280 37
 92.0  55 31
 85.4  45  2
 85.1 230  2
 83.6 200 14
 82.0 215 18
 79.9 205 19
 75.1 220 21
 67.7 225  8
 64.9 310 14
 64.0 320 16
 56.8 255 27
 47.6 265 25
 45.3 290 31
 41.7 255 35
 38.4 255 41
 32.3 290 39
 26.8 305 31
 21.0 280 23
 20.3 285 27
 17.1 250 29
 12.1 230 23
 11.6 270 25
 10.4 285 41
  8.7 240 27
  8.4 275 41
  8.2 265 33
  7.9 270 21
  7.7 275 31
D20221127.12
D20221128.12
100.0 255 10
 70.0  40 10
 50.0 315 25
 30.0 270 25
 20.0 245 31
 97.0 190  8
 93.9 190 12
 88.3 165 18
 84.6 125 23
 82.0 130 27
 75.4  95 14
 71.8  25 14
 66.6  70  8
 63.9  45 10
 63.1 350  8
 61.5 275  6
 60.6 285 10
 57.4 240 18
 54.1 285 16
 50.6 310 23
 44.2 285 33
 41.9 320 21
 36.7 315 39
 34.3 310 21
 32.9 270 19
 29.3 275 25
 27.1 245 27
 18.5 245 29
 17.1 275 25
 14.0 290 39
 12.7 280 31
D20221129.00
100.0 280 12
 70.0  90 14
 50.0 300 27
 30.0 265 23
 20.0 245 27
 10.0 255 23
 94.9 330  4
 93.1  50  4
 91.3  65  6
 85.4  70 19
 80.3  95 31
 74.5  45 23
 72.6  55 12
 71.1  85 12
 67.1  90 16
 63.9 205  8
 59.3 235 12
 56.1 305 12
 49.2 305 25
 44.1 295 19
 39.5 295 33
 36.5 310 19
 34.4 270 18
 30.7 270 21
 27.9 245 19
 24.2 240 27
 22.4 255 29
 20.1 245 27
 17.8 275 21
 16.5 275 31
 11.9 275 27
 10.3 230 19
 10.0 255 23
  9.5 225 10
  9.2 260  8
  9.1 215  8
  9.0 195 12
  8.6 285 12
  8.3 300 23
  7.7 315 35
  7.3 335 25
  6.7 120 27
  6.3 130 49
  6.1 120 43
D20221129.12
100.0 245  6
 70.0 100 14
 50.0 285 31
 30.0 235 18
 20.0 280 37
 10.0 240 18
 98.1 230  2
 97.7 235  2
 95.5 345  2
 95.0  65  2
 94.7  80  2
 90.9  60 10
 82.1 105 21
 79.2 105 27
 74.1  65 21
 70.5 100 16
 67.4 110 12
 65.3 225  8
 62.3 240 12
 57.3 315 18
 53.0 310 23
 50.4 285 31
 46.5 295 29
 44.3 315 21
 41.4 315 31
 39.8 325 25
 37.2 310 10
 36.3 240  8
 33.7 235 14
 32.4 250 16
 28.4 220 21
 23.8 265 25
 21.2 270 35
 18.6 300 33
 15.9 265 29
 11.5 250 31
 11.1 270 33
 10.7 235 23
 10.0 240 18
  9.0 305 18
  8.6 275 21
  8.4 325 14
  8.2 315 18
  8.1 355 12
  8.0   5 12
  7.9 335 12
  7.7   5  8
  7.6 325  4
  7.5 325  4
  7.4  70 10
  6.4 140 29
  6.1 110 53
  5.5  80 80
  5.3  90 78
D20221130.00
100.0  60  6
 70.0 130 18
 50.0 255 27
 30.0 235 18
 20.0 300 19
 10.0 305 21
 98.7  50  8
 90.6  75 31
 82.3  80 39
 79.0  95 35
 75.5  80 33
 70.5 135 18
 66.7  70  2
 66.6  55  2
 66.3 315  2
 65.9 285  4
 64.1 275 14
 60.9 290 12
 54.0 250 25
 49.7 255 27
 43.4 295 27
 42.0 270 21
 40.8 270 23
 38.6 240 18
 35.4 240 21
 34.1 255 23
 30.1 240 18
 25.2 270 10
 24.1 265 12
 22.3 295 16
 18.0 305 23
 16.5 280 19
 15.9 255 21
 13.4 255 33
 11.5 245 29
 11.1 275 23
  9.2 315 33
  8.0 270 14
  7.8 195 12
  7.6 165 12
  7.0 120 43
D20221130.12
100.0  95  4
 70.0  85 31
 97.9  80  8
 93.7 105 18
 82.0  85 37
 79.2 105 45
 69.7  85 31
 68.5  85 29
 67.7  70 18
 67.3 340 12
 66.1 320 14
