sing20160520.00
TTAA 70001 48698
99006 28824 19002 00081 28426 15003 92771 23834 19511
85508 19832 22016 70160 11656 25006 50590 04336 19503
40762 13362 03509 30975 28559 06510 25103 38358 03512
20252 50549 04025 15433 65747 02526 10669 83350 03535
88999
77999=
TTCC 70001 48698
70868 81759 02502 50067 72169 10022 30380 51784 34016
20640 53584 32509 10099 46189 19005
88936 84556 04538 88759 83956 13016
77999=
TTDD 7000/ 48698
11936 84556 22921 80158 33759 83956 44697 81960 55664
72767 66637 69971 77574 67573 88514 72569 99485 73169
11460 68973 22383 66774 33354 59979 44338 60779 55316
51384 66240 52584 77214 56781 88180 46988 99159 51984
11151 50586 22143 44990 33132 43390 44125 41991 55110
47788 66098 46189 77080 36593 88072 35593 99060 40791
11053 38592 22050 29995 33049 29195
21212 11922 05041 22864 06040 33757 13016 44734 18510
55729 19010 66701 06501 77690 34510 88681 34511 99667
29510 11653 28014 22640 24014 33626 22511 44614 17510
55593 15519 66565 11010 77548 09009 88444 10038 99383
08048 11353 11012 22336 09012 33330 07512 44326 04009
55324 01012 66313 36026 77304 35518 88290 31018 99280
32012 11273 30006 22268 28010 33219 27527 44212 28018
55205 32510 66197 31511 77191 32010 88185 13501 99180
22510 11173 22520 22165 22016 33159 20010 44149 00000
55147 28510 66141 28028 77135 26518 88129 31022 99119
31512 11116 27011 22112 25510 33097 00000 44092 06511
55091 06516 66088 02010 77073 08007 88069 08516 99065
06523 11060 07537 22057 11522 33057 12523 44053 09543
55049 14513 66049 12514=
