sing20160512.00
TTAA 62001 48698
99005 28623 29501 00068 28429 23002 92760 23422 17506
85496 19220 13008 70146 11856 09512 50589 03358 07012
40762 12563 05509 30975 27940 32006 25103 37947 31509
20253 50363 24515 15434 66556 25010 10667 83556 07018
88101 84950 07518
77999=
TTCC 62001 48698
70868 79161 22513 50060 74968 08045 30380 55783 22524
20642 50787 30022 10098 43790 21016
88094 46189 17513
77415 09060 41259=
TTDD 6200/ 48698
11965 81556 22903 84156 33766 81159 44750 77761 55693
79162 66678 76363 77595 80162 88575 76565 99561 77164
11506 76566 22491 70571 33470 69572 44460 70371 55406
54983 66381 52984 77324 56582 88262 50986 99243 53983
11195 49986 22160 52586 33153 49188 44139 50187 55126
49388 66109 41991 77094 46189 88077 42191 99072 43190
11066 39192
21212 11904 05033 22814 07521 33782 05010 44764 10506
55725 19010 66689 24510 77603 24022 88591 24014 99588
23510 11581 14502 22571 07010 33542 06534 44523 05036
55494 09047 66448 09059 77415 09060 88383 09522 99373
09018 11366 10514 22359 15011 33356 16511 44324 22017
55306 22528 66286 25017 77279 28017 88271 30023 99245
28558 11203 30522 22191 27527 33164 29036 44157 29533
55144 00527 66136 01514 77128 08013 88126 08510 99124
00000 11121 27510 22103 20010 33099 21017 44097 20019
55093 17513 66091 20514 77088 20013 88083 23014 99081
27010 11079 31006 22072 00512 33066 02518=
