sing20160518.12
TTAA 68121 48698
99006 27223 27002 00080 26824 22007 92768 24650 21512
85507 20445 22509 70159 10819 28008 50590 03129 13026
40763 13312 10515 30976 27134 10015 25105 37539 11013
20255 50330 10510 15436 65356 04016 10671 83357 12535
88999
77999=
TTCC 68127 48698
70869 81558 15003 50061 ///// /////
88976 84557 12538
77999=
TTDD 6812/ 48698
11976 84557 22835 85356 33730 80558 44646 82959 55631
76363 66580 78363
21212 11972 12538 22866 06535 33836 07027 44808 11010
55786 19503 66707 16002 77642 19510 88608 18017 99580
18506=
