sing20160526.00
TTAA 76001 48698
99008 28238 21504 00095 26828 19009 92783 24044 22012
85520 19839 27012 70167 09209 25007 50590 04159 00507
40762 12761 08519 30975 27759 05516 25104 38162 05533
20253 51957 07533 15432 66946 08543 10666 84334 10530
88999
77999=
TTCC 76001 48698
70869 76763 08008 50065 68573 08540 30381 56181 30010
20644 49384 23517 10098 42189 22023
88968 85736 10526 88799 79960 31012
77057 07067=
TTDD 7600/ 48698
11968 85736 22945 85156 33921 78359 44890 76162 55799
79960 66752 80160 77655 71570 88581 75166 99523 74769
11512 69374 22450 66974 33405 57780 44362 60978 55329
61978 66288 54582 77276 56380 88234 47785 99183 51783
11128 48786 22120 50584 33108 44788 44093 41190 55081
43588 66073 35793 77063 32994 88058 36992 99056 33194
11053 32794
21212 11918 10014 22913 10510 33903 18002 44806 30510
55781 30516 66760 31012 77738 36012 88723 00510 99679
10510 11670 09013 22636 10510 33621 07514 44591 08024
55563 10533 66438 08058 77410 11022 88382 15016 99369
18511 11363 22010 22358 25512 33335 30521 44319 33016
55285 00000 66268 22010 77260 25522 88244 32510 99237
28002 11220 23510 22207 21512 33180 28037 44160 28025
55155 26020 66149 28010 77144 30004 88141 25510 99136
25513 11130 23510 22120 25019 33107 20521 44103 22519
55099 22524 66094 20012 77092 21506 88088 27010 99084
26510 11082 18002 22081 10010 33079 10024 44075 10520
55070 14018 66069 13018 77066 09030 88057 07067 99053
10533=
