sing20160502.12
TTAA 52121 48698
99006 29447 06503 00079 28847 05505 92769 23431 11008
85506 20038 32504 70158 11249 04507 50589 03932 09512
40762 13366 09019 30975 28164 10019 25103 38369 13515
20252 50738 13014 15432 66350 20005 10667 83734 11515
88999
77999=
TTCC 52121 48698
70869 78761 22022 50062 70970 04522 30378 55981 06530
20639 50985 23527 10102 37992 24012
88956 85139 08019
77430 07571 44843=
TTDD 5212/ 48698
11956 85139 22767 75963 33658 80760 44624 76963 55598
77364 66536 75566 77510 70570 88470 72169 99460 69971
11446 70771 22417 63776 33373 57980 44350 59179 55327
52783 66276 55981 77245 55382 88214 49985 99193 51984
11174 44788 22157 47787 33131 46588 44122 41591 55101
37792 66074 41991 77066 36593 88062 38192
21212 11933 06524 22861 06036 33813 05514 44807 05010
55784 30501 66751 21510 77676 22024 88642 21512 99603
17019 11580 14011 22569 08007 33563 02510 44549 36019
55534 00525 66520 04029 77516 04528 88490 04523 99453
05553 11430 07571 22389 08561 33359 11041 44345 10032
55337 08516 66331 04509 77330 03510 88301 06530 99287
09515 11283 11510 22278 16506 33273 21510 44248 26028
55231 23508 66209 23035 77192 22512 88184 23522 99178
27021 11161 29031 22142 28020 33132 22010 44127 26022
55116 28031 66112 27528 77102 23017 88100 23513 99098
28508 11095 33510 22087 01517 33084 07010 44078 08512
55075 07514 66072 06024 77067 08051 88062 09049=
