sing20140206.12
TTAA  56121 48698
99003 28857 07009 00043 29258 07005 92729 21227 36011
85461 18631 30508 70106 11050 20011 50584 04767 16009
40757 11977 09023 30970 29159 11029 25097 39758 15012
20245 52556 13516 15425 68156 10539 10659 82950 07007
88999
77999=
TTCC  56121 48698
70859 771// 28514 50054 697// 33011 30368 625// 27534
20622 565// 31531 10070 517// 08060
88921 86556 12015
77060 09085 425//=
TTDD  5612/ 48698
11965 84758 22921 86556 33905 857// 44883 845// 55846
821// 66838 801// 77824 783// 88816 785// 99769 781//
11749 751// 22716 765// 33681 779// 44647 763// 55595
773// 66567 759// 77560 751// 88451 629// 99385 613//
11345 625// 22313 637// 33305 631// 44283 607// 55266
571// 66235 605// 77207 569// 88188 559// 99187 557//
11151 539// 22139 505// 33125 487// 44120 499// 55104
517// 66089 473// 77083 459// 88077 433// 99071 417//
11063 397// 22058 419// 33057 417// 44054 423//
21212 11916 12015 22902 13517 33830 10523 44756 16008
55701 28514 66667 26514 77645 27023 88614 26021 99585
27515 11558 31516 22506 32513 33469 28507 44461 23511
55439 19023 66425 21512 77412 25019 88368 27030 99339
25032 11292 28034 22232 29046 33224 30046 44210 29538
55199 31530 66171 28011 77160 19514 88154 17517 99144
08525 11137 07023 22124 07040 33116 09056 44110 08051
55091 10060 66089 10567 77088 10060 88087 11070 99085
11558 11079 10562 22075 11566 33074 11059 44062 08580
55060 09085 66054 09079=
