sing20140207.12
TTAA  57121 48698
99004 28256 07006 00049 28259 07003 92734 21826 00507
85466 18618 27510 70112 10650 20508 50584 04762 13516
40758 11977 09019 30970 29365 09025 25097 40157 10532
20246 51960 13522 15425 67957 11538 10659 83759 07537
88999
77999=
TTCC  57121 48698
70862 769// 25021 50056 703// 21012 30371 611// 29047
20622 597// 28514 10070 481// 11560
88946 85159 09524
88649 795// 26519
77118 09565 42825=
TTDD  5712/ 48698
11967 84562 22946 85159 33932 851// 44920 851// 55891
839// 66840 807// 77789 731// 88774 733// 99684 781//
11665 791// 22649 795// 33565 749// 44529 725// 55490
695// 66410 595// 77357 625// 88310 605// 99294 615//
11290 617// 22247 617// 33224 609// 44201 597// 55186
587// 66178 565// 77171 543// 88162 555// 99154 545//
11140 501// 22124 491// 33123 487// 44118 479// 55107
461// 66097 487// 77094 467// 88088 431// 99082 409//
11083 407//
21212 11935 10521 22814 15009 33799 21502 44781 28505
55728 24513 66661 26522 77612 23009 88601 23007 99569
16007 11540 29008 22504 21012 33455 26015 44447 27514
55411 24027 66404 23538 77325 29043 88250 27543 99222
29535 11210 30020 22199 28016 33195 25014 44179 23513
55176 20011 66173 16515 77167 17526 88155 13514 99147
06025 11140 08541 22132 10031 33118 09565 44108 11559
55094 10058 66083 10057=
