sing20140202.12
TTAA  52121 48698
99006 26657 07006 00066 29860 03003 92748 20827 32511
85478 17831 28519 70122 11672 30512 50584 04980 08006
40756 14585 08504 30967 30562 07022 25094 40756 11525
20242 52746 10034 15421 68542 10538 10655 753// 11027
88112 80149 08566
77107 08566 41878=
TTCC  52122 48698
70860 763// 27014 50058 697// 24522 30368 591// 29526
20622 579// 23531
88999
77999=
TTDD  5212/ 48698
11977 725// 22949 731// 33811 795// 44806 795// 55738
779// 66686 751// 77643 729// 88612 711// 99583 701//
11527 727// 22489 691// 33426 677// 44406 689// 55383
681// 66356 627// 77314 599// 88299 587// 99295 581//
11274 589// 22259 589// 33243 603// 44204 591// 55191
555// 66189 557//
21212 11941 17005 22908 26011 33844 27018 44829 27022
55747 30005 66711 27511 77655 27523 88622 24517 99602
26014 11546 29024 22518 27516 33502 24521 44446 23014
55417 22014 66392 26012 77368 21511 88356 24016 99322
27017 11292 30536 22278 30541 33233 27537 44209 25025
55198 23533 66189 24024=
