sing20140227.00
TTAA  77001 48698
99009 25056 06507 00093 27450 00000 92775 21032 03025
85507 18257 34515 70139 09662 14505 50586 04567 33004
40758 16172 07010 30969 31572 06019 25095 42362 09008
20242 53564 10520 15421 66162 23528 10658 81759 25022
88999
77999=
TTCC  77001 48698
70858 759// 07010 50060 651// 27017 30373 561// 32517
20631 561// 22014 10080 481// 08545
88912 84959 27010
77067 08563 407//=
TTDD  7700/ 48698
11923 84760 22912 84959 33854 811// 44800 829// 55796
819// 66742 785// 77733 775// 88716 763// 99680 749//
11655 731// 22603 653// 33573 619// 44544 639// 55510
655// 66484 623// 77466 635// 88430 649// 99391 667//
11361 661// 22356 657// 33310 581// 44287 559// 55220
559// 66179 531// 77174 519// 88149 529// 99137 543//
11129 517// 22115 481// 33082 429// 44080 417// 55078
407// 66077 403// 77070 407// 88064 391//
21212 11877 31007 22847 35019 33716 05007 44704 07510
55679 06006 66668 09006 77658 06505 88634 12513 99615
12010 11605 08008 22596 18004 33587 25013 44557 24525
55494 28022 66470 28039 77341 27515 88243 34504 99236
18504 11220 20024 22198 23511 33181 33004 44178 10506
55155 06029 66138 10033 77120 07534 88108 09547 99104
09550 11067 08563 22064 10057=
