sing20140209.12
TTAA  59121 48698
99004 29057 18005 00048 28050 11506 92735 23432 23005
85470 18425 32014 70109 08659 31019 50583 04733 08515
40756 12963 09530 30968 30358 09528 25095 39350 10028
20244 51142 14030 15424 67541 11537 10657 85140 08543
88999
77127 10562 42627=
TTCC  59127 48698
70859 785// 00507
88993 85339 08543
77999=
TTDD  5912/ 48698
11993 85339 22989 851// 33944 841// 44912 801// 55905
789// 66891 767// 77868 765// 88864 763// 99841 769//
11812 781// 22788 795// 33774 799// 44703 787// 55689
773//
21212 11980 08043 22961 07540 33941 07542 44901 13019
55865 18015 66830 20013 77813 20516 88796 21517 99779
20018 11746 19006 22730 31004 33715 35007 44700 00507
55689 32006=
