sing20140213.00
TTAA  63001 48698
99008 26248 06006 00087 24620 02511 92767 20816 02022
85499 20264 34014 70138 09466 30512 50585 05911 10515
40756 18107 09019 30966 31745 07528 25092 41556 09534
20239 54336 08549 15417 67724 09568 10653 78519 10017
88999
77160 10079 43828=
TTCC  63001 48698
70855 709// 26511 50057 661// 26545 30368 567// 26017
20627 565// 26027 10073 481// 07047
88865 82525 26010
77999=
TTDD  6300/ 48698
11917 80932 22906 81131 33865 82525 44842 821// 55830
809// 66800 785// 77779 791// 88736 773// 99694 703//
11678 695// 22624 693// 33602 681// 44595 667// 55541
669// 66468 685// 77462 683// 88383 673// 99354 641//
11312 573// 22309 569// 33267 539// 44264 537// 55257
543// 66206 561// 77192 575// 88180 551// 99170 537//
11156 551// 22146 551// 33133 539// 44114 481// 55091
453// 66081 473// 77075 447// 88067 455//
21212 11949 22505 22891 23013 33858 27010 44842 11001
55814 07509 66789 11505 77763 10005 88752 02007 99728
35004 11717 01503 22695 26515 33663 26526 44652 27527
55622 24032 66532 24538 77491 27046 88475 26551 99382
25031 11363 26020 22318 29521 33308 25020 44298 26518
55263 24024 66249 27027 77232 28526 88201 25528 99184
26520 11175 22511 22168 21517 33162 18013 44157 05007
55151 03519 66143 06513 77132 09539 88123 08557 99118
08060 11114 08046 22106 07544 33089 09069 44074 12064
55071 12052 66067 10067=
