sing20140207.00
TTAA  57001 48698
99006 24856 05006 00062 26650 04503 92743 21234 35008
85474 19058 26511 70115 09020 21017 50584 05961 17510
40756 11975 08518 30969 29168 10032 25096 40360 13014
20244 52759 11016 15423 68356 10534 10657 81532 06014
88999
77999=
TTCC  57001 48698
70858 755// 26008 50056 663// 29511 30370 597// 27041
20626 559// 24016 10073 487// 09061
88894 85757 08019
77074 09573 41605=
TTDD  5700/ 48698
11943 83957 22894 85757 33828 829// 44808 801// 55778
801// 66759 763// 77752 751// 88744 747// 99718 757//
11667 741// 22591 717// 33549 685// 44497 663// 55422
663// 66403 625// 77363 609// 88312 599// 99293 587//
11254 585// 22237 567// 33197 553// 44187 567// 55174
555// 66153 531// 77142 515// 88114 505// 99102 495//
11096 473// 22080 451// 33064 425// 44061 411//
21212 11963 08518 22920 08022 33755 03002 44699 26009
55676 24021 66654 24022 77633 23519 88613 23512 99604
19504 11594 19502 22566 25508 33548 27509 44450 25011
55435 24519 66421 27516 77414 27526 88368 24531 99275
28540 11261 27039 22226 29537 33222 29530 44193 21522
55173 16002 66167 18014 77161 15513 88155 10024 99147
07032 11134 09542 22129 10040 33124 10049 44119 10058
55115 08562 66111 08065 77107 08569 88103 09068 99100
09061 11074 09573 22071 09557 33069 09571 44061 08060=
