USSR01 WSSS 040000
TTAA  54001 48698
99009 25023 31006 00111 24212 33010 92795 22236 35527
85528 19031 33016 70168 09219 27014 50588 05556 26510
40760 15160 27014 30971 31350 09514 25097 41957 11023
20244 54358 14045 15422 68764 12047 10657 81762 08516
88999
77126 10564 42041
31313 73508 82349=



UKSR01 WSSS 040000
TTBB  54008 48698
00009 25023 11936 21210 22904 21642 33864 20047 44763 12202
55673 08846 66558 01707 77525 04114 88509 04757 99498 05559
11489 06550 22458 10329 33445 11158 44433 11562 55400 15160
66379 18356 77289 33543 88260 39558 99231 46550 11224 48340
22218 49935 33214 50541 44209 51559 55202 53557 66194 55564
77122 77760 88117 74364 99100 81762
21212 00009 31006 11992 34012 22921 35527 33822 33012 44738
26014 55711 27516 66644 24004 77632 27502 88626 35004 99623
33506 11617 35006 22595 31008 33552 27010 44515 29508 55493
24510 66467 26510 77449 30512 88431 30514 99390 27012 11331
34004 22329 33002 33325 13002 44297 09516 55275 11521 66249
11023 77207 14043 88126 10564 99100 08516
31313 73508 82349
41414 48442=



ULSR01 WSSS 040000
TTCC  54001 48698
70860 75965 27025 50056 71574 05019 30367 58584 09064
20623 54785 09082 10083 40789 21023
88953 83560 11014
77195 09084 42135
31313 73508 82349=



UESR01 WSSS 040000
TTDD  5400/ 48698
11953 83560 22919 83559 33871 76964 44805 78961 55733 75765
66614 77165 77561 70571 88503 71574 99380 67782 11341 60983
22226 57184 33199 54585 44192 54185 55183 48587 66159 47787
77144 44588 88130 46787 99123 46787 11113 45588 22108 44588
33106 44388 44105 44388 55104 40789 66070 43788 77058 42388
88053 42788 99049 39589
21212 11947 11012 22915 18510 33899 21010 44875 28510 55848
29023 66785 29019 77745 27523 88683 27025 99638 28529 11556
29502 22555 33002 33552 07002 44548 09004 55538 09510 66504
04518 77456 11029 88425 09039 99385 10047 11362 08553 22195
09084 33181 10060 44167 08049 55158 09031 66150 05518 77144
07510 88139 20008 99134 21018 11115 21521 22109 16516 33103
20023 44093 22012 55089 29018 66085 30525 77074 35008 88067
31518 99064 33518 11061 29019 22058 31012 33056 27012 44054
15008 55052 11014 66051 12012 77049 25506
31313 73508 82349=
