sing20230822.00
TTAA  72001 48698
99007 27833 20004 00097 27220 15010 92782 22224 15019
85518 19450 16521 70163 10459 18510 50589 05930 02502
40761 17101 09518 30971 30735 09523 25097 41147 06023
20245 53730 07033 15424 67556 09033 10662 75956 25531
88999
77999=
TTCC  72001 48698
70871 69561 29010 50074 67956 28539 30386 63148 07045
20641 52558 10064 10096 44388 07558
88966 77156 25529
77070 08578 42743=
TTDD  7200/ 48698
11966 77156 22883 73759 33781 72157 44733 72759 55724 72959
66716 69363 77675 67360 88619 69357 99578 66558 11480 68550
22433 67756 33420 64958 44364 61357 55331 60556 66295 63349
77279 60757 88268 61750 99238 58557 11229 55959 22084 42388
33076 42988 44072 42388 55064 36790 66055 35790
21212 11970 25029 22927 28023 33894 27021 44858 28519 55794
26025 66758 30018 77737 30012 88719 32502 99698 28512 11672
26018 22634 25023 33532 28043 44471 29537 55427 32016 66408
04519 77393 06535 88383 06027 99350 15019 11335 11027 22310
08041 33277 07558 44211 10068 55183 09564 66180 09566 77177
09553 88176 09547 99172 09562 11121 09556 22103 07560 33090
07564 44082 09053 55078 09051 66070 08578 77068 09078 88061
06539 99055 09537=
