sing20230803.00
TTAA  53001 48698
99010 28838 20503 00118 28018 16004 92808 23634 15016
85545 18414 25010 70185 09430 26512 50591 05158 15504
40763 16307 10008 30974 30943 10523 25101 40349 06537
20249 52764 05539 15429 66358 07556 10666 78758 05006
88103 79958 05514
77142 08066 42133=
TTCC  53001 48698
70872 67969 24012 50076 65779 27016 30389 63983 07025
20641 54985 10066 10090 48785 09076
88337 66981 34023
77087 08584 40902=
TTDD  5300/ 48698
11898 80956 22871 77159 33816 77358 44791 73762 55706 68169
66573 67975 77554 64978 88495 66380 99474 61783 11451 59984
22337 66981 33295 63183 44247 62583 55203 54985 66161 54184
77136 49986 88120 50985 99078 45588 11071 40189 22064 40187
33061 39787 44058 37987 55057 37987 66056 38585 77055 38585
88054 36387 99053 31591 11052 30191 22041 33583
21212 11985 06502 22977 27502 33952 27508 44913 24014 55903
24514 66882 29516 77847 32025 88797 32004 99791 25504 11763
22014 22727 26514 33671 21014 44639 24521 55593 22019 66563
28514 77538 24019 88517 25525 99503 26518 11456 24025 22329
35523 33306 06021 44276 10039 55254 08547 66205 09570 77105
09068 88087 08584 99076 08584 11056 14023 22055 12027 33054
10551 44053 09518 55052 10510 66051 25002 77049 28012 88048
33006 99047 04008 11046 05018 22042 36016 33041 00519=
