sing20230801.00
TTAA  51001 48698
99008 28249 19505 00106 27432 17508 92790 22018 14012
85524 19459 16004 70169 09420 33016 50589 05550 01008
40762 13365 07514 30974 29368 07021 25101 40562 06533
20249 52760 05543 15428 66960 07058 10665 81558 05531
88101 81558 05533
77139 07566 41547=
TTCC  51001 48698
70872 69369 25510 50075 65175 26508 30388 59380 10033
20645 55981 09553 10089 50386 08591
88999
77103 09091 42310=
TTDD  5100/ 48698
11954 79958 22925 74562 33762 75164 44695 68369 55636 65972
66537 67176 77516 64377 88462 66974 99421 64179 11387 66375
22329 60979 33302 59380 44276 61978 55255 56582 66225 54183
77179 57181 88151 57383 99109 50386 11095 50186 22083 44188
33069 41989
21212 11944 06504 22941 02502 33937 30502 44935 29004 55879
25018 66836 25519 77780 27535 88722 27016 99698 25012 11650
25523 22540 27018 33529 30512 44506 26508 55488 28002 66483
36002 77481 35502 88474 27004 99465 25510 11456 28514 22437
29523 33411 33027 44375 01014 55360 07502 66359 10002 77358
19502 88353 23502 99351 21002 11349 10502 22336 13012 33317
12518 44295 08531 55265 10547 66140 09574 77128 10066 88103
09091 99100 08591 11091 09591 22086 10091 33076 09084 44069
08549=
