sing20230828.12
TTAA  78111 48698
99006 29049 24002 00084 28035 18510 92776 23033 17012
85509 17814 23514 70153 09832 28018 50588 04743 24002
40761 14524 11504 30973 29535 11010 25100 40137 09518
20249 52361 07547 15429 65164 08543 10667 77158 36018
88120 75158 07516
77999=
TTCC  78111 48698
70874 73763 25512 50076 63774 27031 30388 58981 11025
20644 51586 09058 10100 43388 10062
88811 78559 24523
77074 09074 41326=
TTDD  7811/ 48698
11984 74161 22811 78559 33763 71964 44693 73963 55632 72365
66617 68369 77549 64372 88453 65573 99410 62776 11341 65775
22327 65776 33313 60181 44261 59984 55213 55385 66204 52386
77166 52186 88154 48987 99118 47787 11077 38589 22066 32391
21212 11994 35516 22972 28012 33940 25021 44723 24014 55688
26502 66687 27502 77684 04002 88644 08010 99604 06010 11599
04008 22581 27508 33561 27010 44536 28523 55467 26533 66441
27535 77369 25521 88338 33014 99325 07016 11308 11525 22270
07535 33255 08553 44217 09054 55208 09068 66199 09058 77130
09564 88118 10554 99103 10562 11079 08060 22074 09074 33066
09549=
