USSR01 WSSS 261200
TTAA  76111 48698
99005 28856 24502 00078 28044 10508 92762 22422 15014
85497 18450 16019 70141 11258 22516 50587 05130 22510
40759 15721 28508 30970 30335 06518 25097 40935 08529
20244 53950 07529 15422 69357 07053 10659 73162 26504
88122 77756 08072
77128 07576 42472
31313 73508 81040=



UKSR01 WSSS 261200
TTBB  76118 48698
00005 28856 11962 24822 22895 20214 33833 18059 44784 15444
55713 12058 66585 01844 77563 01056 88470 08125 99357 21529
11298 30737 22192 56356 33182 59340 44134 74158 55122 77756
66114 71560 77100 73162
21212 00005 24502 11984 12510 22946 14512 33852 16019 44737
22016 55626 24508 66610 23002 77608 20502 88606 24002 99603
21502 11598 29004 22583 31506 33573 31508 44551 25506 55536
24008 66511 24512 77493 21512 88473 21512 99452 19508 11430
22008 22411 28008 33392 28006 44380 30004 55366 28506 66346
32008 77319 06510 88228 08529 99198 07529 11128 07576 22123
08074 33114 09527 44108 09004 55107 10502 66106 18002 77105
20004 88102 20004 99100 26504
31313 73508 81040
41414 11478=



ULSR01 WSSS 261200
TTCC  76111 48698
70865 74161 06033 50068 59572 26018 30387 55170 29033
20647 49586 25547 10107 41789 27531
88867 78160 09510 88435 62768 27027
77999
31313 73508 81040=



UESR01 WSSS 261200
TTDD  7611/ 48698
11867 78160 22772 77760 33719 74362 44661 75161 55655 75561
66641 68567 77575 66967 88531 64169 99513 60173 11435 62768
22398 62167 33368 57571 44339 59566 55299 54970 66269 57569
77261 57569 88250 52974 99205 50985 11194 47787 22178 46187
33148 48787 44137 49586 55102 42788 66094 40789 77086 42388
88083 43388 99076 38589 11073 37590 22067 40189 33055 38390
44049 32591
21212 11991 29506 22951 34504 33935 07002 44927 08504 55885
10508 66800 05023 77744 09031 88682 06037 99629 11037 11549
13504 22533 23004 33500 26018 44392 27521 55345 25525 66299
29033 77260 26529 88224 26523 99205 25043 11175 26056 22145
26535 33124 27045 44114 26039 55096 28531 66081 27527 77069
31529 88066 34518 99064 02018 11056 07029 22049 09054
31313 73508 81040=
