sing20220812.00
TTAA  62001 48698
99007 29239 21002 00092 28424 13004 92784 24250 15012
85517 20050 17008 70167 11271 32512 50589 05359 24508
40760 17911 09521 30970 31761 10535 25096 42361 08533
20244 52569 07543 15424 67362 10027 10658 76160 10029
88109 80557 07531
77999=
TTCC  62001 48698
70865 76565 02519 50067 52986 09035 30394 54385 25523
20656 51386 26519 10115 40989 28029
88761 77164 02008 88333 59184 29523
77599 08064 46017=
TTDD  6200/ 48698
11929 76361 22911 72764 33761 77164 44678 76365 55647 71969
66630 72568 77565 66776 88512 58384 99505 54385 11486 51586
22333 59184 33310 54185 44293 55585 55275 52786 66247 53585
77217 49786 88161 51186 99128 44388 11105 40989 22081 43388
33075 43788 44065 37590 55052 33994
21212 11952 08031 22801 16006 33787 13504 44774 05004 55763
02508 66718 00518 77678 06023 88599 08064 99523 08056 11477
12508 22467 21008 33451 25521 44409 27523 55376 27018 66353
29521 77316 30012 88307 26014 99293 26033 11263 27537 22237
29514 33227 26512 44191 25531 55163 27537 66118 26529 77091
29521 88084 27519 99069 06016 11066 05016 22062 05018 33056
05516 44053 11504 55052 11002=
