sing20220805.00
TTAA  55001 48698
99008 27436 21003 00098 26419 19508 92786 23661 23514
85521 18048 26019 70163 08411 34512 50587 06112 29504
40759 15723 11012 30969 30942 08529 25096 41538 07531
20243 54135 07553 15421 70556 07062 10654 72761 09551
88111 82156 06068
77125 06076 41834=
TTCC  55001 48698
70869 66770 04519 50070 66172 08545 30392 53585 29033
20654 53385 28535 10111 43588 25004
88648 69775 07519 88307 53985 28533
77999=
TTDD  5500/ 48698
11920 74361 22894 74162 33885 70566 44847 65968 55735 65371
66648 69775 77549 68178 88524 64973 99485 66174 11472 63576
22407 62783 33396 62183 44357 50986 55307 53985 66273 51986
77256 53785 88237 51186 99209 53185 11131 48787 22117 44388
33108 42188 44094 44588 55084 44188 66079 41189 77069 41189
88058 36390 99050 31192
21212 11894 09047 22842 12525 33793 12518 44701 05019 55630
09025 66521 09043 77446 07037 88404 11027 99362 08519 11350
09006 22348 13002 33346 22502 44344 24504 55315 27531 66291
29029 77263 25019 88233 26541 99207 28539 11155 26535 22146
28039 33127 31512 44116 28029 55102 28506 66098 20004 77096
12004 88092 09012 99089 13512 11080 12019 22078 16516 33070
12018 44065 11525 55060 13012 66055 05014 77052 29512 88050
27006=
