sing20220803.12
TTAA  53111 48698
99006 28657 25002 00089 28056 22002 92773 21811 22006
85504 18442 24510 70144 09217 01008 50587 04531 09523
40759 14717 10012 30971 29728 06521 25098 40141 08029
20246 53349 07029 15424 68157 08053 10657 83956 05560
88999
77999=
TTCC  53111 48698
70865 67562 08551 50070 59966 19502 30388 54169 08014
20651 50185 25529 10109 44788 26514
88988 84556 05562 88452 64564 33512
77964 06566 41744=
TTDD  5311/ 48698
11988 84556 22946 82157 33934 77761 44892 72161 55777 73159
66695 66963 77610 67162 88557 65364 99527 59768 11452 64564
22418 64765 33381 62565 44362 58369 55305 55369 66287 51171
77260 53168 88247 50772 99158 50586 11149 49786 22142 45787
33095 44988 44092 46187 55084 44788 66083 45388 77082 45587
88078 41589 99067 39789 11057 32791 22056 30392 33050 32791
21212 11964 06566 22919 08562 33863 10533 44838 11029 55782
08033 66724 08053 77661 10545 88557 09547 99509 12508 11504
15004 22495 24504 33482 29506 44459 32510 55431 33512 66397
04518 77374 06527 88343 12002 99342 10502 11340 00502 22294
10504 33292 17502 44291 22504 55287 25510 66263 28035 77229
23010 88199 26029 99183 25519 11178 24019 22147 25521 33134
26035 44113 27519 55105 30514 66100 26514 77087 24510 88085
19506 99084 14006 11083 11512 22080 09531 33067 08533 44059
08033 55053 14006 66051 10006 77050 09508=
