sing20220819.12
TTAA  69111 48698
99004 29657 22002 00074 28656 15004 92764 23650 13010
85496 18420 16004 70145 09824 03504 50587 05144 10002
40759 14760 06014 30971 29769 08033 25098 40168 07049
20247 50569 09535 15427 66742 12525 10661 83346 04519
88999
77999=
TTCC  69113 48698
70864 71764 07547 50070 52586 05502 30396 55585 26027
88928 85932 08019 88431 57584 21512
77623 08066 42936=
TTDD  6911/ 48698
11928 85932 22912 82556 33857 81548 44808 76958 55745 76759
66696 71164 77642 71570 88629 67173 99554 56984 11508 52586
22431 57584 33399 54785 44360 56984 55255 53785 66240 50786
77220 52586
21212 11942 07018 22880 12025 33826 08525 44791 07541 55746
08035 66623 08066 77590 08566 88563 09558 99504 08004 11500
05502 22498 30002 33496 26502 44467 24021 55431 21512 66418
25012 77379 29027 88275 25525 99255 28518 11238 25019 22220
26023=
