sing20220815.12
TTAA  65111 48698
99006 31259 22004 00083 30458 21006 92775 23834 21006
85511 19044 26008 70156 10858 23008 50587 05744 17016
40758 15758 13514 30968 31359 09039 25095 41758 07543
20242 53156 06070 15421 68362 07078 10660 74564 23004
88124 74764 09037
77154 06578 41742=
TTCC  65111 48698
70863 75362 07041 50067 58384 09537 30392 55385 25541
20654 48387 25531 10113 43988 29018
88784 81559 13508 88140 51186 26518 88067 39389 08506
77999=
TTDD  6511/ 48698
11784 81559 22676 75362 33578 62777 44525 63783 55515 63783
66508 59984 77483 57584 88446 58984 99381 55985 11370 52985
22294 55985 33243 53785 44194 46787 55140 51186 66117 44388
77101 43988 88093 42188 99086 37790 11081 35790 22067 39389
33053 37190
21212 11957 24008 22870 14008 33801 16008 44770 10010 55744
07519 66699 07041 77612 08058 88553 10054 99524 09054 11481
08014 22457 02504 33442 03002 44436 33502 55427 28502 66420
29004 77397 23010 88372 28521 99353 28041 11209 24043 22198
26029 33185 29031 44153 31519 55149 29018 66130 24531 77121
24543 88116 24541 99095 29006 11093 22502 22091 20006 33083
22008 44080 10006 55078 08512 66075 11508 77073 20508 88069
23506 99068 20504 11067 08506 22061 07525 33053 07027=
