sing20220831.00
TTAA  81001 48698
99006 26630 04501 00089 26627 14002 92776 21821 20014
85505 18030 24506 70147 09847 11004 50586 05136 28004
40759 15142 18510 30969 31156 10510 25096 41364 08018
20243 53760 08039 15421 69757 07547 10653 77559 07051
88114 82156 05549
77999=
TTCC  81001 48698
70863 72781 11521 50069 57184 26514 30390 53985 27031
20649 52386 26035 10102 47187 26533
88434 60983 25023
77999=
TTDD  8100/ 48698
11935 73761 22888 74762 33836 70567 44714 73379 55625 68382
66591 61983 77522 59784 88512 57184 99434 60983 11358 60384
22309 56984 33301 54185 44251 57384 55222 53585 66157 49986
77127 50586 88113 45987 99088 46387 11080 45787 22074 41389
33068 40789 44059 36790 55057 36590 66051 27793
21212 11921 06539 22867 08043 33779 12016 44724 13021 55690
10021 66614 10527 77523 02510 88505 27010 99474 26029 11443
25027 22356 30527 33334 27519 44291 26535 55243 26531 66228
27016 77216 25533 88180 25535 99160 29031 11091 25529 22078
24512 33076 19010 44073 19523 55068 18523 66062 10027 77054
11021 88052 08516 99051 05510=
