sing20220810.12
TTAA  60111 48698
99004 30458 20008 00070 30257 17508 92764 23430 16016
85497 19650 21010 70145 10259 29012 50587 06156 28508
40758 14958 06516 30970 30958 08523 25096 40561 07556
20244 52763 06060 15424 66962 09047 10659 75362 09039
88106 82558 09043
77197 06062 40916=
TTCC  60111 48698
70868 72767 11523 50068 62178 08043 30392 55785 29529
20657 49986 26539 10115 44388 28019
88999
77999=
TTDD  6011/ 48698
11968 72763 22847 74363 33792 70967 44694 72967 55590 71969
66542 69372 77446 53585 88356 57584 99323 57984 11278 50786
22203 49786 33190 46987 44162 49786 55123 46787 66114 44188
77081 42388 88058 32991
21212 11944 05031 22906 04539 33813 09521 44770 15018 55684
10525 66647 10018 77525 08543 88497 08043 99443 06508 11434
01002 22428 29004 33421 26008 44402 26512 55387 24519 66326
25527 77297 29529 88239 26025 99211 26037 11180 29541 22153
27025 33142 27037 44125 28039 55096 29018 66092 35514 77084
08504 88083 11004 99081 07008 11078 08512 22067 10537 33062
11535 44058 10021=
