sing20220817.00
TTAA  67001 48698
99008 28041 25002 00101 27430 16506 92789 22820 17514
85523 18636 19012 70159 10461 25514 50588 05757 23008
40759 17909 13506 30969 31957 08016 25095 42559 07533
20241 54162 07568 15420 67763 05564 10660 78562 04502
88999
77201 07568 42418=
TTCC  67001 48698
70865 75165 09035 50069 53985 09008 30394 57184 27547
20652 51386 21508 10112 45987 21004
88933 80759 00506
77999=
TTDD  6700/ 48698
11933 80759 22916 77562 33846 78960 44811 73364 55733 75764
66692 75565 77642 69170 88587 65175 99562 66175 11545 65776
22539 64777 33531 59183 44508 53785 55470 56185 66434 53785
77405 56585 88383 56984 99364 53585 11297 57784 22260 58584
33212 53985 44185 47787 55140 47587 66119 44788 77101 45787
88080 43588 99074 39989 11056 35799
21212 11992 02004 22970 35506 33912 00502 44903 32502 55889
29002 66865 33002 77857 12002 88837 12010 99791 08021 11732
08521 22635 08556 33546 10553 44511 09516 55472 07510 66436
01010 77422 31008 88383 29514 99341 26545 11238 28025 22214
25016 33206 22510 44185 19510 55176 24527 66167 25041 77134
25519 88127 20010 99120 24021 11115 25029 22102 25008 33098
16004 44089 09508 55088 07506 66083 11008 77081 08516 88065
10041 99056 11031=
