sing20220828.00
TTAA  78001 48698
99007 25015 34501 00093 24406 31006 92779 21214 26502
85505 17631 01008 70145 08216 05014 50586 04344 10010
40759 15142 10016 30969 30737 10516 25096 40758 09518
20243 53561 10025 15422 68758 08039 10654 84156 07556
88102 84948 07551
77999=
TTCC  78001 48698
70864 71171 07029 50069 55785 07504 30391 57584 28537
20652 49986 24027 10111 44788 27541
88644 73570 06037
77984 07562 42448=
TTDD  7800/ 48698
11945 75361 22873 68765 33644 73570 44604 68973 55572 61179
66533 59784 77515 55585 88440 56385 99391 61183 11372 56785
22282 57984 33261 57384 44243 55185 55236 52186 66180 50386
77161 46587 88139 47587 99081 42988 11070 44188 22060 41389
33057 36390 44054 34799
21212 11984 07562 22920 10054 33864 10031 44790 13018 55775
12014 66752 08010 77663 06037 88572 09547 99539 08037 11502
07006 22493 12002 33488 19002 44477 23008 55416 28525 66383
27021 77365 27037 88240 29010 99231 23506 11226 22510 22194
25033 33183 25019 44169 26039 55139 29029 66124 28545 77112
28531 88101 27539 99090 27531 11073 33010 22071 03512 33063
11027 44054 12021=
