sing20161215.00
TTAA 65001 48698
99008 27440 31002 00095 26640 30005 92781 22650 28519
85516 18442 26518 70154 09431 27021 50587 05331 24516
40759 16557 12012 30969 30756 10034 25096 41157 11041
20243 54142 10049 15421 69549 09562 10656 78363 22511
88118 79357 09057
77142 09565 40505=
TTCC 65001 48698
70858 75565 25529 50057 65775 27521 30372 61578 30035
20627 53783 25026 10077 49387 26018
88924 81361 26530
77056 10070 443//=
TTDD 6500/ 48698
11924 81361 22809 80961 33687 75165 44638 76364 55560
67973 66479 65176 77438 66575 88401 64577 99362 57581
11334 57381 22285 62978 33218 54783 44164 52984 55107
48187 66095 49587 77089 46589 88074 48787 99066 39791
11060 38392 22054 39392
21212 11967 25518 22913 26532 33846 26016 44817 28517
55772 26508 66710 26530 77705 26030 88667 22516 99635
25513 11619 29510 22594 29013 33578 26017 44551 29520
55523 27022 66498 27521 77470 25025 88428 30024 99386
27529 11323 29542 22310 30540 33282 28531 44266 29020
55251 32016 66247 31015 77233 30019 88225 25019 99189
24031 11164 27037 22139 28033 33132 25028 44114 24043
55109 24038 66102 27020 77100 26018 88097 22022 99088
17023 11083 10025 22082 09528 33078 10011 44073 04527
55072 04023 66071 05523 77070 07030 88065 05552 99060
09561 11056 10070 22054 09568=
