sing20161229.12
TTAA 79121 48698
99007 28857 07007 00083 28057 02510 92770 21412 35514
85500 17456 01014 70140 10656 35009 50587 04141 33507
40760 14923 15505 30971 30138 16502 25098 40930 11513
20245 53938 08025 15424 68157 11068 10661 80558 27045
88999
77144 11075 41966=
TTCC 79121 48698
70860 79761 02509 50059 65376 28517 30375 58780 26034
20631 53183 27536 10085 46388 01017
88827 84758 20510
77055 09563 420//=
TTDD 7912/ 48698
11827 84758 22642 78363 33617 72368 44592 72769 55564
66176 66502 65176 77420 59780 88378 62578 99083 42390
11074 43990 22056 36393 33052 38392 44049 34793
21212 11893 25023 22850 21016 33832 20012 44812 24007
55763 33010 66726 36010 77703 02510 88683 08506 99670
13510 11660 14511 22625 07018 33603 05518 44589 07019
55581 08016 66575 08010 77568 01002 88559 28510 99541
28525 11513 30019 22491 28522 33458 29513 44445 27021
55390 28044 66367 26041 77303 26033 88276 26545 99205
27535 11172 26032 22155 28529 33126 23027 44122 22525
55110 26517 66105 30010 77101 36016 88094 05006 99093
07010 11087 08036 22085 07536 33080 10540 44075 08543
55070 09548 66066 08041 77059 10552 88055 09563 99049
10557=
