sing20161210.00
TTAA 60001 48698
99006 25819 04002 00080 25421 31007 92763 21613 32512
85495 18226 28522 70139 09220 26533 50586 05113 28005
40758 14329 05008 30970 29556 02009 25098 40559 06521
20245 52960 08032 15424 68556 08541 10655 87941 09055
88999
77999=
TTCC 60001 48698
70855 69370 03008 50056 64775 25530 30372 57979 27524
20628 55580 22536 10076 48184 19026
88911 90139 09571
77890 09072 41956 77048 05566 447//=
TTDD 6000/ 48698
11911 90139 22812 85758 33796 76963 44719 67971 55615
71768 66600 68971 77566 71169 88497 64375 99386 59778
11340 62377 22321 61777 33307 57980 44250 58779 55210
54581 66151 55781 77121 52382 88109 44387 99099 48584
11093 46586 22083 48984 33075 47585 44072 42589 55065
37591 66058 35792 77054 37391 88046 31194
21212 11927 10066 22890 09072 33847 08064 44816 08556
55790 09027 66778 11018 77769 12017 88756 11517 99736
05515 11730 03515 22721 02515 33702 03510 44693 35005
55682 30010 66612 27523 77587 27529 88564 29026 99520
25519 11514 24521 22420 28039 33383 26530 44362 28527
55305 27525 66264 29017 77253 28019 88240 30024 99232
30015 11228 26508 22219 22015 33214 21017 44193 22039
55180 24030 66143 25523 77130 29024 88121 29021 99119
25516 11117 23516 22105 20029 33099 19023 44096 14512
55094 12014 66089 08514 77084 08517 88080 04526 99078
04528 11073 10032 22070 11528 33067 10045 44058 09034
55055 10045 66048 05566 77046 07061=
