sing20161220.00
TTAA 70001 48698
99008 25828 32506 00094 25227 28508 92776 23257 28018
85510 18435 26023 70156 10036 27523 50587 05915 05011
40759 14948 06518 30971 29557 07029 25098 39961 09528
20246 53141 08034 15425 68356 11055 10657 81958 08053
88104 84756 09561
77104 09562 414//=
TTCC 70001 48698
70858 78362 05513 50058 62377 30524 30373 54381 28037
20632 56780 24529 10080 48385 23006
88396 66174 26030
77056 08571 431//=
TTDD 7000/ 48698
11963 83158 22806 80961 33787 76563 44727 79761 55479
61177 66396 66174 77319 59779 88302 54582 99259 52582
11204 57580 22090 47586 33079 50184 44063 39991 55055
44587 66053 38792 77050 36992
21212 11875 10528 22831 08510 33795 00507 44773 34510
55735 36013 66660 09504 77645 16010 88623 18017 99606
17515 11589 24510 22530 31519 33468 28031 44416 27033
55395 26529 66339 30029 77317 29023 88300 28037 99275
25523 11238 24543 22192 23521 33181 25526 44161 26027
55154 28014 66141 27527 77122 29527 88108 29014 99102
27010 11096 25001 22092 08510 33089 08523 44084 03021
55076 04538 66071 08538 77068 09042 88066 07041 99063
07060 11056 08571 22050 10066=
