sing20161228.00
TTAA 78001 48698
99008 24214 05008 00092 23416 01512 92771 20617 02024
85501 17815 00512 70142 09009 26008 50586 05306 30017
40758 15110 12012 30970 29728 11023 25097 40128 10519
20245 53726 09526 15423 70546 08040 10656 75564 16522
88115 82150 11581
77116 11582 434//=
TTCC 78001 48698
70859 80161 28523 50058 61776 28036 30376 59578 27539
20633 55580 27038 10080 46585 35532
88755 82759 26526
77047 10581 41223=
TTDD 7800/ 48698
11844 77363 22755 82759 33676 77562 44644 78162 55627
73965 66514 60977 77446 64375 88384 59578 99328 60377
11261 55181 22225 57979 33190 53781 44156 55980 55120
49983 66109 51582 77097 43388 88090 44387 99083 39790
11073 44587 22062 42988 33056 35993 44054 37192 55043
31994 66041 25197
21212 11981 17517 22961 21519 33899 28524 44831 26039
55751 26523 66740 27517 77722 29024 88700 28523 99676
27010 11656 22503 22640 20010 33629 20513 44607 16017
55571 12010 66551 24502 77531 29010 88496 27537 99419
28023 11396 30528 22377 30025 33365 27530 44258 26045
55228 27544 66154 25533 77147 23531 88137 23535 99123
27021 11122 27520 22120 29021 33110 30027 44101 35033
55095 05526 66089 07523 77084 07547 88076 09556 99070
08047 11067 09051 22064 07553 33058 10567 44047 10581
55041 09074=
