sing20161221.00
TTAA 71001 48698
99008 27250 30502 00092 26856 30008 92778 22429 29529
85511 19046 27523 70154 09419 27521 50588 05334 04501
40760 15147 10514 30972 29732 07532 25099 40134 09030
20247 53158 08039 15426 68157 09047 10660 80359 09047
88104 83356 08565
77108 09073=
TTCC 71001 48698
70860 80160 05511 50061 63575 26519 30377 61176 27037
20633 52783 27522 10083 46786 25009
88999
77999=
TTDD 7100/ 48698
11855 79161 22746 83158 33684 78962 44676 75364 55641
70368 66590 68970 77497 63375 88350 59177 99293 61776
11257 56180 22210 57579 33198 51783 44182 50983 55136
53582 66116 52383 77088 42988 88074 47785 99059 41189
21212 11949 10013 22943 10510 33923 19501 44892 29010
55869 32513 66845 31511 77769 21010 88753 21514 99742
22010 11728 00000 22702 05010 33663 08513 44653 09510
55529 32510 66524 32510 77514 30007 88509 27510 99484
26030 11419 28536 22357 30533 33329 30028 44308 27035
55278 27534 66241 23532 77214 26527 88199 27521 99147
30528 11130 28031 22121 29031 33112 28522 44105 23018
55100 25010 66098 29506 77093 04510 88091 08017 99087
10534 11077 12557 22074 12556 33068 09541 44063 11039
55059 11053=
