sing20161222.00
TTAA  72001 48698
99007 27024 04002 00074 26840 00504 92760 22223 31005
85493 18219 27513 70137 11656 24013 50586 05325 31006
40758 14723 05513 30970 29731 09019 25097 40331 06521
20245 52756 10036 15424 67944 11059 10658 78756 10537
88106 81920 10072
77116 11080 41253
31313 41708 82342=
TTCC  72001 48698
70858 77959 05519 50061 62368 25531 30375 58378 26528
20635 53781 26030 10085 47383 05004
88999
77059 08560 416//
31313 41708 82342=
TTDD  7200/ 48698
11953 79316 22926 80337 33888 81519 44826 81757 55814
81910 66754 85358 77643 69562 88625 70162 99541 60767
11457 65569 22433 62971 33405 63772 44372 62174 55355
63374 66347 62575 77337 63175 88315 61777 99271 53781
11248 55181 22224 53382 33165 54981 44115 46583 55105
48783 66096 47183 77088 48583 88085 47983 99078 49982
11067 44184 22053 33986
21212 11842 02514 22788 06502 33771 33002 44713 04512
55690 06019 66602 33505 77584 29005 88358 24040 99120
23524 11095 02517 22092 04016 33084 09523 44075 09545
55059 08560 66053 08050
31313 41708 82342=
