sing20161204.00
TTAA 54001 48698
99008 26811 09002 00090 26413 07003 92778 22831 23004
85510 17222 24518 70151 10260 23020 50587 04161 25018
40759 15343 12011 30971 29761 09523 25098 39766 08029
20246 52565 07537 15425 68348 09544 10658 84341 18507
88999
77999=
TTCC 54001 48698
70856 77163 12014 50056 69172 26532 30368 55781 24529
20629 54382 26049 10079 47186 32518
88896 86947 18510 88103 47186 32525
77075 08066 44716=
TTDD 5400/ 48698
11896 86947 22723 77961 33711 78562 44652 69770 55633
70969 66599 67772 77561 69970 88350 63776 99347 64176
11294 54382 22252 52782 33150 54782 44119 50784 55113
43189 66103 47186 77089 47785 88083 46986 99067 34993
11060 33194 22056 32994
21212 11974 19013 22941 17014 33899 18510 44877 16006
55860 12010 66841 11513 77817 06018 88779 06027 99754
05022 11718 08011 22676 16012 33674 16010 44665 09002
55651 02010 66618 03513 77599 30510 88565 27525 99523
26041 11468 26027 22425 27043 33375 25539 44335 29031
55319 27521 66297 24033 77224 25553 88206 26550 99168
24043 11143 23521 22135 25514 33121 30530 44119 31525
55115 34513 66104 33027 77101 32520 88097 33019 99094
01011 11092 07008 22090 10010 33083 09040 44080 10551
55075 08066 66062 08547 77059 07537 88056 08536=
