sing20161212.00
TTAA 62001 48698
99007 26235 26003 00084 25634 27008 92769 22250 28535
85502 18857 28037 70144 08225 27524 50586 05510 29012
40758 15524 23012 30969 30932 13505 25095 41356 11514
20243 53946 08036 15421 68750 08555 10653 85750 08577
88999
77101 08577 414//=
TTCC 62001 48698
70856 74766 28028 50055 65777 25526 30371 59983 27532
20628 57585 29520 10075 49988 09006
88925 88559 09071 88110 53187 15523
77058 08588 444// 77071 09066 45507=
TTDD 6200/ 48698
11925 88559 22913 87561 33903 81963 44884 77764 55820
74370 66654 75964 77580 72969 88544 65380 99512 66576
11419 64979 22345 58184 33301 59983 44273 54586 55186
58385 66158 54586 77137 47389 88110 53187 99098 48988
11089 50788 22071 39392 33064 39192 44059 40791 55056
35993
21212 11931 09074 22865 08016 33858 08510 44851 16504
55837 28010 66755 28043 77626 29527 88575 27514 99566
25512 11561 24513 22544 26516 33459 24536 44414 25523
55383 28024 66360 25025 77308 27529 88268 26035 99246
24029 11217 27515 22208 29017 33195 29522 44187 29020
55171 31515 66158 27513 77147 29010 88143 24005 99139
20510 11132 19023 22123 20532 33111 16526 44106 11521
55102 12010 66100 09006 77097 07510 88093 33510 99090
31517 11088 31511 22086 22003 33085 14510 44083 13019
55078 13524 66071 09066 77067 08544 88064 07551 99058
08588 11056 08583=
