sing20161208.00
TTAA 58001 48698
99006 27429 02503 00078 26629 28502 92763 21811 33013
85494 16809 29517 70135 10656 29525 50587 05111 34011
40759 14359 09014 30971 29561 11517 25098 39564 12021
20246 52728 12522 15425 68928 10539 10658 82756 10523
88999
77999=
TTCC 58001 48698
70854 78361 06038 50056 60976 28027 30371 57179 29034
20629 52181 30531 10077 50382 34022
88857 88137 10021 88383 66573 27030
77050 09583 451//=
TTDD 5800/ 48698
11857 88137 22815 88535 33749 88350 44718 78959 55616
67172 66579 68171 77572 65773 88531 65174 99517 59978
11383 66573 22312 57579 33254 56179 44202 51981 55154
54780 66122 49782 77103 51381 88091 46984 99076 49981
11068 44185 22066 44186 33062 37589 44053 35990 55052
36390 66048 28196 77045 26196
21212 11970 13016 22912 13020 33867 09520 44835 10021
55811 08017 66801 07019 77760 09028 88705 06038 99672
07531 11646 12018 22635 12015 33621 09510 44615 08010
55609 07510 66578 18510 77546 20510 88532 21505 99523
27512 11507 27525 22484 28029 33448 25539 44385 26530
55370 28024 66345 30530 77296 29035 88269 26526 99211
31029 11183 31031 22178 29526 33175 28028 44165 26032
55150 26041 66136 24529 77129 27028 88120 27506 99107
28516 11102 33516 22097 35524 33095 00524 44091 05023
55087 07522 66078 11047 77072 11526 88068 09533 99055
10035 11050 09583 22045 10072=
