sing20161203.00
TTAA 53001 48698
99008 25412 22502 00096 25625 27008 92776 21210 24520
85507 17005 24012 70146 09630 21520 50587 05106 25005
40759 15129 10025 30971 29361 09530 25098 39961 10526
20246 53164 08031 15425 68950 07032 10657 84149 27510
88999
77999=
TTCC 53001 48698
70856 77961 05513 50054 66374 27530 30367 61178 28043
20623 54182 28045 10077 45188 14507
88975 85150 28006
77049 07576 440// 77068 10070 42522=
TTDD 5300/ 48698
11975 85150 22875 80759 33785 83958 44732 83558 55706
77961 66658 79960 77626 76963 88596 68972 99556 65774
11534 67373 22472 66574 33442 62777 44396 66375 55283
61578 66226 54782 77175 54382 88152 48985 99092 43989
11083 45987 22081 42390 33071 47585 44065 43389 55063
38792 66058 37392 77055 38992 88049 31194
21212 11939 35010 22901 09005 33887 15510 44835 18020
55800 17022 66725 12011 77713 09009 88705 06511 99690
05517 11653 09021 22644 09519 33624 08510 44598 32505
55598 32005 66589 26510 77555 29026 88468 27529 99423
26549 11315 28546 22277 27532 33254 26536 44221 28534
55190 28042 66174 25043 77153 24054 88135 23532 99129
21027 11123 22027 22117 19523 33108 19515 44105 16014
55102 15510 66101 15010 77099 05001 88096 34510 99093
02519 11082 06558 22078 08560 33068 10070 44064 09562
55061 11056 66058 10547 77049 07576=
