sing20161207.00
TTAA 57001 48698
99007 27218 07003 00057 27234 07003 92772 23233 35512
85506 17800 32010 70149 10450 27019 50587 05745 31014
40759 14756 05008 30971 29958 10034 25098 39358 13038
20247 52360 12542 15426 68156 11549 10660 82757 04006
88999
77999=
TTCC 57001 48698
70857 76366 08524 50055 64978 34007 30372 60980 27524
20629 52587 28535 10081 47989 35505
88767 88356 13520
77999=
TTDD 5700/ 48698
11767 88356 22740 85560 33735 78963 44728 76163 55628
74167 66609 69972 77544 70972 88485 62980 99455 63578
11430 60381 22402 62779 33346 59182 44291 61580 55218
53386 66162 50988 77125 53187 88112 45190 99086 48389
11066 46989 22055 38792
21212 11908 34013 22882 34011 33861 29004 44800 16010
55733 10028 66701 08524 77673 09520 88650 13021 99629
12018 11558 01510 22551 01511 33532 00000 44463 32527
55431 29028 66402 29024 77392 27022 88383 24523 99368
24033 11330 28524 22289 27527 33270 26021 44246 24036
55230 26024 66193 29032 77179 29531 88138 22538 99118
24031 11112 22517 22108 25517 33104 26510 44101 32003
55099 01010 66096 35019 77093 00526 88077 08544 99074
06541 11064 10049 22055 08028=
