sing20161202.12
TTAA 52121 48698
99006 29857 26503 00074 28856 27502 92762 22216 24505
85496 17822 27006 70137 10426 23508 50587 04342 18021
40759 15124 12519 30971 29558 08524 25098 39360 08527
20247 51968 09038 15427 67558 07042 10661 83750 27025
88999
77999=
TTCC 52121 48698
70857 84158 14518 50054 65975 30029 30368 58980 27546
20624 56582 27049 10078 45989 23017
88845 87748 33008 88109 50585 22530
77068 09077 42909 77059 08076 412//=
TTDD 5212/ 48698
11845 87748 22707 85957 33674 78161 44522 64776 55480
66775 66413 62378 77379 64577 88274 58581 99263 59580
11242 55383 22206 57381 33130 45188 44109 50585 55093
43190 66082 45588 77075 41391 88070 43190 99066 34993
11055 34393
21212 11965 26526 22856 31013 33850 32010 44794 11504
55733 18013 66716 17517 77701 14518 88668 14513 99646
11512 11622 10517 22583 09013 33578 09510 44561 00000
55553 30010 66540 29524 77519 31028 88467 28541 99426
28030 11409 26540 22361 28051 33302 27546 44275 25540
55239 27046 66211 26548 77180 28054 88129 26038 99111
22030 11107 23533 22102 21512 33100 23016 44096 23020
55093 19023 66087 13531 77079 08547 88071 10060 99068
09077 11063 07548 22059 08076 33055 08063=
