sing20210528.12
TTAA 78121 48698
99007 30249 30004 00087 29450 12004 92778 23640 10003
85515 19840 09502 70161 10035 08505 50589 03561 08511
40762 13768 06017 30975 28568 08023 25103 38558 13022
20252 51142 10010 15432 66546 09511 10667 83742 09029
88999
77999=
TTCC 78121 48698
70870 77762 25514 50070 63775 26538 30385 59178 09522
20641 53981 07550 10101 41389 10083
88962 85340 09530 88669 79161 26020
77107 10088 41515=
TTDD 7812/ 48698
11962 85340 22895 78158 33848 76960 44811 73763 55669
79161 66624 76764 77566 63975 88525 62376 99473 64974
11379 61177 22337 62976 33330 59179 44269 61977 55247
55980 66198 54381 77120 42787 88107 43387 99104 41189
11084 42388 22078 36992 33072 37192 44057 23197
21212 11974 08531 22939 11029 33883 11510 44864 07504
55847 00510 66824 00514 77774 29514 88740 26512 99711
25010 11667 26020 22606 22001 33568 22510 44551 25515
55493 26539 66446 27026 77418 26026 88373 30513 99358
30514 11353 32010 22348 35008 33337 06016 44332 07524
55324 08518 66320 11015 77314 14017 88311 14519 99303
10521 11291 07526 22269 10543 33259 11537 44250 11533
55216 09056 66206 08044 77185 08565 88170 07560 99112
10574 11107 10088 22083 09078 33076 08549 44071 09528
55069 10044 66065 14032 77062 12535 88060 16025 99058
20528 11057 22033=
