sing20210502.00
TTAA 52001 48698
99008 27212 04005 00093 26625 05506 92780 23656 07012
85514 18836 09515 70163 10847 09014 50589 05160 11014
40761 16157 08512 30971 30366 05513 25098 39760 03010
20247 52159 03510 15427 66363 03504 10661 84945 09006
88101 85145 09006
77999=
TTCC 52001 48698
70861 80759 01518 50061 68171 29530 30375 58977 23008
20632 56178 09047 10083 46584 09072
88776 83756 31018
77099 09073 40813=
TTDD 5200/ 48698
11967 84156 22937 79157 33776 83756 44705 81358 55679
74163 66641 69968 77627 70968 88541 64973 99501 68171
11449 68771 22356 59577 33286 58577 44237 55779 55194
56978 66185 52381 77163 53980 88155 49582 99139 49382
11123 50181 22102 47783 33076 33991 44063 30593 55059
20998 66054 23997
21212 11957 04012 22924 32510 33881 28517 44845 27012
55758 32023 66728 01020 77706 01018 88695 02518 99681
07510 11671 09507 22648 14512 33631 15516 44595 21010
55590 22510 66581 26013 77554 29021 88522 30036 99485
28535 11411 28013 22400 25015 33367 25019 44359 23520
55327 21017 66304 22510 77277 15501 88258 05511 99254
05015 11242 08522 22201 09047 33186 07548 44151 09562
55138 08563 66120 10068 77099 09073 88069 07559 99063
08533 11061 10528 22058 17011 33056 22518 44054 25021=
