sing20210510.00
TTAA 60001 48698
99006 27607 02505 00078 27019 02502 92767 24457 15007
85503 19850 20004 70152 11259 28505 50589 04147 29015
40761 15936 05502 30972 30159 14507 25099 40343 08009
20247 53156 08515 15427 65962 08025 10664 80757 36013
88999
77999=
TTCC 60001 48698
70865 78960 04506 50065 64174 27031 30378 61575 06505
20636 51980 08050 10092 46783 08573
88918 82956 33009
77082 09085 41448=
TTDD 6000/ 48698
11918 82956 22842 79759 33734 79759 44716 80359 55636
75564 66588 63774 77512 66172 88497 63974 99372 65773
11262 58977 22224 50382 33221 50182 44175 52380 55164
48783 66098 47383 77088 45784 88071 31592 99064 30593
11059 26795
21212 11931 31512 22923 32010 33849 00000 44758 14010
55681 11502 66631 21511 77613 28014 88598 30019 99552
31018 11537 28516 22479 26537 33423 25017 44406 27010
55381 22514 66368 21518 77349 21514 88326 20004 99288
05008 11280 02518 22251 09030 33229 08050 44216 09045
55202 08050 66177 09064 77165 10555 88160 09552 99154
09053 11082 09085 22078 09582 33071 08533 44064 11011
55062 10017 66060 15013 77059 21515=
