sing20210514.12
TTAA 64121 48698
99004 29839 30004 00055 29246 11504 92746 23836 20008
85482 19625 22506 70134 11229 28506 50587 02574 08013
40761 12764 04513 30974 27913 07504 25103 37534 19502
20252 50142 34510 15434 64564 29517 10669 84337 10005
88999
77999=
TTCC 64121 48698
70868 72167 29016 50067 69770 29520 30378 62377 24006
20636 50982 08543 10096 43787 10057
88904 88142 08507
77051 26576 466// 77082 09568 41245=
TTDD 6412/ 48698
11904 88142 22806 86548 33756 76761 44696 72167 55623
74566 66587 69570 77569 70370 88448 65974 99420 67773
11383 62177 22353 63776 33299 62377 44263 55580 55222
57779 66207 50584 77188 47784 88164 48783 99108 43187
11092 43787 22080 38790 33072 28395 44061 31994 55055
23997 66049 28395 77047 28595
21212 11917 10011 22896 06007 33886 04010 44791 07540
55744 12010 66732 06503 77712 30510 88696 28519 99634
30037 11599 30024 22511 29024 33483 32510 44474 30505
55456 25515 66427 25019 77418 26021 88399 26518 99387
29011 11377 34511 22375 35010 33354 21010 44321 19510
55304 22010 66292 00000 77285 04010 88279 03516 99269
07529 11264 08535 22241 10037 33230 08027 44214 10036
55202 08543 66188 11050 77166 08546 88139 09562 99119
09056 11099 10057 22082 09568 33075 05539 44071 06530
55068 09015 66065 13509 77065 14510 88063 16013 99061
12516 11060 14017 22059 19018 33056 24542 44051 26576
55047 27561=
