sing20210514.00
TTAA 64001 48698
99005 29227 29505 00070 28635 16504 92759 22818 19008
85494 19433 29505 70143 10840 08505 50588 03367 04012
40761 14172 04512 30973 28935 07507 25101 37541 20515
20251 50534 22513 15432 66357 28009 10668 81758 10509
88999
77999=
TTCC 64001 48698
70866 73564 29014 50066 66572 30024 30380 62775 21506
20635 52781 08054 10092 43386 09569
88800 88949 07530
77086 09572 40234=
TTDD 6400/ 48698
11800 88949 22764 86958 33750 76962 44719 72764 55686
73964 66558 69370 77529 65373 88441 63974 99437 63974
11417 65573 22335 59977 33289 63175 44263 60378 55259
55781 66253 54980 77230 56978 88191 52981 99181 48983
11155 48183 22138 49782 33086 41588 44077 34592 55070
35391 66067 32593 77059 35791
21212 11973 13511 22947 14510 33900 07511 44833 06528
55788 08032 66754 11510 77740 06002 88727 33510 99689
27018 11661 28030 22633 29023 33571 26025 44521 28531
55504 29525 66489 31520 77475 30512 88461 27507 99452
24516 11431 24525 22380 26013 33369 24010 44332 22501
55290 19002 66281 08010 77274 05521 88268 06026 99257
09032 11234 06532 22212 09046 33193 08051 44187 09556
55180 10551 66162 08553 77127 10068 88086 09572 99081
09568 11073 08030 22067 13512 33064 17013 44063 17012
55062 14009 66061 12010 77060 09517 88057 13517 99056
20517 11055 22522 22053 23029=
