sing20210504.00
TTAA 54001 48698
99006 27826 05007 00057 25444 05505 92759 22208 05009
85493 18434 03507 70138 10416 09012 50587 05121 07510
40759 15145 09007 30971 29523 05016 25098 39756 05516
20247 52346 33003 15426 66950 28014 10660 84739 04032
88999
77999=
TTCC 54001 48698
70860 74365 01518 50062 67372 28539 30374 60577 00000
20631 57379 08053 10088 43987 08045
88903 88350 05035 88204 57978 08047
77154 08561 40913=
TTDD 5400/ 48698
11903 88350 22890 81758 33813 77560 44732 77561 55716
77762 66695 72766 77645 68771 88534 66373 99468 69770
11359 61377 22277 60977 33256 53781 44244 52981 55204
57978 66174 48384 77116 46785 88088 41188
21212 11901 05535 22866 06031 33770 17514 44761 17511
55732 00000 66714 01510 77706 02515 88690 00523 99649
35510 11638 31008 22630 26510 33619 25017 44586 26030
55561 25030 66488 28540 77388 26518 88355 28019 99342
27010 11311 00000 22280 10007 33277 11010 44271 12515
55263 09522 66243 09050 77220 09552 88207 08046 99154
08561 11145 10559 22102 08044 33088 08551=
