sing20210531.12
TTAA 81121 48698
99005 30650 29504 00064 29856 16506 92755 23840 17507
85491 19023 27005 70140 10850 25504 50588 03556 06004
40761 14157 10506 30973 28178 12014 25101 38750 11513
20250 50767 06518 15430 67120 08024 10665 79956 19509
88117 79343 06528
77999=
TTCC 81121 48698
70867 74563 09514 50067 67372 27026 30383 61577 04521
20638 54780 09049 10099 40189 09573
88999
77101 09574 40536=
TTDD 8112/ 48698
11803 81757 22656 69968 33601 68970 44548 70569 55495
67173 66481 61577 77418 64175 88394 59778 99290 62576
11199 54781 22170 47185 33145 46385 44101 40989 55097
36392 66083 33793 77077 37390 88071 34792 99066 36192
11064 31594 22057 28795
21212 11877 27513 22840 01012 33799 04517 44766 02014
55750 03015 66715 07521 77701 09516 88693 10010 99681
00000 11671 24010 22654 24026 33614 26539 44546 27019
55506 27526 66473 24538 77371 30034 88337 30012 99321
35515 11311 00520 22290 07022 33278 09518 44266 08022
55233 11041 66223 09547 77185 10057 88149 08073 99110
10069 11101 09574 22094 10045 33091 09038 44086 06547
55084 05045 66077 08038 77073 09510 88072 00501 99067
04010 11065 06522 22063 08016 33062 10014 44061 15514
55059 18517 66057 26511=
