sing20210512.00
TTAA 62001 48698
99006 27204 04506 00072 26610 03504 92761 24037 14011
85498 19629 17508 70149 10205 17509 50588 03549 30506
40761 14561 06501 30973 28936 21005 25101 39149 12509
20250 51938 08505 15430 65756 35005 10665 83726 03502
88999
77999=
TTCC 62001 48698
70861 77161 07051 50065 67971 28533 30379 61576 33509
20635 55979 08058 10091 43387 09565
88842 87132 16512
77610 24625 41709 77518 33589 41008 77117 08569 41108=
TTDD 6200/ 48698
11842 87132 22791 85141 33738 77959 44608 64373 55471
68371 66384 60577 77338 60377 88302 61776 99255 59777
11232 54580 22219 55979 33192 53181 44177 53980 55161
48983 66133 45385 77116 46784 88079 40189 99069 35792
11065 30795
21212 11949 02012 22935 02510 33858 16010 44832 15010
55820 08507 66806 03510 77786 01517 88751 05528 99693
07052 11666 07041 22650 08019 33646 09011 44642 14505
55638 22011 66627 24045 77610 24625 88609 23535 99566
22550 11548 23543 22535 28036 33527 31551 44518 33589
55517 27536 66497 29032 77453 29019 88437 28013 99434
27012 11426 25013 22397 23014 33372 24010 44353 27013
55344 30015 66320 30015 77309 31518 88304 32515 99301
33510 11296 03006 22292 08010 33282 11017 44261 09535
55247 06540 66239 07046 77206 07056 88192 09060 99172
09050 11158 10056 22139 09062 33128 08553 44117 08569
55076 09566 66068 09548 77065 10017=
