USSR01 WSSS 151200
TTAA  65111 48698
99006 30258 31003 00085 29858 33002 92770 23241 32512
85505 17822 30512 70145 09029 31508 50586 05958 05004
40758 16156 06512 30968 30162 08518 25095 40359 12523
20243 53947 10027 15421 68960 09533 10653 83757 12060
88101 83957 12056
77999
31313 73508 81040=



UKSR01 WSSS 151200
TTBB  65118 48698
00006 30258 11917 22638 22794 13803 33686 08222 44647 06657
55600 02250 66589 01658 77571 00041 88559 00760 99545 02360
11535 03544 22530 02964 33526 03360 44521 03563 55496 06156
66487 06558 77471 08319 88454 10113 99441 10948 11425 13136
22399 16144 33385 17367 44350 22564 55340 24361 66336 24957
77285 33163 88255 39358 99241 42760 11210 50956 22183 58949
33181 59543 44175 61359 55121 78757 66101 83957 77100 83757
21212 00006 31003 11991 26506 22985 27006 33973 32506 44945
30510 55930 32012 66890 30014 77861 31512 88826 29012 99793
31014 11771 28512 22748 30510 33731 29010 44723 30010 55713
28508 66685 34014 77661 33514 88638 01510 99626 34012 11617
01514 22606 35012 33593 02010 44577 00506 55570 02506 66560
02008 77553 03506 88545 00508 99540 03006 11528 04002 22523
10002 33517 09002 44511 12002 55507 04002 66502 05004 77494
03508 88485 07008 99469 03008 11463 05508 22457 05010 33447
08012 44440 06512 55432 09010 66418 07012 77412 09012 88404
05512 99398 07010 11393 06510 22378 09010 33357 11012 44352
10014 55336 11516 66303 08518 77253 12519 88243 10525 99163
09519 11100 12060
31313 73508 81040
41414 59438=



ULSR01 WSSS 151200
TTCC  65111 48698
70858 70968 26014 50059 65777 22523 30375 60584 27539
20628 57184 26023 10075 46987 34504
88284 62383 28039
77044 09086 43107 77934 10562 41561
31313 73508 81040=



UESR01 WSSS 151200
TTDD  6511/ 48698
11961 84157 22914 76762 33849 77360 44800 72964 55738 74364
66706 71168 77649 72767 88552 66174 99473 67178 11397 62783
22368 56984 33284 62383 44162 54185 55135 54785 66118 49586
77093 46187 88082 47787 99080 48587 11075 45787 22073 43388
33071 41789 44066 42788 55058 40389 66054 40789 77050 39989
88049 38389 99045 40389 11043 38589
21212 11934 10562 22821 07021 33790 11004 44783 19502 55770
23508 66706 26012 77681 24516 88652 26014 99619 30512 11582
31008 22560 23012 33533 23025 44484 22523 55460 24018 66440
27518 77362 26541 88286 28039 99256 26027 11221 28027 22205
26025 33145 26514 44135 33006 55127 31519 66114 28510 77107
31512 88105 33512 99103 28006 11101 31004 22100 34504 33099
35504 44098 33504 55096 02004 66095 02502 77094 09502 88093
11504 99092 10506 11087 17027 22082 18035 33080 17021 44070
06025 55067 08545 66065 08043 77062 10539 88061 09529 99059
08545 11057 07049 22050 07056 33044 09086 44043 08582
31313 73508 81040=
