USSR01 WSSS 051200
TTAA  55111 48698
99005 28850 36003 00077 28247 29504 92765 22009 30008
85497 18647 26518 70149 10858 28518 50587 05556 25506
40758 16115 05504 30969 30534 10012 25096 40735 10018
20244 53943 08025 15422 68956 09535 10658 79558 06006
88999
77999
31313 73508 81043=



UKSR01 WSSS 051200
TTBB  55118 48698
00005 28850 11951 24016 22902 21241 33882 19614 44774 16658
55727 13660 66606 02219 77538 02322 88511 04156 99449 10717
11359 21127 22296 31134 33184 58556 44160 65756 55142 71156
66131 73550 77128 71957 88100 79558
21212 00005 36003 11980 28502 22970 33504 33900 28516 44854
27016 55801 30518 66731 27521 77675 28516 88618 26516 99572
29014 11564 27516 22533 31012 33514 29004 44509 22002 55493
27008 66482 23008 77473 16506 88452 13506 99444 07506 11429
07510 22419 11006 33413 08506 44405 02506 55401 04504 66396
11504 77384 10504 88380 19502 99376 19002 11373 07502 22370
03002 33367 30002 44358 25504 55356 09502 66351 06004 77345
10006 88332 07008 99322 11012 11314 08514 22298 10512 33291
09514 44273 11510 55263 09514 66205 07019 77141 09545 88133
09537 99119 15019 11112 14008 22109 19502 33106 07002 44103
02508 55100 06006
31313 73508 81043
41414 38438=



ULSR01 WSSS 051200
TTCC  55115 48698
70861 72962 24512 50058 68567 27531
88899 82357 25510
77999
31313 73508 81043=



UESR01 WSSS 051200
TTDD  5511/ 48698
11899 82357 22758 77760 33735 73962 44657 72363 55612 74762
66592 74963 77580 71766 88533 73763 99524 74163 11517 71166
22499 68367 33459 68767 44449 64971 55410 62971
21212 11984 03002 22976 21002 33949 24008 44877 24510 55843
27012 66825 25008 77808 18504 88785 20506 99752 05504 11727
09502 22720 20502 33716 22504 44672 26029 55591 25023 66576
28516 77527 33023 88512 27518 99499 27533 11472 28535 22421
24521 33410 26523
31313 73508 81043=
