USSR01 WSSS 161200
TTAA  66111 48698
99005 29657 06505 00080 28650 02004 92773 24223 26516
85507 19417 31008 70156 10257 30516 50588 04157 23006
40760 14561 10506 30972 29950 15006 25099 39566 10516
20248 51548 16519 15428 67529 21006
88999
77999
31313 73508 81044=



UKSR01 WSSS 161200
TTBB  66118 48698
00005 29657 11932 24823 22899 23456 33844 18813 44791 15242
55769 13409 66727 12061 77722 12064 88716 11464 99712 11057
11695 10062 22691 10471 33685 10071 44679 09461 55621 04256
66611 04663 77594 02657 88580 01050 99565 00261 11534 02550
22532 02936 33528 03158 44522 03332 55503 03956 66482 05959
77462 08557 88452 09919 99436 10759 11429 11356 22424 11760
33400 14561 44385 17157 55356 21358 66349 21764 77332 23765
88293 31333 99282 33348 11281 33746 22279 33759 33278 33964
44269 35963 55266 36360 66265 36558 77264 36361 88263 36365
99250 39566 11240 42165 22235 43363 33233 43760 44232 43957
55221 46160 66199 51746 77169 61124 88109 81356
21212 00005 06505 11987 01004 22976 29004 33955 26508 44916
26016 55888 29508 66826 33008 77792 31008 88775 32010 99719
30014 11629 30508 22607 36008 33582 02004 44569 01002 55560
06002 66556 03502 77548 26502 88537 24004 99527 17502 11524
17504 22507 23006 33456 24506 44448 32506 55440 29002 66434
15002 77431 17502 88417 20504 99412 19004 11402 11006 22391
10502 33389 11502 44384 19002 55376 27504 66362 28504 77349
22002 88345 25004 99339 23008 11311 19508 22296 14006 33291
09506 44286 11006 55236 11023 66227 14016 77214 13510 88207
15512 99193 17018 11185 14518 22162 18012 33158 22008 44152
20008 55146 22506 66139 29006 77132 33006 88127 32002 99124
03502 11109 05502
31313 73508 81044
41414 18478=



ULSR01 WSSS 161200
TTCC  6611/ 48698
88999
77999
31313 73508 81044=



UESR01 WSSS 161200
TTDD  6611/ 48698
31313 73508 81044=
