USSR01 WSSS 240000
TTAA  74008 48698
99007 27826 03503 00087 27215 34502 92779 23016 10512
85515 18821 10014
88999
77999
31313 73508 82333=



UKSR01 WSSS 240000
TTBB  74008 48698
00007 27826 11897 21022 22769 14850 33724 11417
21212 00007 03503 11987 08004 22959 08006 33912 11512 44879
10014 55803 08514 66759 10014 77724 10012
31313 73508 82333
41414 29432=



ULSR01 WSSS 240000
TTCC  7400/ 48698
88999
77999
31313 73508 82333=



UESR01 WSSS 240000
TTDD  7400/ 48698
31313 73508 82333=
