sing20180813.00
TTAA 63001 48698
99008 28226 18505 00095 27227 14509 92783 22420 19016
85516 17410 23520 70158 11066 26015 50587 07942 28005
40757 16960 08513 30967 31956 05030 25093 42715 07539
20240 53360 08570 15420 66364 08071 10656 74763 06531
88118 77756 07050
77179 08577 41712=
TTCC 63001 48698
70867 69370 24006 50068 66574 09549 30383 55580 09579
20649 45385 27517 10111 41589 29012
88613 72768 11517
77380 08581 42009=
TTDD 6300/ 48698
11938 76560 22880 75563 33880 75364 44865 69969 55819
66973 66613 72768 77558 67774 88492 65975 99455 66774
11276 54581 22242 49184 33225 41388 44190 47784 55176
44986 66137 48584 77098 41389 88074 44787 99051 36193
21212 11886 09556 22801 18510 33791 21507 44721 27003
55678 16510 66585 08523 77533 07533 88498 09549 99380
08581 11288 09079 22254 07543 33242 11028 44231 10514
55230 11010 66225 19502 77219 27010 88213 26512 99203
28018 11189 23511 22181 27025 33174 27537 44143 29529
55120 29019 66109 27016 77103 28011 88093 31033 99090
32028 11083 01018 22082 36015 33080 31516 44077 30010
55075 31012 66070 05001 77068 13008 88052 11517 99051
11018=
