sing20180817.00
TTAA 67001 48698
99006 28232 19503 00079 27636 15006 92765 22650 18515
85499 17600 25512 70138 09659 30511 50585 03980 10003
40757 14762 08010 30968 31564 16008 25094 41557 07521
20242 53156 07042 15422 66558 08018 10658 80550 06048
88999
77999=
TTCC 67001 48698
70861 68775 08026 50067 62576 11048 30386 47385 06530
20650 50983 13510 10111 41788 24009
88958 82145 06551 88244 52982 03524
77364 08060 42306=
TTDD 6700/ 48698
11958 82145 22846 81556 33755 77762 44715 73768 55693
67177 66655 64975 77541 61178 88471 64775 99380 62977
11326 56980 22295 46385 33244 52982 44222 53981 55180
47985 66172 48584 77155 43388 88140 46585 99111 46386
11105 41989 22098 41389 33088 45586 44072 38191 55056
41789 66049 40590 77040 32394
21212 11962 06551 22871 10016 33857 09012 44844 06008
55811 07515 66794 10022 77748 12532 88724 12518 99719
11515 11704 08523 22648 06538 33619 09046 44610 09544
55582 10534 66551 09045 77506 11044 88476 10554 99427
10042 11364 08060 22332 07055 33315 08059 44292 05019
55285 01010 66276 33506 77260 01010 88244 03524 99229
06010 11222 08005 22209 06012 33201 13510 44197 12511
55192 03004 66187 31510 77178 30026 88168 31009 99150
25533 11149 25533 22142 25523 33132 25546 44119 28524
55110 28528 66108 29017 77106 26513 88103 27005 99097
26512 11090 35502 22088 27510 33086 27021 44082 27017
55075 29010 66072 30528 77067 31008 88064 28011 99060
29518 11056 31010 22055 03001 33050 02011 44049 36011
55048 02011 66047 35512 77045 05522 88043 03510 99042
07510 11041 09510 22040 04506=
