sing20180813.12
TTAA 63121 48698
99007 31258 19008 00083 30258 16008 92775 23428 19511
85510 19457 24524 70158 11465 26012 50588 07157 31516
40758 16559 08013 30968 31360 07039 25095 41762 07549
20242 52360 07576 15422 67358 07074 10658 71767 10035
88118 78946 08062
77140 07578 41515=
TTCC 63121 48698
70869 73767 36023 50067 70971 08043 30381 53384 08579
20651 44789 25018 10114 42590 28524
88701 73766 35524
77345 09082 40805=
TTDD 6312/ 48698
11896 75762 22872 74565 33862 70169 44818 67374 55701
73766 66664 71969 77622 74567 88537 69973 99486 71571
11419 63778 22347 60579 33342 60979 44290 52783 55282
48587 66231 42989 77186 46987 88167 44989 99152 48986
11121 45189 22115 41791 33089 44390 44083 39991 55063
35993 66048 38392
21212 11940 14025 22872 14527 33834 20013 44821 24509
55809 28010 66795 30513 77760 33019 88712 34528 99680
03016 11639 06004 22575 06037 33556 07543 44540 09039
55519 08539 66453 10059 77439 09062 88345 09082 99293
08578 11273 09043 22260 10047 33245 10022 44235 17511
55232 20012 66223 23014 77215 27519 88201 25018 99197
24522 11191 24527 22181 29032 33173 30544 44166 29548
55135 28516 66126 31026 77116 30033 88111 30530 99097
28014 11092 30524 22089 30519 33087 27510 44085 25506
55084 26510 66081 27017 77078 28010 88077 24504 99073
18511 11071 17512 22068 21010 33064 17510 44062 17513
55060 15011 66058 17511 77052 19017 88048 18011=
