sing20180812.00
TTAA 62001 48698
99008 27822 20003 00095 27025 18505 92782 21619 20014
85513 17010 24517 70153 10259 26527 50586 06157 31520
40757 16756 08004 30967 31958 08527 25093 42345 07537
20240 53750 07561 15420 66758 08557 10655 73964 05518
88105 80158 10037
77176 07573 41919=
TTCC 62001 48698
70865 67973 12510 50069 65777 08036 30382 57581 10573
20647 43390 23010 10109 42990 18008
88999
77328 10086 42912=
TTDD 6200/ 48698
11913 76561 22831 75164 33805 68972 44786 67775 55729
70570 66649 65176 77578 64377 88514 67574 99355 65377
11327 58182 22279 55583 33260 49586 44229 50785 55203
43190 66159 47788 77123 42790 88108 45589 99080 38992
11064 44190 22053 35393
21212 11974 02519 22918 01526 33881 05022 44817 09048
55790 11536 66755 13026 77727 17016 88693 12008 99677
10010 11630 07020 22542 09529 33495 08037 44423 09553
55365 08561 66328 10086 77306 11073 88279 09576 99261
07535 11249 06526 22236 05512 33231 06513 44225 12018
55218 14523 66213 14028 77209 14519 88203 21010 99202
22010 11199 23511 22182 26513 33161 26025 44148 30029
55140 28530 66130 28539 77114 29027 88108 27522 99105
27512 11102 21503 22099 19010 33092 24521 44087 24517
55085 23010 66084 21506 77079 25520 88076 26515 99073
32510 11070 30517 22068 32013 33065 31507 44061 31013
55060 35510 66059 32514 77056 33015 88055 36011 99054
07510 11053 07511=
