sing20180830.00
TTAA 80001 48698
99009 29630 01002 00103 25831 31003 92788 22056 24508
85519 18657 23510 70159 09256 19007 50587 06727 04507
40757 16356 04519 30967 32942 10516 25093 42756 07524
20239 54350 07049 15418 65766 07533 10657 76160 07011
88111 76358 05020
77171 06560 41341=
TTCC 80007 48698
70865 70970 16506
88999
77999=
TTDD 8000/ 48698
11894 73165 22825 75562 33713 73368 44695 70570
21212 11974 02010 22949 03015 33930 02010 44910 29502
55879 22510 66808 18510 77769 20520 88713 21012 99695
15007=
