sing20180825.12
TTAA 75121 48698
99006 28447 21004 00075 27442 16504 92761 23256 22512
85496 19056 24512 70141 09437 28510 50586 07338 03010
40757 16345 10012 30968 30961 07025 25094 42558 07533
20241 53757 07069 15420 65566 07077 10657 76560 10533
88111 79144 11532
77161 06092 42051=
TTCC 75121 48698
70866 69572 04013 50067 64977 09041 30384 53982 08554
20648 45787 36008 10112 46187 25521
88801 74364 22012
77358 11059 42221=
TTDD 7512/ 48698
11955 76163 22940 69368 33801 74364 44718 73966 55683
67973 66571 71370 77498 64777 88450 64976 99409 64976
11349 59979 22325 53983 33297 53582 44265 55381 55242
48585 66218 50984 77191 41789 88138 45187 99108 47386
11088 42989 22080 37392 33067 41390 44056 39591
21212 11961 09040 22910 10526 33869 14514 44824 19512
55787 23010 66746 32002 77721 05010 88658 04527 99562
08033 11537 07036 22506 09042 33419 09044 44358 11059
55288 08055 66265 08056 77255 08541 88245 05024 99234
36020 11230 35521 22218 06519 33215 06519 44207 01512
55206 00512 66202 01010 77198 30505 88196 25010 99190
24027 11170 25549 22130 27037 33108 27026 44098 24517
55095 23022 66090 23024 77087 20021 88084 20520 99075
28017 11064 35521 22060 32015 33059 32013 44058 34012
55058 00513 66057 00514 77056 33515 88056 34019=
