sing20180829.00
TTAA 79001 48698
99010 27833 02003 00108 26834 30503 92793 22241 20004
85525 18656 20004 70160 07416 25508 50586 07526 07015
40757 16758 05015 30967 32724 10041 25092 42532 09551
20240 53159 07573 15419 67158 08060 10655 68571 06509
88109 79350 07531
77163 07579 40631=
TTCC 79001 48698
70867 68771 02006 50068 65776 08547 30384 55182 10076
20650 48785 26526 10109 47186 29028
88863 74563 26514
77330 09577 41224=
TTDD 7900/ 48698
11863 74563 22797 69170 33757 70569 44544 69372 55485
64377 66462 66175 77332 59779 88237 45587 99219 48785
11207 49385 22180 44189 33145 50384 44116 44788 55098
47986 66079 40591 77048 40991
21212 11971 00000 22927 26511 33892 26518 44860 26513
55803 30520 66783 30020 77755 28518 88719 30510 99702
01506 11678 06510 22659 06513 33640 09516 44575 10035
55536 07536 66473 08059 77394 10066 88330 09577 99295
10075 11265 08537 22255 10010 33252 15001 44248 27510
55231 25539 66220 26044 77207 27523 88181 25038 99164
25540 11130 25531 22109 29032 33095 29020 44086 25509
55079 26025 66074 27019 77063 27023 88059 27011 99057
00000 11054 23516 22053 24015 33052 27016 44051 30010
55050 31510 66048 28009=
