sing20180803.12
TTAA 53121 48698
99007 29856 22503 00083 28650 12508 92770 22007 14012
85502 17012 26007 70142 09460 28527 50587 05157 28027
40758 17126 14506 30968 31733 10033 25094 41736 06531
20241 54740 06042 15419 69756 07567 10655 69769 12012
88112 78359 11554
77131 09583 43137=
TTCC 53121 48698
70863 73167 08010 50064 71770 07533 30377 54182 09076
20645 44787 31522 10107 42390 24023
88795 76962 31017
77309 09077 40819=
TTDD 5312/ 48698
11795 76962 22720 72368 33552 68173 44493 71970 55469
67974 66367 64976 77349 59780 88287 52382 99276 52782
11236 43387 22185 47386 33171 43788 44150 48185 55139
42189 66128 46586 77090 40990 88080 42589 99062 33194
11050 40990 22044 34193
21212 11967 21002 22940 28510 33897 30521 44869 29019
55782 31515 66725 35002 77697 08511 88682 12010 99570
10530 11538 07532 22503 07032 33482 09047 44436 09060
55309 09077 66276 09074 77234 08014 88225 01503 99219
32010 11207 34018 22201 32021 33194 31529 44184 31530
55178 29030 66156 26028 77144 26032 88131 30518 99129
30014 11127 27512 22126 25014 33123 22016 44115 24034
55110 23036 66101 24024 77092 27018 88085 25522 99083
26522 11080 26516 22077 17002 33074 19510 44071 23020
55067 21521 66064 24512 77063 28512 88059 32015 99056
31512 11054 31012 22053 27510 33044 17504=
