  1. 8.2018   0 Uhr

 99.9 -22.4   6.0   89.1 -14.9  -4.0   84.7 -11.6   4.2   80.3 -11.1   4.0
 74.5  -3.0   4.2   71.5  -1.0   0.4   70.0  -2.9  -2.9   69.6  -3.3  -3.9
 67.3  -0.9  -5.1   66.5  -1.5  -5.5   64.8  -7.1  -1.3   60.4 -13.3   1.2
 58.4 -12.7  -2.2   55.4 -15.5   5.6   50.0 -22.0   1.9   49.8 -22.5   2.0
 47.1 -24.7   9.0   38.9 -34.3   3.0   36.8 -29.3   0.0   30.0 -33.3  -2.9
 25.4 -38.5  -6.8   22.7 -12.9  -7.5   21.6   0.2   0.5   20.0   0.7  -1.9
 18.7  -7.1  -1.3   18.3  -4.9  -2.8   17.2   2.0  -0.2   16.9   5.1  -0.4
 16.4   8.4  -2.3   16.0  12.2   2.1   15.3  16.9   1.5   14.1  10.1   1.8
 13.5   8.7   7.3   12.0  17.9  -4.8   10.6  23.1  -2.0   10.0  15.4   1.3
  9.5  10.4   2.8    9.0   5.1  -0.0    8.7   1.3   0.9    8.1   4.5   2.6
  7.8  11.9   3.2    7.6   3.9   3.3    6.9   1.5  -0.3    6.4  -3.6  -3.6
  6.1  -0.8  -3.0    6.0  -3.0  -4.2    5.7 -10.5  -7.4    5.6  -9.8  -4.6
  5.5  -8.0   4.6    5.3  -5.7   9.8    5.0  -3.1  11.4    4.7  -7.6   7.6
  4.6  -7.3   7.3    4.5  -3.2  11.9    4.5  -4.6  12.6

 99.9 -22.4   6.0   90.0 -15.6  -3.1   80.0 -10.7   4.1   70.0  -2.9  -2.9
 60.0 -13.2   0.5   50.0 -22.0   1.9   45.0 -27.0   7.5   40.0 -33.0   3.9
 35.0 -30.3  -0.7   30.0 -33.3  -2.9   25.0 -34.8  -6.9   22.5 -10.6  -6.0
 20.0   0.7  -1.9   15.0  15.3   1.6   12.0  17.9  -4.8   10.0  15.4   1.3
  8.0   6.9   2.8    7.0   1.9   0.3    6.0  -3.0  -4.2    5.0  -3.1  11.4
  4.0   0.0   0.0

  1. 8.2018  12 Uhr

 99.9 -19.5   0.0   95.6 -12.2  -8.6   85.9 -11.1  -4.0   83.0  -8.0  -4.6
 79.5 -10.4   2.8   73.9  -5.0   7.2   70.6  -4.0   2.3   70.0  -4.5   2.6
 67.0  -6.0   1.6   63.8  -7.7   2.8   58.9 -13.7  -2.4   55.4 -15.7   2.8
 51.1 -20.8  -3.7   50.0 -23.1  -2.0   49.4 -24.2   0.0   45.2 -18.7  -3.3
 40.0 -29.3   0.0   30.5 -31.8   2.8   30.0 -30.7   2.7   26.8 -37.9  -3.3
 24.9 -27.2   2.4   23.1 -11.9  -3.2   22.8 -10.2  -3.7   21.3   1.4  -8.1
 20.0   6.2  -8.8   19.6   7.3  -8.7   19.2   4.1  -8.9   18.4  -6.2  -6.2
 18.0  -9.3  -4.3   17.7  -5.1  -4.3   17.5  -1.2  -4.5   17.3   3.1  -5.3
 17.0   6.3  -4.4   15.8  11.3  -1.0   14.9   8.9  -2.4   14.5  13.9   3.7
 13.5  22.7   8.3   12.6  24.6   2.2   11.8  20.5  -1.8   11.3   7.7  -0.0
 10.9   9.9   2.7   10.7   8.6   1.5   10.4   4.7  -2.2   10.2   4.1  -0.7
 10.0   6.3   2.3    9.7   8.8   6.2    9.2  11.1   6.4    8.8   6.5   3.0
  8.3   3.0   4.2    8.1   3.1   5.3    8.0   7.6   4.4    7.3   5.9   8.4
  7.0   3.0   4.2    6.9  -0.8   1.3    6.8  -5.0  -1.3    6.7  -5.6  -2.6
  6.1  -5.1  -0.9    5.8  -4.5  -2.6    5.4 -16.9  -1.5    5.0  -8.9   4.1
  4.5 -10.1   1.8    4.4  -6.7  -0.6    4.3  -5.7   0.0

 99.9 -19.5   0.0   90.0 -11.6  -6.0   80.0 -10.1   1.7   70.0  -4.5   2.6
 60.0 -12.3  -1.2   50.0 -23.1  -2.0   45.0 -19.1  -3.2   40.0 -29.3   0.0
 35.0 -30.6   1.4   30.0 -30.7   2.7   25.0 -27.7   2.1   22.5  -7.9  -4.6
 20.0   6.2  -8.8   15.0   9.2  -2.2   12.0  21.5  -0.8   10.0   6.3   2.3
  8.0   7.6   4.4    7.0   3.0   4.2    6.0  -4.9  -1.4    5.0  -8.9   4.1
  4.0   0.0   0.0

  2. 8.2018   0 Uhr

 99.9 -16.4   1.4   96.3 -14.9  -4.0   89.4 -14.9   1.3   87.1  -9.1  -1.6
 83.6 -12.3   1.1   80.4  -5.6   8.0   74.9   0.5   5.6   73.2   3.6   3.6
 72.4   4.0   4.0   70.0   0.0   3.1   69.6  -0.8   3.0   65.6  -5.0   1.3
 61.8 -10.6   1.9   58.7 -12.1  -4.4   54.0 -16.5   0.0   50.0 -22.8  -4.0
 45.3 -26.8  -7.2   39.1 -34.5   0.0   34.9 -31.9   0.0   30.0 -31.9   0.0
 27.3 -39.6   0.0   25.6 -37.5   6.6   22.3 -12.6   5.9   21.3 -14.3  -1.3
 20.8 -10.2   0.9   20.0  -5.6  -1.0   19.7  -0.4  -2.5   19.4   4.5  -2.6
 18.9   6.7   0.6   17.8  15.9   1.4   16.5  16.4  -1.4   15.7  11.1   2.0
 15.4   5.9   5.0   15.3   5.8   5.8   13.6  13.5  13.5   12.0  15.9   4.3
 11.4   7.1   4.1   10.9   8.7   3.2   10.3   7.6   4.4   10.0   9.3   4.3
  9.2   8.7  -0.8    8.6   3.6  -4.3    8.2  15.2   2.7    7.8  10.6  -3.9
  7.5   9.6   1.7    7.4   9.8  -0.0    7.2  11.4  -8.0    7.0   9.7  -0.9
  6.8   4.5  -2.6    6.4   1.5  -2.1    6.2   6.7   0.6    6.0   8.2   0.7
  5.5   2.6  -4.5    5.3   5.5   5.5    5.0  -0.0  -7.7    4.8   0.8  -9.2


 99.9 -16.4   1.4   90.0 -14.9   0.8   80.0  -5.2   7.8   70.0   0.0   3.1
 60.0 -11.5  -1.7   50.0 -22.8  -4.0   45.0 -27.2  -6.9   40.0 -33.3  -1.1
 35.0 -32.0   0.0   30.0 -31.9   0.0   25.0 -33.1   6.5   22.5 -14.2   5.9
 20.0  -5.6  -1.0   15.0   7.1   7.1   12.0  15.9   4.3   10.0   9.3   4.3
  8.0  12.9  -0.6    7.0   9.7  -0.9    6.0   8.2   0.7    5.0  -0.0  -7.7
  4.0   0.0   0.0

  2. 8.2018  12 Uhr

 99.9 -22.9   6.1   95.1 -18.2   3.2   90.8  -9.4  -5.4   88.9  -7.5  -3.5
 85.9  -9.3  -4.3   78.7   0.6   7.2   75.6   3.2   4.6   70.0   0.5   1.5
 69.7  -0.3   1.5   65.9  -5.3  -3.1   60.4 -10.2  -3.7   58.0  -8.7  -7.3
 55.4 -13.3  -1.2   50.0 -15.5  -5.6   49.4 -16.0  -5.8   42.4 -29.4   5.2
 39.2 -30.9   5.4   34.9 -30.2   2.6   30.0 -36.0   0.0   29.3 -39.6   0.0
 24.4 -37.4   3.3   22.1 -10.2   0.9   21.3  -8.4   2.3   20.9  -5.6  -0.5
 20.6  -0.9  -2.4   20.1   3.6  -3.6   20.0   4.7  -4.0   18.5   9.1  -7.6
 16.7  19.0  -0.0   14.6  10.3  -0.0   13.4  20.3   3.6   12.6  12.3  -0.0
 11.4   6.5   3.0   10.0  11.2   5.2    8.4   5.3  -1.9    8.1   3.0  -4.2
  7.4   6.1  -1.1    6.2   0.5   1.5    5.6  -5.1  -4.3    5.5  -6.3  -5.3
  5.4  -1.6  -6.0    5.1   4.4 -12.1    4.8  -1.9 -10.6    4.6   6.1 -13.1
  4.4   0.7  -7.7    4.2   3.5  -7.5    4.1  -3.1  -5.3    4.0  -5.9  -4.1
  3.7 -10.8  -0.9

 99.9 -22.9   6.1   90.0  -8.6  -4.6   80.0  -1.2   5.0   70.0   0.5   1.5
 60.0  -9.9  -4.3   50.0 -15.5  -5.6   45.0 -24.2   1.0   40.0 -30.5   5.4
 35.0 -30.3   2.7   30.0 -36.0   0.0   25.0 -37.7   2.8   22.5 -15.1   1.3
 20.0   4.7  -4.0   15.0  12.0  -0.0   12.0   9.5   1.5   10.0  11.2   5.2
  8.0   3.4  -3.8    7.0   4.3  -0.3    6.0  -1.3  -0.4    5.0   2.3 -11.6
  4.0  -5.9  -4.1

  3. 8.2018   0 Uhr

 99.9  -7.1  10.1   95.6   4.6   8.0   92.4   3.3   3.3   84.9  11.4   3.1
 80.6   8.0  -5.6   77.1   8.5  -4.9   72.4   2.3  -8.4   70.0   1.3  -7.6
 69.8   1.3  -7.6   67.1  -2.4  -3.4   66.0  -5.6  -2.6   62.8  -9.3   0.0
 57.4 -13.5   4.9   53.7 -13.9   0.0   50.0 -25.2   0.0   45.9 -31.8   2.8
 38.4 -34.8  -3.0   30.0 -36.9  -3.2   29.0 -38.6   0.0   25.0 -37.0   0.0
 23.7 -23.2   0.0   21.1  -8.7   0.8   20.8  -4.7   2.2   20.0  -0.8  -0.7
 19.9  -0.1  -0.5   19.5   5.1  -0.4   17.3  20.6  -0.0   15.6  10.8  -0.0
 15.4   8.9   2.4   14.9  10.2   5.9   14.3  16.0   5.8   14.0  13.9   3.7
 13.3   8.0  -2.1   12.8   2.2  -4.7   12.5   2.2  -2.2   12.3   5.1  -0.4
 11.6   9.7   3.5   10.0  12.1  -4.4    9.3  14.0  -5.1    8.3   5.6  -2.6
  8.1   2.0  -7.5    7.8   1.0  -5.6    7.6   1.5  -1.5    7.4   4.8  -1.8
  7.1   6.5  -3.0    6.8   4.6   5.5    6.4  11.2   5.2

 99.9  -7.1  10.1   90.0   5.8   3.2   80.0   8.1  -5.5   70.0   1.3  -7.6
 60.0 -11.4   2.5   50.0 -25.2   0.0   45.0 -32.1   2.1   40.0 -34.2  -1.7
 35.0 -35.6  -3.1   30.0 -36.9  -3.2   25.0 -37.0   0.0   22.5 -16.6   0.3
 20.0  -0.8  -0.7   15.0  10.0   5.2   12.0   7.0   1.2   10.0  12.1  -4.4
  8.0   1.7  -6.8    7.0   5.9  -0.2    6.0   0.0   0.0    5.0   0.0   0.0
  4.0   0.0   0.0

  3. 8.2018  12 Uhr

 99.9  -5.3   3.1   96.7   0.5   0.9   94.0   5.0  -1.3   89.7   8.8  -6.2
 86.9   9.2  -3.3   78.2   5.5  -5.5   72.5   0.2  -1.0   70.0  -5.1  -0.9
 69.7  -5.6  -0.5   68.2  -4.5   2.6   57.0 -14.9   4.0   53.8 -15.9  -4.3
 50.3 -15.5  -5.6   50.0 -16.4  -4.4   48.2 -24.2   0.0   43.6 -30.9   0.0
 30.9 -39.6   0.0   30.0 -39.1   0.0   27.6 -38.1   0.0   23.4  -7.1  -1.3
 22.5  -0.4  -1.5   21.9   3.3  -3.9   20.7   3.2  -8.7   20.1   6.9  -8.3
 20.0   8.0  -8.0   19.4  10.5 -10.5   18.4  10.9 -10.9   17.8  14.5  -5.3
 15.6  14.2   2.5   14.4  16.2   2.9   13.1   7.6  -5.3   12.9   6.2  -3.6
 12.7   6.1  -0.5   12.6   6.8   2.5   12.3   5.3   6.3   11.5  15.1   8.7
 11.0  14.2  11.9   10.1  10.7   6.2   10.0  10.2   5.9    9.2   9.3  -0.0
  8.5  10.9   2.9    8.3  11.3   1.0    8.0   8.2   0.7    7.7  -0.2   1.0
  7.4   1.3   5.0    7.1   7.9   6.6    6.7   6.2   8.8    6.4   5.6   2.6
  6.3   6.0  -1.6    5.9   5.0  -5.9    5.6   4.4  -4.4    5.4   4.7  -4.0
  5.3   5.1  -0.4    4.4  -0.2   2.0

 99.9  -5.3   3.1   90.0   8.6  -5.9   80.0   6.3  -5.0   70.0  -5.1  -0.9
 60.0 -12.0   3.6   50.0 -16.4  -4.4   45.0 -28.8   0.0   40.0 -33.1   0.0
 35.0 -36.5   0.0   30.0 -39.1   0.0   25.0 -19.3  -0.8   22.5  -0.4  -1.5
 20.0   8.0  -8.0   15.0  15.2   2.7   12.0   8.9   7.2   10.0  10.2   5.9
  8.0   8.2   0.7    7.0   7.5   7.2    6.0   5.2  -4.8    5.0   3.4   0.3
  4.0   0.0   0.0

  4. 8.2018   0 Uhr

 99.9  -3.5   0.6   95.3   5.0   1.3   89.1  10.2   0.9   84.8   5.9  -5.0
 78.9   1.5  -8.6   76.0   3.2  -4.6   74.6   3.3  -5.8   71.0  -5.6  -6.7
 70.0  -7.9  -6.6   64.7 -11.9  -3.2   62.3  -9.3   0.0   59.7 -13.2  -2.3
 57.4 -14.7   2.6   50.0 -23.7   0.0   39.1 -37.4  -3.3   30.0 -27.4   4.8
 27.7 -26.6   2.3   25.0 -28.2  -2.5   22.8 -11.8   1.0   22.3  -5.8   3.3
 22.0  -3.2   4.6   20.9   1.3   5.0   20.3   1.1   1.1   20.0   2.4   2.0
 19.5   8.5   4.9   18.7  13.1   4.8   16.1   9.7   0.9   15.5   9.4   2.5
 14.1  12.9   7.5   11.9  17.2  -3.0   11.2  14.7  -8.5   10.0  15.4   1.3
  9.6  11.7  -2.1    8.8  12.2   2.1    8.2  10.6   1.9    7.6   4.0   4.7
  7.1  14.5   6.7    6.0   9.4  -5.4

 99.9  -3.5   0.6   90.0   9.5   1.0   80.0   2.4  -7.9   70.0  -7.9  -6.6
 60.0 -12.7  -2.1   50.0 -23.7   0.0   45.0 -29.7  -1.4   40.0 -36.2  -3.0
 35.0 -33.1   0.2   30.0 -27.4   4.8   25.0 -28.2  -2.5   22.5  -8.2   2.4
 20.0   2.4   2.0   15.0  10.7   4.3   12.0  17.0  -2.5   10.0  15.4   1.3
  8.0   8.5   2.8    7.0  14.0   5.7    6.0   9.4  -5.4    5.0   0.0   0.0
  4.0   0.0   0.0

  4. 8.2018  12 Uhr

 99.9  -5.1  -8.9   96.3   1.6  -9.1   89.5  -4.7  -4.0   83.3  -2.3  -1.1
 75.2  -5.0  -1.3   72.3  -4.9   2.8   70.0  -9.9   2.7   65.7 -14.9  -1.3
 58.2 -16.2  -2.9

 99.9  -5.1  -8.9   90.0  -4.3  -4.4   80.0  -3.4  -1.2   70.0  -9.9   2.7
 60.0 -15.9  -2.5   50.0   0.0   0.0   45.0   0.0   0.0   40.0   0.0   0.0
 35.0   0.0   0.0   30.0   0.0   0.0   25.0   0.0   0.0   22.5   0.0   0.0
 20.0   0.0   0.0   15.0   0.0   0.0   12.0   0.0   0.0   10.0   0.0   0.0
  8.0   0.0   0.0    7.0   0.0   0.0    6.0   0.0   0.0    5.0   0.0   0.0
  4.0   0.0   0.0

  5. 8.2018   0 Uhr

 99.9  -8.9 -10.6   90.1  -0.3   1.5   73.0 -10.8  -0.9   70.1 -10.9  -2.9
 70.0 -10.9  -2.9   61.6 -11.1   6.4   57.3 -15.9   1.4   52.4 -20.4   5.5
 50.0 -20.8  -3.7   46.1 -22.3  -3.9   41.7 -36.0  -6.3   31.1 -28.7   2.5
 30.0 -29.9   5.3   27.9 -30.9  11.3   26.0 -35.0   6.2   23.7 -13.9   3.7
 22.6  -8.7  -3.2   22.1  -6.1  -0.5   21.2   0.0   2.6   20.2   5.0   1.3
 20.0   5.8   2.1   19.8   6.5   3.0   19.1   6.2  -3.6   17.9   5.8  -3.3
 16.8  12.8  -1.1   15.3  20.8   3.7   11.5  13.1  -4.8   10.0  17.4  -1.5
  8.7  19.0   1.7    7.9  16.4  -6.0    7.4  16.7  -2.9    7.1  16.0  -5.8
  6.5   4.4  -7.6    6.4   1.3  -5.0    6.3  -0.0  -4.6    6.2  -4.3  -3.6
  5.9  -9.4  -5.4    5.7 -10.2   0.9    5.5  -4.0   1.1    5.4  -6.1   2.8
  5.1 -12.9   3.5    4.8 -13.8   8.0

 99.9  -8.9 -10.6   90.0  -0.3   1.5   80.0  -6.3   0.1   70.0 -10.9  -2.9
 60.0 -12.9   4.6   50.0 -20.8  -3.7   45.0 -25.6  -4.5   40.0 -34.9  -5.0
 35.0 -31.6  -1.0   30.0 -29.9   5.3   25.0 -26.0   5.1   22.5  -8.2  -2.6
 20.0   5.8   2.1   15.0  20.2   3.1   12.0  14.2  -3.5   10.0  17.4  -1.5
  8.0  16.8  -5.0    7.0  14.1  -6.1    6.0  -7.7  -4.8    5.0 -13.2   4.9
  4.0   0.0   0.0

  5. 8.2018  12 Uhr

 99.9 -10.6  -8.9   95.5  -5.3  -1.9   93.0  -2.4   0.9   90.0  -0.9   5.1
 85.9  -0.9   5.1   81.0  -1.5   0.3   77.5  -5.0   1.3   73.9  -0.9   5.1
 71.8  -4.5   2.6   70.0  -8.2   3.0   62.4 -13.1   6.1   58.1 -16.0  -5.8
 53.0 -20.0  -1.7   50.0 -19.8  -7.2   49.3 -20.0  -9.3   40.6 -33.3   8.9
 39.4 -28.4  13.3   30.0 -31.3  -8.4   28.6 -33.3  -8.9   25.7 -31.4  -5.5
 24.2 -14.3  -8.2   23.8  -8.4  -8.4   22.6   2.5  -6.8   22.2   6.5  -6.5
 20.5  11.0  -7.7   20.0   9.5  -9.5   19.6   7.1 -10.1   18.3  16.2  -2.9
 15.2  22.6  -0.0   13.1  14.2   2.5   12.7  10.6  -1.9   12.0  16.9   1.5
 10.0  24.1   2.1    9.8  24.6   2.2    8.8  14.3  -1.3    8.5  14.9  -1.3
  8.0  11.8  -8.3    7.6  11.4  -9.6    7.4   5.7  -9.8    7.2  -0.0 -12.3
  6.8  -9.0 -15.6    6.5  -5.9  -8.4    6.4  -6.5  -6.5    6.0 -12.7   2.2
  5.7 -17.2   3.0    5.5 -18.4   6.7    5.2  -5.9   8.4    4.8  -5.9   8.4
  4.4 -15.8  13.2    4.3 -11.5  16.4

 99.9 -10.6  -8.9   90.0  -0.9   5.1   80.0  -2.5   0.6   70.0  -8.2   3.0
 60.0 -14.7  -0.5   50.0 -19.8  -7.2   45.0 -26.4  -0.6   40.0 -30.9  11.1
 35.0 -29.7   3.6   30.0 -31.3  -8.4   25.0 -23.5  -6.8   22.5   3.5  -6.7
 20.0   9.5  -9.5   15.0  21.9   0.2   12.0  16.9   1.5   10.0  24.1   2.1
  8.0  11.8  -8.3    7.0  -4.5 -14.0    6.0 -12.7   2.2    5.0  -5.9   8.4
  4.0   0.0   0.0

  6. 8.2018   0 Uhr

 99.9  -6.7  -0.6   96.1  -6.2   6.2   94.4  -5.3   7.6   91.2  -3.6   3.6
 86.8  -0.7   1.4   83.8  -0.4   5.1   73.7  -4.8   1.8   70.5  -4.2   3.0
 70.0  -3.8   2.7   69.6  -4.2   2.0   68.6  -6.1   0.5   53.8 -17.9  -1.6
 51.3 -18.7 -10.8   50.0 -21.0  -9.8   47.9 -26.9  -4.7   45.0 -26.2   0.0
 31.0 -41.5   3.6   30.0 -41.0   3.6   28.2 -39.5   3.5   26.9 -31.4   5.5
 24.8  -5.0   1.3   24.5  -0.0  -0.0   24.1   5.1  -0.9   22.8   8.7  -0.0
 22.0   8.6   1.5   20.5   3.3  -3.9   20.3   2.3  -4.0   20.1   3.6  -3.6
 20.0   4.6  -3.2   19.8   8.2  -3.0   18.6  17.4   1.5   15.3  24.8   6.7
 12.8  12.4   3.3   11.7  16.9   4.5   10.8  15.9   4.3   10.1  13.1  -6.1
 10.0  13.1  -6.1    9.3  13.4  -3.6    8.6  10.2  -5.9    7.8   7.7 -13.4
  7.5   6.9 -12.0    7.1  -1.1 -12.3    6.7 -11.4  -8.0    6.4  -3.6  -3.6
  6.3  -1.0   0.2    5.8  -5.3  -1.9    5.7  -0.0  -0.0    5.1  -1.9   0.9


 99.9  -6.7  -0.6   90.0  -2.8   3.0   80.0  -2.1   3.9   70.0  -3.8   2.7
 60.0 -12.7  -0.6   50.0 -21.0  -9.8   45.0 -26.2   0.0   40.0 -31.2   1.2
 35.0 -36.7   2.5   30.0 -41.0   3.6   25.0  -7.6   1.7   22.5   8.7   0.6
 20.0   4.6  -3.2   15.0  23.4   6.3   12.0  15.6   4.2   10.0  13.1  -6.1
  8.0   8.4 -11.5    7.0  -3.6 -11.2    6.0  -3.6  -1.1    5.0  -2.2   1.0
  4.0   0.0   0.0

  6. 8.2018  12 Uhr

 99.9  -6.7   3.9   96.5  -9.4   5.4   91.8  -6.1  -1.1   88.3  -0.0  -0.0
 72.7  -5.1  -0.9   70.6  -3.1   0.0   70.0  -3.5  -0.9   68.5  -6.3  -4.4
 63.2 -10.2  -5.9   59.0 -14.3  -1.3   52.0 -26.8  -7.2   50.1 -28.9  -5.1
 50.0 -29.2  -2.6   47.6 -23.1   2.0   30.0 -30.2   2.6   26.7 -33.3  -2.9
 23.5  -4.1   0.4   22.2  -0.0  -0.0   21.4   7.6   1.3   20.0   9.4   2.5
 18.3  21.3   3.8   15.7  14.4   3.9   14.8  15.0  -5.5   13.7  11.7  -2.1
 12.9  17.5  -0.0   12.3   9.2  -0.8   11.5  13.3  -1.2   10.8  14.7 -10.3
 10.3  15.2 -10.6   10.0  13.5  -9.4    9.8  13.5  -6.3    9.3   2.5  -6.8
  8.9   1.6  -4.4    8.5   3.8  -5.5    8.0  -5.6  -6.7    7.4 -14.9  -7.0
  6.8  -1.5   0.5    6.4   0.1   1.0    6.2  -5.1   0.4    5.9  -4.8   1.8
  5.7   5.1   0.4    5.6   4.8  -1.8    5.4   3.9  -3.3    5.3   5.8  -3.3
  5.2   4.4  -6.3    5.1   5.3  -6.3    5.0   1.7  -6.5    4.8   8.8  -6.2
  4.6   8.8  -6.2    4.1  -1.3 -15.4    4.0   4.5 -16.9    3.8   1.4 -16.4


 99.9  -6.7   3.9   90.0  -3.0  -0.5   80.0  -2.6  -0.5   70.0  -3.5  -0.9
 60.0 -13.4  -2.4   50.0 -29.2  -2.6   45.0 -24.0   2.1   40.0 -25.9   2.3
 35.0 -27.9   2.4   30.0 -30.2   2.6   25.0 -18.1  -1.2   22.5  -1.0   0.1
 20.0   9.4   2.5   15.0  14.9  -3.4   12.0  10.7  -0.9   10.0  13.5  -9.4
  8.0  -5.6  -6.7    7.0  -6.0  -2.0    6.0  -4.9   1.3    5.0   1.7  -6.5
  4.0   4.5 -16.9

  7. 8.2018   0 Uhr

 99.9 -13.3  -1.2   97.0 -11.3   0.0   92.8  -5.6  -8.0   89.3  -1.2  -6.6
 87.6  -2.6  -7.3   82.7  -0.0  -9.8

 99.9 -13.3  -1.2   90.0  -2.1  -6.9   80.0   0.0   0.0   70.0   0.0   0.0
 60.0   0.0   0.0   50.0   0.0   0.0   45.0   0.0   0.0   40.0   0.0   0.0
 35.0   0.0   0.0   30.0   0.0   0.0   25.0   0.0   0.0   22.5   0.0   0.0
 20.0   0.0   0.0   15.0   0.0   0.0   12.0   0.0   0.0   10.0   0.0   0.0
  8.0   0.0   0.0    7.0   0.0   0.0    6.0   0.0   0.0    5.0   0.0   0.0
  4.0   0.0   0.0

  7. 8.2018  12 Uhr

 99.9  -5.9  -8.4   96.0  -4.8 -10.3   91.9 -10.5 -10.5   88.4  -6.3  -5.3
 86.3  -5.6   1.0   81.8  -4.7   2.2   78.7  -1.2   1.7   76.2  -6.0  -1.6
 73.5  -4.8  -1.8   70.0  -2.0  -4.2   69.6  -2.6  -4.5   68.0  -3.5  -5.1
 64.9 -11.9  -3.2   55.3 -16.4   4.4   53.2 -24.7   0.0   50.4 -20.5   1.8
 50.0 -20.5   1.8   39.0 -30.2  -2.6   30.0 -28.9  -5.1   29.3 -32.3  -2.8
 25.1 -25.6   2.2   23.7 -12.8   1.1   23.3  -7.6   4.4   22.5  -2.2   4.7
 21.8   0.3   3.6   21.2   6.3   2.3   20.3  16.4   4.4   20.0  15.7   2.8
 19.0  15.9  -7.4   18.6  16.0  -9.3   16.7   3.0  -8.2   16.4   3.3  -5.8
 15.8   6.1   0.5   15.6   4.8   1.8   15.2   0.5   0.2   14.5   5.5   4.6
 13.9  11.4   3.1   12.9  11.1  -4.0   12.6  11.1  -4.0   11.7   0.4  -2.5
 11.2   6.3  -4.4   10.3  14.2  -2.5   10.0  10.6  -3.9    9.8   8.9  -2.4
  9.4  14.2  -2.5    9.0  13.7  -2.4    8.5   5.5   1.5    8.4   1.1   2.3
  8.2   3.0   4.2    8.1   6.7   4.7    7.7  11.1   6.4    7.5   6.7   5.6
  7.4   1.8   4.8    7.3   1.7   3.7    7.1   8.9   5.1    6.8  12.6   5.9
  6.0  10.2   0.9    5.8   7.7  -2.8    5.6   7.0  -1.9    5.5   5.8  -2.1
  5.3   8.6  -1.5    5.1   9.8  -4.6    5.0   6.2  -3.6    4.8   0.9  -1.9
  4.7  -3.9  -3.3    4.6  -9.3  -4.3    4.3  -0.0  -7.2    4.2   2.8  -6.1


 99.9  -5.9  -8.4   90.0  -8.3  -7.7   80.0  -2.7   1.9   70.0  -2.0  -4.2
 60.0 -14.1   0.6   50.0 -20.5   1.8   45.0 -24.7  -0.1   40.0 -29.3  -2.2
 35.0 -29.7  -3.7   30.0 -28.9  -5.1   25.0 -24.7   2.2   22.5  -2.2   4.7
 20.0  15.7   2.8   15.0   1.9   1.4   12.0   4.1  -3.0   10.0  10.6  -3.9
  8.0   7.8   5.1    7.0  10.1   5.4    6.0  10.2   0.9    5.0   6.2  -3.6
  4.0   0.0   0.0

  8. 8.2018   0 Uhr

 99.9 -20.0   1.7   92.6 -14.3  -1.3   84.6  -2.2   4.7   78.1  -6.6   1.2
 74.1  -1.0  -0.2   72.1  -5.0  -1.3   70.0  -9.3   0.0   68.8 -11.3   1.0
 67.3 -10.6   1.9   64.6 -10.3   4.8   60.2 -12.3   0.0   58.1 -14.0   6.5
 50.0 -22.3   3.9   46.1 -29.8   0.0   39.8 -29.8  -8.0   34.0 -39.1   0.0
 30.0 -36.9  -3.2   29.3 -37.9  -3.3   27.8 -31.4  -5.5   26.5 -14.7   2.6
 26.1  -8.0   5.6   24.9  -1.6   6.0   24.6   1.1   4.0   24.3   3.6   3.6
 23.6   8.4   3.9   22.3  12.9   3.5   21.1  11.2   5.2   20.0  14.2   2.5
 19.0  16.7   2.9   17.7   5.6  -1.0   16.8   2.0   4.2   16.7   0.9   5.1
 16.4   0.5   6.1   15.3   5.1   4.3   14.7   7.3   7.3   14.5   9.8   5.7
 13.7   5.6   0.5   13.3   4.0   2.3   13.1   4.3   5.1   12.4   4.1   8.9
 11.3  16.9   4.5   10.0  12.8  -1.1    8.0   5.6  -6.7    7.8  12.6  -5.9
  7.4  13.4  -3.6    7.0  14.9  -7.0    6.4   1.2 -13.8    6.2  -0.0 -15.4
  5.9   5.4 -11.7    5.8   1.8 -10.1    5.6   4.3  -9.3    5.4  -1.8 -10.1
  5.3  -1.3  -7.6    5.2  -2.5  -6.8    5.1  -8.9  -5.1    4.9  -7.3  -7.3
  4.8 -11.1  -6.4    4.6 -15.6 -10.9    4.2 -10.3   0.0    4.1  -7.2  -0.6


 99.9 -20.0   1.7   90.0 -10.5   0.6   80.0  -5.3   2.2   70.0  -9.3   0.0
 60.0 -12.5   0.6   50.0 -22.3   3.9   45.0 -29.8  -1.3   40.0 -29.8  -7.7
 35.0 -37.4  -1.4   30.0 -36.9  -3.2   25.0  -2.1   5.9   22.5  12.2   3.5
 20.0  14.2   2.5   15.0   6.2   5.8   12.0   8.7   7.3   10.0  12.8  -1.1
  8.0   5.6  -6.7    7.0  14.9  -7.0    6.0   3.6 -12.9    5.0  -8.1  -6.2
  4.0  -4.0  -1.3

  8. 8.2018  12 Uhr

 99.9  -6.2   6.2   97.1  -3.8   5.5   87.4   0.2  -0.5   81.0  -0.4  -5.1
 79.0  -2.5  -6.8   76.2  -7.2  -0.6   73.5  -8.9  -2.4   70.7  -8.6   1.5
 70.0  -8.7   0.8   69.2  -9.2   0.8   66.9 -12.6   4.6   62.9  -9.7   0.9
 60.5 -11.7  -2.1   57.5 -16.2   2.9   50.0 -24.1   2.1   47.2 -27.4  -4.8
 40.4 -35.5  -6.3   30.0 -31.4   5.5   28.8 -29.8   8.0   25.0  -8.9  -5.1
 24.5  -4.2  -3.0   24.0  -0.4   0.3   23.2   4.5   2.6   21.8   9.2   0.8
 20.6  12.8  -1.1   20.0  11.8   1.0   18.5   6.6   1.2   18.2   3.8   2.7
 18.0   3.2   4.6   17.2  10.9  10.9   16.2   3.5   3.0   15.4  10.1   7.1
 13.9   5.1  -3.5   13.5   2.2  -4.7   13.0   4.4  -1.6   12.8   5.0  -1.3
 11.7  15.4  -0.0   11.2  17.4  -4.7   10.9  14.5  -6.7   10.0  15.6 -10.9
  9.9  14.6 -12.2    9.3  11.0  -9.3    9.0   5.6  -8.0    8.8  -1.3  -7.1
  8.7  -1.2  -6.6    8.4   5.1  -3.5    8.2   5.0  -1.3    8.0  -0.0  -0.0
  7.6   5.0  -1.3    7.4   6.3  -4.4    7.2   5.8  -3.3    6.9   6.6   1.2
  6.8   4.7   2.2    6.5  -0.1   0.5    6.4  -5.1  -0.9    6.2 -11.9  -3.2
  6.0  -1.3   1.6    5.9  -5.0   1.3    5.5 -11.3   1.0    5.4  -8.9   2.4
  5.2  -4.4   4.4    5.1  -9.7   3.5    4.9  -7.5   6.3

 99.9  -6.2   6.2   90.0  -0.9   1.2   80.0  -1.5  -5.9   70.0  -8.7   0.8
 60.0 -12.4  -1.2   50.0 -24.1   2.1   45.0 -29.9  -5.3   40.0 -35.3  -5.8
 35.0 -33.5  -0.4   30.0 -31.4   5.5   25.0  -8.9  -5.1   22.5   6.8   1.7
 20.0  11.8   1.0   15.0   8.8   4.3   12.0  12.5  -0.4   10.0  15.6 -10.9
  8.0  -0.0  -0.0    7.0   6.3  -0.4    6.0  -1.3   1.6    5.0  -8.6   4.9
  4.0   0.0   0.0

  9. 8.2018   0 Uhr

 99.9  -6.3   5.3   95.4   1.3   7.1   91.4   2.3   6.3   88.8   1.3   5.0
 85.4  -0.5   0.2   82.4  -4.2  -3.0   80.4  -6.5  -3.0   77.4  -6.7   3.9
 72.4  -3.5   7.5   70.7  -3.6   6.2   70.0  -4.3   5.1   67.9 -13.5  -4.9
 67.8  -8.2   3.0   59.6 -18.4  -1.6   57.4 -17.2  -3.0   53.3 -14.7   2.6
 50.0 -24.3  -4.3   48.7 -29.2  -2.6   46.7 -24.6  -2.2   41.1 -30.8  -8.3
 35.0 -35.5   0.0   30.0 -29.8   8.0   28.4 -29.8   8.0   26.9 -19.5   1.7
 24.6  -6.7  -3.9   23.8   0.4  -0.9   22.1   5.1  -0.9   21.6   6.0  -1.6
 20.8   4.8  -1.8   20.0   3.8   2.7   19.1  -0.2   0.5   18.6  -5.1  -0.4
 18.5  -5.1   0.0   17.7   3.9   3.3   17.0   9.5   7.9   15.8   5.8   3.3
 14.9   9.8   4.6   14.2  13.3  -1.2   13.9  11.2  -5.2   13.1   2.8  -1.3
 12.6   8.6   1.5   11.5  21.0  -1.8   10.0  12.4   3.3    9.6   8.2   3.0
  8.7   5.1   2.4    8.5   2.6  -0.2    8.4   3.9  -3.3    8.0  11.8  -8.3
  7.0   1.4  -3.9    6.8   4.3  -5.1    6.7   2.8  -4.9    6.6  -3.8  -5.5
  6.5  -8.8  -6.2    6.1 -16.4  -1.4    5.9  -5.8   2.1    5.4  -2.8   6.1
  5.1  -9.8   9.8    5.0  -6.9   6.9    4.9  -3.5   7.5    4.4  -0.3   3.1
  4.3  -0.9   3.5

 99.9  -6.3   5.3   90.0   1.8   5.6   80.0  -6.5  -2.1   70.0  -4.3   5.1
 60.0 -17.9  -1.4   50.0 -24.3  -4.3   45.0 -26.4  -3.9   40.0 -31.6  -6.8
 35.0 -35.5   0.0   30.0 -29.8   8.0   25.0  -9.0  -2.9   22.5   4.0  -0.9
 20.0   3.8   2.7   15.0   9.3   4.4   12.0  15.3  -0.3   10.0  12.4   3.3
  8.0  11.8  -8.3    7.0   1.4  -3.9    6.0 -11.1   0.3    5.0  -6.9   6.9
  4.0   0.0   0.0

  9. 8.2018  12 Uhr

 99.9   0.0   0.0   90.0   0.0   0.0   80.0   0.0   0.0   70.0   0.0   0.0
 60.0   0.0   0.0   50.0   0.0   0.0   45.0   0.0   0.0   40.0   0.0   0.0
 35.0   0.0   0.0   30.0   0.0   0.0   25.0   0.0   0.0   22.5   0.0   0.0
 20.0   0.0   0.0   15.0   0.0   0.0   12.0   0.0   0.0   10.0   0.0   0.0
  8.0   0.0   0.0    7.0   0.0   0.0    6.0   0.0   0.0    5.0   0.0   0.0
  4.0   0.0   0.0

 10. 8.2018   0 Uhr

 99.9  -3.0  -0.8   93.7   3.3   3.9   91.4   3.6   3.6   82.1  -0.0  -0.0
 78.8  -5.6   2.6   76.1  -9.4   2.5   73.2  -4.7   4.0   71.9  -5.1   2.4
 70.6  -6.1   2.8   70.0  -7.7   2.8   67.8  -5.6  -2.6   64.1  -9.5  -9.5
 61.3 -10.7  -6.2   58.2 -11.8   1.0   50.0 -20.6   0.0   38.0 -33.4   5.9
 31.2 -30.4  -5.4   30.0 -31.8  -2.8   27.7 -29.9   5.3   24.9 -16.4   6.0
 23.6  -8.0   2.1   23.3  -7.2   0.6   20.7  -4.1  -7.1   20.1   1.1  -6.1
 20.0   1.2  -6.6   19.8   0.6  -6.7   19.4  -2.6  -5.6   18.5   2.0  -4.2
 17.6   4.7  -2.2   15.7  10.5  -7.4   15.3   6.6  -7.9   14.4   6.7  -0.6
 14.2   4.7   2.2   14.0   4.7   4.0   13.6  10.2   3.7   12.7  19.6   9.1
 11.0  17.7   8.3   10.2   6.5   3.0   10.0  10.2   3.7    9.4  16.7   2.9
  8.8   9.9   2.7    8.1  15.0   5.5    7.6  14.3   1.3    7.4   8.2   3.0
  6.8  12.8  -1.1    6.5   6.5  -1.7    6.4   1.8   1.8    6.2  -2.6   4.5
  6.0   4.1   7.1    5.9   6.3   7.5    5.6   3.7  10.2    5.4   1.6   9.1
  5.3  -2.6   5.6    5.1   1.1  12.3    4.6   3.0  17.2    4.5   4.0  14.9
  4.3  -4.6   8.0

 99.9  -3.0  -0.8   90.0   3.1   3.1   80.0  -3.5   1.7   70.0  -7.7   2.8
 60.0 -11.1  -3.2   50.0 -20.6   0.0   45.0 -25.6   2.3   40.0 -31.1   4.8
 35.0 -32.1   1.1   30.0 -31.8  -2.8   25.0 -16.9   6.0   22.5  -6.3  -1.7
 20.0   1.2  -6.6   15.0   6.6  -5.5   12.0  18.8   8.8   10.0  10.2   3.7
  8.0  14.9   4.6    7.0  11.2   0.3    6.0   4.1   7.1    5.0   1.5  13.3
  4.0   0.0   0.0

 10. 8.2018  12 Uhr

 99.9  -9.2   0.8   98.1  -4.7   2.2   95.2  -1.2   1.7   81.4  -0.4  -0.4
 75.5  -7.6   1.3   72.7 -11.1  -2.0   70.0  -7.6   1.3   69.8  -7.6   1.3
 56.1 -20.5   1.8   51.0 -18.2  -3.2   50.0 -21.5  -1.9   47.5 -22.8   4.0
 44.9 -26.2   0.0   36.8 -30.4   5.4   32.3 -26.8  -7.2   30.0 -31.3  -2.7
 29.6 -31.8  -2.8   26.6 -30.4   0.0   24.1  -4.3   5.1   23.9  -3.6   3.6
 23.6  -4.0   1.1   23.4  -5.0  -1.3   22.7  -6.3  -4.4   21.3  -8.0  -5.6
 20.8 -10.2  -3.7   20.3  -9.7   0.9   20.0  -8.1   1.4   19.4  -5.0   1.3
 18.8  -0.5  -0.9   18.5   4.2  -3.0   17.3   9.7  -3.5   16.1   9.4  -2.5


 99.9  -9.2   0.8   90.0  -0.9   0.9   80.0  -2.0   0.0   70.0  -7.6   1.3
 60.0 -16.6   1.7   50.0 -21.5  -1.9   45.0 -26.1   0.2   40.0 -28.7   3.2
 35.0 -29.0   0.5   30.0 -31.3  -2.7   25.0 -13.9   3.2   22.5  -6.6  -4.6
 20.0  -8.1   1.4   15.0   0.0   0.0   12.0   0.0   0.0   10.0   0.0   0.0
  8.0   0.0   0.0    7.0   0.0   0.0    6.0   0.0   0.0    5.0   0.0   0.0
  4.0   0.0   0.0

 11. 8.2018   0 Uhr

 99.9 -12.6  10.6   92.1  -4.0   4.0   85.9  -1.2  -1.7   82.1  -2.6  -4.5
 76.7 -18.4  -4.9   72.2  -7.3   2.6   70.0  -7.5   3.5   69.2  -7.9   3.7
 66.1  -6.2   0.0   63.1 -14.9   0.0   56.7 -16.4   6.0   52.2 -20.6   0.0
 50.0 -23.6   2.1   38.2 -31.8  -2.8   35.1 -29.3  -7.9   30.7 -33.3  -2.9
 30.0 -31.9   0.0   27.2 -26.3   4.6   24.6  -5.1   5.1   23.8  -4.1   0.4
 23.3  -4.7  -2.2   22.9  -6.1  -2.8   21.9 -10.2   3.7   20.0  -2.5   6.8
 19.6  -1.8   4.8   19.0   0.0   1.5   18.4   4.7   2.2   16.2  14.9  -1.3
 14.5  17.9   4.8   13.5  22.5   2.0   12.8  18.5  -0.0   10.8   9.4   2.5
 10.0   9.3  -4.3    9.6   4.8  -1.8    9.4   7.1  -1.3    8.5  10.1  -1.8
  8.1   0.9  -2.4    7.7   4.2  -3.0    7.5   7.7  -2.8    7.3   4.2  -3.0
  7.1   8.6  -1.5    6.9  12.3  -1.1    6.5   3.6  -0.0    6.3   6.6   1.2
  5.9  14.2  -2.5    5.6  11.7  -2.1    5.4   2.1  -3.6    5.2  -1.5  -5.5
  5.1   4.8  -1.8    5.0   5.6  -1.0    4.9   5.5  -3.8

 99.9 -12.6  10.6   90.0  -3.1   2.1   80.0  -8.6  -4.6   70.0  -7.5   3.5
 60.0 -15.6   2.8   50.0 -23.6   2.1   45.0 -26.9   0.1   40.0 -30.4  -2.0
 35.0 -29.4  -7.7   30.0 -31.9   0.0   25.0  -8.5   5.0   22.5  -7.7  -0.2
 20.0  -2.5   6.8   15.0  17.0   3.0   12.0  15.0   1.0   10.0   9.3  -4.3
  8.0   1.7  -2.5    7.0  10.4  -1.3    6.0  12.3  -1.6    5.0   5.6  -1.0
  4.0   0.0   0.0

 11. 8.2018  12 Uhr

 99.9 -16.0   5.8   94.3  -8.7   0.0   92.5  -5.1  -3.5   91.6  -3.6  -6.2
 90.1  -2.3  -8.4   78.3 -24.3  -6.5   70.0  -3.9   3.3   66.4  -5.8   3.3
 64.9  -3.6   0.3   64.2  -5.1   0.0   61.8 -10.2   3.7   55.1 -14.0   5.1
 53.1 -16.4  -1.4   50.0 -21.0  -1.8   46.3 -21.3  -7.7   34.3 -38.1   0.0
 30.0 -27.3   7.3   28.9 -28.4   5.0   26.3 -10.1   1.8   23.7  -1.8   1.0
 20.2  -5.6  -0.5   20.1  -5.1  -0.9   20.0  -3.9  -1.4   19.5   3.3  -3.9
 19.1   6.2  -3.6   18.3   6.2  -3.6   17.7   7.7   0.7   17.5   8.4   2.3
 15.0  21.4  10.0   14.0  16.4   1.4   11.1  12.4   3.3   10.2   7.2  -5.0
 10.0   7.3  -2.6    9.9   7.1  -1.3    9.8   7.2   0.6    8.8  14.4  -0.0
  8.5   6.5   1.7    8.4   3.2   2.6    8.1   9.3   6.5    7.7   5.0   5.9
  6.9   2.6  -4.5    6.3  -0.7  -1.4    6.0   4.5   2.6    5.9   5.1   0.9
  5.4   5.9   4.1    5.3   3.9   3.3    5.0   0.0   0.5    4.4   3.9  -8.4


 99.9 -16.0   5.8   90.0  -2.4  -8.4   80.0 -21.0  -6.8   70.0  -3.9   3.3
 60.0 -11.2   4.1   50.0 -21.0  -1.8   45.0 -22.9  -7.0   40.0 -29.6  -3.9
 35.0 -37.0  -0.5   30.0 -27.3   7.3   25.0  -6.0   1.4   22.5  -3.1   0.5
 20.0  -3.9  -1.4   15.0  21.4  10.0   12.0  13.7   2.7   10.0   7.3  -2.6
  8.0   8.2   6.3    7.0   2.9  -3.1    6.0   4.5   2.6    5.0   0.0   0.5
  4.0   0.0   0.0

 12. 8.2018   0 Uhr

 99.9  -7.6  -5.3   97.4  -4.1  -8.9   91.8  -3.5 -12.9   88.1  -8.7  -7.3
 81.7 -24.7   0.0   79.0 -16.8   7.8   75.5 -10.2   8.6   72.7  -1.4   8.1
 70.0  -4.2   3.0   69.3  -3.6   2.1   67.7  -5.1   0.9   63.0  -9.7  -3.5
 54.2 -14.9   1.3   50.0 -18.2  -3.2   49.5 -18.7  -3.3   42.3 -27.2   2.4
 36.5 -31.3  -2.7   32.8 -43.6   7.7   30.6 -35.3  12.8   30.0 -36.3   9.7
 27.9 -38.9   3.4   26.1 -17.4  -4.7   24.9 -12.1  -5.7   23.6  -5.1  -3.5
 23.1  -6.1  -2.8   22.5  -8.0   4.6   21.8  -6.8   9.7   21.3  -9.3  11.0
 20.9  -5.6   8.0   20.3   2.6   4.5   20.2   3.3   3.9   20.0   3.9   3.3
 19.9   4.6   3.2   18.2   6.7   0.6   16.1  12.7   2.2   14.8  12.9  -7.5
 14.0  14.9  -4.0   13.0  19.4  -5.2   11.4  13.1  -4.8   10.8  11.3  -1.0
 10.5   6.1  -0.5   10.2   0.9   1.3   10.0   0.0   4.1    9.9   0.9   5.1
  9.2   9.8   4.6    8.7   7.9   3.7    8.5   3.9   3.3    8.4   1.8   2.5
  7.9   9.9   2.7    7.6   7.7   0.7    7.3   3.0  -4.2    7.0   7.2  -5.0
  6.8   4.3  -5.1    6.5   2.5  -2.5    6.1   5.1  -4.3    6.0   0.4  -5.1
  5.9   4.1  -5.9    5.6   3.9  -6.7    5.5  -0.0  -5.7    5.4  -5.0  -1.3
  5.3  -5.5  -1.5

 99.9  -7.6  -5.3   90.0  -6.0 -10.2   80.0 -19.7   4.9   70.0  -4.2   3.0
 60.0 -11.4  -1.9   50.0 -18.2  -3.2   45.0 -23.9   0.2   40.0 -28.7   0.4
 35.0 -36.1   1.4   30.0 -36.3   9.7   25.0 -12.6  -5.6   22.5  -8.0   4.6
 20.0   3.9   3.3   15.0  12.9  -5.9   12.0  15.5  -4.9   10.0   0.0   4.1
  8.0   8.3   2.6    7.0   7.2  -5.0    6.0   0.4  -5.1    5.0   0.0   0.0
  4.0   0.0   0.0

 12. 8.2018  12 Uhr

 99.9 -11.6  -6.7   95.7 -13.5  -9.4   86.1 -27.7  -2.4   80.0 -12.1   5.7
 76.6  -2.2   4.7   74.5   2.3   2.8   73.1   5.0  -1.3   71.7   7.6  -4.4
 70.0   6.1  -2.8   69.3   5.1  -2.4   66.2  -0.3  -1.0   63.0  -5.1   0.4
 60.5  -8.6   1.5   58.0 -10.9  -2.9   50.7 -16.9  -6.2   50.0 -19.9  -5.3
 43.1 -30.2   2.6   37.3 -41.2   0.0   33.6 -40.3  10.8   30.0 -37.4   3.3
 29.7 -36.4   3.2   27.7 -14.5  -5.3   26.5 -17.8 -10.3   24.7 -10.2 -10.2
 23.1  -5.0  -7.2   21.7  -6.3  -2.3   21.5  -4.7  -2.2   21.2  -0.4  -2.5
 20.9   3.6  -3.6   20.4   5.8  -3.3   20.0   7.1  -6.0   19.1   8.0  -8.0
 17.6   0.6  -6.7   17.5   1.0  -5.6   17.4   2.3  -4.0   17.2   5.1  -3.5
 16.7  11.4  -3.1   14.0  14.9  -4.0   13.2  11.1  -4.0   11.9   6.5  -1.7
 10.7  11.6   4.2   10.3   9.2   0.8   10.0   6.5   3.0    9.8   3.9   3.3
  9.7   1.8   3.1    9.5   3.9   3.3    9.3   9.4   5.4    8.9   6.1  -1.1
  8.2   3.3  -1.5    7.5   4.7  -4.7    7.3   1.8  -4.8    6.9   7.3  -2.6
  6.7   9.4  -2.5    6.4   5.9  -8.4    6.2   0.6  -7.2    6.0   6.2  -8.8
  5.8  -0.0  -7.7    5.7  -0.0  -8.7    5.4  -6.1  -2.8    5.2  -6.3  -4.4
  5.1  -7.7  -2.8    4.9  -5.1  -2.4    4.8  -4.0  -4.7    4.6  -4.6  -3.2


 99.9 -11.6  -6.7   90.0 -21.8  -5.3   80.0 -12.1   5.7   70.0   6.1  -2.8
 60.0  -9.1   0.6   50.0 -19.9  -5.3   45.0 -27.3   0.4   40.0 -35.9   1.3
 35.0 -40.6   6.6   30.0 -37.4   3.3   25.0 -11.5 -10.2   22.5  -5.6  -5.1
 20.0   7.1  -6.0   15.0  13.6  -3.6   12.0   6.8  -1.9   10.0   6.5   3.0
  8.0   3.7  -2.4    7.0   5.9  -3.2    6.0   6.2  -8.8    5.0  -6.4  -2.6
  4.0   0.0   0.0

 13. 8.2018   0 Uhr

 99.9 -14.5  -6.7   88.6 -28.7   2.5   80.1   0.4   5.1   79.1   2.1   2.9
 72.1   1.5  -0.0   70.0   2.7   1.5   67.8  -1.3   5.0   58.5 -11.8  -1.0
 53.3 -16.4  -4.4   50.0 -25.1   2.2   49.8 -25.1   2.2   38.0 -41.5  -3.6
 30.0 -40.5   3.5   28.8 -40.6   0.0   25.4 -21.4  -5.7   24.2 -13.5   4.9
 23.1  -7.0   1.9   23.0  -4.8   1.8   22.5   0.3   1.0   21.9   5.1  -0.0
 21.3   6.1   0.5   20.3   9.1  -1.6   20.0   8.7  -0.8   18.9   4.6   3.2
 18.1  12.9  -0.0   17.4  19.0  -1.7   14.3  13.5  -6.3   12.0   9.2  -3.3
 10.9   8.2  -0.0   10.3   5.6  -1.0   10.0   5.8  -2.1    9.3  13.0 -10.9
  9.0   9.3 -11.0    8.3  -1.6  -9.1    8.2  -0.0  -7.7    8.0   5.8  -5.8
  7.7   4.5  -2.6    7.5   4.7  -4.0    7.0  -0.4  -0.3    6.8  -3.2   2.6
  5.2  -7.9   3.7    5.1  -8.7   3.2

 99.9 -14.5  -6.7   90.0 -26.9   1.3   80.0   0.6   4.9   70.0   2.7   1.5
 60.0 -10.0  -0.0   50.0 -25.1   2.2   45.0 -31.4  -0.0   40.0 -38.5  -2.6
 35.0 -41.1  -1.1   30.0 -40.5   3.5   25.0 -18.8  -2.2   22.5   0.3   1.0
 20.0   8.7  -0.8   15.0  14.8  -5.2   12.0   9.2  -3.3   10.0   5.8  -2.1
  8.0   5.8  -5.8    7.0  -0.4  -0.3    6.0  -5.4   3.1    5.0  -9.5   2.6
  4.0   0.0   0.0

 13. 8.2018  12 Uhr

 99.9 -17.7   3.1   94.0  -8.3   9.9   87.2  -8.0  11.4   83.4   2.3   6.3
 82.1   4.2   2.0   80.9   5.1  -0.9   79.5   5.5  -3.8   76.0   4.9  -8.5
 71.2   3.7 -13.9   70.0  -0.0 -11.8   68.0  -4.1  -7.1   63.9  -1.8  -1.0
 57.5 -16.5  -9.5   55.6 -21.4  -5.7   54.0 -20.1   0.0   51.9 -20.0  -1.7
 50.0 -21.8  -3.8   45.3 -29.9   5.3   43.9 -31.9   0.0   34.5 -42.2   0.0
 30.0 -40.5  -3.5   29.3 -40.0  -3.5   27.3 -22.1   0.0   26.0 -23.8   4.2
 24.5 -11.1   2.0   23.5  -0.5   5.6   23.2   2.1   5.8   22.3   5.5   4.6
 21.5   9.7  -0.9   20.1   8.7   3.2   20.0   8.7   3.2   19.7  10.3   4.8
 19.1  12.6   5.9   18.1  15.5  -5.6   17.3  18.5 -13.0   16.6  22.4 -10.4
 13.5   8.0  -2.1   12.6  10.2  -8.6   11.6  14.7  -8.5   11.1  12.6  -8.9
 10.0  11.9  -3.2    9.7   7.1  -1.3    9.2  10.1  -7.1    8.9   8.0  -5.6
  8.7   5.1  -0.4    8.5   3.0   0.8    8.4   5.1   0.4    8.1   8.7  -0.0
  7.8   5.1  -0.9    7.7   1.9   0.9    7.3   0.5   5.6    7.1  -0.5   6.1
  6.8   2.6   4.5    6.4  -0.4   5.1    6.2  -0.6   6.7    6.0  -2.8   4.9
  5.8  -0.5   5.6    5.2   1.5   8.6    4.8   0.0   5.7

 99.9 -17.7   3.1   90.0  -8.1  10.7   80.0   5.3  -2.8   70.0  -0.0 -11.8
 60.0 -10.6  -6.1   50.0 -21.8  -3.8   45.0 -30.3   4.2   40.0 -36.0   0.0
 35.0 -41.6   0.0   30.0 -40.5  -3.5   25.0 -15.4   2.7   22.5   4.8   4.9
 20.0   8.7   3.2   15.0  15.2  -6.3   12.0  12.9  -8.5   10.0  11.9  -3.2
  8.0   7.5  -0.3    7.0   0.5   5.6    6.0  -2.8   4.9    5.0   0.8   7.2
  4.0   0.0   0.0

 14. 8.2018   0 Uhr

 99.9   0.0   0.0   90.0   0.0   0.0   80.0   0.0   0.0   70.0   0.0   0.0
 60.0   0.0   0.0   50.0   0.0   0.0   45.0   0.0   0.0   40.0   0.0   0.0
 35.0   0.0   0.0   30.0   0.0   0.0   25.0   0.0   0.0   22.5   0.0   0.0
 20.0   0.0   0.0   15.0   0.0   0.0   12.0   0.0   0.0   10.0   0.0   0.0
  8.0   0.0   0.0    7.0   0.0   0.0    6.0   0.0   0.0    5.0   0.0   0.0
  4.0   0.0   0.0

 14. 8.2018  12 Uhr

 99.9  -4.1   5.9   95.2   0.0   8.7   90.2   2.0  11.1   86.3   3.3   5.8
 78.2  -2.8   6.1   75.9  -1.5  -0.3   74.0  -3.0  -4.2   70.0  -8.5  -4.9
 69.5  -8.9  -5.1   67.7  -5.6  -2.6   65.7  -4.0  -4.0   64.8  -4.6  -3.2
 59.6 -12.8   1.1   55.8 -19.3   7.0   53.1 -21.8  -3.8   50.0 -24.7   0.0
 44.4 -38.4  -3.4   39.2 -39.5   7.0   30.0 -37.0   0.0   29.3 -36.9  -3.2
 26.9  -8.7   0.0   26.6  -7.2  -0.6   25.9  -4.2  -3.0   25.2   0.4  -2.0
 24.6   4.8  -1.8   24.0   6.7  -4.7   22.9  12.8   1.1   21.1  16.2   2.9
 20.0  15.7   2.8   18.9  15.2   2.7   17.8   7.5  -2.0   17.3   6.1  -1.1
 17.0   9.2   0.8   16.4  14.7  -2.6   15.9  12.9  -3.5   14.5  14.4  -3.9
 13.5  14.9   1.3   12.9  10.4   2.8   11.6   3.3  -3.9   11.1   2.3  -1.1
 10.8   4.2   3.0   10.0   4.2   3.0    9.3   5.5   4.6    8.8  15.2  10.6
  7.3  11.1   6.4    6.7  11.8   1.0    6.2   8.4   2.3    5.9   4.6  -0.4
  5.6   5.1  -2.4    5.4   3.6  -6.2    5.3   4.1  -5.9

 99.9  -4.1   5.9   90.0   2.0  10.9   80.0  -1.4   6.0   70.0  -8.5  -4.9
 60.0 -12.2   0.8   50.0 -24.7   0.0   45.0 -36.9  -3.0   40.0 -39.3   5.3
 35.0 -38.4   4.0   30.0 -37.0   0.0   25.0   1.8  -1.9   22.5  13.6   1.5
 20.0  15.7   2.8   15.0  13.9  -3.7   12.0   5.6  -1.8   10.0   4.2   3.0
  8.0  13.1   8.5    7.0  11.5   3.8    6.0   5.9   0.5    5.0   0.0   0.0
  4.0   0.0   0.0

 15. 8.2018   0 Uhr

 99.9  -6.9   6.9   96.9  -6.8   9.7   92.3 -13.9   9.7   87.1  -7.2   0.0
 84.1  -2.2   1.3   82.0  -3.6   3.6   80.6  -5.1   4.3   79.4  -3.3   3.9
 74.6  -4.7  -2.2   72.5  -7.0  -1.9   70.0  -8.0  -4.6   67.7  -4.4  -4.4
 61.2  -8.0   2.1   55.9 -16.0   5.8   53.2 -17.7  -3.1   50.0 -23.7   0.0
 43.2 -34.3   3.0   36.2 -39.5  -3.5   30.9 -36.5   6.4   30.0 -27.8   7.5
 29.4 -20.4   5.5   28.3 -10.8  -0.9   27.9  -6.2  -3.6   27.5  -3.1  -5.3
 27.2  -0.6  -7.2   26.6   2.5  -9.4   24.6   2.3  -8.4   23.3  -0.5  -6.1
 22.9  -0.0  -5.1   22.5   2.1  -3.6   22.1   4.6  -3.2   20.5  11.1  -4.0
 20.0  11.7  -5.4   19.2  13.4  -7.7   17.9  12.0  -6.9   17.3   8.7   0.8
 17.1   9.6   1.7   16.1  17.4   1.5   14.6  10.8  -0.9   14.0  10.8  -0.9
 13.5  13.1   4.8   12.5  14.9   1.3   12.0   8.2  -0.0   11.7   3.9  -3.3
 11.6   3.6  -3.6   11.4   3.8  -2.7   11.1   7.7  -0.0   10.2  18.7   3.3
 10.0  17.4   1.5    8.9  14.7   2.6    7.9  15.9  -7.4    7.1  12.1  -5.7
  7.0   8.8  -6.2    5.9  -0.0 -15.9    5.8  -3.5 -12.9    5.7  -7.2 -12.5


 99.9  -6.9   6.9   90.0 -11.0   5.5   80.0  -4.2   4.1   70.0  -8.0  -4.6
 60.0  -9.7   2.9   50.0 -23.7   0.0   45.0 -31.4   2.2   40.0 -36.6   0.2
 35.0 -38.8  -1.3   30.0 -27.8   7.5   25.0   2.3  -8.7   22.5   2.1  -3.6
 20.0  11.7  -5.4   15.0  12.6  -0.3   12.0   8.2  -0.0   10.0  17.4   1.5
  8.0  15.7  -6.4    7.0   8.8  -6.2    6.0   0.9 -15.0    5.0   0.0   0.0
  4.0   0.0   0.0

 15. 8.2018  12 Uhr

 99.9  -1.9   0.7   90.1  -8.9  -5.1   86.2  -1.0 -11.3   82.9   3.2 -11.9
 80.7   1.5  -8.6   77.7  -4.4  -4.4   74.4   0.1  -0.5   72.1  -5.1  -0.9
 70.0 -12.1  -4.4   69.8 -12.1  -4.4   64.6 -16.9  -1.5   61.7 -12.8  -1.1
 60.9 -12.3   1.1   60.0 -12.7   2.2   55.3 -16.2   2.9   53.2 -18.4  -4.9
 50.0 -23.1   2.0   49.2 -23.6   2.1   40.8 -35.5  -6.3   38.3 -40.5  -3.5
 31.4 -35.3   9.5   30.0 -19.6   9.1   28.5  -5.1   4.3   27.8  -0.0  -0.0
 26.3  -0.9  -5.1   24.3  -3.6  -6.2   23.9  -2.4  -5.1   23.3   3.5  -5.1
 22.8   6.7  -5.6   20.8  11.3 -11.3   20.0   7.9  -9.5   19.1   4.3  -5.1
 18.9   3.5  -3.0   17.9   9.2   0.8   17.2  15.4   1.3   15.3   9.4  -2.5
 14.6  14.3  -1.3   13.8  13.5  -9.4   13.0   5.8  -5.8   12.7   4.2  -3.0
 12.5   3.5  -0.6   12.4   5.1   0.9   11.5  21.5  -1.9   10.9  21.6  -0.0
 10.2  22.7  -8.3   10.0  20.8  -7.6    8.9  17.4  -1.5    8.7  14.2  -2.5
  8.4  14.0  -6.5    7.6  16.0  -9.3    7.4  10.6  -8.9    7.2   3.2 -11.9
  7.0   4.1  -7.1    6.9   2.5  -6.8    6.5  -6.7 -11.6    6.0  -8.0  -4.6
  5.7  -8.7   3.2    5.5 -18.4   6.7    5.0  -9.4  13.5    4.7 -11.6  11.6
  4.5  -3.0   8.2    4.3  -7.1   6.0    4.2  -2.8   7.7    4.1  -3.5   5.1


 99.9  -1.9   0.7   90.0  -8.7  -5.3   80.0   0.2  -7.6   70.0 -12.1  -4.4
 60.0 -12.7   2.2   50.0 -23.1   2.0   45.0 -29.3  -2.0   40.0 -37.0  -5.4
 35.0 -38.1   2.4   30.0 -19.6   9.1   25.0  -2.6  -5.8   22.5   7.4  -6.4
 20.0   7.9  -9.5   15.0  11.5  -2.0   12.0  12.3  -0.3   10.0  20.8  -7.6
  8.0  15.0  -7.9    7.0   4.1  -7.1    6.0  -8.0  -4.6    5.0  -9.4  13.5
  4.0  -4.3   2.3

 16. 8.2018   0 Uhr

 99.9  -7.1  -1.3   97.5  -5.1   4.3   96.0  -4.7   4.7   89.6  -7.1  -1.3
 85.0  -1.3  -7.1   83.3  -0.7  -7.7   77.7  -5.8  -2.1   75.1  -3.6  -2.1
 72.5  -7.6  -1.3   70.4  -9.9   2.7   70.0 -11.4   3.1   67.1 -10.7   5.0
 59.1 -21.0   1.8   56.3 -21.8  -7.9   54.5 -24.8  -6.7   51.3 -22.4  -6.0
 50.0 -26.1  -9.5   46.2 -35.8  -9.6   35.0 -28.8   7.7   30.0 -29.9   5.3
 29.6 -29.4   5.2   26.2  -4.7   4.7   26.0  -3.0   4.2   25.3   1.3   1.6
 24.5   4.2  -3.0   23.8   1.9  -5.3   23.0  -6.7  -3.9   22.3 -11.3   1.0
 21.7  -5.1   2.4   21.3   0.1   1.5   20.9   4.7   2.2   20.4   6.5   6.5
 20.0   4.3   5.1   19.6   0.0   5.1   19.0  -1.0   5.6   18.1   4.0   4.0
 17.3   5.1   0.4   16.5   3.4  -2.4   16.4   5.0  -1.3   16.1   7.7  -0.0
 14.8  15.7  -2.8   14.3  11.9  -3.2   13.6   3.6  -4.3   13.4   4.6  -3.2
 13.0   7.0   1.9   12.3  18.4   4.9   11.8  12.6   8.9   10.9  26.6   2.3
 10.2  30.4  -0.0   10.0  27.8  -0.0    9.2  13.7  -2.4    8.7   9.8  -0.0
  8.3   3.7  -1.7    7.8   3.0  -4.2    7.3  -6.7  -3.9    7.1  -0.6   0.8
  6.7  -4.2   3.0    6.5  -6.8   2.5    6.4  -6.7   5.6    6.2  -0.7   7.7
  6.0  -1.7   9.6    5.9  -3.3   9.2    5.8  -6.9   6.9    5.7  -4.4   6.3
  5.5   3.6   3.6    5.3  -1.7   2.0

 99.9  -7.1  -1.3   90.0  -6.9  -0.9   80.0  -3.7  -4.4   70.0 -11.4   3.1
 60.0 -19.8   2.2   50.0 -26.1  -9.5   45.0 -35.1  -7.9   40.0 -32.1  -0.4
 35.0 -28.8   7.7   30.0 -29.9   5.3   25.0   2.4  -0.1   22.5 -10.0  -0.4
 20.0   4.3   5.1   15.0  14.4  -2.3   12.0  15.0   7.3   10.0  27.8  -0.0
  8.0   3.3  -3.2    7.0  -1.5   1.4    6.0  -1.7   9.6    5.0   0.0   0.0
  4.0   0.0   0.0

 16. 8.2018  12 Uhr

 99.9 -13.4  -7.7   91.8  -4.8  -1.8   89.4  -1.5  -1.5   86.8  -2.2  -4.7
 83.6  -2.8  -7.7   82.0  -3.5  -5.1   79.7  -5.1  -0.9   76.8  -2.7  -1.5
 75.4  -4.0  -4.0   71.6  -9.9  -8.3   70.0 -11.2  -5.2   66.0 -12.3   0.0
 62.7  -9.6  -1.7   56.2 -15.6  -9.0   50.1 -27.8  -7.5   50.0 -27.8  -7.5
 42.5 -27.1   9.9   38.7 -34.8   3.0   34.7 -30.0  10.9   30.0 -32.4   0.0
 29.9 -32.4   0.0   26.8 -10.2   0.9   25.9  -5.6  -0.5   25.5  -4.2  -2.0
 25.2  -3.9  -3.3   24.7  -5.5  -5.5   23.5  -2.6   5.6   23.3  -1.3   5.0
 22.9   1.3   1.6   22.5   5.1  -0.4   22.0   7.2   0.6   21.4   5.1   5.1
 20.8   4.7   6.7   20.0   9.3  11.0   19.4   9.6  11.4   18.1   9.8   5.7
 17.5   9.4   2.5   16.3   5.3  -6.3   16.2   4.4  -7.6   14.7  13.5  -4.9
 14.0   5.1  -0.9   13.9   3.6   0.3   13.7   5.8   2.1   12.4  23.7   8.6
 10.3  18.2  -3.2   10.0  12.1  -4.4    9.7   6.2  -3.6    9.4   7.0  -3.3
  9.0   9.6   1.7    8.7   5.1   0.4    7.3  -0.0  -0.0    7.1   6.5   1.7
  6.4  -0.0  -0.5    6.2   5.1  -0.9    6.0   5.1   0.4    5.8  -4.7   2.2
  5.7  -4.7   2.2    5.5   3.6   3.6    5.3   4.7   4.7    5.2   3.9   3.3
  4.7  -1.5   0.1

 99.9 -13.4  -7.7   90.0  -2.3  -1.5   80.0  -4.9  -1.4   70.0 -11.2  -5.2
 60.0 -12.0  -4.7   50.0 -27.8  -7.5   45.0 -27.3   3.9   40.0 -32.1   5.4
 35.0 -30.4  10.3   30.0 -32.4   0.0   25.0  -4.5  -4.2   22.5   5.1  -0.4
 20.0   9.3  11.0   15.0  11.7  -5.5   12.0  22.7   6.5   10.0  12.1  -4.4
  8.0   2.6   0.2    7.0   5.6   1.4    6.0   5.1   0.4    5.0   1.8   2.1
  4.0   0.0   0.0

 17. 8.2018   0 Uhr

 99.9 -21.4 -12.3   96.2 -23.8 -11.1   87.1  -8.1   1.4   85.7  -6.2   0.0
 84.4  -3.6  -2.1   81.1  -7.5  -2.0   79.4 -11.1   2.0   74.8 -13.5   9.4
 72.4  -7.6   5.3   71.9  -7.0   3.3   70.4 -11.8  -1.0   70.0 -13.2  -2.3
 64.8 -17.7  -8.3   61.9 -23.7   0.0   61.0 -22.5   2.0   58.2 -16.9   4.5
 55.1 -23.2   0.0   50.6 -21.3   7.7   50.0 -23.2   8.4   47.6 -26.8   7.2
 42.7 -21.3   3.8   36.4 -30.4  -5.4   33.2 -26.6  -9.7   31.5 -29.9  -5.3
 30.0 -14.0  -6.5   29.2  -7.5  -6.3   28.5  -0.9  -5.1   27.6   1.3  -2.8
 26.0  -0.9  -5.1   24.4  -7.1 -10.1   22.9  -4.5  -2.6   22.2  -2.5  -0.4
 20.9  -5.3  -3.1   20.1  -3.6   3.6   20.0  -3.6   3.6   19.7  -4.6   3.2
 19.2  -1.0  -1.8   18.7   3.6  -3.6   17.8  11.6  -6.7   16.8   3.5  -3.0
 15.0  16.4   4.4   14.9  16.4   4.4   14.2  11.4   3.1   13.2  22.9   6.1
 11.9  11.9  -3.2   11.0  13.9  -3.7   10.8   8.2  -3.0   10.6   6.7   0.6
 10.3   2.6  -0.0   10.0   4.0   2.3    9.7   6.1   0.5    9.0   0.1  -1.0
  8.8   5.1  -0.4    8.6  10.8  -0.0    8.2   8.7  -0.0    7.5   4.8  -1.8
  7.2  11.8  -8.3    6.7   3.2  -2.6    6.4   5.6  -1.0    6.0   8.4  -3.9
  5.6   3.9  -3.3    5.5  -0.3  -0.4    5.0  -1.9  -5.3    4.9  -0.0  -5.7
  4.8  -1.9  -5.3    4.7   0.5  -6.1    4.5  -9.3  -6.5    4.3  -3.0  -4.2
  4.2  -5.0  -1.3    4.1  -5.1   0.4    4.0  -2.2  -2.2

 99.9 -21.4 -12.3   90.0 -13.2  -2.7   80.0  -9.8   0.6   70.0 -13.2  -2.3
 60.0 -20.6   2.9   50.0 -23.2   8.4   45.0 -23.9   5.4   40.0 -25.1  -0.0
 35.0 -28.8  -7.2   30.0 -14.0  -6.5   25.0  -4.7  -8.2   22.5  -3.4  -1.4
 20.0  -3.6   3.6   15.0  16.4   4.4   12.0  12.8  -2.5   10.0   4.0   2.3
  8.0   7.7  -0.5    7.0   8.4  -6.0    6.0   8.4  -3.9    5.0  -1.9  -5.3
  4.0  -2.2  -2.2

 17. 8.2018  12 Uhr

 99.9 -23.3 -10.9   93.5 -12.2   2.1   90.5  -7.6   7.6   85.4  -8.1   1.4
 81.7  -8.0   4.6   79.6  -3.0   8.2   72.2  -1.8  -1.0   70.0  -5.1  -0.4
 68.8  -5.8  -3.3   63.6 -12.6 -10.6   61.2 -18.9  -5.1   55.8 -13.1   9.1
 51.5 -22.4   6.0   50.0 -18.4   4.9   48.7 -15.9   7.4   46.0 -26.6   2.3
 39.1 -31.3  -2.7   34.4 -23.7   0.0   31.2 -25.3   4.5   30.0 -25.8   4.6
 27.5 -25.7   0.0   26.3 -13.1  -4.8   24.2 -21.4 -10.0   23.0 -13.5  -4.9
 21.7  -1.0 -11.3   21.0  -0.7  -7.7   20.2   8.6 -12.2   20.0  10.6 -12.6
 18.8  17.7 -12.4   17.7  13.1  -6.1   15.4  17.9   4.8   14.5  14.9   4.0
 13.6  22.8   4.0   11.5  10.4  -2.8   10.1  14.9  -0.0   10.0  14.4  -0.0
  9.0   6.7  -0.0    8.8   9.7  -3.5    8.1   5.1   2.4    7.9   7.5   3.5


 99.9 -23.3 -10.9   90.0  -7.7   7.0   80.0  -4.0   7.5   70.0  -5.1  -0.4
 60.0 -17.6  -2.0   50.0 -18.4   4.9   45.0 -27.3   1.6   40.0 -30.6  -2.0
 35.0 -24.7  -0.4   30.0 -25.8   4.6   25.0 -18.2  -8.0   22.5  -8.8  -7.3
 20.0  10.6 -12.6   15.0  16.6   4.4   12.0  13.5  -1.1   10.0  14.4  -0.0
  8.0   6.3   2.9    7.0   0.0   0.0    6.0   0.0   0.0    5.0   0.0   0.0
  4.0   0.0   0.0

 18. 8.2018   0 Uhr

 99.9 -24.0 -16.8   93.1 -11.4   3.1   89.8  -7.6   4.4   87.7  -3.5   7.5
 84.1   0.8   8.7   82.4  -1.2   6.6   79.9  -7.9   6.6   77.9  -3.6   3.6
 70.0  -0.7   2.5   69.4  -1.2   1.0   68.1  -5.5  -1.5   62.6 -12.2  -2.1
 61.2 -15.4   0.0   56.1  -9.5   9.5   55.2  -9.9   8.3   53.7 -16.2   2.9
 51.9 -25.2   0.0   50.0 -20.0   1.7   49.9 -20.0   1.7   47.0 -31.3   2.7
 41.2 -35.9   3.1   30.0 -29.9  -5.3   28.7 -29.4  -5.2   27.3 -21.4  -5.7
 25.5 -14.9   1.3   23.1   1.5   5.5   22.5   1.5   3.3   21.1  12.4  -3.3
 20.0  14.5  -6.7   19.4  16.4  -6.0   18.4   7.5  -6.3   17.9  13.4  -3.6
 15.9  20.9   5.6   14.7  16.3   7.6   13.5  17.9   1.6   12.7   9.4  -2.5
 11.9  18.4   1.6   10.6  11.3   1.0   10.0  19.0  -1.7    8.8   5.3   1.9
  8.4   9.8   4.6    8.2   6.7   4.7    7.7   2.6  -5.6    7.5   2.6  -5.6
  7.3   4.7  -2.2    7.0   0.2  -0.5    6.9  -2.2  -4.7    6.5  -4.5  -2.6
  6.3  -4.7   2.2    5.9  -6.7   3.9    5.7  -9.6   1.7    5.5  -5.0   1.3


 99.9 -24.0 -16.8   90.0  -7.8   4.3   80.0  -7.6   6.6   70.0  -0.7   2.5
 60.0 -14.1   2.2   50.0 -20.0   1.7   45.0 -32.8   2.9   40.0 -35.3   2.3
 35.0 -32.7  -1.3   30.0 -29.9  -5.3   25.0 -11.6   2.1   22.5   1.5   3.3
 20.0  14.5  -6.7   15.0  17.5   7.1   12.0  17.3   1.1   10.0  19.0  -1.7
  8.0   5.1   0.7    7.0   0.2  -0.5    6.0  -6.2   3.4    5.0   0.0   0.0
  4.0   0.0   0.0

 18. 8.2018  12 Uhr

 99.9 -16.4   1.4   97.2 -13.7  -2.4   92.0  -8.2   3.0   89.7  -4.6   5.5
 85.2  -2.3   6.3   82.0  -2.6   3.2   78.5  -7.1   1.3   76.4  -0.1  -0.5
 70.0   2.2  -2.2   65.6  -2.4  -3.4   65.1  -3.6  -3.6   61.3 -16.9  -4.5
 59.4 -15.4   0.0   56.5 -14.3  -1.3   55.2 -17.4  -4.7   52.9 -25.6  -2.2
 51.2 -21.0  -1.8   50.0 -23.6  -2.1   48.8 -28.8   0.0   45.4 -30.4  -5.4
 40.7 -34.3   3.0   34.6 -30.9  -5.4   30.0 -28.2   2.5   29.7 -28.9   5.1
 27.9  -9.3  11.0   27.1  -6.7  11.6   26.1 -11.0   9.3   24.9   0.0   8.7
 24.4   3.3   9.2   22.7  13.2   2.3   21.2  17.7  -3.1   20.7  14.9  -7.0
 20.0   9.7  -3.5   19.6   6.5  -3.0   18.7  14.9   1.3   17.8  18.2   3.2
 15.5  12.9   3.5   13.2  10.6  -1.9   12.8  10.2  -0.9   12.3  17.5  -0.0
 11.2  17.9   1.6   10.7  18.4  -1.6   10.0  12.1  -5.7    9.1   5.0  -5.9
  8.6   3.3  -3.9    8.3   0.8  -3.0    7.9   9.8  -0.0    7.7   8.4   2.3
  7.3   5.1  -0.4    6.5  -0.1   0.5    5.8  -5.5  -3.8    5.4  -4.8  -1.8
  5.2  -7.7   0.7    4.9  -6.7   0.0    4.6 -15.4   0.0

 99.9 -16.4   1.4   90.0  -5.1   5.2   80.0  -5.2   2.1   70.0   2.2  -2.2
 60.0 -15.9  -1.4   50.0 -23.6  -2.1   45.0 -30.7  -4.7   40.0 -34.0   2.1
 35.0 -31.1  -4.9   30.0 -28.2   2.5   25.0  -0.9   8.8   22.5  13.8   1.6
 20.0   9.7  -3.5   15.0  12.4   2.4   12.0  17.6   0.4   10.0  12.1  -5.7
  8.0   7.5  -0.8    7.0   3.2  -0.1    6.0  -3.9  -2.6    5.0  -7.0   0.2
  4.0   0.0   0.0

 19. 8.2018   0 Uhr

 99.9 -10.8   0.0   97.7  -8.7  -0.8   93.3  -2.2   2.2   87.5  -2.6   4.5
 84.8  -5.9   5.0   80.6  -4.8  -1.8   70.5  -1.3  -0.9   70.0  -0.9  -1.9
 68.1  -3.9  -3.3   64.5 -13.2  -2.3   63.1 -11.1  -2.0   50.0 -27.8   0.0
 47.4 -30.4   0.0   36.3 -30.4  -5.4   30.0 -33.4   0.0   29.9 -33.4   0.0
 27.1 -11.0   7.7   26.1  -4.8   1.8   25.7  -0.0  -0.0   25.2   4.7  -2.2
 23.1  12.8  -1.1   22.5  11.3   1.0   20.5   4.6  -3.2   20.0   3.3  -1.5
 19.6   2.5  -0.4   19.0   4.2   3.0   18.0  13.8   8.0   17.3  11.6   6.7


 99.9 -10.8   0.0   90.0  -2.4   3.5   80.0  -4.6  -1.7   70.0  -0.9  -1.9
 60.0 -14.8  -1.5   50.0 -27.8   0.0   45.0 -30.4  -1.1   40.0 -30.4  -3.5
 35.0 -31.0  -4.3   30.0 -33.4   0.0   25.0   5.4  -2.1   22.5  11.3   1.0
 20.0   3.3  -1.5   15.0   0.0   0.0   12.0   0.0   0.0   10.0   0.0   0.0
  8.0   0.0   0.0    7.0   0.0   0.0    6.0   0.0   0.0    5.0   0.0   0.0
  4.0   0.0   0.0

 19. 8.2018  12 Uhr

 99.9 -10.8  -0.9   97.4 -11.1   2.0   85.5 -15.4   4.1   74.8  -7.7  -2.8
 73.9  -6.1  -2.8   72.2  -7.1  -6.0   70.0  -8.4  -5.9   68.0  -7.1  -4.1
 65.8 -13.8  -1.2   63.5 -11.7  -2.1   60.7 -13.4   3.6   57.5 -14.5  -5.3
 50.0 -24.6  -2.2   42.6 -30.8   8.3   35.3 -38.9   3.4   33.6 -32.8   2.9
 31.0 -36.9  -3.2   30.0 -27.9  -4.9   29.6 -25.3  -4.5   27.7  -7.1   1.3
 27.2  -5.1  -0.4   26.6  -1.3  -2.2   25.9   1.8  -4.8   24.8   5.0  -7.2
 23.0   3.1  -5.3   22.2   6.2  -0.0   20.9  11.7   5.4   20.0   5.5   1.5
 19.6   3.7   1.7   18.9   7.2   0.6   18.4   5.9  -5.0   17.7  11.4  -8.0
 16.4  12.1  -4.4   15.6   5.6  -6.7   14.7  11.9  -3.2   14.1   7.7  -0.0
 13.9   4.2   3.0   13.8   4.0   4.0   12.5  20.5   1.8   11.5  11.6  -4.2
 10.2   7.6  -4.4   10.0   6.5  -3.0    9.8   5.3  -1.9    8.8   9.9 -11.8
  8.2   1.7  -3.7    8.0   3.5  -5.1    7.4  -5.3  -3.1    7.2  -6.7  -4.7
  7.0  -7.7  -0.7    6.8 -15.9   0.0    6.4  -7.0   3.3    5.9 -14.9   4.0
  5.8  -8.1   1.4    5.7  -6.5  -1.7    5.6 -10.2  -3.7    5.5  -8.4  -5.9
  5.3 -13.8  -1.2    4.4 -23.1  -2.0    4.2 -15.4  -1.3    3.9 -24.7   0.0
  3.8 -20.6   0.0

 99.9 -10.8  -0.9   90.0 -13.7   3.3   80.0 -11.6   0.6   70.0  -8.4  -5.9
 60.0 -13.7   1.7   50.0 -24.6  -2.2   45.0 -28.7   4.7   40.0 -33.6   6.6
 35.0 -37.9   3.3   30.0 -27.9  -4.9   25.0   4.4  -6.7   22.5   5.0  -2.0
 20.0   5.5   1.5   15.0   9.8  -4.4   12.0  16.1  -1.2   10.0   6.5  -3.0
  8.0   3.5  -5.1    7.0  -7.7  -0.7    6.0 -13.3   3.8    5.0 -16.8  -1.5
  4.0 -21.5  -0.5

 20. 8.2018   0 Uhr

 99.9  -8.2   3.0   97.2  -8.2  -3.0   92.9  -7.6  -7.6   87.5  -9.3  -4.3
 84.3  -6.2  -6.2   79.1  -5.6   1.0   77.5  -5.0   1.3   76.4  -5.3   1.9
 73.7 -10.1   1.8   70.0  -8.7   3.2   68.6  -9.8   4.6   65.0 -14.9   4.0
 60.0 -16.8   7.8   57.1 -21.5  -1.9   50.7 -27.4  -4.8   50.0 -27.4  -4.8
 39.7 -30.9  -5.4   35.0 -37.0   0.0   30.0 -32.4   5.7   25.8  -6.1   2.8
 25.6  -4.7   2.2   25.1  -1.1  -1.1   24.6   2.2  -4.7   24.0   2.8  -4.9
 22.5  -1.3  -5.0   21.8  -0.3   0.4   21.3   4.5   2.6   20.7   4.2   3.0
 20.0   3.0   0.8   19.2   5.8  -5.8   18.3   7.7 -11.0   16.2   2.2  -4.7
 16.0   3.6  -3.6   15.7   6.3  -2.3   15.2  10.9  -2.9   14.7  10.3  -0.0
 14.3   8.0   4.6   13.9   6.7   5.6   13.7   8.0   4.6   13.4  13.8   1.2
 12.8  19.5  -0.0   11.7  10.2  -3.7   11.3   8.7   0.8   11.0   4.7  -2.2
 10.8   4.5  -2.6   10.6   6.1   0.5   10.0   7.6  -1.3    9.8   7.0  -1.9
  9.2  -0.0  -5.1    8.8  -0.0  -5.1    8.3   0.4  -0.3    7.8  -7.1  -6.0
  7.6  -7.6  -1.3    6.7 -11.9   3.2    6.5  -4.2   3.0    6.1  -7.6  -1.3
  5.8 -10.6  -1.9

 99.9  -8.2   3.0   90.0  -8.5  -5.9   80.0  -5.7  -0.3   70.0  -8.7   3.2
 60.0 -16.8   7.8   50.0 -27.4  -4.8   45.0 -29.0  -5.1   40.0 -30.8  -5.4
 35.0 -37.0   0.0   30.0 -32.4   5.7   25.0  -0.4  -1.8   22.5  -1.3  -5.0
 20.0   3.0   0.8   15.0  10.7  -1.8   12.0  12.8  -2.7   10.0   7.6  -1.3
  8.0  -4.0  -3.7    7.0 -10.4   1.6    6.0  -8.6  -1.5    5.0   0.0   0.0
  4.0   0.0   0.0

 20. 8.2018  12 Uhr

 99.9  -7.5   3.5   96.2  -6.2   0.0   91.1 -14.7  -8.5   87.5  -6.7 -11.6
 84.1  -5.8 -16.0   73.9  -7.5   3.5   71.3  -5.9   5.0   70.0  -7.0   3.3
 69.4  -7.0   1.9   64.0 -15.9  -1.4   61.6 -16.4   1.4   51.8 -26.3  -4.6
 50.0 -26.2   0.0   47.7 -26.3   4.6   44.4 -28.7  -2.5   36.2 -32.8   8.8
 34.3 -24.5  14.1   30.0 -27.4   4.8   29.1 -17.4   1.5   28.1  -9.6  -1.7
 27.4  -2.8  -4.9   26.7   1.1  -6.1   26.2   3.5  -7.5   24.6   5.0 -10.7
 23.8   2.3 -13.2   22.7  -4.9  -8.5   22.4  -3.0  -6.5   21.8   1.8  -4.8
 21.1   3.3  -7.0   20.0   0.5  -5.6   19.4   1.9  -0.7   18.4   4.5  -2.6
 17.5  -2.6  -4.5   17.0   5.1  -0.0   15.8   9.7  -6.8   14.8  12.2  -8.6
 14.0  16.5  -0.0   13.3  13.2   2.3   12.4  11.7  -5.4   12.0  10.9  -2.9
 11.5   7.1   6.0   11.0   8.7  -0.0   10.1  -0.0  -0.0   10.0   1.3   0.8
  9.5   4.1   0.4

 99.9  -7.5   3.5   90.0 -12.3  -9.4   80.0  -6.5  -8.4   70.0  -7.0   3.3
 60.0 -17.9   0.5   50.0 -26.2   0.0   45.0 -28.3  -1.2   40.0 -30.8   3.3
 35.0 -27.6  12.1   30.0 -27.4   4.8   25.0   4.6  -9.9   22.5  -3.7  -7.2
 20.0   0.5  -5.6   15.0  11.7  -8.2   12.0  10.9  -2.9   10.0   1.3   0.8
  8.0   0.0   0.0    7.0   0.0   0.0    6.0   0.0   0.0    5.0   0.0   0.0
  4.0   0.0   0.0

 21. 8.2018   0 Uhr

 99.9   0.0   0.0   90.0   0.0   0.0   80.0   0.0   0.0   70.0   0.0   0.0
 60.0   0.0   0.0   50.0   0.0   0.0   45.0   0.0   0.0   40.0   0.0   0.0
 35.0   0.0   0.0   30.0   0.0   0.0   25.0   0.0   0.0   22.5   0.0   0.0
 20.0   0.0   0.0   15.0   0.0   0.0   12.0   0.0   0.0   10.0   0.0   0.0
  8.0   0.0   0.0    7.0   0.0   0.0    6.0   0.0   0.0    5.0   0.0   0.0
  4.0   0.0   0.0

 21. 8.2018  12 Uhr

 99.9   0.0   0.0   90.0   0.0   0.0   80.0   0.0   0.0   70.0   0.0   0.0
 60.0   0.0   0.0   50.0   0.0   0.0   45.0   0.0   0.0   40.0   0.0   0.0
 35.0   0.0   0.0   30.0   0.0   0.0   25.0   0.0   0.0   22.5   0.0   0.0
 20.0   0.0   0.0   15.0   0.0   0.0   12.0   0.0   0.0   10.0   0.0   0.0
  8.0   0.0   0.0    7.0   0.0   0.0    6.0   0.0   0.0    5.0   0.0   0.0
  4.0   0.0   0.0

 22. 8.2018   0 Uhr

 99.9 -17.3 -12.1   87.6 -21.4 -10.0   84.0 -25.1  -2.2   76.4  -8.0   4.6
 71.7  -7.7   0.0   70.4  -8.1  -1.4   70.0  -8.6  -1.5   65.2 -18.4  -1.6
 61.3 -11.8   0.0   55.5 -22.3   3.9   52.2 -17.4  10.0   50.2 -23.3   4.1
 50.0 -23.3   4.1   41.9 -22.0  -1.9   39.4 -30.4   0.0   31.1 -31.9  -5.6
 30.0 -31.3  -2.7   27.7 -29.7  -2.6   25.5 -12.9   7.5   24.6  -8.7   8.7
 21.9  -9.2   3.3   21.3  -4.8   1.8   21.0  -0.0  -0.0   20.0   3.2  -2.6
 19.8   3.9  -3.3   19.3   7.6  -4.4   18.4   6.7  -4.7   18.0   7.6  -1.3
 16.9   9.1   1.6   16.4   5.6   6.7   15.8  10.3   4.8   15.1  11.6   4.2
 14.6   9.1   1.6   13.9   5.3  -3.1   13.7   5.1  -3.5   13.0  13.1  -6.1
 12.4  13.5 -13.5   11.9   7.9  -9.5

 99.9 -17.3 -12.1   90.0 -20.6 -10.4   80.0 -16.3   1.3   70.0  -8.6  -1.5
 60.0 -14.1   0.9   50.0 -23.3   4.1   45.0 -22.5   0.5   40.0 -28.3  -0.5
 35.0 -31.1  -2.9   30.0 -31.3  -2.7   25.0 -10.6   8.2   22.5  -9.1   4.6
 20.0   3.2  -2.6   15.0  11.1   3.7   12.0   9.1 -10.3   10.0   0.0   0.0
  8.0   0.0   0.0    7.0   0.0   0.0    6.0   0.0   0.0    5.0   0.0   0.0
  4.0   0.0   0.0

 22. 8.2018  12 Uhr

 99.9 -27.2 -15.7   95.2 -31.7 -14.8   86.8 -19.0   0.0   78.7 -21.3   3.8
 75.1  -9.7   0.9   73.7  -7.0  -1.9   71.2  -6.6  -7.9   70.0  -7.3  -8.7
 64.7 -17.9   1.6   55.2 -22.5   2.0   52.3 -18.3  10.5   50.0 -22.8   4.0
 49.1 -23.3   4.1   45.2 -19.3   3.4   39.9 -30.9   5.4   33.7 -25.3  -4.5
 30.0 -29.9  -5.3   28.5 -28.3  -7.6   27.0 -29.7  -2.6   23.6 -18.2   3.2
 22.6  -9.4  -2.5   21.8  -3.6  -3.6   21.2  -0.0  -3.1   20.8   4.5  -2.6
 20.0   6.6  -1.2   19.3   5.1   0.4   17.6  12.1   4.4   16.7   9.8   5.7
 15.8   7.9   3.7   15.1  11.3  -1.0   14.4   4.7  -2.2   13.5   6.8  -9.7
 13.0   3.9  -8.4   12.7   3.7  -7.9   12.4   5.3  -3.1   12.1   5.0   1.3
 11.5  -0.0  -0.0   11.2  -3.0   4.2   10.6   4.1   8.9   10.0   0.0  11.8
  9.9   0.0  11.8    9.4   7.5  12.9    8.9   4.6   8.0    8.2  -3.3   9.2
  7.9   2.0   7.5    7.8   1.0   5.6    7.7   2.3   4.0    7.4   5.6  -1.0
  7.2  -0.4  -5.1    7.1  -2.8  -6.1    6.7  -0.0  -6.7    6.3   0.9  -5.1
  6.0  -1.3  -2.8    5.9  -4.5  -2.6    5.8  -5.1  -3.5    5.7  -0.0  -7.2


 99.9 -27.2 -15.7   90.0 -24.0  -5.7   80.0 -20.9   3.1   70.0  -7.3  -8.7
 60.0 -20.2   1.8   50.0 -22.8   4.0   45.0 -19.7   3.5   40.0 -30.7   5.4
 35.0 -26.6  -2.3   30.0 -29.9  -5.3   25.0 -23.1   0.8   22.5  -8.7  -2.7
 20.0   6.6  -1.2   15.0  10.3  -1.2   12.0   4.2   1.1   10.0   0.0  11.8
  8.0   0.2   8.0    7.0  -2.1  -6.2    6.0  -1.3  -2.8    5.0   0.0   0.0
  4.0   0.0   0.0

 23. 8.2018   0 Uhr

 99.9 -24.0 -16.8   89.1 -17.4   4.7   85.5 -16.2   2.9   83.4 -16.4   1.4
 81.1  -8.6   1.5   79.6  -5.5  -1.5   75.1  -7.7  -2.8   71.9 -12.3  -1.1
 70.0 -11.6   4.2   69.7 -12.1   4.4   57.0 -21.8   3.8   53.6 -20.8   7.6
 50.9 -24.7   0.0   50.0 -25.7   0.0   37.9 -35.4  -3.1   36.1 -29.2  -2.6
 34.0 -35.5   0.0   30.0 -32.8  -2.9   27.4 -31.4   0.0   25.4 -23.1  -2.0
 24.3  -5.6   1.0   23.8   0.1   0.5   23.4   4.8  -1.8   23.1   6.3  -2.3
 22.3   3.0  -4.2   21.4   1.6  -6.0   20.8   4.0  -4.7   20.0   4.3  -5.1
 19.8   4.7  -4.0   19.2   4.1  -0.0   19.0   5.0   1.3   17.8   9.3   4.3
 16.8   5.5  -1.5   16.2   3.9  -1.4   15.6   7.6  -1.3   14.9   4.7   2.2
 14.3  12.3   1.1   13.9   8.2   0.7   13.5   4.2   3.0   13.2  -0.7   2.5
 12.9   3.6   3.6   12.7   7.6   4.4   12.2   6.9   6.9   10.7   9.1   9.1
 10.0  15.9   7.4    9.7  17.9   6.5    8.9   7.1   1.3    8.7   7.1   4.1
  8.0   6.7   4.7    7.8   3.6   0.3    7.3   9.7   0.9    6.9   5.5  -5.5
  6.0   2.6  -3.2    5.9   3.0  -4.2    5.6   1.0 -11.8    5.0  -8.0  -5.6


 99.9 -24.0 -16.8   90.0 -18.0   2.8   80.0  -6.3  -0.7   70.0 -11.6   4.2
 60.0 -19.4   4.0   50.0 -25.7   0.0   45.0 -29.5  -1.2   40.0 -33.5  -2.5
 35.0 -32.5  -1.2   30.0 -32.8  -2.9   25.0 -16.8  -0.9   22.5   3.8  -3.7
 20.0   4.3  -5.1   15.0   5.1   1.7   12.0   7.2   7.2   10.0  15.9   7.4
  8.0   6.7   4.7    7.0   6.5  -3.9    6.0   2.6  -3.2    5.0  -8.0  -5.6
  4.0   0.0   0.0

 23. 8.2018  12 Uhr

 99.9 -30.5 -11.1   99.0 -30.9 -11.3   91.5 -21.4  -5.7   86.2 -21.0   1.8
 80.5  -6.7  -0.6   74.6 -13.5  -6.3   70.0  -8.7   0.8   69.4  -8.1   1.4
 68.3  -7.9   3.7   63.2 -13.9   0.0   58.9 -10.7   6.2   54.6 -19.4   5.2
 50.3 -21.8  -7.9   50.0 -21.8  -7.9   45.7 -29.9  -5.3   40.4 -29.9   5.3
 33.0 -36.9   3.2   30.0 -34.3  -3.0   29.2 -34.5   0.0   27.0 -14.5   5.3
 25.6 -10.5   7.4   24.8 -11.2   5.2   24.3  -7.5   2.0   23.7  -1.5  -2.1
 23.1   0.9  -5.1   22.2   2.3  -8.4   21.2  -0.0  -6.7   20.6  -7.7  -2.8
 20.4  -9.2  -0.8   20.0  -5.6   1.0   19.7  -1.0   1.2   19.3   1.8   4.8
 18.9   6.5   6.5   18.5   7.1   4.1   17.8   7.7   2.8   17.5   7.2  -0.0
 16.4   5.9  -5.0   15.3  14.9  -4.0   14.7   8.7   0.8   13.9  14.3  -1.3
 13.6   9.7  -0.9   13.3   4.7   4.0   12.5  15.0   5.5   11.8  17.0  -0.0
 11.2  19.3  -3.4   10.9  13.7  -2.4   10.8   8.2   0.7   10.7   2.8   4.9
 10.6   1.1   6.1   10.4   8.1   1.4   10.3  14.2  -2.5   10.0  21.8  -3.8
  9.9  22.5  -2.0    9.0   8.1   1.4    8.6  18.4   4.9    8.1   9.4   5.4
  7.9   6.8   2.5    7.7  10.9  -2.9    7.4   5.3  -3.1    6.9  -1.9  -5.3
  6.6  -0.2  -2.0    6.1  -5.6  -0.5    6.0  -5.6  -1.0    5.9  -7.6   1.3
  5.6  -8.9  -5.1    5.3 -16.9   1.5    4.7 -19.0  -1.7    4.4 -16.5   9.5
  4.2 -21.5  15.0

 99.9 -30.5 -11.1   90.0 -21.3  -3.6   80.0  -7.2  -1.1   70.0  -8.7   0.8
 60.0 -11.5   4.6   50.0 -21.8  -7.9   45.0 -29.9  -3.9   40.0 -30.2   5.2
 35.0 -34.9   3.8   30.0 -34.3  -3.0   25.0 -11.0   5.8   22.5   1.8  -7.3
 20.0  -5.6   1.0   15.0  11.8  -1.6   12.0  16.4   1.6   10.0  21.8  -3.8
  8.0   8.1   3.9    7.0  -0.4  -4.9    6.0  -5.6  -1.0    5.0 -17.9  -0.1
  4.0   0.0   0.0

 24. 8.2018   0 Uhr

 99.9 -30.5 -11.1   92.8 -16.5  -9.5   91.0 -17.7 -12.4   88.3 -22.7  -8.3
 84.4  -9.3   0.0   82.5  -4.6   3.2   81.4  -4.3   3.6   76.9   0.0   5.7
 74.7   0.0   7.7   72.8  -5.0   5.9   70.2  -6.5   3.0   70.0  -6.5   3.0
 66.1  -7.9   3.7   62.8 -11.6   4.2   59.5 -17.9  -1.6   56.4 -21.1   0.0
 52.3 -20.5  -9.6   50.0 -26.1  -9.5   49.0 -28.8  -7.7   48.1 -29.7  -2.6
 36.7 -31.9  -5.6   30.0 -26.1   2.3   28.4 -29.9   5.3   26.9 -20.4   5.5
 24.4 -11.8  -1.0   23.2  -3.0   4.2   22.7  -2.5   0.4   22.0  -3.9  -3.3
 21.7  -5.3  -3.1   21.0  -4.4   6.3   20.5  -2.3   8.4   20.0   0.0   8.2
 19.4   1.3   7.6   18.9   3.1   5.3   18.4   6.0   1.6   17.9   5.1  -0.9
 17.7   5.1  -0.9   17.1   3.5   0.9   16.7   3.6   3.6   16.1   9.1   1.6
 15.1   9.7   6.8   14.8  11.6   6.7   14.1   8.1   1.4   13.6  13.1   4.8
 12.3  18.9  -6.9   11.5  24.1 -13.9   10.5  15.1  -8.7   10.0  13.5  -6.3
  9.2   7.6  -1.3    8.9  10.3  -0.0    8.7  10.6  -3.9    8.4   1.3  -7.6
  8.3   1.9  -7.0    8.0   8.7  -0.8    7.9   9.2   0.8    7.7   5.1   0.9
  7.5   0.4   0.3    7.4  -1.3   5.0    7.3  -1.5   8.6    7.1  -0.7   8.2
  6.8  -3.9  10.6    6.6   0.9   9.7    6.4  -4.0  11.1    6.2  -0.9  10.2
  6.0  -2.2  12.7    5.8 -10.5   7.4    5.2 -13.1   6.1    4.9 -13.8  11.6
  4.7 -23.2   8.4    4.5 -16.7  16.7    4.3 -21.3   3.8    4.0 -15.4   7.2
  3.9 -15.6  10.9    3.6 -18.4   1.6    3.5 -19.4   5.2

 99.9 -30.5 -11.1   90.0 -19.5 -10.9   80.0  -3.0   4.3   70.0  -6.5   3.0
 60.0 -17.0  -0.7   50.0 -26.1  -9.5   45.0 -30.3  -3.4   40.0 -31.2  -4.7
 35.0 -30.5  -3.7   30.0 -26.1   2.3   25.0 -13.9   0.6   22.5  -2.9  -0.6
 20.0   0.0   8.2   15.0  10.3   6.8   12.0  20.8  -9.5   10.0  13.5  -6.3
  8.0   8.7  -0.8    7.0  -1.8   9.0    6.0  -2.2  12.7    5.0 -13.5   9.7
  4.0 -15.4   7.2

 24. 8.2018  12 Uhr

 99.9 -28.0 -13.0   97.9 -31.2 -14.6   93.0 -24.3  -4.3   89.9 -27.2  -2.4
 85.8 -15.9  -1.4   82.4  -4.2   2.0   76.2   0.3  -0.4   70.0  -7.1   1.3
 58.5 -15.4  -4.1   55.5 -20.5   1.8   51.4 -21.5  -1.9   50.0 -26.8   0.0
 45.4 -27.3   7.3   41.9 -24.2   0.0   35.4 -31.9   0.0   30.2 -27.3   7.3
 30.0 -27.3   7.3   27.7 -28.2   2.5   26.2 -18.9  -6.9   24.9 -22.7  -8.3
 23.2  -6.1  -0.5   22.6  -3.9   6.7   22.0   0.9  10.8   21.5   3.2  11.9
 20.3   9.4   5.4   20.0   9.8   5.7   19.4   8.0   4.6   18.6   8.1  -1.4
 17.9   5.6  -0.5   16.0  14.9   1.3   14.4  14.2  -2.5   13.5  20.5   1.8
 11.7  11.7  -5.4   11.3  13.8  -8.0   10.7  10.8  -0.9   10.0   5.3  -3.1
  9.5   7.3   2.6    9.3   8.0   4.6

 99.9 -28.0 -13.0   90.0 -27.1  -2.4   80.0  -2.5   1.1   70.0  -7.1   1.3
 60.0 -14.3  -3.4   50.0 -26.8   0.0   45.0 -27.0   6.5   40.0 -26.3   0.0
 35.0 -31.6   0.5   30.0 -27.3   7.3   25.0 -22.4  -8.2   22.5  -3.1   7.4
 20.0   9.8   5.7   15.0  14.4  -1.0   12.0  13.2  -4.2   10.0   5.3  -3.1
  8.0   0.0   0.0    7.0   0.0   0.0    6.0   0.0   0.0    5.0   0.0   0.0
  4.0   0.0   0.0

 25. 8.2018   0 Uhr

 99.9 -28.7   2.5   92.9 -24.7   0.0   86.8  -7.5   3.5   85.0   0.4   2.0
 82.7   3.6   3.6   77.7   3.0   4.2   75.0  -0.3   0.4   73.4  -4.5  -2.6
 71.2  -5.1   0.0   70.0  -4.8  -1.8   69.5  -4.5  -2.6   68.1  -4.8  -1.8
 62.4 -11.6  -4.2   58.6 -16.2   2.9   56.2 -16.2  -2.9   50.7 -24.1   2.1
 50.0 -24.1   2.1   42.3 -27.4  -4.8   32.8 -31.8   2.8   30.0 -31.8   2.8
 29.8 -32.3   2.8   26.9 -29.8   0.0   25.3 -14.4  -3.9   24.4  -8.2   0.0
 23.8  -5.1   4.3   23.5  -3.3   7.0   22.1  -5.5  15.0   21.0  -2.8   4.9
 20.6   0.4   2.0   20.0   3.1  -0.3   18.9   1.3  -0.8   18.6   4.5   2.6
 17.5  15.1   8.7   16.4  18.4   6.7   14.6  15.4   4.1   14.0  14.0   6.5
 12.0   7.2  -0.0   11.5   8.0   5.6   11.0  11.3  11.3   10.0  10.9   2.9
  9.5  13.4  -0.0    8.9  12.2  -2.1    8.4   8.7   0.8    8.3   5.1   3.5
  7.1   5.1   4.3    6.7   2.6   4.5    6.2   0.8   0.6    5.3  -1.8  -4.8
  5.2  -6.2  -6.2    5.1  -3.8  -5.5    4.8  -8.2 -14.3

 99.9 -28.7   2.5   90.0 -16.6   1.6   80.0   3.3   3.9   70.0  -4.8  -1.8
 60.0 -14.5   0.2   50.0 -24.1   2.1   45.0 -26.2  -2.3   40.0 -28.4  -3.1
 35.0 -30.7   0.9   30.0 -31.8   2.8   25.0 -12.4  -2.6   22.5  -4.8  12.7
 20.0   3.1  -0.3   15.0  16.1   4.7   12.0   7.2  -0.0   10.0  10.9   2.9
  8.0   5.1   3.7    7.0   4.5   4.3    6.0   0.3  -0.6    5.0  -5.3  -8.4
  4.0   0.0   0.0

 25. 8.2018  12 Uhr

 99.9 -16.4   4.4   96.1 -20.6   0.0   91.0 -12.9   3.5   86.9  -4.1   5.9
 82.4   1.6   6.0   78.7   3.9   3.3   74.6   0.7  -0.8   72.1  -3.9  -3.3
 70.0  -4.3  -5.1   65.8  -9.8  -9.8   56.2 -16.7  -2.9   53.7 -17.4  -6.3
 50.6 -21.6   0.0   50.0 -21.1   0.0   41.9 -22.6   0.0   35.8 -28.5  10.4
 30.0 -27.7  -2.4   28.8 -27.9  -4.9   26.5 -28.4  -5.0   25.5 -21.0  -1.8
 24.5  -9.5  -7.9   23.4  -0.0 -10.3   23.0   0.9 -10.8   21.8  -8.9  -4.1
 21.5  -8.9  -4.1   20.7  -1.6  -6.0   20.6  -0.5  -6.1   20.2  -0.9  -5.1
 20.0  -0.0  -4.1   19.8   2.1  -1.5   19.6   4.8   1.8   19.0  12.0   6.9
 17.0  24.3   6.5   13.0  19.0  -0.0   10.8  13.4  -0.0   10.0  10.4   2.8
  9.8   7.9   3.7    9.5   8.7   7.3    9.0   9.5   7.9    8.7   3.7  10.2
  8.4   4.3   9.3    7.5   8.6  -1.5    6.4   0.9 -10.8    6.0   5.0  -5.9
  5.9   4.3  -5.1    5.8   2.1  -5.8    5.7  -0.6  -7.2    5.6   3.3  -7.0


 99.9 -16.4   4.4   90.0 -10.8   4.0   80.0   3.1   4.3   70.0  -4.3  -5.1
 60.0 -13.9  -5.8   50.0 -21.1   0.0   45.0 -22.0   0.0   40.0 -24.4   3.1
 35.0 -28.4   8.7   30.0 -27.7  -2.4   25.0 -15.3  -4.9   22.5  -3.1  -8.0
 20.0  -0.0  -4.1   15.0  21.8   3.4   12.0  16.6  -0.0   10.0  10.4   2.8
  8.0   6.2   4.6    7.0   5.2  -5.6    6.0   5.0  -5.9    5.0   0.0   0.0
  4.0   0.0   0.0

 26. 8.2018   0 Uhr

 99.9  -9.5   7.9   93.3  -9.1   1.6   89.3 -16.5   0.0   84.3  -6.5   1.7
 83.2  -5.0   1.3   80.3  -2.9   1.1   77.5  -2.8  -4.9   72.3 -10.4  -2.8
 70.5 -10.4  -2.8   70.0 -11.1  -2.0   66.9 -11.9   3.2   63.2 -11.2   5.2
 57.3 -18.2  -3.2   54.4 -19.0   0.0   50.0 -22.9  -6.1   48.3 -22.8 -10.7
 39.3 -25.6   9.3   31.0 -31.4  -5.5   30.0 -29.9  -5.3   28.5 -30.7  -2.7
 27.3 -26.6   2.3   26.3 -13.5   4.9   25.7  -8.6   1.5   25.3  -4.9  -2.8
 25.1  -3.5  -5.1   24.9  -3.3  -7.0   24.2  -6.9  -8.3   23.4  -4.6  -5.5
 21.5   0.4  -5.1   20.4  -2.4  -5.1   20.0  -0.0  -1.0   19.9   0.3  -0.4
 19.6   4.8   1.8   18.8  15.5   5.6   16.8  24.7  11.5   13.1  14.5   5.3
 12.6  18.4   4.9   11.1  10.4   2.8   10.0  16.4   1.4    9.9  16.4   1.4
  9.0  12.6  -4.6    8.6  13.2  -2.3    8.3   7.9  -3.7    8.1  11.3  -1.0
  7.6   4.6  -8.0    7.3   9.3  -4.3    6.8  11.7  -5.4    6.3   6.3  -7.5
  6.1   9.3  -4.3    5.9   6.0  -7.1    5.8   1.0 -11.3    5.4  -6.2 -10.7
  5.2  -1.9 -10.6    5.0  -5.6  -6.7

 99.9  -9.5   7.9   90.0 -15.2   0.3   80.0  -2.9   0.4   70.0 -11.1  -2.0
 60.0 -15.0   0.7   50.0 -22.9  -6.1   45.0 -23.8  -3.7   40.0 -25.4   7.7
 35.0 -28.5   1.9   30.0 -29.9  -5.3   25.0  -3.4  -6.0   22.5  -2.3  -5.3
 20.0  -0.0  -1.0   15.0  20.0   8.6   12.0  15.3   4.1   10.0  16.4   1.4
  8.0  10.0  -2.4    7.0  10.7  -5.0    6.0   7.6  -5.7    5.0  -5.6  -6.7
  4.0   0.0   0.0

 26. 8.2018  12 Uhr

 99.9  -8.4   2.3   90.0 -12.1   5.7   85.8  -5.1   4.3   84.9  -4.5   2.6
 83.4  -2.4  -0.9   82.3  -1.8  -4.8   76.3  -7.2 -12.5   74.8  -9.7 -13.9
 70.0 -13.5  -6.3   67.4  -8.4  -2.3   64.9 -12.3  -1.1   57.4 -19.9  -5.3
 53.9 -17.3   8.0   50.7 -15.9   7.4   50.0 -16.9   6.2   47.8 -19.0   1.7
 36.0 -31.4   0.0   30.0 -26.8  -7.2   28.4 -28.4  -5.0   25.8  -7.9   9.5
 24.6  -5.1   4.3   23.3 -10.6   1.9   22.5  -5.1   0.9   21.7  -0.2   1.0
 21.3   5.1   2.4   20.7  13.7   2.4   20.0  16.9   4.5   19.0  19.8   7.2
 18.1  25.6   2.2   16.7  17.7  -3.1   15.0  15.4  -4.1   14.2  18.4   1.6
 13.0  12.2  -2.1   10.7  11.4   3.1   10.0  11.3   1.0    9.8   9.7   0.9
  9.1  11.6  -6.7    8.8  11.4  -3.1    8.4   6.7  -4.7    8.2  11.7  -2.1
  8.1  12.2  -2.1    7.6   5.6  -0.5    7.2   7.7  -2.8    7.0  10.9  -2.9
  6.8   9.8  -5.7    6.4  -0.9 -10.2    6.1   0.7  -8.2    5.7  -8.0  -5.6
  5.3  -8.2  -3.0    4.8  -8.9  12.6

 99.9  -8.4   2.3   90.0 -12.1   5.7   80.0  -3.8  -7.7   70.0 -13.5  -6.3
 60.0 -17.2  -3.8   50.0 -16.9   6.2   45.0 -21.7   1.3   40.0 -26.9   0.6
 35.0 -30.7  -1.1   30.0 -26.8  -7.2   25.0  -6.1   6.0   22.5  -5.1   0.9
 20.0  16.9   4.5   15.0  15.4  -4.1   12.0  11.9   0.0   10.0  11.3   1.0
  8.0  10.9  -1.8    7.0  10.9  -2.9    6.0  -1.4  -7.6    5.0  -8.6   6.3
  4.0   0.0   0.0

 27. 8.2018   0 Uhr

 99.9 -11.8   0.0   86.3  -3.6  -2.1   70.6  -9.3  11.0   70.0  -8.9  10.6
 50.0 -20.4  -5.5   47.2 -24.2  -8.8   31.8 -33.8  -3.0   30.0 -31.8  -2.8
 26.6 -12.6   4.6   21.7  -2.2  -1.3   21.3   1.1  -2.3   20.2  12.6   4.6
 20.0  16.9   6.2   18.5  21.8   3.8   17.0  15.4  -1.3   12.3  14.5  -6.7
 10.0  16.8  -7.8    8.6   6.5  -3.0    6.2   3.4  -2.4    6.1   0.1  -1.5
  5.5   2.8   6.1

 99.9 -11.8   0.0   90.0  -5.9  -1.5   80.0  -5.8   3.0   70.0  -8.9  10.6
 60.0 -14.3   3.1   50.0 -20.4  -5.5   45.0 -25.4  -8.1   40.0 -28.3  -6.3
 35.0 -31.6  -4.3   30.0 -31.8  -2.8   25.0  -9.4   2.8   22.5  -4.0  -0.3
 20.0  16.9   6.2   15.0  15.0  -3.5   12.0  14.7  -6.9   10.0  16.8  -7.8
  8.0   5.8  -2.9    7.0   4.5  -2.6    6.0   0.6  -0.3    5.0   0.0   0.0
  4.0   0.0   0.0

 27. 8.2018  12 Uhr

 99.9  -4.4  -7.6   97.6  -7.9  -3.7   95.6 -10.9  -2.9   89.5  -5.8  -2.1
 87.9  -3.1   0.0   85.0  -3.3   3.9   84.0  -3.3   3.9   81.7   2.6   4.5
 76.6   5.5   3.8   75.8   3.9   3.3   73.3  -1.8   4.8   70.1  -5.1   0.9
 70.0  -5.1   0.9   68.6  -5.7   0.0   64.3 -11.2  -5.2   59.1 -12.9   0.0
 56.6 -13.8  -1.2   52.3 -20.3   3.6   50.0 -21.0   1.8   47.5 -20.1   0.0
 43.1 -28.9   5.1   38.0 -29.9  -5.3   31.2 -33.4  -5.9   30.0 -32.3  -2.8
 26.9 -20.5  11.8   25.4 -16.9   9.8   23.1  -7.1   1.3   22.8  -5.1   0.4
 22.5  -0.0  -1.0   22.2   5.0  -1.3   21.7  11.4  -3.1   20.0  19.0  -1.7
 19.0  12.1  -5.7   16.3  14.3  -1.3   15.2   8.7  -3.2   14.3  16.0  -5.8
 11.9  11.3  -1.0   11.4  11.7   2.1   10.9  12.9  -3.5   10.7  11.7  -5.4
 10.1   5.5  -1.5   10.0   6.0  -1.6    8.6  16.0   5.8    7.3  17.7  -8.3
  6.7  11.8  -8.3

 99.9  -4.4  -7.6   90.0  -6.2  -2.2   80.0   3.5   4.3   70.0  -5.1   0.9
 60.0 -12.6  -0.9   50.0 -21.0   1.8   45.0 -25.0   2.8   40.0 -29.5  -1.1
 35.0 -31.4  -5.5   30.0 -32.3  -2.8   25.0 -15.3   8.3   22.5  -0.0  -1.0
 20.0  19.0  -1.7   15.0  10.3  -3.7   12.0  11.5  -1.2   10.0   6.0  -1.6
  8.0  16.7  -0.5    7.0  14.8  -8.3    6.0   0.0   0.0    5.0   0.0   0.0
  4.0   0.0   0.0

 28. 8.2018   0 Uhr

 99.9 -14.0  -6.5   92.3 -12.1  -4.4   87.2  -8.4   2.3   79.1   3.9   8.4
 76.2   6.0   7.1   72.2   1.1   6.1   70.6  -2.6   4.5   70.0  -3.3   3.9
 67.5  -6.8   2.5   60.1  -9.7  -3.5   56.6 -16.2   2.9   51.3 -17.9  -6.5
 50.0 -21.4  -5.7   48.5 -23.1  -2.0   39.3 -29.3  -7.9   36.7 -31.9   0.0
 33.6 -38.1   0.0   30.0 -35.5   6.3   28.0 -34.8   3.0   23.3  -7.1  -4.1
 23.1  -4.6  -3.2   22.7   0.4  -1.5   22.1   5.1   0.4   21.4   9.8  -0.0
 20.3   4.8  -1.8   20.0   4.6  -0.4   19.2   5.8   2.1   17.5  15.6   9.0
 15.2  11.8   9.9   14.6  16.9   9.8   12.8  19.0  -1.7   10.9  17.7  -3.1
 10.1  11.4   3.1   10.0  11.6   4.2    9.7  13.4   7.7    9.3  17.4   6.3
  8.9  10.9   2.9    8.2  16.5  -0.0    7.7  12.1  -5.7    7.5   9.9  -2.7
  7.3   7.0   3.3    7.2   1.5  16.9    6.9   7.1   1.3    6.7   5.1  -0.0
  5.9  -1.1   1.1    5.6   0.0   5.1    5.5   0.4   5.1    4.8  -1.0  -1.2


 99.9 -14.0  -6.5   90.0 -10.5  -1.4   80.0   2.5   7.7   70.0  -3.3   3.9
 60.0  -9.9  -3.3   50.0 -21.4  -5.7   45.0 -25.3  -4.1   40.0 -28.8  -7.4
 35.0 -35.2   0.0   30.0 -35.5   6.3   25.0 -17.6  -1.4   22.5   2.0  -0.8
 20.0   4.6  -0.4   15.0  13.5   9.9   12.0  18.5  -2.3   10.0  11.6   4.2
  8.0  14.7  -2.2    7.0   5.2   6.5    6.0  -0.3   0.9    5.0  -0.6   0.7
  4.0   0.0   0.0

 28. 8.2018  12 Uhr

 99.9 -10.6  -1.9   97.4  -6.7  -3.9   96.5  -5.1  -2.4   94.8  -1.8   1.8
 92.9   3.0   4.2   90.7   5.9   4.1   85.7   5.8   3.3   81.5   5.8  -5.8
 79.0   6.8  -9.7   74.8   3.0  -8.2   70.4   6.9  -6.9   70.0   6.9  -6.9
 69.0   4.4  -6.3   67.5  -1.0  -5.6   65.8  -2.3  -4.0   62.9  -8.7  -3.2
 59.1 -14.3   1.3   55.0 -12.6  -4.6   52.5 -17.0   0.0   50.7 -18.4  -4.9
 50.0 -19.8  -3.5   43.2 -32.4   5.7   39.6 -37.9   3.3   33.1 -38.3  10.3
 30.0 -37.9   3.3   29.7 -36.9   3.2   27.3 -19.0  -1.7   26.3  -7.5   3.5
 26.0  -3.6   4.3   25.8  -1.3   5.0   25.5   3.1   5.3   24.2  13.2   2.3
 23.4  18.5  -0.0   21.5  22.8   4.0   20.0  15.7   2.8   19.4  10.9   2.9
 18.3  19.8   3.5   16.8  20.1  -0.0   15.1  18.6   8.7   14.1  22.8   4.0
 13.4  19.0   1.7   11.7  11.6   4.2   11.4  10.9   2.9   10.1  10.9   2.9
 10.0  11.4   3.1    9.3  13.5  -6.3    8.6  11.4  -3.1    8.4   5.9  -5.0
  7.7   8.7  -3.2    7.3   8.4   2.3    6.8   7.5   2.0    6.5   8.2  -0.7
  6.0   1.3   0.8    5.8   3.3   3.9    5.7   2.0   7.5    5.6   4.3   9.3
  5.2   4.3   5.1    5.1   2.4   5.1    4.8   0.3  -0.4    4.7  -1.8  -4.8
  4.6  -1.7  -9.6    4.5  -0.0  -9.8    4.1  -7.7 -11.0

 99.9 -10.6  -1.9   90.0   5.9   4.0   80.0   6.4  -8.1   70.0   6.9  -6.9
 60.0 -13.0   0.2   50.0 -19.8  -3.5   45.0 -28.9   3.2   40.0 -37.3   3.6
 35.0 -38.2   8.1   30.0 -37.9   3.3   25.0   6.9   4.2   22.5  20.5   1.9
 20.0  15.7   2.8   15.0  19.1   8.2   12.0  13.0   3.8   10.0  11.4   3.1
  8.0   7.5  -3.9    7.0   7.9   2.1    6.0   1.3   0.8    5.0   1.7   3.3
  4.0  -9.7 -11.3

 29. 8.2018   0 Uhr

 99.9  -4.2  -2.0   97.1  -0.0  -0.0   92.7   5.6   0.5   89.2   9.2   0.8
 86.0   6.7   0.6   80.3   8.4  -5.9   78.3   8.9  -5.1   75.5   8.9  -2.4
 71.9   4.2  -3.0   70.2  -0.8  -3.0   70.0  -1.1  -2.9   67.8  -4.7  -2.2
 65.9  -6.1  -2.8   64.0  -8.2   0.7   57.5 -17.7   3.1   53.6 -17.9  -4.8
 50.0 -24.1  -2.1   47.3 -29.9  -5.3   39.4 -33.4   5.9   33.0 -39.5   3.5
 30.0 -38.5   6.8   29.5 -38.0   6.7   26.5 -19.0  -1.7   25.5  -5.1   0.9
 25.2  -0.3   0.4   24.8   5.1  -0.4   23.1  19.4   5.2   22.0  22.3   3.9
 20.7  11.8  -1.0   20.0  13.3   1.2   18.1  18.4   6.7   16.4  19.9   5.3
 13.0  15.4   4.1   10.9  15.5  -5.6   10.0  13.5  -4.9    9.5   9.7  -3.5
  8.6   4.5   1.2    7.9  12.7   2.2    7.4   9.8  -0.0    6.3  11.8  -0.0
  5.9   5.7  -0.0    5.7  -0.0  -0.0    5.4   6.7   4.7    5.3   6.7   3.9
  5.2   8.2  -0.0    5.1   4.5  -2.6    5.0   3.6  -3.6    4.8   4.6  -0.8


 99.9  -4.2  -2.0   90.0   8.4   0.7   80.0   8.5  -5.8   70.0  -1.1  -2.9
 60.0 -14.0   2.2   50.0 -24.1  -2.1   45.0 -30.9  -2.2   40.0 -33.2   5.0
 35.0 -37.5   4.2   30.0 -38.5   6.8   25.0   2.4  -0.0   22.5  21.0   4.5
 20.0  13.3   1.2   15.0  18.1   4.9   12.0  15.4  -0.4   10.0  13.5  -4.9
  8.0  11.5   2.1    7.0  10.5  -0.0    6.0   7.2  -0.0    5.0   3.6  -3.6
  4.0   0.0   0.0

 29. 8.2018  12 Uhr

 99.9   0.1  -0.5   96.0   5.6  -1.0   92.9  12.8  -1.1   89.0   9.2  -0.8
 85.1   4.4  -6.3   78.1   1.3  -7.6   76.0   4.7  -6.7   73.5   4.6  -5.5
 70.0  -1.3  -5.0   68.5  -1.8  -2.5   67.3  -4.7  -2.2   65.1  -7.3  -2.6
 62.2 -10.4   2.8   52.0 -19.9  -5.3   50.0 -25.8  -4.6   44.3 -32.4   5.7
 32.4 -41.5  -3.6   30.2 -35.5  -6.3   30.0 -34.5  -6.1   27.6  -7.2   0.0
 27.3  -5.1  -0.4   26.7   0.1  -1.0   26.3   5.1  -0.9   25.2  10.6  -3.9
 23.2  24.2  -0.0   20.0  12.2   2.1   19.2  16.0   5.8   17.6  23.1   2.0
 17.1  21.5  -1.9   13.0  14.9   1.3   11.2  14.9  -4.0   10.0  13.8   1.2
  9.4   9.2   3.3    9.1   9.6   1.7    8.9  10.3  -0.0    8.2   9.3   6.5
  7.7  15.0   5.5    7.1  13.5   4.9    6.8   8.6  -1.5    6.5  10.3  -0.0
  6.2  11.1  -4.0    6.0   3.9  -6.7    5.8   3.9  -6.7    5.6  -0.6  -6.7
  5.4   3.0  -4.2    5.3   1.8  -3.1    5.0  -0.0  -9.3    4.8   2.1 -12.2
  4.5  -7.5 -12.9    4.3 -15.9  -4.3    4.2 -18.4  -1.6    4.1 -14.7   2.6
  3.8  -1.0  11.3    3.5   1.0   5.6    3.4  -6.2   3.6

 99.9   0.1  -0.5   90.0  10.2  -0.9   80.0   2.2  -7.2   70.0  -1.3  -5.0
 60.0 -12.4   1.1   50.0 -25.8  -4.6   45.0 -31.6   4.4   40.0 -35.5   2.6
 35.0 -39.3  -1.4   30.0 -34.5  -6.1   25.0  12.0  -3.5   22.5  21.7   0.5
 20.0  12.2   2.1   15.0  18.3  -0.3   12.0  14.9  -1.6   10.0  13.8   1.2
  8.0  11.5   6.1    7.0  11.9   2.8    6.0   3.9  -6.7    5.0  -0.0  -9.3
  4.0 -10.2   5.4

 30. 8.2018   0 Uhr

 99.9  -5.3  -1.9   97.4  -1.8  -4.8   94.9  -3.9  -6.7   93.0  -1.8  -4.8
 91.0   0.9  -0.4   87.9   3.6   3.6   80.8   0.4   5.1   76.9   4.3   9.3
 71.3   3.1   5.3   70.0  -0.8   3.0   69.5  -1.8   3.1

 99.9  -5.3  -1.9   90.0   1.8   0.9   80.0   1.2   6.0   70.0  -0.8   3.0
 60.0   0.0   0.0   50.0   0.0   0.0   45.0   0.0   0.0   40.0   0.0   0.0
 35.0   0.0   0.0   30.0   0.0   0.0   25.0   0.0   0.0   22.5   0.0   0.0
 20.0   0.0   0.0   15.0   0.0   0.0   12.0   0.0   0.0   10.0   0.0   0.0
  8.0   0.0   0.0    7.0   0.0   0.0    6.0   0.0   0.0    5.0   0.0   0.0
  4.0   0.0   0.0

 30. 8.2018  12 Uhr

 99.9   4.4   4.4   95.9   5.1   0.9   91.1   5.1  -0.4   87.7   7.9   3.7
 84.6   5.1   3.5   82.3  10.1   1.8   80.5   7.5   2.0   73.6   3.0  -4.2
 70.8   1.1  -2.9   70.0  -0.0  -3.6   66.3  -6.3  -5.3   64.7  -9.2  -0.8
 61.2 -14.9   4.0   58.1 -16.4  -1.4   50.0 -28.3   0.0   48.9 -31.8   2.8
 42.2 -38.9  -3.4   34.8 -42.5  -3.7   31.2 -36.4   3.2   30.0 -16.4   4.4
 28.7  -5.8   5.8   28.1   0.0   6.2   27.6   4.1   5.9   26.7  10.3   4.8
 24.4  19.5   1.7   23.8  16.4  -1.4   22.6  12.4   3.3   22.0  12.8   1.1
 21.3  15.5  -5.6   20.6  16.4  -4.4   20.0  12.7  -2.2   19.6   9.6  -1.7
 18.7  14.0  -6.5   17.5   3.6  -4.3   16.7  10.6  -1.9   15.8  15.7   2.8
 14.6  16.9   6.2   12.2  20.1  -0.0   10.0  16.0   5.8    9.5  18.2   8.5
  6.9  11.2  -5.2    6.1   4.0 -11.1    5.8  -4.8 -10.3    5.7  -5.7  -9.8
  5.5  -0.0  -9.3    5.4  -3.0  -8.2

 99.9   4.4   4.4   90.0   6.0   0.9   80.0   7.1   1.6   70.0  -0.0  -3.6
 60.0 -15.5   1.9   50.0 -28.3   0.0   45.0 -35.9  -0.7   40.0 -40.0  -3.5
 35.0 -42.4  -3.7   30.0 -16.4   4.4   25.0  17.0   2.5   22.5  12.5   3.0
 20.0  12.7  -2.2   15.0  16.5   5.0   12.0  19.7   0.5   10.0  16.0   5.8
  8.0  14.3   1.0    7.0  11.5  -4.6    6.0   1.1 -10.8    5.0   0.0   0.0
  4.0   0.0   0.0

 31. 8.2018   0 Uhr

 99.9  -6.5  -3.0   99.1  -4.6  -3.2   97.2   1.1  -6.1   94.1   4.6  -8.0
 88.5   1.7  -6.5   81.7  -4.0  -1.1

 99.9  -6.5  -3.0   90.0   2.5  -6.9   80.0  -5.5   0.3   70.0   0.0   0.0
 60.0   0.0   0.0   50.0   0.0   0.0   45.0   0.0   0.0   40.0   0.0   0.0
 35.0   0.0   0.0   30.0   0.0   0.0   25.0   0.0   0.0   22.5   0.0   0.0
 20.0   0.0   0.0   15.0   0.0   0.0   12.0   0.0   0.0   10.0   0.0   0.0
  8.0   0.0   0.0    7.0   0.0   0.0    6.0   0.0   0.0    5.0   0.0   0.0
  4.0   0.0   0.0

 31. 8.2018  12 Uhr

 99.9 -12.2  -2.1   93.1  -5.1  -4.3   89.4   0.0   1.5   87.2   3.6   3.6
 84.7   6.2   3.6   83.0   5.3   3.1   76.1  -1.0   1.8   74.2  -5.0  -1.3
 72.7  -5.9  -4.1   70.0 -10.6  -8.9   69.8 -11.0  -9.3   68.2  -8.7  -7.3
 65.8 -13.7  -2.4   62.0 -14.5  -6.7   58.8 -17.0   0.0   56.1 -19.8  -3.5
 53.0 -23.1   2.0   50.0 -26.2   0.0   42.8 -34.0   0.0   36.9 -37.0   0.0
 32.5 -33.3   8.9   30.8 -15.9   4.3   30.0  -9.7   0.9   29.5  -5.7   0.0
 28.2  -0.0  -0.0   27.4   4.7   2.2   25.6  11.4  -3.1   24.8  13.4  -3.6
 23.2   5.6  -2.6   22.7   2.6  -3.2   20.1  14.3   1.3   20.0  14.9   1.3
 19.8  14.9   1.3   18.7  13.9  -0.0   17.9  11.7   5.4   15.3  16.2  -2.9
 12.5  18.2   3.2   11.6  13.8  -1.2   11.2  14.9   1.3   10.0  13.8   1.2
  9.6  13.8   1.2    9.1  10.6   3.9    8.7  14.9   7.0    8.3   7.6  -1.3
  7.9   2.9  -2.1    7.6   5.5  -3.8    7.5   3.3  -3.9    7.3  -2.6  -4.5
  7.1  -5.5  -5.5    7.0  -2.6  -4.5    6.6  -0.1  -1.0    5.5   3.0   4.2
  5.3   5.1  -0.0    5.1   8.9  -2.4    5.0   4.8  -1.8    4.9  -0.2  -1.0
  4.8  -5.1   0.4    4.7 -11.8   0.0    4.4 -10.6  -1.9

 99.9 -12.2  -2.1   90.0  -0.8   0.6   80.0   2.6   2.5   70.0 -10.6  -8.9
 60.0 -16.0  -2.6   50.0 -26.2   0.0   45.0 -31.5   0.0   40.0 -35.4   0.0
 35.0 -35.5   3.8   30.0  -9.7   0.9   25.0  12.9  -3.5   22.5   3.5  -2.8
 20.0  14.9   1.3   15.0  16.4  -2.2   12.0  15.8   0.8   10.0  13.8   1.2
  8.0   4.1  -1.9    7.0  -2.6  -4.5    6.0   1.5   1.7    5.0   4.8  -1.8
  4.0   0.0   0.0


Monatsmittelwind fuer den  8 2018

Niveau Anzahl     U     V   DD FF
 [hPa]        [m/s] [m/s]     [kn]
  99.9     58 -12.4  -1.8   82 24
  90.0     58  -6.8  -0.6   85 13
  80.0     57  -3.6   0.3   95  7
  70.0     56  -5.4  -0.9   81 11
  60.0     55 -14.0   0.1   90 27
  50.0     54 -22.9  -1.5   86 45
  45.0     54 -27.7  -0.5   89 54
  40.0     54 -31.8   0.1   90 62
  35.0     54 -33.3   0.5   91 65
  30.0     54 -31.0   0.8   91 60
  25.0     54 -10.9  -0.7   86 21
  22.5     54  -0.1  -0.5   11  1
  20.0     54   6.4  -0.5  275 12
  15.0     52  13.7   1.1  265 27
  12.0     52  13.4  -0.2  271 26
  10.0     51  11.9  -0.3  271 23
   8.0     49   7.6  -0.7  276 15
   7.0     48   4.9  -1.4  286 10
   6.0     46   0.1  -1.4  356  3
   5.0     35  -3.8   0.6   99  8
   4.0      9  -7.6  -2.4   73 16
