sing20170616.12
TTAA 66121 48698
99010 29040 14008 00111 28848 11009 92801 23038 11509
85534 18017 10503 70179 10237 32010 50591 05556 09505
40762 16156 06522 30973 31159 06523 25099 41156 09523
20248 51356 04009 15429 65547 26516 10666 78757 19530
88999
77999=
TTCC 66121 48698
70870 72768 29512 50071 67573 28533 30387 57381 07040
20645 54382 07057 10101 39392 08063
88929 80356 19517
77062 08574 42158=
TTDD 6612/ 48698
11929 80356 22843 76960 33778 80158 44745 79760 55718
72167 66683 73567 77655 69571 88491 67973 99427 62177
11396 63776 22361 59380 33296 56781 44272 58780 55250
53983 66235 56181 77123 48387 88108 40191 99082 35193
11068 38992 22061 35793 33056 26996 44052 29395 55050
24997 66047 24997
21212 11929 19517 22882 23010 33868 27507 44856 32510
55821 35518 66791 36021 77773 35514 88754 32012 99733
30001 11686 28514 22628 27534 33600 27020 44555 26536
55471 29531 66451 29027 77431 26021 88406 25519 99398
23014 11395 22515 22368 25023 33352 27513 44348 28510
55342 01003 66335 07010 77313 07542 88289 07549 99259
10048 11247 08055 22199 07057 33192 08061 44180 09057
55141 10045 66134 09544 77095 08569 88081 09557 99073
10563 11062 08574 22058 07539 33054 06019 44051 07528
55050 06021 66048 35011 77047 35013=
