sing20170618.00
TTAA 68001 48698
99008 27825 23002 00095 28034 22505 92783 23046 18015
85516 18041 21510 70157 09040 15007 50587 05957 06514
40759 15366 06509 30970 29957 11028 25097 40745 16512
20245 53141 23010 15424 67356 08024 10660 81130 04535
88999
77999=
TTCC 68001 48698
70867 68771 26540 50071 62378 25513 30387 60579 07535
20644 53783 10045 10101 42590 09053
88952 83139 05044 88400 63576 25023
77061 09081 41125=
TTDD 6800/ 48698
11952 83139 22910 82746 33824 68773 44791 67373 55722
70569 66508 63777 77463 59380 88400 63576 99365 61378
11340 63776 22275 56582 33243 58380 44224 55781 55216
56581 66181 48786 77165 51983 88156 52383 99114 41990
11103 42989 22069 38392 33050 28995
21212 11915 05545 22872 07551 33856 08041 44819 11520
55805 12512 66785 21506 77773 25510 88659 27548 99615
27040 11554 33512 22515 25006 33504 24510 44454 27528
55437 26028 66406 24525 77391 26524 88366 25012 99360
24010 11345 19506 22332 12510 33304 07532 44277 10047
55254 08540 66223 11047 77181 08049 88158 08547 99130
08565 11096 09049 22077 08579 33065 09060 44061 09081
55055 09043 66052 08560 77050 08543=
