sing20170620.12
TTAA 70121 48698
99006 31258 20504 00076 30458 17005 92769 24045 28507
85502 18850 28015 70146 10857 26511 50587 06332 17005
40758 15135 06022 30970 29563 05528 25097 40759 07037
20245 52764 08059 15424 65167 08054 10663 78957 11515
88100 78957 12016
77166 07572 41723=
TTCC 70121 48698
70869 76563 35019 50071 69372 30027 30384 59181 08033
20640 54983 10054 10100 41991 09059
88999
77062 09580 42044=
TTDD 7012/ 48698
11934 79158 22833 73365 33708 76763 44667 73168 55626
63978 66489 69373 77371 60779 88350 62978 99311 62778
11260 54783 22228 59180 33209 58581 44192 50386 55174
49586 66120 43190 77113 43990 88096 41591 99083 43590
11063 37592 22052 24197
21212 11966 03005 22942 32510 33921 29512 44895 22512
55883 21512 66874 22510 77859 27006 88851 29510 99790
31535 11716 33024 22696 35519 33691 35017 44684 32515
55677 30517 66654 27023 77597 26042 88527 31027 99481
29525 11448 30529 22421 27516 33394 26024 44365 26010
55350 21502 66337 10510 77315 12024 88304 09035 99296
07032 11247 10046 22219 09050 33187 10068 44149 08050
55142 07052 66097 09062 77087 09555 88076 09568 99071
09558 11062 09580 22059 09061 33057 08068 44053 06030
55052 06033=
