sing20170609.00
TTAA 59001 48698
99008 28834 20002 00092 28234 17004 92781 22616 15008
85515 19257 07002 70158 10858 00505 50588 05160 09506
40761 13766 08013 30972 31359 11025 25099 40361 08034
20248 51168 09533 15428 66561 13535 10665 77958 05007
88999
77999=
TTCC 59001 48698
70870 70769 27027 50070 66574 27529 30387 59578 09030
20643 52781 08543 10100 45185 09057
88932 80557 29516
77063 08588 427//=
TTDD 5900/ 48698
11932 80557 22853 75162 33792 77561 44655 68971 55590
73567 66546 68172 77514 68772 88483 63376 99471 64374
11391 57978 22316 62176 33295 58778 44275 60177 55232
55579 66219 56779 77181 49583 88157 51981 99120 44786
11103 46384 22074 36391 33063 36791 44058 28395
21212 11980 00504 22943 29512 33926 30016 44900 30511
55882 27507 66874 25510 77817 25534 88782 27525 99668
26525 11648 28523 22602 28018 33585 26523 44565 28516
55542 26031 66520 26026 77483 29034 88446 29030 99430
27531 11412 29019 22407 28018 33389 26031 44359 26521
55344 31518 66320 34514 77315 02010 88309 06515 99294
10034 11279 10542 22271 11043 33256 08040 44221 08553
55208 09544 66196 08541 77161 08048 88141 09558 99117
09548 11087 08063 22078 09074 33071 10064 44066 09069
55063 08588 66058 09041=
