sing20170623.00
TTAA 73001 48698
99008 28429 03501 00092 27831 24003 92780 22619 16510
85513 18025 23507 70151 08819 28007 50587 05350 16010
40760 14956 04013 30970 30918 07522 25097 40742 05529
20245 53759 04540 15423 67559 07046 10658 78556 05019
88103 79737 04015
77999=
TTCC 73001 48698
70867 68571 27549 50068 68173 27517 30383 62177 08534
20639 52382 08550 10096 41789 09058
88999
77066 07577=
TTDD 7300/ 48698
11834 71567 22795 73565 33762 68770 44710 68171 55634
70969 66483 67773 77442 62377 88380 60378 99315 63177
11276 62177 22209 51983 33190 53382 44154 47585 55120
45186 66091 41389 77086 42588 88080 39591 99075 41189
11069 38991 22062 30795 33057 31194
21212 11898 10510 22889 12508 33850 22513 44789 24024
55767 26533 66680 28551 77540 25026 88499 27517 99475
33513 11469 34010 22459 31504 33451 28010 44435 26526
55417 27530 66394 28024 77383 31520 88358 34521 99348
00517 11337 03521 22318 04523 33300 08534 44291 10042
55284 10539 66263 09027 77240 09557 88220 09546 99177
09064 11145 10052 22112 09066 33091 09557 44077 09053
55066 07577 66061 05536 77057 01023 88057 01023=
