sing20170612.12
TTAA 62121 48698
99006 30657 21003 00078 30258 18007 92770 23424 14508
85506 19625 00510 70160 12860 29510 50589 06118 19004
40760 15150 02505 30972 29760 08519 25099 40560 08532
20247 52361 07055 15428 62167 07533 10667 78358 31518
88999
77175 06569 41938=
TTCC 62121 48698
70871 77762 25037 50072 65974 29054 30385 58780 06026
20642 52983 08056 10104 40191 08057
88944 80157 33019 88713 78161 25532
77113 07572 42619 77064 08571 41260=
TTDD 6212/ 48698
11944 80157 22869 77359 33839 78360 44810 73764 55713
78161 66687 78362 77661 74765 88623 75366 99600 67973
11566 62577 22473 66974 33395 68173 44326 57380 55281
60579 66273 55983 77254 58180 88194 51584 99180 52784
11173 47587 22157 45588 33153 46187 44091 38992 55079
42191 66068 40791 77062 31594 88052 35793
21212 11978 31523 22881 01519 33858 01013 44850 36010
55841 32007 66833 28510 77766 25525 88694 24538 99670
23526 11646 26017 22631 25510 33613 24003 44604 29010
55537 28554 66491 29055 77398 30023 88384 28023 99371
27522 11364 28014 22360 27510 33352 20503 44344 13510
55321 11513 66314 09513 77304 06521 88291 06034 99272
09553 11258 10047 22229 08045 33216 08559 44189 08060
55178 09563 66167 11049 77159 09563 88126 08049 99113
07572 11104 07554 22086 08551 33070 07569 44064 08571
55059 11036 66057 14030 77055 14026 88052 11533=
