sing20170608.12
TTAA 58121 48698
99005 30249 22002 00072 29245 15007 92762 23619 12007
85499 19627 24003 70149 11256 33007 50588 03959 11503
40761 13764 10016 30973 30145 06531 25100 40360 08032
20248 51170 09540 15428 66360 13032 10666 77359 30509
88999
77999=
TTCC 58123 48698
70869 74365 21523 50071 63576 27023 30386 59778 06027
88880 80158 28522 88378 66773 28524
77999=
TTDD 5812/ 48698
11880 80158 22797 76761 33749 78161 44688 73766 55655
66174 66583 69971 77516 67174 88476 59778 99378 66773
11299 59578 22288 60178 33281 56380 44246 56379
21212 11963 27520 22916 27528 33880 28522 44814 32011
55803 31510 66786 28507 77776 24510 88745 24512 99717
22014 11692 22024 22668 26032 33625 27040 44570 28533
55510 27016 66467 26031 77409 28035 88362 28519 99346
26017 11335 27019 22324 30015 33319 34013 44315 00514
55302 05525 66284 10042 77267 12547 88259 11551 99246
10037=
