sing20170608.00
TTAA 58001 48698
99008 29034 20502 00094 28233 15504 92783 22210 15007
85518 18634 26503 70160 10262 30512 50589 04165 11506
40761 15136 10020 30972 31704 08527 25098 40362 07038
20246 52962 06534 15425 67957 09044 10664 75961 23019
88999
77999=
TTCC 58001 48698
70870 73966 25012 50071 65974 25005 30388 61577 02519
20644 54781 08051 10100 42989 09563
88935 78359 24523
77095 09069 411//=
TTDD 5800/ 48698
11935 78359 22885 78760 33793 73765 44721 76164 55627
69372 66463 64376 77457 64576 88425 59379 99387 61777
11369 58579 22299 61577 33284 60179 44274 53982 55219
57779 66205 54582 77177 56181 88149 48785 99106 42589
11099 43189 22088 39392
21212 11944 24023 22859 29027 33822 29517 44811 28014
55795 26020 66777 26027 77719 30014 88708 27510 99701
25012 11654 24034 22626 26532 33604 25532 44558 31522
55540 29518 66528 30013 77518 27011 88499 25005 99490
23510 11459 22518 22447 24526 33415 26530 44401 26527
55378 24019 66337 25518 77324 28512 88320 31509 99318
33511 11293 05525 22280 08539 33273 10036 44246 10041
55212 07552 66180 07555 77169 08560 88159 09551 99125
09048 11095 09069 22088 09564=
