D20170601.00
100.0  55 38
 70.0 265 42
 50.0 250 27
 30.0 130 27
 20.0  90 61
 10.0  85 56
 90.3  50 52
 82.6  95 15
 81.8 105 10
 80.8 150  4
 78.4 230 10
 75.2 260 28
 71.8 270 43
 63.9 285 32
 61.8 275 26
 59.1 280 23
 53.6 275 30
 50.8 245 23
 44.7 260 36
 40.9 260 31
 37.7 285 30
 35.2 280 21
 33.3 255 10
 32.4 155  3
 31.6  90 10
 30.0 130 27
 29.4 130 34
 28.4 120 43
 26.6  90 43
 24.5  80 50
 22.6  95 70
 21.6 100 61
 15.8  70 61
 14.0  95 58
 12.3  80 56
 10.4  95 52
  8.0 100 66
  6.9  95 60
  5.9 100 29
  5.7  85 40
  5.1 110 17
  4.8  95 22
D20170601.12
100.0  60 43
 70.0 265 40
 50.0 265 44
 30.0 145 26
 20.0  85 66
 10.0  90 55
 93.3  65 59
 90.4  75 52
 85.3 120 19
 82.7 175 10
 81.6 200 12
 77.1 240 27
 72.0 265 45
 66.1 270 32
 62.6 235 24
 61.0 240 21
 56.4 275 35
 51.0 265 46
 39.3 280 39
 34.3 315 11
 34.1 305 10
 32.9   0  0
 32.2 110 10
 30.3 145 25
 28.0  95 44
 27.2  80 44
 24.8  75 47
 23.5  90 60
 22.4 100 58
 20.8  80 63
 18.7  90 68
 14.9 105 60
 12.2  75 55
  7.6  95 50
D20170602.00
100.0  60 44
 70.0 275 33
 50.0 260 35
 30.0  95 35
 20.0  90 59
 10.0  90 50
 95.9  70 50
 90.7 110 21
 88.4 145 15
 84.5 210 28
 81.7 240 35
 73.6 260 42
 69.3 275 31
 66.1 255 31
 60.7 270 23
 54.2 265 42
 44.6 260 37
 38.7 275 23
 37.7 260 13
 36.6 195  3
 35.2 190 10
 32.9 175 18
 31.7 125 25
 28.8  80 46
 28.0  60 47
 23.1  95 56
 18.2  95 61
 14.1  80 48
 12.7 100 66
 11.8 110 51
 10.7  95 47
  9.1  85 64
  7.6  85 55
  6.4  95 67
  6.2  95 58
D20170602.12
D20170603.00
100.0 120 30
 70.0 260 13
 50.0 275 26
 30.0  55 19
 20.0 100 55
 10.0  75 51
 97.8 120 34
 95.7 120 25
 90.8 160 18
 88.7 195 14
 87.0 235 18
 78.4 285 33
 71.2 275 15
 68.6 240 10
 68.1 235 11
 66.5 240 15
 65.0 265 17
 64.3 275 25
 60.7 270 51
 56.8 270 52
 47.0 280 27
 45.3 300 19
 44.3 285 14
 42.2 235 16
 35.6 245 29
 32.9 260 12
 31.1 360  4
 30.6  50 10
 27.7  60 44
 25.6  95 42
 23.4  95 55
 21.6  85 54
 18.6 105 54
 16.9  90 53
 14.1  85 65
 11.9  85 41
 11.1  75 45
  7.6  95 61
  7.0 100 47
  6.4  95 61
  5.9 105 44
  5.2  80 74
  4.8  80 52
D20170603.12
100.0 130 11
 70.0 275 14
 50.0 285 30
 30.0  35 14
 20.0  90 52
 10.0  95 58
 97.9 135 13
 96.3 115 10
 94.1   0  0
 92.1 265 10
 89.0 255 27
 78.8 285 18
 77.0 265 26
 74.9 265 33
 70.4 280 15
 68.7 250 13
 67.6 255 12
 66.3 275 22
 60.4 280 50
 50.8 280 28
 47.6 310 25
 44.8 325 15
 42.5 290 12
 41.3 255 20
 40.4 250 30
 39.0 240 30
 35.6 250 32
 33.3 255 21
 32.2 285 14
 31.7 315 12
 30.8   5 13
 30.0  35 14
 26.5 105 40
 25.6 110 47
 22.1  85 47
 19.2  90 58
 17.9  85 49
 14.8  90 63
 12.2  85 47
  9.8  95 59
  6.6  80 47
  6.3  90 65
  6.0 105 41
  5.9 110 42
  5.4 105 60
  5.2  95 42
  5.0  90 50
D20170604.00
100.0 310 12
 70.0 285 11
 50.0 260 27
 30.0  30 16
 20.0  90 52
 10.0  90 59
 98.3 285 19
 90.0 275 26
 86.9 285 31
 75.2 325 16
 72.8 305 12
 70.8 310 11
 70.2 295 10
 69.3 265 15
 65.8 270 47
 58.3 285 38
 55.4 265 42
 52.8 280 34
 47.5 235 21
 46.1 220 21
 42.8 245 34
 40.2 260 28
 38.0 255 28
 34.0 310 20
 31.8 320 22
 30.9 340 17
 30.4   5 16
 29.6  50 21
 27.1 100 43
 22.0  80 48
 17.5  85 59
 15.5 100 50
 14.6  95 66
  8.8  85 54
  7.3  95 35
  6.7  85 58
  5.9  80 34
  5.2  80 38
D20170604.12
100.0  10  9
 70.0 250 33
 50.0 280 21
 30.0  60 19
 20.0  85 54
 10.0 105 50
 95.2 340  5
 90.1 280 20
 85.1 305 26
 81.9 315 20
 79.1 345 10
 77.5 300  6
 76.7 265 10
 73.4 230 22
 71.7 225 28
 68.6 265 41
 64.0 275 48
 55.9 285 36
 53.1 310 21
 48.6 270 13
 47.6 245 19
 36.1 280 28
 33.1 320 30
 31.9 340 23
 30.8   5 14
 30.5  20 13
 30.1  55 18
 28.2 115 25
 26.0  90 42
 23.6  90 42
 22.4  70 44
 20.8  90 45
 18.9  90 61
 16.8  95 66
 14.0  90 63
 10.4 110 53
  8.6  90 45
  7.2  55 58
  6.3  60 84
  6.0  65 71
D20170605.00
100.0 305 13
 70.0 270 38
 50.0 255 27
 30.0  95 28
 20.0  85 58
 10.0  95 56
 91.9 305 23
 79.5 350  1
 77.8 270 10
 74.6 245 19
 70.0 270 38
 64.5 265 27
 59.8 260 40
 56.1 280 29
 53.7 260 18
 52.5 250 23
 49.5 255 25
 47.2 240 27
 42.5 280 34
 39.7 275 31
 37.2 285 33
 34.2 315 25
 33.2 345 17
 32.6  15 14
 32.0  55 19
 31.0  80 30
 30.7  90 29
 28.8 105 32
 23.4  70 49
 17.3  95 63
 13.9  80 59
 12.2  95 53
  9.2  85 59
  7.0  95 92
  6.2  95 86
  5.8  75 51
  5.3  75 19
D20170605.12
100.0 355 15
 70.0 265 56
 50.0 270 29
 30.0 105 26
 20.0 110 68
 10.0  90 66
 96.7   5 17
 91.7 310 12
 89.8 320 14
 86.5  20 12
 83.0  50 12
 80.1  30 10
 79.0 355  7
 78.3 310 11
 76.1 275 28
 70.6 265 57
 63.2 270 50
 58.4 280 27
 56.9 260 26
 47.2 275 21
 45.0 270 24
 40.4 300 31
 38.6 310 19
 35.1 295 21
 32.7 315 14
 32.4 320 10
 32.0  25  5
 31.6  80 10
 30.8 110 19
 29.0 120 36
 25.7  90 42
 23.9  85 39
 20.3 110 70
 18.0 105 62
 17.4 100 57
 15.5  80 60
  8.0 105 57
  6.8  85 75
  6.4  90 62
  5.8  85 90
  5.3  70 31
  5.2  50 21
  5.1  20 17
  5.0 340 18
D20170606.00
100.0 275 10
 70.0 260 45
 50.0 260 27
 30.0 125 30
 20.0  85 60
 10.0  90 55
 95.4 285 15
 93.2 285 11
 90.7  30  1
 84.8 235 10
 81.1 270 31
 76.9 280 39
 72.6 265 46
 66.7 255 41
 64.8 265 44
 61.6 275 28
 58.4 320 14
 57.8 320 11
 57.4 305 10
 56.9 275 13
 55.0 245 22
 52.1 255 30
 42.7 295 15
 40.6 275 10
 39.3 255 14
 37.3 275 21
 36.5 280 16
 35.8 265 10
 35.1 195  1
 34.4 110 10
 33.9 105 15
 32.9 145 18
 32.1 140 26
 29.5 125 32
 27.8  85 39
 20.3  85 62
 16.2  85 60
 13.8 105 59
 11.0  85 55
  8.1  80 57
  6.9 115 54
  6.2 100 48
  5.9  80 77
  5.7  85 65
D20170606.12
100.0 350 11
 70.0 280 38
 50.0 295 27
 30.0 140 21
 20.0  85 52
 10.0  85 56
 95.6  30 17
 92.9  25 12
 91.2 340  8
 85.4 230 10
 81.1 235 24
 74.8 305 13
 70.9 280 34
 68.6 285 41
 61.1 280 12
 59.6 250  5
 58.7 235 10
 56.2 240 24
 50.4 290 27
 46.4 290 22
 43.9 310 22
 40.0 305  6
 38.3 280 13
 37.4 285 17
 36.6 295 10
 35.2   0  0
 33.8 160 10
 32.9 160 13
 31.8 180 22
 30.6 165 25
 29.5 120 23
 27.3  90 34
 24.8  95 50
 23.0 100 42
 21.5  90 62
 19.9  85 52
 18.9 100 53
 16.8  85 54
 15.4 100 57
 13.2  90 51
 11.4  75 53
  9.6  85 55
  8.6  80 58
  6.9  85 42
  5.8  75 62
  5.2  95 30
  5.1  90 37
D20170607.00
100.0 130  9
 70.0 290 36
 50.0 275 16
 30.0  60 28
 20.0  80 52
 10.0 105 63
 97.8 180 13
 91.3 225 33
 89.3 220 25
 80.9 275 13
 71.2 285 37
 65.1 320 20
 63.5 295 11
 59.4 210 11
 55.3 245 26
 50.3 275 15
 48.1 250 18
 46.7 255 13
 46.1 240 11
 45.5 225 14
 42.7 225 25
 40.2 265 27
 38.8 265 18
 36.5 230 10
 35.5 305  2
 32.0 140  3
 31.5  80 12
 30.5  65 27
 29.9  60 27
 27.9  55 41
 26.3  70 50
 24.6  85 39
 21.9  90 56
 19.3  85 49
 17.3  70 48
 15.2  95 50
 12.2 100 45
  9.3 100 69
  7.0  80 62
  6.3  90 61
  5.7 115 42
  5.2  85 20
  5.1  65 16
D20170607.12
100.0 240  9
 70.0 275 25
 50.0 285 14
 30.0  70 12
 20.0  95 50
 10.0 100 56
 93.5 270 18
 87.2 270 26
 76.8 295 11
 75.2 265 19
 73.0 265 27
 69.3 270 22
 66.1 240 10
 65.6 230 12
 60.5 255 32
 57.0 255 24
 53.5 285 23
 51.7 270 17
 50.3 285 13
 46.2 270 21
 45.0 280 15
 44.4 270 13
 43.0 260 24
 41.3 260 21
 38.5 295 27
 37.5 300 22
 36.0 255  3
 35.0 240 10
 32.8 225 14
 31.9 205 14
 31.5 195 12
 30.7 115  4
 30.1  75 10
 28.5  65 29
 26.9  95 44
 26.4 105 42
 24.4 105 47
 18.6  80 49
 16.7 100 49
 13.9  75 45
 12.0  85 41
 10.7 100 52
  9.0  90 60
  7.7  90 58
  7.1  90 43
  6.3  95 55
D20170608.00
100.0 230 19
 70.0 250 12
 50.0 250  5
 30.0  25 19
 20.0  80 51
 10.0  95 63
 94.4 240 23
 85.9 290 27
 82.2 295 17
 81.1 280 14
 79.5 260 20
 77.7 260 27
 71.9 300 14
 70.8 275 10
 70.1 250 12
 65.4 240 34
 62.6 265 32
 60.4 255 32
 55.8 315 22
 54.0 295 18
 52.8 300 13
 51.8 270 11
 49.9 250  5
 49.0 235 10
 45.9 225 18
 44.7 245 26
 41.5 265 30
 40.1 265 27
 37.8 240 19
 33.7 255 18
 32.4 285 12
 32.0 315  9
 31.8 335 11
 29.3  55 25
 28.0  85 39
 27.3 100 36
 24.6 100 41
 21.2  75 52
 18.0  75 55
 16.9  85 60
 15.9  95 51
 12.5  90 48
  9.5  90 69
  8.8  95 64
D20170608.12
100.0 305  9
 70.0 215 23
 50.0 270 23
 30.0  60 27
 96.3 275 20
 91.6 275 28
 88.0 285 22
 81.4 320 11
 80.3 315 10
 78.6 285  7
 77.6 245 10
 74.5 245 12
 71.7 220 14
 69.2 220 24
 66.8 260 32
 62.5 270 40
 57.0 285 33
 51.0 270 16
 46.7 260 31
 40.9 280 35
 36.2 285 19
 34.6 260 17
 33.5 270 19
 32.4 300 15
 31.9 340 13
 31.5   5 14
 30.2  55 25
 28.4 100 42
 26.7 125 47
 25.9 115 51
 24.6 100 37
D20170609.00
100.0  50  7
 70.0 270 27
 50.0 275 29
 30.0  90 30
 20.0  85 43
 10.0  90 57
 98.0   5  4
 94.3 295 12
 92.6 300 16
 90.0 305 11
 88.2 275  7
 87.4 255 10
 81.7 255 34
 78.2 275 25
 66.8 265 25
 64.8 285 23
 60.2 280 18
 58.5 265 23
 56.5 285 16
 54.2 260 31
 52.0 260 26
 48.3 290 34
 44.6 290 30
 43.0 275 31
 41.2 290 19
 40.7 280 18
 38.9 260 31
 35.9 265 21
 34.4 315 18
 32.0 345 14
 31.5  20 10
 30.9  65 15
 29.4 100 34
 27.9 105 42
 27.1 110 43
 25.6  80 40
 22.1  85 53
 20.8  95 44
 19.6  85 41
 16.1  80 48
 14.1  95 58
 11.7  95 48
  8.7  80 63
  7.8  90 74
  7.1 100 64
  6.6  90 69
  6.3  85 88
  5.8  90 41
D20170609.12
100.0 300  9
 70.0 255 20
 50.0 295 31
 30.0 110 15
 20.0  95 46
 10.0  90 72
 91.8 335 15
 90.5 320 12
 88.2 270 12
 85.8 245 12
 81.9 255 24
 77.8 295 10
 76.9 280  7
 76.0 245 11
 68.2 250 29
 60.4 280 30
 58.7 300 22
 56.6 300 33
 53.2 315 26
 51.2 295 30
 42.3 285 30
 40.3 285 17
 37.8 270 34
 33.8 285 18
 32.5 315 11
 31.4  35  3
 30.4 105 10
 29.1 130 22
 26.2  95 50
 23.4 100 43
 21.1 105 47
 19.0  85 45
 17.7 100 45
 13.9  85 61
 11.5  90 50
  8.7  90 78
  7.2  80 62
  6.4  85 73
  5.9 120 43
  5.6 115 28
  5.4 150 19
  5.4 160 20
  5.2 165 24
  4.9 205 32
  4.8 200 30
D20170610.00
100.0 305 14
 70.0 280 25
 50.0 275 22
 30.0  85 12
 20.0  80 52
 10.0  90 75
 97.5 290 13
 96.2 305 10
 94.7 300  8
 88.3 255 16
 86.0 250 24
 84.2 260 28
 80.5 275 12
 79.6 270 10
 75.8 235 21
 74.1 240 23
 71.9 280 22
 68.0 275 29
 63.1 260 28
 58.8 290 18
 54.3 300 10
 50.9 275 26
 48.8 275 15
 44.7 245 32
 41.9 265 36
 38.6 260 41
 35.4 265 30
 33.7 290 24
 31.5 350 11
 30.9  25  8
 29.7 105 13
 28.9 110 26
 28.1 100 40
 26.8  70 42
 24.6  80 50
 23.3  75 43
 22.2  90 55
 20.2  80 49
 19.4  85 63
 17.8  90 47
 13.7  90 67
 11.3  85 63
 10.3  85 79
  6.9  90 72
  6.1 110 20
  5.9  85 14
  5.7  25 19
  5.6  20 23
D20170610.12
100.0  45 16
 70.0 280 27
 50.0 275 26
 30.0 140 26
 20.0  90 61
 10.0  90 72
 98.2  40 11
 95.0   0  0
 90.2 265 10
 84.6 285 17
 82.9 270 18
 79.8 260  7
 75.1 235 28
 73.3 240 27
 70.0 280 27
 65.7 290 16
 62.7 275 34
 57.9 270 21
 56.2 260 12
 54.2 250 15
 49.6 275 25
 43.2 265 36
 34.0 285 21
 33.3 290 10
 32.8 205  2
 31.9 120 10
 30.6 145 22
 29.1 130 32
 28.0 105 42
 26.8  80 39
 23.3  85 52
 22.0  85 47
 20.4  80 63
 19.2  95 49
 18.0  75 52
 12.4  90 64
 11.8  90 59
 11.0  90 79
  8.6  95 64
  7.2  90 62
  6.5  75 80
  5.8  50 31
  5.5  65 31
  5.3  55 24
  5.2  20 20
  5.2 360 24
  5.0 335 21
  4.8 335 24
  4.7 320 25
  4.4 325 20
  4.3 290 12
  4.2 275 10
  4.1 230 12
  4.0 240 18
D20170611.00
100.0 245  4
 70.0 250 23
 50.0 270 31
 30.0 130 11
 20.0 100 63
 10.0  95 68
 94.6 190 11
 92.1 200 15
 89.2 245 18
 87.5 255 27
 83.5 225 21
 81.2 240 24
 79.8 265 20
 78.5 280 24
 74.1 280 31
 72.0 275 25
 70.5 255 21
 69.7 245 24
 67.5 250 35
 64.1 275 26
 60.8 255 32
 53.9 250 17
 49.8 275 32
 45.4 265 40
 38.6 290 18
 37.3 265 20
 35.5 275 15
 35.0 290 11
 33.5  30  7
 33.0  60 10
 30.4 125 10
 28.9 115 13
 26.8  70 35
 25.4  75 52
 23.9  95 52
 22.5  85 57
 20.7  95 70
 19.4 105 53
 18.0  85 49
 13.5  90 69
 12.4  90 60
 11.1  90 80
  8.8 105 49
  7.6 100 56
  7.1 110 37
  6.5  95 69
  6.2  90 35
  5.7  90 20
  5.5  45 11
  5.4 345  5
D20170611.12
100.0 225 28
 70.0 270 30
 50.0 280 34
 30.0  55 13
 20.0 100 50
 10.0  85 52
 96.3 240 25
 92.5 235 14
 88.8 205 17
 86.0 245 16
 84.7 260 13
 81.8 280 17
 74.8 295 19
 73.3 285 16
 71.1 270 26
 66.7 265 43
 60.8 290 28
 57.5 265 27
 55.6 285 21
 52.2 290 24
 45.3 275 40
 40.1 290 38
 37.1 285 20
 35.3 265 18
 33.7 285 16
 32.9 305 10
 32.3 360  6
 31.8  50 10
 31.3  65 17
 29.6  60 14
 25.0  95 62
 18.3  90 49
 13.7  90 60
 12.4  85 45
 11.5  85 62
  9.9  85 56
  8.6 105 39
  6.8 100 35
  6.5  85 31
  5.8  90 64
  5.3 110 30
  5.1 100 43
  4.9 115 22
  4.7 100 33
  4.6 100 19
D20170612.00
100.0 210 18
 70.0 270 32
 50.0 270 43
 30.0 105 25
 20.0  70 52
 10.0 100 57
 95.2 265 11
 94.5 275 14
 91.9 280 25
 82.9 290 19
 81.7 285 16
 74.4 265 37
 70.8 265 34
 64.2 335 24
 61.5 345 12
 60.0 295 15
 59.2 295 14
 58.2 335 10
 57.9 345 10
 57.3 330  8
 55.5 290 19
 53.0 270 35
 49.1 270 46
 42.6 275 42
 39.2 280 25
 37.6 310 17
 35.3 295 11
 34.4 310 11
 33.4  15  7
 32.6  75 10
 31.8  95 13
 29.7 105 26
 28.4  85 38
 27.3  90 51
 26.0 100 49
 22.9  75 46
 19.0  70 56
 16.7  95 66
 11.2 100 66
  8.9 100 46
  7.6  85 43
  7.3  65 38
  6.4  75 68
  5.9  60 45
  5.2  75 65
  5.0  75 60
D20170612.12
100.0 315 18
 70.0 250 37
 50.0 290 54
 30.0  60 26
 20.0  80 56
 10.0  80 57
 97.8 315 23
 88.1  15 19
 85.8  10 13
 85.0 360 10
 84.1 320  7
 83.3 285 10
 76.6 255 25
 69.4 245 38
 67.0 235 26
 64.6 260 17
 63.1 255 10
 61.3 240  3
 60.4 290 10
 53.7 285 54
 49.1 290 55
 39.8 300 23
 38.4 280 23
 37.1 275 22
 36.4 280 14
 36.0 275 10
 35.2 205  3
 34.4 135 10
 32.1 115 13
 31.4  95 13
 30.4  65 21
 29.1  60 34
 27.2  95 53
 25.8 100 47
 22.9  80 45
 21.6  85 59
 18.9  80 60
 17.8  95 63
 16.7 110 49
 15.9  95 63
 12.6  80 49
 11.3  75 72
 10.4  75 54
  8.6  85 51
  7.0  75 69
  6.4  85 71
  5.9 110 36
  5.7 140 30
  5.5 140 26
  5.2 115 33
D20170613.00
100.0   5 23
 70.0 280 26
 50.0 290 42
 30.0 105 19
 20.0  90 58
 10.0  95 62
 92.5  50 26
 91.4  55 24
 89.1  40 13
 87.9 360  9
 86.7 320 12
 84.6 290 20
 77.9 270 39
 72.8 270 34
 69.1 285 24
 64.7 325 10
 62.7  90  1
 60.8 295 10
 59.3 310 12
 57.9 270 18
 50.5 290 43
 45.0 290 18
 42.9 285 15
 41.5 260 17
 39.2 255 18
 36.3 280 12
 35.1 265 13
 34.4 280 10
 33.4 250  6
 32.6 185 11
 30.6 120 16
 27.7 105 43
 24.4  75 54
 21.7  85 67
 20.3  90 57
 19.1  90 71
 17.8 100 60
 16.8  90 60
 16.0  95 76
 14.2  95 62
  9.5  95 60
  9.3  95 60
  7.8 105 40
  6.8 100 75
  6.1  95 32
D20170613.12
100.0  20 23
 70.0 285 25
 50.0 295 20
 30.0 100 26
 20.0  95 66
 10.0  95 60
 95.7  40 29
 89.1  65 15
 86.4  45 11
 84.8 355  7
 83.3 320 10
 78.8 275 32
 77.0 270 36
 71.8 275 29
 68.1 290 19
 66.3 280 13
 63.5 285  2
 61.1 325 10
 58.1 280 32
 55.1 285 38
 52.8 300 27
 51.1 280 23
 48.0 335 15
 46.9 315 12
 45.0 270 13
 41.9 275 18
 40.3 265 23
 39.0 260 10
 38.2 310  3
 33.4 175 29
 32.5 165 26
 30.7 120 22
 30.1 105 25
 27.3 105 49
 25.3  85 55
 21.7  95 64
 20.6  90 57
 19.0  95 70
 16.3  85 59
 15.5  85 75
 13.0  80 57
 11.4  85 71
  8.1 100 45
  6.5  95 78
  6.3  80 74
  5.8  50 30
  5.6  50 19
  5.5  65 18
  5.3  60 15
  5.2  70 12
  5.1  95 13
D20170614.00
100.0  45 42
 70.0  90  1
 50.0 235 28
 30.0  85 38
 20.0 100 58
 10.0  85 58
 95.2  60 47
 88.9  75 16
 88.1  90 11
 84.8 170  2
 82.8 250 10
 77.8 275 26
 72.9 310 19
 71.3 310 10
 70.1  40  1
 63.3 155  2
 61.8 215 10
 60.7 245 22
 58.9 245 39
 49.4 235 26
 47.8 210 18
 43.9 265 21
 42.3 255 24
 39.3 250  7
 36.7 230 18
 35.1 200 20
 33.7 195 10
 33.1 130  4
 32.5  65 10
 31.7  55 19
 29.8  85 40
 28.8  90 36
 25.9  65 54
 23.0  75 64
 21.1  85 65
 20.0 100 58
 17.4  85 55
 15.2  85 75
 12.5  95 67
  9.4  85 61
  8.2  90 54
  7.6  95 65
  7.1 110 53
  6.8 115 59
  6.2  95 85
  5.7  75 36
  5.6  70 41
D20170614.12
100.0  65 30
 70.0 305  4
 50.0 250 28
 30.0  65 38
 20.0 105 63
 10.0 100 62
 97.1  70 33
 92.7  95 26
 88.3 180 12
 84.9 235 18
 77.0 260 27
 72.7 300 10
 66.7 160  2
 64.8 235 10
 63.0 255 25
 58.2 270 52
 52.0 250 23
 49.2 260 31
 43.7 300 22
 41.7 280 14
 39.4 250 23
 37.6 240 10
 37.2 250  7
 36.8 265 10
 35.0 250 19
 34.2 250 11
 33.5 300  2
 32.8  15 10
 30.9  55 37
 28.1  85 39
 27.3  75 36
 21.5  95 73
 19.9 105 62
 17.5  85 59
 14.7  85 74
 11.6 105 70
  8.5  80 55
  7.5  85 66
  6.8  85 56
  5.9  80 91
  5.5  85 78
  5.2  70 40
  5.1  70 40
D20170615.00
100.0  70 33
 70.0 225 21
 50.0 280 25
 30.0  85 34
 20.0  90 60
 10.0  90 59
 95.5  95 23
 90.2 145 19
 89.2 175 17
 88.3 195 18
 81.2 245 30
 73.2 200  4
 71.8 210 10
 68.8 225 24
 66.6 215 12
 64.9 245 28
 64.0 255 34
 61.1 285 38
 56.6 265 34
 52.9 260 30
 50.2 280 26
 46.1 255 23
 42.9 265 15
 40.9 245 12
 38.7 260 10
 38.4 270  8
 37.8 295 11
 36.6 315 14
 35.4 320 17
 34.1  10 19
 31.3  40 31
 30.1  85 33
 28.3  90 37
 26.7  90 56
 22.8 110 61
 19.5  85 62
 15.2  85 64
 13.7  95 51
  8.5  95 63
  6.7  85 64
  6.3  90 76
  5.8 105 47
  5.5  90 60
D20170615.12
100.0 135 15
 70.0 340 11
 50.0 275 27
 30.0 100 27
 20.0  80 60
 95.6 190 17
 88.2 210 36
 81.2 245 32
 76.7 235 21
 73.2 265 11
 72.0 320  5
 68.8  10 14
 67.5  20 17
 66.1  15 12
 65.0 315  8
 64.5 290 10
 63.7 265 15
 61.6 260 29
 56.4 270 16
 54.9 260 29
 53.8 265 36
 48.0 280 24
 44.0 265 22
 41.1 305 13
 39.3 310 17
 37.2 260 13
 33.0 290 11
 32.7 305 10
 31.8  10  6
 31.3  75 10
 30.6 100 22
 29.2  90 38
 25.6 110 56
 24.7 105 58
 22.8  90 52
 22.2  95 49
 20.1  80 59
 13.5 100 51
 10.4  95 64
D20170616.00
100.0 190 30
 70.0 265  8
 50.0 260 41
 30.0 105 43
 20.0  80 56
 10.0  90 55
 94.1 180 20
 89.6 190 22
 85.9 225 15
 84.0 260 12
 82.7 285 15
 77.0 280 23
 71.2   0  0
 68.3 250 10
 66.3 275 14
 63.7 275 31
 56.0 265 37
 49.7 260 41
 43.9 275 21
 42.9 290 11
 42.6 325  9
 42.1  10 10
 41.3  45 15
 40.5  50 15
 39.7  30 11
 38.8 340 11
 38.5 330 10
 35.9 230  1
 33.7 135  2
 33.1 110 10
 30.7 105 41
 26.9  80 55
 25.5 100 57
 23.5  90 60
 22.6  85 56
 20.5  90 56
 19.2  70 58
 18.2  80 58
 16.8  90 44
 11.4  80 62
  7.7  90 55
  6.8  95 76
  6.2  85 45
  5.9  95 34
D20170616.12
100.0 195 30
 70.0 295 12
 50.0 285 33
 30.0  70 40
 20.0  70 57
 10.0  80 63
 92.9 195 17
 88.2 230 10
 86.8 275  7
 85.6 325 10
 82.1 355 18
 79.1 360 21
 77.3 355 14
 75.4 320 12
 73.3 300  1
 68.6 285 14
 62.8 275 34
 60.0 270 20
 55.5 265 36
 47.1 295 31
 45.1 290 27
 43.1 260 21
 40.6 255 19
 39.8 230 14
 39.5 225 15
 36.8 250 23
 35.2 275 13
 34.8 285 10
 34.2  10  3
 33.5  70 10
 31.3  75 42
 28.9  75 49
 25.9 100 48
 24.7  80 55
 19.9  70 57
 19.2  80 61
 18.0  90 57
 14.1 100 45
 13.4  95 44
  9.5  85 69
  8.1  95 57
  7.3 105 63
  6.2  85 74
  5.8  75 39
  5.4  60 19
  5.1  75 28
  5.0  60 21
  4.8 350 11
  4.7 350 13
D20170617.00
100.0 285  2
 70.0 290 22
 50.0 290 23
 30.0  90 32
 20.0  95 54
 10.0  95 61
 93.7 360 15
 82.1  10 27
 80.2  25 31
 75.3  20 13
 72.4 335  8
 70.3 290 20
 66.2 280 43
 58.5 260 37
 47.4 295 18
 42.7 275 22
 40.0 235  5
 38.9 280 10
 35.9 325 11
 32.5  75 13
 30.9  95 27
 28.0  95 52
 26.5  95 45
 22.7  80 58
 18.8 105 45
 17.2  95 39
 13.8  95 37
  9.7  95 68
  7.9  90 47
  7.0  70 54
  6.1  80 66
  5.6  60 49
  5.1  75 34
  5.0  60 11
  4.8   0  0
D20170617.12
100.0 340  4
 70.0 280 24
 50.0 330 20
 30.0  65 28
 20.0 105 53
 10.0  95 68
 97.2  30 11
 94.4  15 14
 83.1  40 46
 77.3  60 10
 75.1  45 11
 73.7 350  7
 72.4 305 10
 70.6 280 20
 62.7 265 48
 55.2 270 27
 51.3 325 24
 48.8 330 15
 47.1 305 12
 45.9 280 18
 40.3 255 24
 39.3 265 28
 37.1 285 20
 35.0 335 10
 34.2  60  4
 33.5 110 10
 31.1  95 26
 29.8  60 27
 28.3  95 41
 24.8  70 47
 20.6 100 57
 19.6 110 52
 17.5 100 44
 15.9 110 46
 14.0  80 45
 12.0  95 58
  9.0  90 74
  7.8  85 61
  6.3  95 89
  5.7  90 50
  5.5  80 64
  5.1  60 35
  5.0  60 34
  4.7  15 23
  4.7  20 24
D20170618.00
100.0  45 35
 70.0 265 40
 50.0 255 13
 30.0  75 35
 20.0 100 45
 10.0  90 53
 91.5  55 45
 87.2  75 51
 85.6  80 41
 81.9 115 20
 80.5 125 12
 78.5 215  6
 77.3 255 10
 65.9 275 48
 61.5 270 40
 55.4 335 12
 51.5 250  6
 50.4 245 10
 45.4 275 28
 43.7 260 28
 40.6 245 25
 39.1 265 24
 36.6 250 12
 36.0 240 10
 34.5 195  6
 33.2 125 10
 30.4  75 32
 27.7 100 47
 25.4  85 40
 22.3 110 47
 18.1  80 49
 15.8  85 47
 13.0  85 65
  9.6  90 49
  7.7  85 79
  6.5  90 60
  6.1  90 81
  5.5  90 43
  5.2  85 60
  5.0  85 43
D20170618.12
100.0  75 47
 94.2  75 49
 85.0 160 33
 81.3 210 21
 80.0 235 24
 77.1 255 30
 71.9 270 48
 70.1 270 42
D20170619.00
100.0  90 55
 70.0 260 44
 50.0 260 47
 30.0  85 46
 20.0  85 53
 10.0 100 48
 86.0 185 26
 83.7 215 22
 81.9 250 28
 75.3 260 48
 66.8 265 36
 62.1 250 22
 58.9 260 29
 55.5 240 28
 52.2 265 31
 49.6 260 48
 43.4 265 41
 38.1 260 13
 37.7 265 10
 36.2 335  5
 34.7  60 10
 34.1  70 13
 31.9  55 37
 31.3  65 43
 30.2  85 46
 26.4  85 50
 25.2 100 58
 24.1 110 54
 20.3  85 51
 15.9  95 68
  9.6 100 47
  6.7  85 51
  6.3  85 71
  6.0  90 55
D20170619.12
100.0 175 30
 70.0 275 32
 50.0 270 44
 90.4 195 22
 88.1 175 23
 86.6 195 15
 85.9 220 14
 84.8 255 18
 83.5 265 24
 78.8 260 44
 76.7 255 41
 62.2 285 25
 60.8 300 21
 57.5 300 25
 55.2 270 30
 50.7 270 46
 46.1 270 34
 41.7 295 20
 37.2 265 11
 34.1  20  4
 33.3  70  7
D20170620.00
100.0 150 15
 70.0 300 32
 50.0 285 31
 30.0  95 35
 20.0  85 57
 10.0  90 59
 98.4 135 10
 95.5 125  6
 91.4 180 13
 89.0 215 14
 86.8 220 16
 84.4 265 21
 82.1 280 34
 73.7 290 45
 70.3 300 33
 67.2 275 27
 64.8 275 21
 56.0 265 46
 50.1 285 32
 47.3 270 27
 41.3 315 10
 37.1 270 10
 35.0 335  3
 33.7  50 10
 33.1  50 12
 31.7  95 29
 30.9 105 34
 29.4  80 33
 27.5  75 41
 24.2 100 51
 19.6  85 58
 17.6 100 59
 15.5 100 53
 13.0  85 57
  8.1  90 74
  7.2 100 55
  6.6  90 78
  6.5  90 76
D20170620.12
100.0 115 15
 70.0 350 19
 50.0 300 27
 30.0  80 33
 20.0 100 54
 10.0  90 59
 96.6  30  5
 94.2 325 10
 92.1 295 12
 89.5 225 12
 88.3 215 12
 87.4 225 10
 85.9 270  6
 85.1 295 10
 79.0 315 35
 71.6 330 24
 69.6 355 19
 69.1 350 17
 68.4 325 15
 67.7 305 17
 65.4 270 23
 59.7 260 42
 52.7 310 27
 48.1 295 25
 44.8 305 29
 42.1 275 16
 39.4 260 24
 36.5 260 10
 35.0 215  2
 33.7 105 10
 31.5 120 24
 30.4  90 35
 29.6  70 32
 24.7 100 46
 21.9  90 50
 18.7 100 68
 14.9  80 50
 14.2  70 52
  9.7  90 62
  8.7  95 55
  7.6  95 68
  7.1  95 58
  6.2  95 80
  5.9  90 61
  5.7  80 68
  5.3  60 30
  5.2  60 33
D20170621.00
D20170621.12
D20170622.00
100.0  50 15
 70.0 240 41
 50.0 270 17
 30.0  60 35
 20.0  90 52
 10.0  85 48
 98.3  45 17
 94.4 100 13
 91.8 145 17
 85.3 230 14
 82.7 210 19
 78.7 260 18
 75.2 255 20
 74.4 245 21
 73.2 230 24
 64.7 260 50
 60.4 265 36
 56.5 250 17
 54.1 245 28
 47.7 280 10
 46.9 250 15
 44.2 265  7
 41.4 250 28
 39.5 255 23
 33.1 350 14
 31.7  40 24
 30.3  60 32
 28.9  60 44
 26.8 100 37
 24.9  85 47
 19.8  95 52
 13.0  95 66
  9.6  85 47
  8.9  80 62
  8.1  95 49
  7.1  85 34
  6.8  75 44
  6.3  85 56
  5.6 105  8
  5.5  90 12
D20170622.12
100.0  65 21
 70.0 260 41
 50.0 295 32
 30.0  90 28
 20.0  85 53
 10.0  85 61
 97.3  50 23
 84.8 115  5
 80.7 230 10
 77.8 225 21
 75.0 260 27
 67.5 270 46
 61.6 280 24
 59.9 265 29
 57.8 285 17
 53.8 275 26
 48.8 300 34
 45.4 315 17
 44.5 305 14
 43.2 280 22
 41.4 275 28
 39.8 265 19
 37.6 260 38
 33.6 270 12
 33.4 270 10
 32.8 355  2
 32.1  65 10
 31.0  60 19
 30.2  85 28
 29.8  90 29
 27.5 100 27
 26.1  80 32
 23.3  85 61
 22.2  90 52
 16.9  85 66
 13.7  95 56
 12.3  90 53
  8.0  85 76
  6.6  85 61
  6.1  85 76
  5.7 100 33
  5.5 130 22
  5.1 180 26
  5.0 175 26
D20170623.00
100.0  50 19
 70.0 275 49
 50.0 275 17
 30.0  85 34
 20.0  85 50
 10.0  90 58
 89.8 105 10
 88.9 125  8
 85.0 225 13
 78.9 240 24
 76.7 265 33
 68.0 285 51
 54.0 250 26
 49.9 275 17
 47.5 335 13
 46.9 340 10
 45.9 315  4
 45.1 280 10
 43.5 265 26
 41.7 275 30
 39.4 280 24
 38.3 315 20
 35.8 345 21
 34.8   5 17
 33.7  35 21
 31.8  45 23
 30.0  85 34
 29.1 100 42
 28.4 105 39
 26.3  90 27
 24.0  95 57
 22.0  95 46
 17.7  90 64
 14.5 100 52
 11.2  90 66
  9.1  95 57
  7.7  90 53
  6.6  75 77
  6.1  55 36
  5.7  10 23
  5.7  10 23
D20170623.12
100.0  55 25
 70.0 275 46
 50.0 295 10
 30.0 125 33
 20.0  80 62
 10.0  90 63
 95.6  65 12
 95.0  75 10
 93.2 160  3
 91.0 245 10
 84.3 265 22
 80.4 250 21
 69.0 280 48
 61.7 300 22
 58.8 280 34
 56.3 290 31
 52.6 330 18
 50.5 310 12
 49.5 270 12
 45.8  10  1
 43.7 265 25
 41.6 275 32
 38.4 285 22
 35.3 310 13
 35.2 315 10
 34.2  45  5
 33.5 105 10
 32.5 135 16
 31.0 120 33
 29.7 130 33
 28.1 105 31
 27.3  95 39
 25.4  90 55
 22.2  85 45
 19.2  85 66
 16.4  90 46
 10.8 105 60
 10.1  95 63
  8.3  80 41
  7.2  80 39
  6.3  80 68
  6.0  75 82
  5.8  75 75
  5.5  45 37
  4.7 335 25
  4.5 270 19
D20170624.00
100.0 275  4
 70.0 300 30
 50.0 290 10
 30.0  80 39
 20.0  90 59
 10.0  90 56
 92.1 305 15
 87.4 290 27
 74.2 285 32
 71.5 295 35
 66.7 310 18
 64.7 285 13
 63.8 270 17
 59.7 270 35
 57.7 285 26
 55.6 270 13
 53.9 300 17
 52.7 285 17
 50.1 290 10
 49.3 275  9
 48.5 245 13
 45.1 250 35
 40.5 285 31
 39.3 305 23
 36.2 275 10
 35.7 210  2
 35.2 140 10
 34.5 160 15
 33.5 135 30
 31.7 120 50
 28.9  70 37
 25.8  85 60
 24.3  90 47
 22.1  80 46
 19.9  90 59
 16.4  90 39
 14.0  85 65
 11.6  90 72
  9.7 100 52
  9.4  90 63
  8.3 105 35
  7.8 100 43
  7.1 120 33
  6.8 130 37
  6.2 100 51
D20170624.12
100.0 265  8
 70.0 280  6
 50.0 235  8
 30.0  75 33
 20.0  90 62
 10.0  85 65
 96.7 275 25
 96.4 275 26
 94.2 295 26
 90.3 285 26
 83.7 300 36
 78.3 280 25
 71.9 320 12
 70.0 280  6
 69.3 255 10
 67.0 255 27
 61.6 275 37
 59.0 280 23
 55.7 260 27
 54.2 235 12
 52.4 260 11
 51.3 255  6
 46.9 220 10
 46.0 230  9
 44.1 265 25
 40.4 295 48
 36.8 290 10
 36.1 260  2
 35.3 190 10
 34.4 190 19
 33.3 145 21
 30.9 110 30
 29.7  65 34
 28.5  70 47
 24.9  90 55
 22.5 100 41
 20.1  90 62
 17.3  90 57
 14.4  90 75
 12.2 100 68
 10.9  95 40
  9.7  85 69
  9.3  80 54
  8.8  80 76
  7.9  70 63
D20170625.00
D20170625.12
100.0 245 19
 70.0 260 31
 50.0 265 32
 30.0  90 27
 20.0  95 51
 10.0 100 52
 96.8 270 26
 90.3 285 23
 81.4 265 23
 79.0 300 16
 73.6 275 14
 71.9 255 21
 67.2 275 36
 65.8 285 34
 62.6 275 24
 60.9 300 14
 56.7 280 32
 53.8 275 26
 50.4 265 28
 46.9 280 43
 43.0 320 28
 41.8 315 19
 41.0 330 10
 40.7 320  7
 40.1 285 10
 39.3 275 12
 38.6 295 10
 37.1 345  1
 34.1 130 10
 31.1  85 18
 30.1  90 26
 29.3  75 33
 28.2  90 52
 26.5 105 40
 25.5  90 52
 24.5 100 44
 23.3  85 50
 21.0 100 55
 17.3  95 52
 16.7  90 65
 15.3  95 56
 13.6  95 83
 13.0 100 66
 10.4 100 51
  8.8  85 83
  8.3  95 63
  7.6  90 74
  6.6  95 31
  6.1  80 64
  5.9  80 56
D20170626.00
100.0 335 10
 70.0 280 34
 50.0 275 29
 30.0  70 38
 20.0  90 54
 10.0  95 80
 91.8 290 22
 81.5 265 31
 78.4 270 18
 76.3 305 10
 71.8 275 32
 71.2 275 35
 66.2 270 39
 61.1 255 19
 60.2 260 11
 56.7 325 19
 55.5 325 21
 52.7 265 28
 51.0 270 32
 49.5 275 25
 47.2 310 10
 44.6  90  5
 43.8 145 10
 39.9 220 20
 37.9 230 27
 36.1 230 15
 34.1 275 10
 33.4 350  3
 32.7  55 10
 31.8  45 19
 30.1  70 37
 29.1  90 41
 25.9  85 60
 24.2  90 51
 22.4 105 53
 17.4  75 60
 15.6  85 53
 14.5  95 71
 12.8  85 83
 11.1  90 63
  9.5  95 86
  7.7 100 51
  7.0  90 78
  6.2  80 28
  6.1 100 23
  5.7  50 13
  5.7  45 13
  5.5  20 15
  5.4 335 16
  5.3 330 21
  5.1  10 22
  5.0   5 17
  4.9 315 16
  4.8 315 15
D20170626.12
100.0 345 13
 70.0 270 23
 50.0 250 36
 30.0  90 47
 20.0  85 54
 10.0 100 81
 93.7 310 12
 90.7 280 16
 83.5 270 21
 79.3 250 33
 76.5 235 17
 72.9 260 30
 68.1 275 24
 64.5 335 19
 61.5 305 20
 60.1 325 13
 58.7 315 14
 55.9   5 13
 55.0 330  8
 54.3 300 11
 52.9 275 21
 49.9 250 36
 46.3 260 25
 45.4 245 16
 44.5 215 13
 43.9 195 13
 42.3 225 26
 40.0 235 37
 36.7 245 23
 35.3 285 14
 34.7 320 10
 33.9   5 14
 30.3  85 47
 25.5  95 51
 21.4 100 53
 20.0  85 54
 15.6  85 63
 13.2  85 84
 11.2 100 64
  9.6 105 78
  9.3  95 85
  8.2  85 61
  7.3 100 63
  6.4  85 80
  5.6  90 31
  5.4  75 23
  5.3  90 15
  5.2 180  5
  5.1 240 10
  4.8 265 28
  4.6 270 31
  4.5 260 37
D20170627.00
D20170627.12
100.0  60 12
 70.0 270 17
 50.0 255 15
 30.0 105 43
 20.0 100 72
 10.0  75 48
 99.3  60 10
 95.3 320  1
 93.1 245 10
 91.0 250 15
 90.1 255 15
 86.2 300 12
 81.1 300  4
 76.4 245 19
 71.9 275 12
 68.2 265 24
 64.4 305  9
 61.2 245 16
 57.5 200 14
 53.9 235 21
 52.1 275 22
 51.1 275 22
 50.0 255 15
 49.5 245 19
 47.1 250 38
 39.3 300 44
 37.0 340 19
 35.9 325 14
 34.5 350 10
 34.0  15  8
 33.3  55 11
 30.4 100 37
 29.2  95 50
 27.9  90 43
 26.7  80 56
 24.0 100 69
 21.8  90 60
 20.2 100 73
 13.9  90 73
 11.1  90 54
 10.1  75 47
  9.5  80 70
  7.1  85 52
  6.3  85 75
  5.9  90 50
  5.6 110 27
  5.5 125 21
  5.4 110 18
  5.2 140 20
  5.0 140 12
  4.9 175 10
  4.8 140  7
D20170628.00
100.0 115 11
 70.0 305  8
 50.0 280  8
 30.0  90 49
 20.0  90 64
 10.0  80 66
 97.8 125 10
 96.4 160  7
 93.6 230 10
 90.5 270 10
 85.7 280 24
 82.1 255 22
 76.9 275 35
 68.9 345  6
 65.5 305 10
 63.4 265 12
 61.5 245 10
 59.4 255 19
 57.3 225 18
 56.3 230 20
 54.7 220 18
 52.2 220 10
 51.2 260  3
 49.6 270 10
 48.4 250 16
 43.4 290 41
 39.9 315 21
 38.5 360 10
 36.8  10  5
 35.6  75 13
 32.4 105 50
 29.3  85 54
 24.6 100 59
 23.2  85 57
 21.8 100 59
 17.6  85 62
 14.6  95 58
 13.8  95 73
 12.2 110 63
 11.3  85 45
 11.1  75 47
  9.6  80 74
  7.4 100 47
  6.7  85 68
  6.7  90 67
D20170628.12
100.0  50 10
 70.0 265 13
 50.0 270 17
 30.0  90 47
 20.0  85 64
 10.0  85 56
 95.6 350  4
 93.2 295 10
 89.6 270 16
 82.3 275 30
 77.8 260 28
 73.7 275 26
 68.6 260 10
 65.7 255 19
 62.6 270 23
 59.4 255 25
 57.2 260 31
 53.8 250 28
 50.6 270 14
 45.7 280 41
 41.6 285 36
 39.8 300 19
 39.1 320 11
 38.5  15  8
 37.8  70 10
 37.3  85 15
 34.5 110 31
 32.3 115 40
 31.3 105 48
 28.5  70 49
 26.3  90 57
 22.4  80 63
 18.0 100 64
 14.6  85 72
 12.0 100 50
  7.5  90 52
  7.1  85 54
  6.8  85 81
  6.4  80 89
  5.9  75 42
  5.8  90 24
  5.2 175  1
  4.6  30 10
D20170629.00
100.0 330 10
 70.0 305 23
 50.0 270 31
 30.0  85 46
 20.0  90 62
 10.0  95 59
 98.8 295 11
 96.3 265 10
 85.1 285 24
 78.5 275 32
 75.2 275 22
 69.6 305 21
 67.5 280 12
 65.7 315 10
 64.8 300  9
 63.7 270 13
 55.2 285 30
 51.9 300 15
 50.5 275 27
 48.8 275 36
 44.6 270 36
 41.4 285 16
 39.9 270 14
 39.2 230 10
 38.8 210 12
 36.6 195 22
 35.0 200 12
 34.6 180 11
 34.0 145 17
 30.3  90 46
 26.7 105 53
 23.5  80 62
 22.5  90 57
 16.6  75 62
 13.8  85 66
 11.3 105 46
  9.2  90 70
  7.5  90 51
  6.6  85 89
  6.0  95 41
D20170629.12
100.0 220  9
 70.0 330 18
 50.0 270 44
 30.0  70 49
 20.0  85 55
 10.0 100 62
 82.1 305 34
 80.8 305 37
 73.3 305 32
 69.6 330 17
 66.1 325 14
 64.5 285  7
 63.8 265 10
 62.3 250 17
 51.4 265 45
 45.7 295 40
 41.8 305 11
 40.2 270  9
 39.7 250 10
 37.2 210 17
 35.8 125 11
 34.4 110 21
 33.2 120 25
 31.2  70 35
 29.8  75 51
 26.7  95 54
 25.2  80 61
 23.1  80 49
 17.9  75 58
 13.7 105 66
 10.8 100 51
  9.8  95 66
  7.5  90 44
  6.3  80 84
  5.5  75 28
  5.0  35 22
D20170630.00
100.0 260 20
 70.0 295 11
 50.0 290 24
 30.0  85 49
 20.0 105 56
 10.0  90 53
 91.2 290 34
 86.2 300 23
 78.7 260 23
 75.1 205 13
 74.2 210 12
 72.9 240 11
 72.1 275  9
 71.5 305 10
 70.8 310 11
 69.2 270 14
 63.9 280 30
 61.5 265 25
 58.3 285 30
 55.7 270 32
 54.2 280 37
 48.9 295 17
 48.2 285 14
 47.4 260 18
 44.5 260 28
 39.1 255 20
 37.8 255 10
 36.9 175  1
 34.5  95 10
 33.6 110 17
 32.6  80 19
 32.3  70 23
 30.4  85 47
 29.2  90 50
 25.4  80 64
 21.8  85 61
 20.2 105 57
 18.8  95 53
 12.1  75 63
 11.2  80 48
  9.6  95 53
  8.8  90 59
  7.5  85 40
  6.2  95 79
  5.8 105 32
  5.5 115 19
  5.3  80 25
  5.1  85 32
D20170630.12
100.0 275 29
 70.0 315  6
 50.0 255 35
 30.0  80 37
 20.0 105 56
 10.0  75 58
 89.1 285 30
 82.1 255 40
 75.2 280 26
 70.5 290  5
 65.4 250 17
 62.7 275 19
 60.2 265 30
 56.2 280 39
 51.5 260 27
 48.7 255 39
 47.4 260 42
 42.6 265 27
 40.2 255 26
 38.5 270 25
 36.2 265 12
 34.9 320  4
 34.0   5 10
 32.7  50 13
 29.6  85 37
 27.0  70 47
 25.6  95 62
 23.5 105 55
 21.6  95 61
 20.5 110 56
 17.8  90 61
 14.5  95 53
 10.9  70 62
  8.9  80 66
  7.9  80 55
  6.5  90 81
  6.2  85 78
  5.7 100 29
  5.3 100 18
  5.1  95 33
  4.8 140 13
