  1. 6.2017   0 Uhr

 99.9 -16.0 -11.2   90.3 -20.5 -17.2   82.6  -7.7   0.7   81.8  -5.0   1.3
 80.8  -1.0   1.8   78.4   3.9   3.3   75.2  14.2   2.5   71.8  22.1  -0.0
 70.0  21.5   1.9   63.9  15.9  -4.3   61.8  13.3  -1.2   59.1  11.7  -2.1
 53.6  15.4  -1.3   50.8  10.7   5.0   50.0  13.1   4.8   44.7  18.2   3.2
 40.9  15.7   2.8   37.7  14.9  -4.0   35.2  10.6  -1.9   33.3   5.0   1.3
 32.4  -0.7   1.4   31.6  -5.1   0.0   30.0 -10.6   8.9   29.4 -13.4  11.2
 28.4 -19.2  11.1   26.6 -22.1   0.0   24.5 -25.3  -4.5   22.6 -35.9   3.1
 21.6 -30.9   5.4   20.0 -31.4   0.0   15.8 -29.5 -10.7   14.0 -29.7   2.6
 12.3 -28.4  -5.0   10.4 -26.6   2.3   10.0 -28.7  -2.5    8.0 -33.4   5.9
  6.9 -30.7   2.7    5.9 -14.7   2.6    5.7 -20.5  -1.8    5.1  -8.2   3.0
  4.8 -11.3   1.0

 99.9 -16.0 -11.2   90.0 -20.0 -16.5   80.0   0.6   2.3   70.0  21.5   1.9
 60.0  12.2  -1.8   50.0  13.1   4.8   45.0  17.9   3.3   40.0  15.5   0.9
 35.0  10.1  -1.5   30.0 -10.6   8.9   25.0 -24.5  -3.4   22.5 -35.4   3.4
 20.0 -31.4   0.0   15.0 -29.6  -4.9   12.0 -28.1  -3.9   10.0 -28.7  -2.5
  8.0 -33.4   5.9    7.0 -31.0   3.0    6.0 -16.4   2.6    5.0  -9.2   2.3
  4.0   0.0   0.0

  1. 6.2017  12 Uhr

 99.9 -19.2 -11.1   93.3 -27.5 -12.8   90.4 -25.8  -6.9   85.3  -8.5   4.9
 82.7  -0.4   5.1   81.6   2.1   5.8   77.1  12.0   6.9   72.0  23.1   2.0
 70.0  20.5   1.8   66.1  16.5  -0.0   62.6  10.1   7.1   61.0   9.4   5.4
 56.4  17.9  -1.6   51.0  23.6   2.1   50.0  22.5   2.0   39.3  19.8  -3.5
 34.3   4.0  -4.0   34.1   4.2  -3.0   32.9  -0.0  -0.0   32.2  -4.8   1.8
 30.3  -7.4  10.5   30.0  -7.7  11.0   28.0 -22.5   2.0   27.2 -22.3  -3.9
 24.8 -23.4  -6.3   23.5 -30.9   0.0   22.4 -29.4   5.2   20.8 -31.9  -5.6
 20.0 -33.8  -3.0   18.7 -35.0   0.0   14.9 -29.8   8.0   12.2 -27.3  -7.3
 10.0 -28.3   0.0    7.6 -25.6   2.2

 99.9 -19.2 -11.1   90.0 -24.5  -6.0   80.0   5.6   6.2   70.0  20.5   1.8
 60.0  11.2   3.9   50.0  22.5   2.0   45.0  21.3  -0.5   40.0  20.0  -3.1
 35.0   6.3  -3.9   30.0  -7.7  11.0   25.0 -23.3  -6.1   22.5 -29.5   4.7
 20.0 -33.8  -3.0   15.0 -30.0   7.8   12.0 -27.4  -6.7   10.0 -28.3   0.0
  8.0 -26.1   1.8    7.0   0.0   0.0    6.0   0.0   0.0    5.0   0.0   0.0
  4.0   0.0   0.0

  2. 6.2017   0 Uhr

 99.9 -19.6 -11.3   95.9 -24.2  -8.8   90.7 -10.2   3.7   88.4  -4.4   6.3
 84.5   7.2  12.5   81.7  15.6   9.0   73.6  21.3   3.8   70.0  16.9  -1.5
 69.3  15.9  -1.4   66.1  15.4   4.1   60.7  11.8  -0.0   54.2  21.5   1.9
 50.0  17.7   3.1   44.6  18.7   3.3   38.7  11.8  -1.0   37.7   6.6   1.2
 36.6   0.4   1.5   35.2   0.9   5.1   32.9  -0.8   9.2   31.7 -10.5   7.4
 30.0 -17.9   1.6   28.8 -23.3  -4.1   28.0 -20.9 -12.1   23.1 -28.7   2.5
 20.0 -30.4   0.0   18.2 -31.3   2.7   14.1 -24.3  -4.3   12.7 -33.4   5.9
 11.8 -24.7   9.0   10.7 -24.1   2.1   10.0 -25.7   0.0    9.1 -32.8  -2.9
  7.6 -28.2  -2.5    6.4 -34.3   3.0    6.2 -29.7   2.6

 99.9 -19.6 -11.3   90.0  -8.4   4.5   80.0  16.8   7.9   70.0  16.9  -1.5
 60.0  12.8   0.2   50.0  17.7   3.1   45.0  18.7   3.3   40.0  13.4  -0.0
 35.0   0.7   5.4   30.0 -17.9   1.6   25.0 -25.6  -3.4   22.5 -29.0   2.0
 20.0 -30.4   0.0   15.0 -26.0  -2.6   12.0 -26.6   8.3   10.0 -25.7   0.0
  8.0 -29.5  -2.6    7.0 -31.2   0.2    6.0   0.0   0.0    5.0   0.0   0.0
  4.0   0.0   0.0

  2. 6.2017  12 Uhr

 99.9   0.0   0.0   90.0   0.0   0.0   80.0   0.0   0.0   70.0   0.0   0.0
 60.0   0.0   0.0   50.0   0.0   0.0   45.0   0.0   0.0   40.0   0.0   0.0
 35.0   0.0   0.0   30.0   0.0   0.0   25.0   0.0   0.0   22.5   0.0   0.0
 20.0   0.0   0.0   15.0   0.0   0.0   12.0   0.0   0.0   10.0   0.0   0.0
  8.0   0.0   0.0    7.0   0.0   0.0    6.0   0.0   0.0    5.0   0.0   0.0
  4.0   0.0   0.0

  3. 6.2017   0 Uhr

 99.9 -13.4   7.7   97.8 -15.1   8.7   95.7 -11.1   6.4   90.8  -3.2   8.7
 88.7   1.9   7.0   87.0   7.6   5.3   78.4  16.4  -4.4   71.2   7.7  -0.7
 70.0   6.6   1.2   68.6   4.5   2.6   68.1   4.6   3.2   66.5   6.7   3.9
 65.0   8.7   0.8   64.3  12.8  -1.1   60.7  26.2  -0.0   56.8  26.8  -0.0
 50.0  13.3  -1.2   47.0  13.7  -2.4   45.3   8.5  -4.9   44.3   7.0  -1.9
 42.2   6.7   4.7   35.6  13.5   6.3   32.9   6.1   1.1   31.1  -0.0  -2.1
 30.6  -3.9  -3.3   30.0  -8.0  -5.6   27.7 -19.6 -11.3   25.6 -21.5   1.9
 23.4 -28.2   2.5   21.6 -27.7  -2.4   20.0 -27.9   4.9   18.6 -26.8   7.2
 16.9 -27.3   0.0   14.1 -33.3  -2.9   11.9 -21.0  -1.8   11.1 -22.4  -6.0
 10.0 -25.3  -6.8    7.6 -31.3   2.7    7.0 -23.8   4.2    6.4 -31.3   2.7
  5.9 -21.9   5.9    5.2 -37.5  -6.6    4.8 -26.3  -4.6

 99.9 -13.4   7.7   90.0  -1.3   8.0   80.0  14.7  -2.5   70.0   6.6   1.2
 60.0  26.3  -0.0   50.0  13.3  -1.2   45.0   8.0  -4.0   40.0   8.9   5.2
 35.0  11.9   5.2   30.0  -8.0  -5.6   25.0 -23.3   2.0   22.5 -27.9   0.1
 20.0 -27.9   4.9   15.0 -31.3  -1.9   12.0 -21.6  -1.9   10.0 -25.3  -6.8
  8.0 -30.2   1.0    7.0 -23.8   4.2    6.0 -23.8   5.2    5.0 -32.0  -5.6
  4.0   0.0   0.0

  3. 6.2017  12 Uhr

 99.9  -4.3   3.6   97.9  -4.7   4.7   96.3  -4.7   2.2   94.1  -0.0  -0.0
 92.1   5.1   0.4   89.0  13.4   3.6   78.8   8.9  -2.4   77.0  13.3   1.2
 74.9  16.9   1.5   70.4   7.6  -1.3   70.0   7.2  -0.6   68.7   6.3   2.3
 67.6   6.0   1.6   66.3  11.3  -1.0   60.4  25.3  -4.5   50.8  14.2  -2.5
 50.0  14.9  -4.0   47.6   9.9  -8.3   44.8   4.4  -6.3   42.5   5.8  -2.1
 41.3   9.9   2.7   40.4  14.5   5.3   39.0  13.4   7.7   35.6  15.5   5.6
 33.3  10.4   2.8   32.2   7.0  -1.9   31.7   4.4  -4.4   30.8  -0.6  -6.7
 30.0  -4.1  -5.9   26.5 -19.9   5.3   25.6 -22.7   8.3   22.1 -24.1  -2.1
 20.0 -26.8   0.0   19.2 -29.8   0.0   17.9 -25.1  -2.2   14.8 -32.4   0.0
 12.2 -24.1  -2.1   10.0 -29.7   2.6    9.8 -30.2   2.6    6.6 -23.8  -4.2
  6.3 -33.4   0.0    6.0 -20.4   5.5    5.9 -20.3   7.4    5.4 -29.8   8.0
  5.2 -21.5   1.9    5.0 -25.7   0.0

 99.9  -4.3   3.6   90.0  10.7   2.6   80.0   9.5  -1.7   70.0   7.2  -0.6
 60.0  24.9  -4.4   50.0  14.9  -4.0   45.0   4.8  -6.5   40.0  14.2   6.0
 35.0  14.2   4.9   30.0  -4.1  -5.9   25.0 -22.9   6.6   22.5 -23.9  -0.9
 20.0 -26.8   0.0   15.0 -31.9  -0.2   12.0 -24.6  -1.7   10.0 -29.7   2.6
  8.0 -26.8  -1.0    7.0 -24.7  -3.2    6.0 -20.4   5.5    5.0 -25.7   0.0
  4.0   0.0   0.0

  4. 6.2017   0 Uhr

 99.9   4.7  -4.0   98.3   9.4  -2.5   90.0  13.3  -1.2   86.9  15.4  -4.1
 75.2   4.7  -6.7   72.8   5.1  -3.5   70.8   4.3  -3.6   70.2   4.7  -2.2
 70.0   5.5  -1.5   69.3   7.7   0.7   65.8  24.2  -0.0   58.3  18.9  -5.1
 55.4  21.5   1.9   52.8  17.2  -3.0   50.0  13.7   2.4   47.5   8.8   6.2
 46.1   6.9   8.3   42.8  15.9   7.4   40.2  14.2   2.5   38.0  13.9   3.7
 34.0   7.9  -6.6   31.8   7.3  -8.7   30.9   3.0  -8.2   30.4  -0.7  -8.2
 30.0  -4.1  -7.1   29.6  -8.3  -6.9   27.1 -21.8   3.8   22.0 -24.3  -4.3
 20.0 -26.8   0.0   17.5 -30.2  -2.6   15.5 -25.3   4.5   14.6 -33.8   3.0
 10.0 -30.4   0.0    8.8 -27.7  -2.4    7.3 -17.9   1.6    6.7 -29.7  -2.6
  5.9 -17.2  -3.0    5.2 -19.3  -3.4

 99.9   4.7  -4.0   90.0  13.3  -1.2   80.0   9.2  -5.6   70.0   5.5  -1.5
 60.0  20.1  -3.9   50.0  13.7   2.4   45.0   9.9   8.0   40.0  14.2   2.6
 35.0   9.4  -3.9   30.0  -4.1  -7.1   25.0 -22.8   0.6   22.5 -24.1  -3.4
 20.0 -26.8   0.0   15.0 -30.0   3.6   12.0 -32.0   1.4   10.0 -30.4   0.0
  8.0 -22.6  -0.4    7.0 -23.7  -0.5    6.0 -18.9  -3.0    5.0   0.0   0.0
  4.0   0.0   0.0

  4. 6.2017  12 Uhr

 99.9  -0.8  -4.6   95.2   0.9  -2.4   90.1  10.1  -1.8   85.1  11.0  -7.7
 81.9   7.3  -7.3   79.1   1.3  -5.0   77.5   2.7  -1.5   76.7   5.1   0.4
 73.4   8.7   7.3   71.7  10.2  10.2   70.0  16.0   5.8   68.6  21.0   1.8
 64.0  24.6  -2.2   55.9  17.9  -4.8   53.1   8.3  -6.9   50.0  10.6  -1.9
 48.6   6.7  -0.0   47.6   8.9   4.1   36.1  14.2  -2.5   33.1   9.9 -11.8
 31.9   4.0 -11.1   30.8  -0.6  -7.2   30.5  -2.3  -6.3   30.1  -7.6  -5.3
 30.0  -8.5  -4.9   28.2 -11.7   5.4   26.0 -21.6   0.0   23.6 -21.6   0.0
 22.4 -21.3  -7.7   20.8 -23.2   0.0   20.0 -27.7  -2.4   18.9 -31.4   0.0
 16.8 -33.8   3.0   14.0 -32.4   0.0   10.4 -25.6   9.3   10.0 -24.8   6.7
  8.6 -23.2   0.0    7.2 -24.4 -17.1    6.3 -37.4 -21.6    6.0 -33.1 -15.4


 99.9  -0.8  -4.6   90.0  10.1  -1.9   80.0   3.3  -5.7   70.0  16.0   5.8
 60.0  21.4  -3.4   50.0  10.6  -1.9   45.0  10.0   2.7   40.0  12.3  -0.1
 35.0  12.7  -5.9   30.0  -8.5  -4.9   25.0 -21.6   0.0   22.5 -21.3  -7.1
 20.0 -27.7  -2.4   15.0 -32.9   1.1   12.0 -28.8   4.9   10.0 -24.8   6.7
  8.0 -23.7  -7.1    7.0 -27.2 -18.1    6.0 -33.1 -15.4    5.0   0.0   0.0
  4.0   0.0   0.0

  5. 6.2017   0 Uhr

 99.9   5.5  -3.8   91.9   9.7  -6.8   79.5   0.1  -0.5   77.8   5.1  -0.0
 74.6   8.9   4.1   70.0  19.5  -0.0   64.5  13.8   1.2   59.8  20.3   3.6
 56.1  14.7  -2.6   53.7   9.1   1.6   52.5  11.1   4.0   50.0  13.4   3.6
 49.5  12.4   3.3   47.2  12.0   6.9   42.5  17.2  -3.0   39.7  15.9  -1.4
 37.2  16.4  -4.4   34.2   9.1  -9.1   33.2   2.3  -8.4   32.6  -1.9  -7.0
 32.0  -8.0  -5.6   31.0 -15.2  -2.7   30.7 -14.9   0.0   30.0 -14.3   1.3
 28.8 -15.9   4.3   23.4 -23.7  -8.6   20.0 -29.7  -2.6   17.3 -32.3   2.8
 13.9 -29.9  -5.3   12.2 -27.2   2.4   10.0 -28.7   2.5    9.2 -30.2  -2.6
  7.0 -47.1   4.1    6.2 -44.1   3.9    5.8 -25.3  -6.8    5.3  -9.4  -2.5


 99.9   5.5  -3.8   90.0   8.3  -5.9   80.0   0.5  -0.8   70.0  19.5  -0.0
 60.0  20.0   3.5   50.0  13.4   3.6   45.0  14.4   2.4   40.0  16.0  -1.6
 35.0  11.1  -7.8   30.0 -14.3   1.3   25.0 -21.3  -4.6   22.5 -25.2  -7.1
 20.0 -29.7  -2.6   15.0 -30.7  -2.5   12.0 -27.3   2.4   10.0 -28.7   2.5
  8.0 -39.1   0.9    7.0 -47.1   4.1    6.0 -34.8  -1.4    5.0   0.0   0.0
  4.0   0.0   0.0

  5. 6.2017  12 Uhr

 99.9   0.7  -7.7   96.7  -0.8  -8.7   91.7   4.7  -4.0   89.8   4.6  -5.5
 86.5  -2.1  -5.8   83.0  -4.7  -4.0   80.1  -2.6  -4.5   79.0   0.3  -3.6
 78.3   4.3  -3.6   76.1  14.3  -1.3   70.6  29.2   2.6   70.0  28.7   2.5
 63.2  25.7  -0.0   58.4  13.7  -2.4   56.9  13.2   2.3   50.0  14.9  -0.0
 47.2  10.8  -0.9   45.0  12.3  -0.0   40.4  13.8  -8.0   38.6   7.5  -6.3
 35.1   9.8  -4.6   32.7   5.1  -5.1   32.4   3.3  -3.9   32.0  -1.1  -2.3
 31.6  -5.1  -0.9   30.8  -9.2   3.3   30.0 -12.9   3.5   29.0 -16.0   9.3
 25.7 -21.6   0.0   23.9 -20.0  -1.7   20.3 -33.8  12.3   20.0 -32.9  12.0
 18.0 -30.8   8.3   17.4 -28.9   5.1   15.5 -30.4  -5.4   10.0 -34.0   0.0
  8.0 -28.3   7.6    6.8 -38.4  -3.4    6.4 -31.9   0.0    5.8 -46.1  -4.0
  5.3 -15.0  -5.5    5.2  -8.3  -6.9    5.1  -3.0  -8.2    5.0   3.2  -8.7


 99.9   0.7  -7.7   90.0   4.6  -5.4   80.0  -2.3  -4.4   70.0  28.7   2.5
 60.0  17.8  -1.6   50.0  14.9  -0.0   45.0  12.3  -0.0   40.0  12.4  -7.6
 35.0   9.6  -4.6   30.0 -12.9   3.5   25.0 -21.0  -0.7   22.5 -25.2   3.5
 20.0 -32.9  12.0   15.0 -30.7  -4.9   12.0 -32.5  -2.1   10.0 -34.0   0.0
  8.0 -28.3   7.6    7.0 -36.7  -1.4    6.0 -41.3  -2.7    5.0   3.2  -8.7
  4.0   0.0   0.0

  6. 6.2017   0 Uhr

 99.9   5.1  -0.4   95.4   7.5  -2.0   93.2   5.5  -1.5   90.7  -0.3  -0.4
 84.8   4.2   3.0   81.1  15.9  -0.0   76.9  19.8  -3.5   72.6  23.6   2.1
 70.0  22.8   4.0   66.7  20.4   5.5   64.8  22.5   2.0   61.6  14.3  -1.3
 58.4   4.6  -5.5   57.8   3.6  -4.3   57.4   4.2  -3.0   56.9   6.7  -0.6
 55.0  10.3   4.8   52.1  14.9   4.0   50.0  13.7   2.4   42.7   7.0  -3.3
 40.6   5.1  -0.4   39.3   7.0   1.9   37.3  10.8  -0.9   36.5   8.1  -1.4
 35.8   5.1   0.4   35.1   0.1   0.5   34.4  -4.8   1.8   33.9  -7.5   2.0
 32.9  -5.3   7.6   32.1  -8.6  10.2   30.0 -12.6   8.9   29.5 -13.5   9.4
 27.8 -20.0  -1.7   20.3 -31.8  -2.8   20.0 -30.7  -2.7   16.2 -30.7  -2.7
 13.8 -29.3   7.9   11.0 -28.2  -2.5   10.0 -28.3   0.0    8.1 -28.9  -5.1
  6.9 -25.2  11.7    6.2 -24.3   4.3    5.9 -39.0  -6.9    5.7 -33.3  -2.9


 99.9   5.1  -0.4   90.0   0.3  -0.1   80.0  16.9  -0.9   70.0  22.8   4.0
 60.0   9.5  -3.4   50.0  13.7   2.4   45.0   9.2  -1.4   40.0   6.0   0.6
 35.0  -0.6   0.7   30.0 -12.6   8.9   25.0 -24.1  -2.1   22.5 -28.0  -2.5
 20.0 -30.7  -2.7   15.0 -30.1   2.4   12.0 -28.6   1.4   10.0 -28.3   0.0
  8.0 -28.6  -3.8    7.0 -25.5  10.3    6.0 -34.1  -3.1    5.0   0.0   0.0
  4.0   0.0   0.0

  6. 6.2017  12 Uhr

 99.9   1.0  -5.6   95.6  -4.4  -7.6   92.9  -2.6  -5.6   91.2   1.4  -3.9
 85.4   3.9   3.3   81.1  10.1   7.1   74.8   5.5  -3.8   70.9  17.2  -3.0
 70.0  19.3  -3.4   68.6  20.4  -5.5   61.1   6.1  -1.1   59.6   2.4   0.9
 58.7   4.2   3.0   56.2  10.7   6.2   50.4  13.1  -4.8   50.0  12.6  -5.9
 46.4  10.6  -3.9   43.9   8.7  -7.3   40.0   2.5  -1.8   38.3   6.6  -1.2
 37.4   8.4  -2.3   36.6   4.7  -2.2   35.2  -0.0  -0.0   33.8  -1.8   4.8
 32.9  -2.3   6.3   31.8   0.0  11.3   30.6  -3.3  12.4   30.0  -6.9   8.3
 29.5 -10.2   5.9   27.3 -17.5   0.0   24.8 -25.6   2.2   23.0 -21.3   3.8
 21.5 -31.9   0.0   20.0 -26.6  -2.3   19.9 -26.6  -2.3   18.9 -26.9   4.7
 16.8 -27.7  -2.4   15.4 -28.9   5.1   13.2 -26.2   0.0   11.4 -26.3  -7.1
 10.0 -28.7  -2.5    9.6 -28.2  -2.5    8.6 -29.4  -5.2    6.9 -21.5  -1.9
  5.8 -30.8  -8.3    5.2 -15.4   1.3    5.1 -19.0   0.0

 99.9   1.0  -5.6   90.0   1.9  -2.4   80.0   9.3   5.2   70.0  19.3  -3.4
 60.0   3.4   0.4   50.0  12.6  -5.9   45.0   9.5  -5.8   40.0   2.5  -1.8
 35.0  -0.2   0.7   30.0  -6.9   8.3   25.0 -25.0   2.1   22.5 -24.8   2.5
 20.0 -26.6  -2.3   15.0 -28.4   4.2   12.0 -26.3  -4.6   10.0 -28.7  -2.5
  8.0 -26.7  -4.1    7.0 -22.0  -2.1    6.0 -29.0  -7.0    5.0 -22.7  -1.4
  4.0   0.0   0.0

  7. 6.2017   0 Uhr

 99.9  -3.5   3.0   97.8   0.0   6.7   91.3  12.0  12.0   89.3   8.3   9.9
 80.9   6.7  -0.6   71.2  18.4  -4.9   70.0  17.4  -6.3   65.1   6.6  -7.9
 63.5   5.1  -2.4   59.4   2.8   4.9   55.3  12.1   5.7   50.3   7.7  -0.7
 50.0   8.2  -0.7   48.1   8.7   3.2   46.7   6.5   1.7   46.1   4.9   2.8
 45.5   5.1   5.1   42.7   9.1   9.1   40.2  13.8   1.2   38.8   9.2   0.8
 36.5   3.9   3.3   35.5   0.8  -0.6   32.0  -1.0   1.2   31.5  -6.1  -1.1
 30.5 -12.6  -5.9   30.0 -12.5  -7.2   29.9 -12.0  -6.9   27.9 -17.3 -12.1
 26.3 -24.2  -8.8   24.6 -20.0  -1.7   21.9 -28.8   0.0   20.0 -26.3  -4.6
 19.3 -25.1  -2.2   17.3 -23.2  -8.4   15.2 -25.6   2.2   12.2 -22.8   4.0
 10.0 -31.3   8.4    9.3 -35.0   6.2    7.0 -31.4  -5.5    6.3 -31.4   0.0
  5.7 -19.6   9.1    5.2 -10.2  -0.9    5.1  -7.5  -3.5

 99.9  -3.5   3.0   90.0   9.6  10.6   80.0   7.7  -1.0   70.0  17.4  -6.3
 60.0   3.2   3.8   50.0   8.2  -0.7   45.0   5.8   5.8   40.0  13.2   1.2
 35.0   0.6  -0.3   30.0 -12.5  -7.2   25.0 -21.0  -3.4   22.5 -26.8  -0.4
 20.0 -26.3  -4.6   15.0 -25.4   2.4   12.0 -23.5   4.4   10.0 -31.3   8.4
  8.0 -33.0  -0.2    7.0 -31.4  -5.5    6.0 -25.6   4.5    5.0  -4.6  -6.1
  4.0   0.0   0.0

  7. 6.2017  12 Uhr

 99.9   4.0   2.3   93.5   9.3  -0.0   87.2  13.4  -0.0   76.8   5.1  -2.4
 75.2   9.7   0.9   73.0  13.8   1.2   70.0  12.8  -1.1   69.3  11.3  -0.0
 66.1   4.5   2.6   65.6   4.7   4.0   60.5  15.9   4.3   57.0  11.9   3.2
 53.5  11.4  -3.1   51.7   8.7  -0.0   50.3   6.5  -1.7   50.0   7.0  -1.9
 46.2  10.8  -0.0   45.0   7.6  -1.3   44.4   6.7  -0.0   43.0  12.2   2.1
 41.3  10.6   1.9   38.5  12.6  -5.9   37.5   9.8  -5.7   36.0   1.5   0.4
 35.0   4.5   2.6   32.8   5.1   5.1   31.9   3.0   6.5   31.5   1.6   6.0
 30.7  -1.9   0.9   30.1  -5.0  -1.3   30.0  -5.8  -2.1   28.5 -13.5  -6.3
 26.9 -22.5   2.0   26.4 -20.9   5.6   24.4 -23.4   6.3   20.0 -25.6   2.2
 18.6 -24.8  -4.4   16.7 -24.8   4.4   13.9 -22.4  -6.0   12.0 -21.0  -1.8
 10.7 -26.3   4.6   10.0 -28.4   5.0    9.0 -30.9   0.0    7.7 -29.8   0.0
  7.1 -22.1   0.0    6.3 -28.2   2.5

 99.9   4.0   2.3   90.0  11.5  -0.0   80.0   7.7  -1.6   70.0  12.8  -1.1
 60.0  15.3   4.1   50.0   7.0  -1.9   45.0   7.6  -1.3   40.0  11.5  -1.7
 35.0   4.5   2.6   30.0  -5.8  -2.1   25.0 -22.6   6.1   22.5 -24.3   4.6
 20.0 -25.6   2.2   15.0 -23.4  -1.8   12.0 -21.0  -1.8   10.0 -28.4   5.0
  8.0 -30.1   0.0    7.0 -22.9   0.3    6.0   0.0   0.0    5.0   0.0   0.0
  4.0   0.0   0.0

  8. 6.2017   0 Uhr

 99.9   7.5   6.3   94.4  10.2   5.9   85.9  13.1  -4.8   82.2   7.9  -3.7
 81.1   7.1  -1.3   79.5  10.1   1.8   77.7  13.7   2.4   71.9   6.2  -3.6
 70.8   5.1  -0.4   70.1   5.8   2.1   70.0   5.8   2.1   65.4  15.1   8.7
 62.6  16.4   1.4   60.4  15.9   4.3   55.8   8.0  -8.0   54.0   8.4  -3.9
 52.8   5.8  -3.3   51.8   5.7  -0.0   50.0   2.4   0.9   49.9   2.4   0.9
 49.0   4.2   3.0   45.9   6.5   6.5   44.7  12.1   5.7   41.5  15.4   1.3
 40.1  13.8   1.2   37.8   8.5   4.9   33.7   8.9   2.4   32.4   6.0  -1.6
 32.0   3.3  -3.3   31.8   2.4  -5.1   30.0  -4.1  -8.9   29.3 -10.5  -7.4
 28.0 -20.0  -1.7   27.3 -18.2   3.2   24.6 -20.8   3.7   21.2 -25.8  -6.9
 20.0 -25.8  -4.6   18.0 -27.3  -7.3   16.9 -30.7  -2.7   15.9 -26.1   2.3
 12.5 -24.7   0.0   10.0 -32.3   2.8    9.5 -35.5   0.0    8.8 -32.8   2.9


 99.9   7.5   6.3   90.0  11.7   0.5   80.0   9.2   0.8   70.0   5.8   2.1
 60.0  15.2   3.2   50.0   2.4   0.9   45.0  10.7   5.9   40.0  13.6   1.4
 35.0   8.8   3.2   30.0  -4.1  -8.9   25.0 -20.4   3.6   22.5 -23.8  -2.7
 20.0 -25.8  -4.6   15.0 -25.8   1.7   12.0 -26.1   0.5   10.0 -32.3   2.8
  8.0   0.0   0.0    7.0   0.0   0.0    6.0   0.0   0.0    5.0   0.0   0.0
  4.0   0.0   0.0

  8. 6.2017  12 Uhr

 99.9   3.8  -2.7   96.3  10.2  -0.9   91.6  14.3  -1.3   88.0  10.9  -2.9
 81.4   3.6  -4.3   80.3   3.6  -3.6   78.6   3.5  -0.9   77.6   4.7   2.2
 74.5   5.6   2.6   71.7   4.6   5.5   70.0   6.8   9.7   69.2   7.9   9.5
 66.8  16.2   2.9   62.5  20.6  -0.0   57.0  16.4  -4.4   51.0   8.2  -0.0
 50.0  11.8  -0.0   46.7  15.7   2.8   40.9  17.7  -3.1   36.2   9.4  -2.5
 34.6   8.6   1.5   33.5   9.8  -0.0   32.4   6.7  -3.9   31.9   2.3  -6.3
 31.5  -0.6  -7.2   30.2 -10.5  -7.4   30.0 -12.0  -6.9   28.4 -21.3   3.8
 26.7 -19.8  13.9   25.9 -23.8  11.1   24.6 -18.7   3.3

 99.9   3.8  -2.7   90.0  12.8  -2.0   80.0   3.6  -3.2   70.0   6.8   9.7
 60.0  18.7  -2.0   50.0  11.8  -0.0   45.0  16.3   1.1   40.0  16.2  -3.0
 35.0   8.8   0.5   30.0 -12.0  -6.9   25.0 -20.3   5.7   22.5   0.0   0.0
 20.0   0.0   0.0   15.0   0.0   0.0   12.0   0.0   0.0   10.0   0.0   0.0
  8.0   0.0   0.0    7.0   0.0   0.0    6.0   0.0   0.0    5.0   0.0   0.0
  4.0   0.0   0.0

  9. 6.2017   0 Uhr

 99.9  -2.8  -2.3   98.0  -0.2  -2.0   94.3   5.6  -2.6   92.6   7.1  -4.1
 90.0   4.6  -3.2   88.2   3.6  -0.3   87.4   5.0   1.3   81.7  16.9   4.5
 78.2  12.8  -1.1   70.0  13.9  -0.0   66.8  12.8   1.1   64.8  11.4  -3.1
 60.2   9.1  -1.6   58.5  11.8   1.0   56.5   8.0  -2.1   54.2  15.7   2.8
 52.0  13.2   2.3   50.0  14.9  -1.3   48.3  16.4  -6.0   44.6  14.5  -5.3
 43.0  15.9  -1.4   41.2   9.2  -3.3   40.7   9.1  -1.6   38.9  15.7   2.8
 35.9  10.8   0.9   34.4   6.5  -6.5   32.0   1.9  -7.0   31.5  -1.8  -4.8
 30.9  -7.0  -3.3   30.0 -15.4   0.0   29.4 -17.2   3.0   27.9 -20.9   5.6
 27.1 -20.8   7.6   25.6 -20.3  -3.6   22.1 -27.2  -2.4   20.8 -22.5   2.0
 20.0 -22.0  -1.9   19.6 -21.0  -1.8   16.1 -24.3  -4.3   14.1 -29.7   2.6
 11.7 -24.6   2.2   10.0 -29.3   0.0    8.7 -31.9  -5.6    7.8 -38.1   0.0
  7.1 -32.4   5.7    6.6 -35.5   0.0    6.3 -45.1  -3.9    5.8 -21.1   0.0


 99.9  -2.8  -2.3   90.0   4.6  -3.2   80.0  14.9   1.8   70.0  13.9  -0.0
 60.0   9.4  -1.3   50.0  14.9  -1.3   45.0  14.7  -5.4   40.0  11.7   0.1
 35.0   8.2  -3.5   30.0 -15.4   0.0   25.0 -21.4  -3.4   22.5 -26.3  -2.5
 20.0 -22.0  -1.9   15.0 -27.2  -0.6   12.0 -25.3   2.2   10.0 -29.3   0.0
  8.0 -36.7  -1.3    7.0 -33.0   4.6    6.0 -30.9  -1.6    5.0   0.0   0.0
  4.0   0.0   0.0

  9. 6.2017  12 Uhr

 99.9   4.0  -2.3   91.8   3.3  -7.0   90.5   4.0  -4.7   88.2   6.2  -0.0
 85.8   5.6   2.6   81.9  11.9   3.2   77.8   4.7  -2.2   76.9   3.5  -0.6
 76.0   5.1   2.4   70.0   9.9   2.7   68.2  14.0   5.1   60.4  15.2  -2.7
 58.7   9.8  -5.7   56.6  14.7  -8.5   53.2   9.5  -9.5   51.2  14.0  -6.5
 50.0  14.5  -6.7   42.3  14.9  -4.0   40.3   8.4  -2.3   37.8  17.5  -0.0
 33.8   8.9  -2.4   32.5   4.0  -4.0   31.4  -0.9  -1.3   30.4  -5.0   1.3
 30.0  -7.3   2.6   29.1  -8.7   7.3   26.2 -25.6   2.2   23.4 -21.8   3.8
 21.1 -23.4   6.3   20.0 -23.6   2.1   19.0 -23.1  -2.0   17.7 -22.8   4.0
 13.9 -31.3  -2.7   11.5 -25.7   0.0   10.0 -37.0   0.0    8.7 -40.1   0.0
  7.2 -31.4  -5.5    6.4 -37.4  -3.3    5.9 -19.2  11.1    5.6 -13.1   6.1
  5.4  -4.9   8.5    5.2  -3.2  11.9    4.9   7.0  14.9    4.8   5.3  14.5


 99.9   4.0  -2.3   90.0   4.4  -3.7   80.0   8.6   0.7   70.0   9.9   2.7
 60.0  13.9  -3.4   50.0  14.5  -6.7   45.0  14.7  -5.0   40.0   9.5  -2.0
 35.0  11.6  -1.7   30.0  -7.3   2.6   25.0 -24.0   2.9   22.5 -22.4   4.8
 20.0 -23.6   2.1   15.0 -28.7  -0.7   12.0 -26.9  -0.6   10.0 -37.0   0.0
  8.0 -36.2  -2.5    7.0 -32.9  -5.0    6.0 -22.9   8.1    5.0   3.5  13.9
  4.0   0.0   0.0

 10. 6.2017   0 Uhr

 99.9   5.9  -4.1   97.5   6.3  -2.3   96.2   4.2  -3.0   94.7   3.6  -2.1
 88.3   8.0   2.1   86.0  11.6   4.2   84.2  14.2   2.5   80.5   6.1  -0.5
 79.6   5.1  -0.0   75.8   8.8   6.2   74.1  10.2   5.9   71.9  11.1  -2.0
 70.0  12.7  -2.2   68.0  14.9  -1.3   63.1  14.2   2.5   58.8   8.7  -3.2
 54.3   4.5  -2.6   50.9  13.3  -1.2   50.0  11.3  -1.0   48.8   7.7  -0.7
 44.7  14.9   7.0   41.9  18.4   1.6   38.6  20.8   3.7   35.4  15.4   1.3
 33.7  11.6  -4.2   31.5   1.0  -5.6   30.9  -1.7  -3.7   30.0  -6.1  -0.5
 29.7  -6.5   1.7   28.9 -12.6   4.6   28.1 -20.3   3.6   26.8 -20.3  -7.4
 24.6 -25.3  -4.5   23.3 -21.4  -5.7   22.2 -28.3   0.0   20.2 -24.8  -4.4
 20.0 -26.3  -4.6   19.4 -32.3  -2.8   17.8 -24.2   0.0   13.7 -34.5   0.0
 11.3 -32.3  -2.8   10.3 -40.5  -3.5   10.0 -38.6   0.0    6.9 -37.0   0.0
  6.1  -9.7   3.5    5.9  -7.2  -0.6    5.7  -4.1  -8.9    5.6  -4.0 -11.1


 99.9   5.9  -4.1   90.0   6.8   1.0   80.0   5.6  -0.2   70.0  12.7  -2.2
 60.0  10.3  -1.6   50.0  11.3  -1.0   45.0  14.4   6.4   40.0  19.8   2.8
 35.0  14.5   0.1   30.0  -6.1  -0.5   25.0 -24.4  -5.0   22.5 -26.4  -1.6
 20.0 -26.3  -4.6   15.0 -31.0   0.0   12.0 -33.0  -2.0   10.0 -38.6   0.0
  8.0 -37.6   0.0    7.0 -37.1   0.0    6.0  -8.4   1.5    5.0   0.0   0.0
  4.0   0.0   0.0

 10. 6.2017  12 Uhr

 99.9  -5.8  -5.8   98.2  -3.6  -4.3   95.0  -0.0  -0.0   90.2   5.1   0.4
 84.6   8.4  -2.3   82.9   9.3  -0.0   79.8   3.5   0.6   75.1  11.8   8.3
 73.3  12.0   6.9   70.0  13.7  -2.4   65.7   7.7  -2.8   62.7  17.4  -1.5
 57.9  10.8  -0.0   56.2   6.1   1.1   54.2   7.3   2.6   50.0  13.3  -1.2
 49.6  12.8  -1.1   43.2  18.4   1.6   34.0  10.4  -2.8   33.3   4.8  -1.8
 32.8   0.4   0.9   31.9  -4.5   2.6   30.6  -6.5   9.3   30.0  -8.6  10.2
 29.1 -12.6  10.6   28.0 -20.9   5.6   26.8 -19.8  -3.5   23.3 -26.6  -2.3
 22.0 -24.1  -2.1   20.4 -31.9  -5.6   20.0 -31.4   0.0   19.2 -25.1   2.2
 18.0 -25.8  -6.9   12.4 -32.9   0.0   11.8 -30.4   0.0   11.0 -40.6   0.0
 10.0 -37.0   0.0    8.6 -32.8   2.9    7.2 -31.9   0.0    6.5 -39.8 -10.7
  5.8 -12.2 -10.3    5.5 -14.5  -6.7    5.3 -10.1  -7.1    5.2  -3.5  -9.7
  5.0   4.6  -9.8    4.8   5.2 -11.2    4.7   8.3  -9.9    4.4   5.9  -8.4
  4.3   5.8  -2.1    4.2   5.1  -0.4    4.1   4.7   4.0    4.0   8.0   4.6


 99.9  -5.8  -5.8   90.0   5.2   0.4   80.0   3.9   0.6   70.0  13.7  -2.4
 60.0  13.7  -0.7   50.0  13.3  -1.2   45.0  16.8   0.8   40.0  15.8   0.2
 35.0  11.4  -2.3   30.0  -8.6  10.2   25.0 -23.2  -2.9   22.5 -25.1  -2.2
 20.0 -31.4   0.0   15.0 -29.4  -3.4   12.0 -31.2   0.0   10.0 -37.0   0.0
  8.0 -32.4   1.7    7.0 -34.1  -3.0    6.0 -20.3 -10.4    5.0   4.6  -9.8
  4.0   8.0   4.6

 11. 6.2017   0 Uhr

 99.9   1.9   0.9   94.6   1.0   5.6   92.1   2.6   7.3   89.2   8.4   3.9
 87.5  13.4   3.6   83.5   7.6   7.6   81.2  10.7   6.2   79.8  10.2   0.9
 78.5  12.2  -2.1   74.1  15.7  -2.8   72.0  12.8  -1.1   70.5  10.4   2.8
 70.0  11.1   4.0   69.7  11.2   5.2   67.5  16.9   6.2   64.1  13.3  -1.2
 60.8  15.9   4.3   53.9   8.2   3.0   50.0  15.9  -0.0   49.8  16.4  -1.4
 45.4  20.5   1.8   38.6   8.7  -3.2   37.3  10.2   0.9   35.5   7.7  -0.7
 35.0   5.3  -1.9   33.5  -1.8  -3.1   33.0  -4.5  -2.6   30.4  -4.2   3.0
 30.0  -4.3   3.6   28.9  -6.1   2.8   26.8 -16.9  -6.2   25.4 -25.8  -6.9
 23.9 -26.6   2.3   22.5 -29.2  -2.6   20.7 -35.9   3.1   20.0 -31.9   5.6
 19.4 -26.3   7.1   18.0 -25.1  -2.2   13.5 -35.5   0.0   12.4 -30.9   0.0
 11.1 -41.2   0.0   10.0 -34.8   3.0    8.8 -24.3   6.5    7.6 -28.4   5.0
  7.1 -17.9   6.5    6.5 -35.4   3.1    6.2 -18.0   0.0    5.7 -10.3   0.0
  5.5  -4.0  -4.0    5.4   0.7  -2.5

 99.9   1.9   0.9   90.0   6.8   4.8   80.0  10.3   1.7   70.0  11.1   4.0
 60.0  15.0   4.1   50.0  15.9  -0.0   45.0  19.8   1.5   40.0  11.2  -2.1
 35.0   5.3  -1.9   30.0  -4.3   3.6   25.0 -26.1  -4.5   22.5 -29.2  -2.6
 20.0 -31.9   5.6   15.0 -31.8  -0.8   12.0 -33.9   0.0   10.0 -34.8   3.0
  8.0 -27.0   5.5    7.0 -20.7   6.0    6.0 -15.0   0.0    5.0   0.0   0.0
  4.0   0.0   0.0

 11. 6.2017  12 Uhr

 99.9  10.2  10.2   96.3  11.1   6.4   92.5   5.9   4.1   88.8   3.7   7.9
 86.0   7.5   3.5   84.7   6.6   1.2   81.8   8.6  -1.5   74.8   8.9  -4.1
 73.3   8.0  -2.1   71.1  13.4  -0.0   70.0  15.4  -0.0   66.7  22.0   1.9
 60.8  13.5  -4.9   57.5  13.8   1.2   55.6  10.4  -2.8   52.2  11.6  -4.2
 50.0  17.2  -3.0   45.3  20.5  -1.8   40.1  18.4  -6.7   37.1   9.9  -2.7
 35.3   9.2   0.8   33.7   8.0  -2.1   32.9   4.2  -3.0   32.3  -0.0  -3.1
 31.8  -3.9  -3.3   31.3  -7.9  -3.7   30.0  -5.5  -3.8   29.6  -6.2  -3.6
 25.0 -31.8   2.8   20.0 -25.3   4.5   18.3 -25.2   0.0   13.7 -30.9   0.0
 12.4 -23.1  -2.0   11.5 -31.8  -2.8   10.0 -26.6  -2.3    9.9 -28.7  -2.5
  8.6 -19.4   5.2    6.8 -17.7   3.1    6.5 -15.9  -1.4    5.8 -32.9   0.0
  5.3 -14.5   5.3    5.1 -21.8   3.8    4.9 -10.3   4.8    4.7 -16.7   2.9
  4.6  -9.6   1.7

 99.9  10.2  10.2   90.0   4.4   6.7   80.0   8.7  -2.2   70.0  15.4  -0.0
 60.0  13.6  -3.5   50.0  17.2  -3.0   45.0  20.4  -2.1   40.0  18.1  -6.6
 35.0   9.0   0.3   30.0  -5.5  -3.8   25.0 -31.8   2.8   22.5 -28.7   3.6
 20.0 -25.3   4.5   15.0 -29.1   0.0   12.0 -26.9  -2.4   10.0 -26.6  -2.3
  8.0 -18.9   4.5    7.0 -17.9   3.4    6.0 -27.9  -0.4    5.0 -16.1   4.3
  4.0   0.0   0.0

 12. 6.2017   0 Uhr

 99.9   4.6   8.0   95.2   5.6   0.5   94.5   7.2  -0.6   91.9  12.7  -2.2
 82.9   9.2  -3.3   81.7   8.0  -2.1   74.4  19.0   1.7   70.8  17.4   1.5
 70.0  16.5  -0.0   64.2   5.2 -11.2   61.5   1.6  -6.0   60.0   7.0  -3.3
 59.2   6.5  -3.0   58.2   2.2  -4.7   57.9   1.3  -5.0   57.3   2.1  -3.6
 55.5   9.2  -3.3   53.0  18.0  -0.0   50.0  22.1  -0.0   49.1  23.7  -0.0
 42.6  21.5  -1.9   39.2  12.7  -2.2   37.6   6.7  -5.6   35.3   5.1  -2.4
 34.4   4.3  -3.6   33.4  -0.9  -3.5   32.6  -5.0  -1.3   31.8  -6.7   0.6
 30.0 -12.4   3.3   29.7 -12.9   3.5   28.4 -19.5  -1.7   27.3 -26.2   0.0
 26.0 -24.8   4.4   22.9 -22.9  -6.1   20.0 -25.1  -9.1   19.0 -27.1  -9.9
 16.7 -33.8   3.0   11.2 -33.4   5.9   10.0 -28.9   5.1    8.9 -23.3   4.1
  7.6 -22.0  -1.9    7.3 -17.7  -8.3    6.4 -33.8  -9.1    5.9 -20.0 -11.6
  5.2 -32.3  -8.7    5.0 -29.8  -8.0

 99.9   4.6   8.0   90.0  12.0  -2.5   80.0  10.5  -1.3   70.0  16.5  -0.0
 60.0   7.0  -3.3   50.0  22.1  -0.0   45.0  22.3  -1.2   40.0  14.8  -2.1
 35.0   4.9  -2.8   30.0 -12.4   3.3   25.0 -24.2   1.1   22.5 -23.2  -6.5
 20.0 -25.1  -9.1   15.0 -33.7   3.8   12.0 -33.5   5.4   10.0 -28.9   5.1
  8.0 -22.4   0.0    7.0 -22.9  -8.5    6.0 -22.9 -11.1    5.0 -29.8  -8.0
  4.0   0.0   0.0

 12. 6.2017  12 Uhr

 99.9   6.5  -6.5   97.8   8.4  -8.4   88.1  -2.5  -9.4   85.8  -1.2  -6.6
 85.0  -0.0  -5.1   84.1   2.3  -2.8   83.3   5.0  -1.3   76.6  12.4   3.3
 70.0  17.9   6.5   69.4  17.7   8.3   67.0  11.0   7.7   64.6   8.6   1.5
 63.1   5.0   1.3   61.3   1.3   0.8   60.4   4.8  -1.8   53.7  26.8  -7.2
 50.0  26.1  -9.5   49.1  26.6  -9.7   39.8  10.2  -5.9   38.4  11.7  -2.1
 37.1  11.3  -1.0   36.4   7.1  -1.3   36.0   5.1  -0.4   35.2   0.7   1.4
 34.4  -3.6   3.6   32.1  -6.1   2.8   31.4  -6.7   0.6   30.4  -9.8  -4.6
 30.0 -11.6  -6.7   29.1 -15.1  -8.7   27.2 -27.2   2.4   25.8 -23.8   4.2
 22.9 -22.8  -4.0   21.6 -30.2  -2.6   20.0 -28.4  -5.0   18.9 -30.4  -5.4
 17.8 -32.3   2.8   16.7 -23.7   8.6   15.9 -32.3   2.8   12.6 -24.8  -4.4
 11.3 -35.8  -9.6   10.4 -26.8  -7.2   10.0 -28.9  -5.1    8.6 -26.1  -2.3
  7.0 -34.3  -9.2    6.4 -36.4  -3.2    5.9 -17.4   6.3    5.7  -9.9  11.8
  5.5  -8.6  10.2    5.2 -15.4   7.2

 99.9   6.5  -6.5   90.0  -0.3  -9.2   80.0   8.6   0.9   70.0  17.9   6.5
 60.0   6.1  -2.1   50.0  26.1  -9.5   45.0  19.7  -8.1   40.0  10.6  -6.0
 35.0  -0.4   2.0   30.0 -11.6  -6.7   25.0 -23.5   2.0   22.5 -25.1  -3.6
 20.0 -28.4  -5.0   15.0 -30.4   1.0   12.0 -29.8  -6.7   10.0 -28.9  -5.1
  8.0 -29.1  -4.8    7.0 -34.3  -9.2    6.0 -21.3   4.4    5.0   0.0   0.0
  4.0   0.0   0.0

 13. 6.2017   0 Uhr

 99.9  -1.0 -11.8   92.5 -10.2  -8.6   91.4 -10.1  -7.1   89.1  -4.3  -5.1
 87.9  -0.0  -4.6   86.7   4.0  -4.7   84.6   9.7  -3.5   77.9  20.1  -0.0
 72.8  17.5  -0.0   70.0  13.2  -2.3   69.1  11.9  -3.2   64.7   3.0  -4.2
 62.7  -0.5   0.0   60.8   4.7  -2.2   59.3   4.7  -4.0   57.9   9.3  -0.0
 50.5  20.8  -7.6   50.0  20.3  -7.4   45.0   8.7  -3.2   42.9   7.5  -2.0
 41.5   8.6   1.5   39.2   8.9   2.4   36.3   6.1  -1.1   35.1   6.7   0.6
 34.4   5.1  -0.9   33.4   2.9   1.1   32.6   0.5   5.6   30.6  -7.1   4.1
 30.0  -9.4   2.5   27.7 -21.4   5.7   24.4 -26.8  -7.2   21.7 -34.3  -3.0
 20.3 -29.3   0.0   20.0 -29.8   0.0   19.1 -36.5   0.0   17.8 -30.4   5.4
 16.8 -30.9   0.0   16.0 -38.9   3.4   14.2 -31.8   2.8   10.0 -31.8   2.8
  9.5 -30.7   2.7    9.3 -30.7   2.7    7.8 -19.9   5.3    6.8 -38.0   6.7
  6.1 -16.4   1.4

 99.9  -1.0 -11.8   90.0  -6.6  -5.9   80.0  16.7  -1.1   70.0  13.2  -2.3
 60.0   4.7  -3.1   50.0  20.3  -7.4   45.0   8.7  -3.2   40.0   8.8   2.1
 35.0   6.4   0.4   30.0  -9.4   2.5   25.0 -25.8  -4.8   22.5 -32.0  -4.3
 20.0 -29.8   0.0   15.0 -35.0   3.1   12.0 -31.8   2.8   10.0 -31.8   2.8
  8.0 -21.4   5.0    7.0 -34.2   6.4    6.0 -13.2   0.6    5.0   0.0   0.0
  4.0   0.0   0.0

 13. 6.2017  12 Uhr

 99.9  -4.0 -11.1   95.7  -9.6 -11.4   89.1  -7.0  -3.3   86.4  -4.0  -4.0
 84.8   0.3  -3.6   83.3   3.3  -3.9   78.8  16.4  -1.4   77.0  18.5  -0.0
 71.8  14.9  -1.3   70.0  12.4  -3.3   68.1   9.2  -3.3   66.3   6.6  -1.2
 63.5   1.0  -0.3   61.1   3.0  -4.2   58.1  16.2  -2.9   55.1  18.9  -5.1
 52.8  12.0  -6.9   51.1  11.7  -2.1   50.0   9.3  -4.3   48.0   3.3  -7.0
 46.9   4.4  -4.4   45.0   6.7  -0.0   41.9   9.2  -0.8   40.3  11.8   1.0
 39.0   5.1   0.9   38.2   1.2  -1.0   33.4  -1.3  14.9   32.5  -3.5  12.9
 30.7  -9.8   5.7   30.1 -12.4   3.3   30.0 -13.2   2.3   27.3 -24.3   6.5
 25.3 -28.2  -2.5   21.7 -32.8   2.9   20.6 -29.3   0.0   20.0 -33.8   3.0
 19.0 -35.9   3.1   16.3 -30.2  -2.6   15.5 -38.4  -3.4   13.0 -28.9  -5.1
 11.4 -36.4  -3.2   10.0 -30.7   2.7    8.1 -22.8   4.0    6.5 -40.0   3.5
  6.3 -37.5  -6.6    5.8 -11.8  -9.9    5.6  -7.5  -6.3    5.5  -8.4  -3.9
  5.3  -6.7  -3.9    5.2  -5.8  -2.1    5.1  -6.7   0.6

 99.9  -4.0 -11.1   90.0  -7.4  -4.4   80.0  12.9  -2.1   70.0  12.4  -3.3
 60.0   7.8  -3.7   50.0   9.3  -4.3   45.0   6.7  -0.0   40.0  10.3   1.0
 35.0  -0.4   9.4   30.0 -13.2   2.3   25.0 -28.6  -2.0   22.5 -31.7   1.6
 20.0 -33.8   3.0   15.0 -36.6  -3.7   12.0 -33.5  -3.9   10.0 -30.7   2.7
  8.0 -23.8   4.0    7.0 -34.3   3.7    6.0 -22.3  -8.6    5.0  -7.5   3.3
  4.0   0.0   0.0

 14. 6.2017   0 Uhr

 99.9 -15.3 -15.3   95.2 -20.9 -12.1   88.9  -8.0  -2.1   88.1  -5.7   0.0
 84.8  -0.2   1.0   82.8   4.8   1.8   77.8  13.3  -1.2   72.9   7.5  -6.3
 71.3   3.9  -3.3   70.1  -0.3  -0.4   70.0  -0.5   0.0   63.3  -0.4   0.9
 61.8   3.0   4.2   60.7  10.3   4.8   58.9  18.2   8.5   50.0  11.8   8.3
 49.4  11.0   7.7   47.8   4.6   8.0   43.9  10.8   0.9   42.3  11.9   3.2
 39.3   3.4   1.2   36.7   7.1   6.0   35.1   3.5   9.7   33.7   1.3   5.0
 33.1  -1.6   1.3   32.5  -4.7  -2.2   31.7  -8.0  -5.6   30.0 -19.5  -1.7
 29.8 -20.5  -1.8   28.8 -18.5   0.0   25.9 -25.2 -11.7   23.0 -31.8  -8.5
 21.1 -33.3  -2.9   20.0 -29.4   5.2   17.4 -28.2  -2.5   15.2 -38.4  -3.4
 12.5 -34.3   3.0   10.0 -29.7  -2.6    9.4 -31.3  -2.7    8.2 -27.8   0.0
  7.6 -33.3   2.9    7.1 -25.6   9.3    6.8 -27.5  12.8    6.2 -43.6   3.8
  5.7 -17.9  -4.8    5.6 -19.8  -7.2

 99.9 -15.3 -15.3   90.0 -10.3  -3.9   80.0   9.5   0.1   70.0  -0.5   0.0
 60.0  13.3   6.2   50.0  11.8   8.3   45.0   9.0   3.0   40.0   5.4   1.7
 35.0   3.4   9.3   30.0 -19.5  -1.7   25.0 -27.2 -10.8   22.5 -32.2  -7.1
 20.0 -29.4   5.2   15.0 -38.2  -2.9   12.0 -33.5   2.0   10.0 -29.7  -2.6
  8.0 -29.6   1.0    7.0 -26.2  10.5    6.0 -33.5   0.4    5.0   0.0   0.0
  4.0   0.0   0.0

 14. 6.2017  12 Uhr

 99.9 -14.0  -6.5   97.1 -16.0  -5.8   92.7 -13.3   1.2   88.3   0.0   6.2
 84.9   7.6   5.3   77.0  13.7   2.4   72.7   4.5  -2.6   70.0   1.7  -1.2
 66.7  -0.4   1.0   64.8   4.2   3.0   63.0  12.4   3.3   58.2  26.8  -0.0
 52.0  11.1   4.0   50.0  13.5   4.9   49.2  15.7   2.8   43.7   9.8  -5.7
 41.7   7.1  -1.3   39.4  11.1   4.0   37.6   4.5   2.6   37.2   3.4   1.2
 36.8   5.1   0.4   35.0   9.2   3.3   34.2   5.3   1.9   33.5   0.9  -0.5
 32.8  -1.3  -5.0   30.9 -15.6 -10.9   30.0 -17.7  -8.3   28.1 -20.0  -1.7
 27.3 -17.9  -4.8   21.5 -37.4   3.3   20.0 -31.3   8.4   19.9 -30.8   8.3
 17.5 -30.2  -2.6   14.7 -37.9  -3.3   11.6 -34.8   9.3   10.0 -31.4   5.5
  8.5 -27.9  -4.9    7.5 -33.8  -3.0    6.8 -28.7  -2.5    5.9 -46.1  -8.1
  5.5 -40.0  -3.5    5.2 -19.3  -7.0    5.1 -19.3  -7.0

 99.9 -14.0  -6.5   90.0  -5.2   4.2   80.0  11.3   3.5   70.0   1.7  -1.2
 60.0  21.3   1.3   50.0  13.5   4.9   45.0  11.2  -3.6   40.0  10.1   2.6
 35.0   9.2   3.3   30.0 -17.7  -8.3   25.0 -25.2  -1.8   22.5 -33.8   1.8
 20.0 -31.3   8.4   15.0 -37.1  -3.2   12.0 -35.2   7.6   10.0 -31.4   5.5
  8.0 -30.8  -4.0    7.0 -30.2  -2.6    6.0 -44.1  -7.5    5.0 -19.3  -7.0
  4.0   0.0   0.0

 15. 6.2017   0 Uhr

 99.9 -16.0  -5.8   95.5 -11.8   1.0   90.2  -5.6   8.0   89.2  -0.8   8.7
 88.3   2.4   8.9   81.2  14.0   6.5   73.2   0.7   1.9   71.8   2.6   4.5
 70.0   7.6   7.6   68.8   8.7   8.7   66.6   3.5   5.1   64.9  13.1   6.1
 64.0  16.9   4.5   61.1  18.9  -5.1   56.6  17.4   1.5   52.9  15.2   2.7
 50.2  13.2  -2.3   50.0  12.7  -2.2   46.1  11.4   3.1   42.9   7.7   0.7
 40.9   5.6   2.6   38.7   5.1   0.9   38.4   4.1  -0.0   37.8   5.1  -2.4
 36.6   5.1  -5.1   35.4   5.6  -6.7   34.1  -1.7  -9.6   31.3 -10.3 -12.2
 30.1 -16.9  -1.5   30.0 -17.4  -1.5   28.3 -19.0   0.0   26.7 -28.8   0.0
 22.8 -29.5  10.7   20.0 -30.9   0.0   19.5 -31.8  -2.8   15.2 -32.8  -2.9
 13.7 -26.1   2.3   10.0 -30.4   0.0    8.5 -32.3   2.8    6.7 -32.8  -2.9
  6.3 -39.1   0.0    5.8 -23.4   6.3    5.5 -30.9   0.0

 99.9 -16.0  -5.8   90.0  -4.6   8.1   80.0  12.1   5.9   70.0   7.6   7.6
 60.0  18.5  -3.5   50.0  12.7  -2.2   45.0  10.2   2.3   40.0   5.4   1.9
 35.0   3.4  -7.6   30.0 -17.4  -1.5   25.0 -29.1   4.5   22.5 -29.6   9.6
 20.0 -30.9   0.0   15.0 -31.9  -2.2   12.0 -28.0   1.3   10.0 -30.4   0.0
  8.0 -32.4   1.3    7.0 -32.7  -1.9    6.0 -29.8   3.7    5.0   0.0   0.0
  4.0   0.0   0.0

 15. 6.2017  12 Uhr

 99.9  -5.5   5.5   95.6   1.5   8.6   88.2   9.3  16.0   81.2  14.9   7.0
 76.7   8.8   6.2   73.2   5.6   0.5   72.0   1.7  -2.0   70.0   1.9  -5.3
 68.8  -1.3  -7.1   67.5  -3.0  -8.2   66.1  -1.6  -6.0   65.0   2.9  -2.9
 64.5   4.8  -1.8   63.7   7.7   0.7   61.6  14.7   2.6   56.4   8.2  -0.0
 54.9  14.7   2.6   53.8  18.4   1.6   50.0  13.8  -1.2   48.0  12.2  -2.1
 44.0  11.3   1.0   41.1   5.5  -3.8   39.3   6.7  -5.6   37.2   6.6   1.2
 33.0   5.3  -1.9   32.7   4.2  -3.0   31.8  -0.5  -3.0   31.3  -5.0  -1.3
 30.6 -11.1   2.0   30.0 -13.7   2.4   29.2 -19.5   0.0   25.6 -27.1   9.9
 24.7 -28.8   7.7   22.8 -26.8   0.0   22.2 -25.1   2.2   20.1 -29.9  -5.3
 20.0 -30.4  -5.4   13.5 -25.8   4.6   10.4 -32.8   2.9

 99.9  -5.5   5.5   90.0   7.3  14.2   80.0  13.3   6.8   70.0   1.9  -5.3
 60.0  12.7   1.8   50.0  13.8  -1.2   45.0  11.5   0.2   40.0   6.2  -4.9
 35.0   5.9  -0.4   30.0 -13.7   2.4   25.0 -28.2   8.4   22.5 -25.9   1.1
 20.0 -30.4  -5.4   15.0 -27.0   2.0   12.0 -29.0   3.8   10.0   0.0   0.0
  8.0   0.0   0.0    7.0   0.0   0.0    6.0   0.0   0.0    5.0   0.0   0.0
  4.0   0.0   0.0

 16. 6.2017   0 Uhr

 99.9   2.7  15.2   94.1   0.0  10.3   89.6   2.0  11.1   85.9   5.5   5.5
 84.0   6.1   1.1   82.7   7.5  -2.0   77.0  11.7  -2.1   71.2  -0.0  -0.0
 70.0   4.1   0.4   68.3   4.8   1.8   66.3   7.2  -0.6   63.7  15.9  -1.4
 56.0  19.0   1.7   50.0  20.8   3.7   49.7  20.8   3.7   43.9  10.8  -0.9
 42.9   5.3  -1.9   42.6   2.7  -3.8   42.1  -0.9  -5.1   41.3  -5.5  -5.5
 40.5  -5.9  -5.0   39.7  -2.8  -4.9   38.8   1.9  -5.3   38.5   2.6  -4.5
 35.9   0.4   0.3   33.7  -0.7   0.7   33.1  -4.8   1.8   30.7 -20.4   5.5
 30.0 -21.4   5.7   26.9 -27.9  -4.9   25.5 -28.9   5.1   23.5 -30.9   0.0
 22.6 -28.7  -2.5   20.5 -28.8   0.0   20.0 -28.4  -5.0   19.2 -28.0 -10.2
 18.2 -29.4  -5.2   16.8 -22.6   0.0   11.4 -31.4  -5.5   10.0 -28.3   0.0
  7.7 -28.3   0.0    6.8 -38.9   3.4    6.2 -23.1  -2.0    5.9 -17.4   1.5


 99.9   2.7  15.2   90.0   1.8  11.1   80.0   9.4  -2.0   70.0   4.1   0.4
 60.0  17.3   0.0   50.0  20.8   3.7   45.0  12.7  -0.0   40.0  -4.0  -4.9
 35.0  -0.1   0.5   30.0 -21.4   5.7   25.0 -29.4   3.8   22.5 -28.7  -2.4
 20.0 -28.4  -5.0   15.0 -25.3  -1.7   12.0 -30.3  -4.8   10.0 -28.3   0.0
  8.0 -28.3   0.0    7.0 -36.5   2.6    6.0 -19.3   0.3    5.0   0.0   0.0
  4.0   0.0   0.0

 16. 6.2017  12 Uhr

 99.9   4.0  14.9   92.9   2.3   8.4   88.2   3.9   3.3   86.8   3.6  -0.3
 85.6   3.0  -4.2   82.1   0.8  -9.2   79.1  -0.0 -10.8   77.3   0.6  -7.2
 75.4   4.0  -4.7   73.3   0.4  -0.3   70.0   5.6  -2.6   68.6   7.0  -1.9
 62.8  17.4  -1.5   60.0  10.3  -0.0   55.5  18.4   1.6   50.0  16.4  -4.4
 47.1  14.5  -6.7   45.1  13.1  -4.8   43.1  10.6   1.9   40.6   9.4   2.5
 39.8   5.5   4.6   39.5   5.5   5.5   36.8  11.1   4.0   35.2   6.7  -0.6
 34.8   5.0  -1.3   34.2  -0.3  -1.5   33.5  -4.8  -1.8   31.3 -20.9  -5.6
 30.0 -19.3  -7.0   28.9 -24.3  -6.5   25.9 -24.3   4.3   24.7 -27.9  -4.9
 20.0 -27.6 -10.0   19.9 -27.6 -10.0   19.2 -30.9  -5.4   18.0 -29.3   0.0
 14.1 -22.8   4.0   13.4 -22.5   2.0   10.0 -31.9  -5.6    9.5 -35.4  -3.1
  8.1 -29.2   2.6    7.3 -31.3   8.4    6.2 -37.9  -3.3    5.8 -19.4  -5.2
  5.4  -8.5  -4.9    5.1 -13.9  -3.7    5.0  -9.4  -5.4    4.8   1.0  -5.6
  4.7   1.2  -6.6

 99.9   4.0  14.9   90.0   3.3   5.3   80.0   0.2 -10.3   70.0   5.6  -2.6
 60.0  10.3  -0.0   50.0  16.4  -4.4   45.0  12.9  -4.4   40.0   6.5   4.1
 35.0   5.8  -1.0   30.0 -19.3  -7.0   25.0 -27.0  -2.6   22.5 -27.7  -7.2
 20.0 -27.6 -10.0   15.0 -24.4   3.0   12.0 -26.2  -1.0   10.0 -31.9  -5.6
  8.0 -29.5   3.3    7.0 -33.0   5.3    6.0 -28.8  -4.2    5.0  -9.4  -5.4
  4.0   0.0   0.0

 17. 6.2017   0 Uhr

 99.9   1.0  -0.3   93.7  -0.0  -7.7   82.1  -2.4 -13.7   80.2  -6.7 -14.5
 75.3  -2.3  -6.3   72.4   1.7  -3.7   70.3   9.7  -3.5   70.0  10.6  -3.9
 66.2  21.8  -3.8   58.5  18.7   3.3   50.0  11.1  -4.0   47.4   8.4  -3.9
 42.7  11.3  -1.0   40.0   2.1   1.5   38.9   5.1  -0.9   35.9   3.2  -4.6
 32.5  -6.5  -1.7   30.9 -13.8   1.2   30.0 -16.5   0.0   28.0 -26.6   2.3
 26.5 -23.1   2.0   22.7 -29.4  -5.2   20.0 -27.7   2.4   18.8 -22.4   6.0
 17.2 -20.0   1.7   13.8 -19.0   1.7   10.0 -31.3   2.7    9.7 -34.8   3.0
  7.9 -24.2   0.0    7.0 -26.1  -9.5    6.1 -33.4  -5.9    5.6 -21.8 -12.6
  5.1 -16.9  -4.5    5.0  -4.9  -2.8    4.8  -0.0  -0.0

 99.9   1.0  -0.3   90.0  -0.7  -9.6   80.0  -6.6 -14.1   70.0  10.6  -3.9
 60.0  19.4   1.9   50.0  11.1  -4.0   45.0   9.8  -2.4   40.0   2.1   1.5
 35.0   0.7  -3.9   30.0 -16.5   0.0   25.0 -25.5  -0.7   22.5 -29.3  -4.6
 20.0 -27.7   2.4   15.0 -19.3   1.7   12.0 -24.4   2.1   10.0 -31.3   2.7
  8.0 -24.8   0.2    7.0 -26.1  -9.5    6.0 -31.2  -7.2    5.0  -4.9  -2.8
  4.0   0.0   0.0

 17. 6.2017  12 Uhr

 99.9   0.7  -1.9   97.2  -2.8  -4.9   94.4  -1.9  -7.0   83.1 -15.2 -18.1
 77.3  -4.5  -2.6   75.1  -4.0  -4.0   73.7   0.6  -3.5   72.4   4.2  -3.0
 70.6  10.1  -1.8   70.0  12.2  -2.1   62.7  24.6   2.2   55.2  13.9  -0.0
 51.3   7.1 -10.1   50.0   5.1  -8.9   48.8   3.9  -6.7   47.1   5.1  -3.5
 45.9   9.1  -1.6   40.3  11.9   3.2   39.3  14.3   1.3   37.1   9.9  -2.7
 35.0   2.2  -4.7   34.2  -1.8  -1.0   33.5  -4.8   1.8   31.1 -13.3   1.2
 30.0 -13.1  -6.1   29.8 -12.0  -6.9   28.3 -21.0   1.8   24.8 -22.7  -8.3
 20.6 -28.9   5.1   20.0 -26.3   7.1   19.6 -25.1   9.1   17.5 -22.3   3.9
 15.9 -22.2   8.1   14.0 -22.8  -4.0   12.0 -29.7   2.6   10.0 -34.8   3.0
  9.0 -38.1   0.0    7.8 -31.3  -2.7    6.3 -45.6   4.0    5.7 -25.7   0.0
  5.5 -32.4  -5.7    5.1 -15.6  -9.0    5.0 -15.1  -8.7    4.7  -3.1 -11.4


 99.9   0.7  -1.9   90.0  -6.9 -11.2   80.0  -9.5  -9.9   70.0  12.2  -2.1
 60.0  20.9   1.4   50.0   5.1  -8.9   45.0   9.6  -0.9   40.0  12.6   2.6
 35.0   2.2  -4.7   30.0 -13.1  -6.1   25.0 -22.6  -7.7   22.5 -26.0  -1.2
 20.0 -26.3   7.1   15.0 -22.5   2.5   12.0 -29.7   2.6   10.0 -34.8   3.0
  8.0 -32.4  -2.3    7.0 -38.6   0.7    6.0 -35.8   2.0    5.0 -15.1  -8.7
  4.0   0.0   0.0

 18. 6.2017   0 Uhr

 99.9 -12.7 -12.7   91.5 -19.0 -13.3   87.2 -25.3  -6.8   85.6 -20.8  -3.7
 81.9  -9.3   4.3   80.5  -5.1   3.5   78.5   1.8   2.5   77.3   5.0   1.3
 70.0  20.5   1.8   65.9  24.6  -2.2   61.5  20.6  -0.0   55.4   2.6  -5.6
 51.5   2.9   1.1   50.4   4.7   2.2   50.0   6.5   1.7   45.4  14.3  -1.3
 43.7  14.2   2.5   40.6  11.7   5.4   39.1  12.3   1.1   36.6   5.8   2.1
 36.0   4.5   2.6   34.5   0.8   3.0   33.2  -4.2   3.0   30.4 -15.9  -4.3
 30.0 -17.4  -4.7   27.7 -23.8   4.2   25.4 -20.5  -1.8   22.3 -22.7   8.3
 20.0 -22.8   4.0   18.1 -24.8  -4.4   15.8 -24.1  -2.1   13.0 -33.3  -2.9
 10.0 -27.3   0.0    9.6 -25.2   0.0    7.7 -40.5  -3.5    6.5 -30.9   0.0
  6.1 -41.7   0.0    5.5 -22.1   0.0    5.2 -30.7  -2.7    5.0 -22.0  -1.9


 99.9 -12.7 -12.7   90.0 -21.2 -11.0   80.0  -3.4   3.3   70.0  20.5   1.8
 60.0  16.3  -1.3   50.0   6.5   1.7   45.0  14.3  -0.4   40.0  11.9   3.7
 35.0   2.0   2.8   30.0 -17.4  -4.7   25.0 -20.8  -0.5   22.5 -22.6   7.6
 20.0 -22.8   4.0   15.0 -26.6  -2.3   12.0 -31.4  -2.0   10.0 -27.3   0.0
  8.0 -37.9  -2.9    7.0 -35.0  -1.5    6.0 -38.5   0.0    5.0 -22.0  -1.9
  4.0   0.0   0.0

 18. 6.2017  12 Uhr

 99.9 -23.4  -6.3   94.2 -24.3  -6.5   85.0  -5.8  16.0   81.3   5.4   9.4
 80.0  10.1   7.1   77.1  14.9   4.0   71.9  24.7  -0.0   70.1  21.6  -0.0


 99.9 -23.4  -6.3   90.0 -16.1   3.5   80.0  10.1   7.1   70.0  21.4  -0.0
 60.0   0.0   0.0   50.0   0.0   0.0   45.0   0.0   0.0   40.0   0.0   0.0
 35.0   0.0   0.0   30.0   0.0   0.0   25.0   0.0   0.0   22.5   0.0   0.0
 20.0   0.0   0.0   15.0   0.0   0.0   12.0   0.0   0.0   10.0   0.0   0.0
  8.0   0.0   0.0    7.0   0.0   0.0    6.0   0.0   0.0    5.0   0.0   0.0
  4.0   0.0   0.0

 19. 6.2017   0 Uhr

 99.9 -28.3   0.0   86.0   1.2  13.3   83.7   6.5   9.3   81.9  13.5   4.9
 75.3  24.3   4.3   70.0  22.3   3.9   66.8  18.4   1.6   62.1  10.6   3.9
 58.9  14.7   2.6   55.5  12.5   7.2   52.2  15.9   1.4   50.0  23.8   4.2
 49.6  24.3   4.3   43.4  21.0   1.8   38.1   6.6   1.2   37.7   5.1   0.4
 36.2   1.1  -2.3   34.7  -4.5  -2.6   34.1  -6.3  -2.3   31.9 -15.6 -10.9
 31.3 -20.0  -9.3   30.2 -23.6  -2.1   30.0 -23.6  -2.1   26.4 -25.6  -2.2
 25.2 -29.4   5.2   24.1 -26.1   9.5   20.3 -26.1  -2.3   20.0 -27.2  -2.4
 15.9 -34.8   3.0   10.0 -24.3   4.3    9.6 -23.8   4.2    6.7 -26.1  -2.3
  6.3 -36.4  -3.2    6.0 -28.3   0.0

 99.9 -28.3   0.0   90.0  -7.6   9.3   80.0  16.6   4.7   70.0  22.3   3.9
 60.0  13.3   3.0   50.0  23.8   4.2   45.0  21.9   2.5   40.0  11.9   1.4
 35.0  -3.3  -2.5   30.0 -23.6  -2.1   25.0 -28.8   6.0   22.5 -26.1   4.7
 20.0 -27.2  -2.4   15.0 -33.4   3.2   12.0 -28.3   3.8   10.0 -24.3   4.3
  8.0 -25.0   0.8    7.0 -25.9  -1.5    6.0 -28.3   0.0    5.0   0.0   0.0
  4.0   0.0   0.0

 19. 6.2017  12 Uhr

 99.9  -1.3  15.4   90.4   2.9  10.9   88.1  -1.0  11.8   86.6   2.0   7.5
 85.9   4.6   5.5   84.8   8.9   2.4   83.5  12.3   1.1   78.8  22.3   3.9
 76.7  20.4   5.5   70.0  16.4  -1.4   62.2  12.4  -3.3   60.8   9.4  -5.4
 57.5  11.1  -6.4   55.2  15.4  -0.0   50.7  23.7  -0.0   50.0  22.6  -0.0
 46.1  17.5  -0.0   41.7   9.3  -4.3   37.2   5.6   0.5   34.1  -0.7  -1.9
 33.3  -3.4  -1.2

 99.9  -1.3  15.4   90.0   2.2  11.1   80.0  19.7   3.2   70.0  16.4  -1.4
 60.0   9.8  -5.6   50.0  22.6  -0.0   45.0  15.5  -1.1   40.0   8.0  -2.6
 35.0   1.2  -1.2   30.0   0.0   0.0   25.0   0.0   0.0   22.5   0.0   0.0
 20.0   0.0   0.0   15.0   0.0   0.0   12.0   0.0   0.0   10.0   0.0   0.0
  8.0   0.0   0.0    7.0   0.0   0.0    6.0   0.0   0.0    5.0   0.0   0.0
  4.0   0.0   0.0

 20. 6.2017   0 Uhr

 99.9  -3.9   6.7   98.4  -3.6   3.6   95.5  -2.5   1.8   91.4   0.0   6.7
 89.0   4.1   5.9   86.8   5.3   6.3   84.4  10.8   0.9   82.1  17.2  -3.0
 73.7  21.8  -7.9   70.3  14.7  -8.5   70.0  14.3  -8.2   67.2  13.8  -1.2
 64.8  10.8  -0.9   56.0  23.6   2.1   50.1  15.9  -4.3   50.0  15.4  -4.1
 47.3  13.9  -0.0   41.3   3.6  -3.6   37.1   5.1  -0.0   35.0   0.7  -1.4
 33.7  -3.9  -3.3   33.1  -4.7  -4.0   31.7 -14.9   1.3   30.9 -16.9   4.5
 30.0 -17.9   1.6   29.4 -16.7  -2.9   27.5 -20.4  -5.5   24.2 -25.8   4.6
 20.0 -29.2  -2.6   19.6 -29.7  -2.6   17.6 -29.9   5.3   15.5 -26.9   4.7
 13.0 -29.2  -2.6   10.0 -30.4   0.0    8.1 -38.1   0.0    7.2 -27.9   4.9
  6.6 -40.1   0.0    6.5 -39.1   0.0

 99.9  -3.9   6.7   90.0   2.4   6.2   80.0  18.3  -4.2   70.0  14.3  -8.2
 60.0  17.6   0.7   50.0  15.4  -4.1   45.0  10.1  -1.4   40.0   4.1  -2.5
 35.0   0.7  -1.4   30.0 -17.9   1.6   25.0 -24.5   2.0   22.5 -27.1   1.8
 20.0 -29.2  -2.6   15.0 -27.3   3.3   12.0 -29.6  -1.8   10.0 -30.4   0.0
  8.0 -37.0   0.5    7.0 -31.9   3.3    6.0   0.0   0.0    5.0   0.0   0.0
  4.0   0.0   0.0

 20. 6.2017  12 Uhr

 99.9  -7.0   3.3   96.6  -1.3  -2.2   94.2   3.0  -4.2   92.1   5.6  -2.6
 89.5   4.4   4.4   88.3   3.5   5.1   87.4   3.6   3.6   85.9   3.1  -0.0
 85.1   4.7  -2.2   79.0  12.7 -12.7   71.6   6.2 -10.7   70.0   1.7  -9.6
 69.6   0.9  -9.7   69.1   1.5  -8.6   68.4   4.4  -6.3   67.7   7.2  -5.0
 65.4  11.8  -0.0   59.7  21.3   3.8   52.7  10.6  -8.9   50.0  12.0  -6.9
 48.1  11.7  -5.4   44.8  12.2  -8.6   42.1   8.2  -0.7   39.4  12.2   2.1
 36.5   5.1   0.9   35.0   0.6   0.8   33.7  -5.0   1.3   31.5 -10.7   6.2
 30.4 -18.0   0.0   30.0 -16.7  -2.9   29.6 -15.5  -5.6   24.7 -23.3   4.1
 21.9 -25.7   0.0   20.0 -27.4   4.8   18.7 -34.5   6.1   14.9 -25.3  -4.5
 14.2 -25.1  -9.1   10.0 -30.4   0.0    9.7 -31.9   0.0    8.7 -28.2   2.5
  7.6 -34.8   3.0    7.1 -29.7   2.6    6.2 -41.0   3.6    5.9 -31.4   0.0
  5.7 -34.5  -6.1    5.3 -13.4  -7.7    5.2 -14.7  -8.5

 99.9  -7.0   3.3   90.0   4.6   3.0   80.0  11.4 -11.0   70.0   1.7  -9.6
 60.0  20.8   3.5   50.0  12.0  -6.9   45.0  12.2  -8.4   40.0  11.3   1.5
 35.0   0.6   0.8   30.0 -16.7  -2.9   25.0 -22.8   3.5   22.5 -25.2   0.9
 20.0 -27.4   4.8   15.0 -25.6  -4.2   12.0 -27.7  -4.6   10.0 -30.4   0.0
  8.0 -32.4   2.8    7.0 -30.9   2.7    6.0 -34.6   1.2    5.0   0.0   0.0
  4.0   0.0   0.0

 21. 6.2017   0 Uhr

 99.9   0.0   0.0   90.0   0.0   0.0   80.0   0.0   0.0   70.0   0.0   0.0
 60.0   0.0   0.0   50.0   0.0   0.0   45.0   0.0   0.0   40.0   0.0   0.0
 35.0   0.0   0.0   30.0   0.0   0.0   25.0   0.0   0.0   22.5   0.0   0.0
 20.0   0.0   0.0   15.0   0.0   0.0   12.0   0.0   0.0   10.0   0.0   0.0
  8.0   0.0   0.0    7.0   0.0   0.0    6.0   0.0   0.0    5.0   0.0   0.0
  4.0   0.0   0.0

 21. 6.2017  12 Uhr

 99.9   0.0   0.0   90.0   0.0   0.0   80.0   0.0   0.0   70.0   0.0   0.0
 60.0   0.0   0.0   50.0   0.0   0.0   45.0   0.0   0.0   40.0   0.0   0.0
 35.0   0.0   0.0   30.0   0.0   0.0   25.0   0.0   0.0   22.5   0.0   0.0
 20.0   0.0   0.0   15.0   0.0   0.0   12.0   0.0   0.0   10.0   0.0   0.0
  8.0   0.0   0.0    7.0   0.0   0.0    6.0   0.0   0.0    5.0   0.0   0.0
  4.0   0.0   0.0

 22. 6.2017   0 Uhr

 99.9  -5.9  -5.0   98.3  -6.2  -6.2   94.4  -6.6   1.2   91.8  -5.0   7.2
 85.3   5.5   4.6   82.7   4.9   8.5   78.7   9.1   1.6   75.2   9.9   2.7
 74.4   9.8   4.6   73.2   9.5   7.9   70.0  18.3  10.5   64.7  25.3   4.5
 60.4  18.4   1.6   56.5   8.2   3.0   54.1  13.1   6.1   50.0   8.7  -0.0
 47.7   5.1  -0.9   46.9   7.3   2.6   44.2   3.6   0.3   41.4  13.5   4.9
 39.5  11.4   3.1   33.1   1.3  -7.1   31.7  -7.9  -9.5   30.3 -14.3  -8.2
 30.0 -15.6  -9.0   28.9 -19.6 -11.3   26.8 -18.7   3.3   24.9 -24.1  -2.1
 20.0 -26.8   0.0   19.8 -26.6   2.3   13.0 -33.8   3.0   10.0 -24.6  -2.2
  9.6 -24.1  -2.1    8.9 -31.4  -5.5    8.1 -25.1   2.2    7.1 -17.4  -1.5
  6.8 -21.9  -5.9    6.3 -28.7  -2.5    5.6  -4.0   1.1    5.5  -6.2   0.0


 99.9  -5.9  -5.0   90.0  -2.2   6.5   80.0   7.7   3.9   70.0  18.3  10.5
 60.0  17.4   1.8   50.0   8.7  -0.0   45.0   4.7   1.0   40.0  12.0   3.6
 35.0   4.4  -3.9   30.0 -15.6  -9.0   25.0 -23.8  -1.8   22.5 -25.3  -1.1
 20.0 -26.8   0.0   15.0 -31.5   2.8   12.0 -30.9   1.4   10.0 -24.6  -2.2
  8.0 -24.4   1.8    7.0 -18.9  -3.0    6.0 -18.4  -1.0    5.0   0.0   0.0
  4.0   0.0   0.0

 22. 6.2017  12 Uhr

 99.9  -9.8  -4.6   97.3  -9.1  -7.6   84.8  -2.3   1.1   80.7   3.9   3.3
 77.8   7.6   7.6   75.0  13.7   2.4   70.0  20.8   3.7   67.5  23.7  -0.0
 61.6  12.2  -2.1   59.9  14.9   1.3   57.8   8.4  -2.3   53.8  13.3  -1.2
 50.0  14.9  -7.0   48.8  15.1  -8.7   45.4   6.2  -6.2   44.5   5.9  -4.1
 43.2  11.1  -2.0   41.4  14.3  -1.3   39.8   9.7   0.9   37.6  19.3   3.4
 33.6   6.2  -0.0   33.4   5.1  -0.0   32.8   0.1  -1.0   32.1  -4.7  -2.2
 31.0  -8.5  -4.9   30.2 -14.3  -1.3   30.0 -14.4   0.0   29.8 -14.9   0.0
 27.5 -13.7   2.4   26.1 -16.2  -2.9   23.3 -31.3  -2.7   22.2 -26.8   0.0
 20.0 -27.2  -2.4   16.9 -33.8  -3.0   13.7 -28.7   2.5   12.3 -27.3   0.0
 10.0 -31.3  -2.7    8.0 -38.9  -3.4    6.6 -31.3  -2.7    6.1 -38.9  -3.4
  5.7 -16.7   2.9    5.5  -8.7   7.3    5.1   0.0  13.4    5.0  -1.2  13.3


 99.9  -9.8  -4.6   90.0  -5.2  -2.6   80.0   4.8   4.3   70.0  20.8   3.7
 60.0  14.7   1.1   50.0  14.9  -7.0   45.0   6.1  -5.3   40.0  10.3   0.6
 35.0  10.9   1.2   30.0 -14.4   0.0   25.0 -22.0  -2.8   22.5 -28.0  -0.8
 20.0 -27.2  -2.4   15.0 -30.9   0.2   12.0 -27.8  -0.3   10.0 -31.3  -2.7
  8.0 -38.9  -3.4    7.0 -33.6  -2.9    6.0 -33.5  -1.8    5.0  -1.2  13.3
  4.0   0.0   0.0

 23. 6.2017   0 Uhr

 99.9  -7.5  -6.3   89.8  -5.0   1.3   88.9  -3.4   2.4   85.0   4.7   4.7
 78.9  10.7   6.2   76.7  16.9   1.5   70.0  25.1  -2.2   68.0  25.3  -6.8
 54.0  12.6   4.6   50.0   8.7  -0.8   49.9   8.7  -0.8   47.5   2.8  -6.1
 46.9   1.8  -4.8   45.9   1.5  -1.5   45.1   5.1  -0.9   43.5  13.3   1.2
 41.7  15.4  -1.3   39.4  12.2  -2.1   38.3   7.3  -7.3   35.8   2.8 -10.4
 34.8  -0.8  -8.7   33.7  -6.2  -8.8   31.8  -8.4  -8.4   30.0 -17.4  -1.5
 29.1 -21.3   3.8   28.4 -19.4   5.2   26.3 -13.9   0.0   24.0 -29.2   2.6
 22.0 -23.6   2.1   20.0 -25.6  -2.2   17.7 -32.9   0.0   14.5 -26.3   4.6
 11.2 -34.0   0.0   10.0 -29.8   0.0    9.1 -29.2   2.6    7.7 -27.3   0.0
  6.6 -38.3 -10.3    6.1 -15.2 -10.6    5.7  -2.1 -11.7

 99.9  -7.5  -6.3   90.0  -5.0   1.2   80.0   9.6   5.9   70.0  25.1  -2.2
 60.0  18.3  -0.5   50.0   8.7  -0.8   45.0   5.6  -0.8   40.0  13.0  -1.9
 35.0  -0.0  -9.1   30.0 -17.4  -1.5   25.0 -22.4   1.4   22.5 -25.0   2.2
 20.0 -25.6  -2.2   15.0 -27.4   3.9   12.0 -32.0   1.2   10.0 -29.8   0.0
  8.0 -27.7   0.6    7.0 -34.1  -6.4    6.0 -12.0 -10.9    5.0   0.0   0.0
  4.0   0.0   0.0

 23. 6.2017  12 Uhr

 99.9 -10.5  -7.4   95.6  -5.6  -2.6   95.0  -5.0  -1.3   93.2  -0.5   1.5
 91.0   4.7   2.2   84.3  11.3   1.0   80.4  10.2   3.7   70.0  23.6  -2.1
 69.0  24.3  -4.3   61.7   9.8  -5.7   58.8  17.2  -3.0   56.3  15.0  -5.5
 52.6   4.6  -8.0   50.5   4.7  -4.0   50.0   4.7  -2.2   49.5   6.2  -0.0
 45.8  -0.1  -0.5   43.7  12.8   1.1   41.6  16.4  -1.4   38.4  10.9  -2.9
 35.3   5.1  -4.3   35.2   3.6  -3.6   34.2  -1.8  -1.8   33.5  -5.0   1.3
 32.5  -5.8   5.8   31.0 -14.7   8.5   30.0 -13.9   9.7   29.7 -13.0  10.9
 28.1 -15.4   4.1   27.3 -20.0   1.7   25.4 -28.3   0.0   22.2 -23.1  -2.0
 20.0 -31.4  -5.5   19.2 -33.8  -3.0   16.4 -23.7   0.0   10.8 -29.8   8.0
 10.1 -32.3   2.8   10.0 -32.4   0.0    8.3 -20.8  -3.7    7.2 -19.8  -3.5
  6.3 -34.5  -6.1    6.0 -40.7 -10.9    5.8 -37.3 -10.0    5.5 -13.5 -13.5
  4.7   5.4 -11.7    4.5   9.8  -0.0

 99.9 -10.5  -7.4   90.0   5.6   2.0   80.0  10.6   3.5   70.0  23.6  -2.1
 60.0  14.1  -4.1   50.0   4.7  -2.2   45.0   4.8   0.1   40.0  13.7  -2.2
 35.0   2.6  -3.3   30.0 -13.9   9.7   25.0 -27.7  -0.2   22.5 -23.6  -1.8
 20.0 -31.4  -5.5   15.0 -25.0   1.8   12.0 -28.3   6.1   10.0 -32.4   0.0
  8.0 -20.5  -3.6    7.0 -22.9  -4.0    6.0 -40.7 -10.9    5.0  -1.9 -12.4
  4.0   0.0   0.0

 24. 6.2017   0 Uhr

 99.9   2.0  -0.2   92.1   6.3  -4.4   87.4  13.1  -4.8   74.2  15.9  -4.3
 71.5  16.3  -7.6   70.0  13.4  -7.7   66.7   7.1  -6.0   64.7   6.5  -1.7
 63.8   8.7  -0.0   59.7  18.0  -0.0   57.7  12.9  -3.5   55.6   6.7  -0.0
 53.9   7.6  -4.4   52.7   8.4  -2.3   50.1   4.8  -1.8   50.0   4.8  -1.8
 49.3   4.6  -0.4   48.5   6.1   2.8   45.1  16.9   6.2   40.5  15.4  -4.1
 39.3   9.7  -6.8   36.2   5.1  -0.4   35.7   0.5   0.9   35.2  -3.3   3.9
 34.5  -2.6   7.3   33.5 -10.9  10.9   31.7 -22.3  12.9   30.0 -19.8  -3.5
 28.9 -17.9  -6.5   25.8 -30.7  -2.7   24.3 -24.2   0.0   22.1 -23.3  -4.1
 20.0 -30.4   0.0   19.9 -30.4   0.0   16.4 -20.1   0.0   14.0 -33.3  -2.9
 11.6 -37.0   0.0   10.0 -28.8   0.0    9.7 -26.3   4.6    9.4 -32.4   0.0
  8.3 -17.4   4.7    7.8 -21.8   3.8    7.1 -14.7   8.5    6.8 -14.6  12.2
  6.2 -25.8   4.6

 99.9   2.0  -0.2   90.0   9.3  -4.6   80.0  14.6  -4.5   70.0  13.4  -7.7
 60.0  17.3  -0.0   50.0   4.8  -1.8   45.0  16.9   5.9   40.0  13.0  -5.2
 35.0  -3.1   4.9   30.0 -19.8  -3.5   25.0 -27.3  -1.3   22.5 -23.5  -3.3
 20.0 -30.4   0.0   15.0 -27.6  -1.7   12.0 -36.4  -0.5   10.0 -28.8   0.0
  8.0 -20.0   4.2    7.0 -14.7   9.7    6.0   0.0   0.0    5.0   0.0   0.0
  4.0   0.0   0.0

 24. 6.2017  12 Uhr

 99.9   4.1   0.4   96.7  12.8  -1.1   96.4  13.3  -1.2   94.2  12.1  -5.7
 90.3  12.9  -3.5   83.7  16.0  -9.3   78.3  12.7  -2.2   71.9   4.0  -4.7
 70.0   3.0  -0.5   69.3   5.0   1.3   67.0  13.4   3.6   61.6  19.0  -1.7
 59.0  11.7  -2.1   55.7  13.7   2.4   54.2   5.1   3.5   52.4   5.6   1.0
 51.3   3.0   0.8   50.0   3.4   2.4   46.9   3.3   3.9   46.0   3.5   3.0
 44.1  12.8   1.1   40.4  22.4 -10.4   36.8   4.8  -1.8   36.1   1.0   0.2
 35.3   0.9   5.1   34.4   1.7   9.6   33.3  -6.2   8.8   30.9 -14.5   5.3
 30.0 -16.4  -4.4   29.7 -15.9  -7.4   28.5 -22.7  -8.3   24.9 -28.3   0.0
 22.5 -20.8   3.7   20.1 -31.9   0.0   20.0 -31.9   0.0   17.3 -29.3   0.0
 14.4 -38.6   0.0   12.2 -34.5   6.1   10.9 -20.5   1.8   10.0 -33.3  -2.9
  9.7 -35.4  -3.1    9.3 -27.4  -4.8    8.8 -38.5  -6.8    7.9 -30.5 -11.1


 99.9   4.1   0.4   90.0  13.1  -3.7   80.0  13.7  -4.5   70.0   3.0  -0.5
 60.0  14.5  -1.9   50.0   3.4   2.4   45.0   8.4   2.0   40.0  20.5  -9.5
 35.0   1.2   6.6   30.0 -16.4  -4.4   25.0 -28.1  -0.2   22.5 -20.8   3.7
 20.0 -31.9   0.0   15.0 -36.6   0.0   12.0 -32.4   5.4   10.0 -33.3  -2.9
  8.0 -31.4 -10.6    7.0   0.0   0.0    6.0   0.0   0.0    5.0   0.0   0.0
  4.0   0.0   0.0

 25. 6.2017   0 Uhr

 99.9   0.0   0.0   90.0   0.0   0.0   80.0   0.0   0.0   70.0   0.0   0.0
 60.0   0.0   0.0   50.0   0.0   0.0   45.0   0.0   0.0   40.0   0.0   0.0
 35.0   0.0   0.0   30.0   0.0   0.0   25.0   0.0   0.0   22.5   0.0   0.0
 20.0   0.0   0.0   15.0   0.0   0.0   12.0   0.0   0.0   10.0   0.0   0.0
  8.0   0.0   0.0    7.0   0.0   0.0    6.0   0.0   0.0    5.0   0.0   0.0
  4.0   0.0   0.0

 25. 6.2017  12 Uhr

 99.9   8.9   4.1   96.8  13.4  -0.0   90.3  11.4  -3.1   81.4  11.8   1.0
 79.0   7.1  -4.1   73.6   7.2  -0.6   71.9  10.4   2.8   70.0  15.7   2.8
 67.2  18.4  -1.6   65.8  16.9  -4.5   62.6  12.3  -1.1   60.9   6.2  -3.6
 56.7  16.2  -2.9   53.8  13.3  -1.2   50.4  14.3   1.3   50.0  16.4   1.4
 46.9  21.8  -3.8   43.0   9.3 -11.0   41.8   6.9  -6.9   41.0   2.6  -4.5
 40.7   2.3  -2.8   40.1   5.0  -1.3   39.3   6.1  -0.5   38.6   4.7  -2.2
 37.1   0.1  -0.5   34.1  -3.9   3.3   31.1  -9.2  -0.8   30.1 -13.4   0.0
 30.0 -13.9   0.0   29.3 -16.4  -4.4   28.2 -26.8   0.0   26.5 -19.9   5.3
 25.5 -26.8   0.0   24.5 -22.3   3.9   23.3 -25.6  -2.2   21.0 -27.9   4.9
 20.0 -26.1   2.3   17.3 -26.6   2.3   16.7 -33.4   0.0   15.3 -28.7   2.5
 13.6 -42.5   3.7   13.0 -33.4   5.9   10.4 -25.8   4.6   10.0 -26.3   4.6
  8.8 -42.5  -3.7    8.3 -32.3   2.8    7.6 -38.1   0.0    6.6 -15.9   1.4
  6.1 -32.4  -5.7    5.9 -28.4  -5.0

 99.9   8.9   4.1   90.0  11.4  -2.9   80.0   9.1  -2.0   70.0  15.7   2.8
 60.0   8.3  -3.4   50.0  16.4   1.4   45.0  15.8  -7.3   40.0   5.1  -1.2
 35.0  -2.7   2.1   30.0 -13.9   0.0   25.0 -24.5   2.0   22.5 -26.4   0.2
 20.0 -26.1   2.3   15.0 -31.1   2.7   12.0 -30.7   5.4   10.0 -26.3   4.6
  8.0 -34.7   1.6    7.0 -25.0   0.8    6.0 -30.4  -5.4    5.0   0.0   0.0
  4.0   0.0   0.0

 26. 6.2017   0 Uhr

 99.9   2.2  -4.7   91.8  10.6  -3.9   81.5  15.9   1.4   78.4   9.3  -0.0
 76.3   4.2  -3.0   71.8  16.4  -1.4   71.2  17.9  -1.6   70.0  17.2  -3.0
 66.2  20.1  -0.0   61.1   9.4   2.5   60.2   5.6   1.0   56.7   5.6  -8.0
 55.5   6.2  -8.8   52.7  14.3   1.3   51.0  16.5  -0.0   50.0  14.9  -1.3
 49.5  12.8  -1.1   47.2   3.9  -3.3   44.6  -2.6   0.0   43.8  -3.0   4.2
 39.9   6.6   7.9   37.9  10.6   8.9   36.1   5.9   5.0   34.1   5.1  -0.4
 33.4   0.3  -1.5   32.7  -4.2  -3.0   31.8  -6.9  -6.9   30.1 -17.9  -6.5
 30.0 -18.4  -6.7   29.1 -21.1   0.0   25.9 -30.7  -2.7   24.2 -26.2   0.0
 22.4 -26.3   7.1   20.0 -27.8   0.0   17.4 -29.8  -8.0   15.6 -27.2  -2.4
 14.5 -36.4   3.2   12.8 -42.5  -3.7   11.1 -32.4   0.0   10.0 -41.0   3.6
  9.5 -44.1   3.9    7.7 -25.8   4.6    7.0 -40.1   0.0    6.2 -14.2  -2.5
  6.1 -11.7   2.1    5.7  -5.1  -4.3    5.5  -2.6  -7.3    5.4   3.5  -7.5
  5.3   5.4  -9.4    5.1  -2.0 -11.1    5.0  -0.8  -8.7    4.9   5.8  -5.8
  4.8   5.5  -5.5

 99.9   2.2  -4.7   90.0  11.5  -3.0   80.0  12.7   0.7   70.0  17.2  -3.0
 60.0   5.6   0.5   50.0  14.9  -1.3   45.0  -1.6  -0.5   40.0   6.4   7.8
 35.0   5.5   2.0   30.0 -18.4  -6.7   25.0 -28.4  -1.3   22.5 -26.3   6.7
 20.0 -27.8   0.0   15.0 -32.1   0.6   12.0 -37.9  -2.0   10.0 -41.0   3.6
  8.0 -29.1   4.4    7.0 -40.1   0.0    6.0 -10.0   0.5    5.0  -0.8  -8.7
  4.0   0.0   0.0

 26. 6.2017  12 Uhr

 99.9   1.7  -6.5   93.7   4.7  -4.0   90.7   8.1  -1.4   83.5  10.8  -0.0
 79.3  16.0   5.8   76.5   7.2   5.0   72.9  15.2   2.7   70.0  11.8  -0.0
 68.1  12.3  -1.1   64.5   4.1  -8.9   61.5   8.4  -5.9   60.1   3.8  -5.5
 58.7   5.1  -5.1   55.9  -0.6  -6.7   55.0   2.1  -3.6   54.3   4.9  -2.8
 52.9  10.8  -0.9   50.0  17.4   6.3   49.9  17.4   6.3   46.3  12.7   2.2
 45.4   7.5   3.5   44.5   3.8   5.5   43.9   1.7   6.5   42.3   9.5   9.5
 40.0  15.6  10.9   36.7  10.7   5.0   35.3   7.0  -1.9   34.7   3.3  -3.9
 33.9  -0.6  -7.2   30.3 -24.1  -2.1   30.0 -24.2   0.0   25.5 -26.1   2.3
 21.4 -26.9   4.7   20.0 -27.7  -2.4   15.6 -32.3  -2.8   13.2 -43.0  -3.8
 11.2 -32.4   5.7   10.0 -41.0   7.2    9.6 -38.8  10.4    9.3 -43.6   3.8
  8.2 -31.3  -2.7    7.3 -31.9   5.6    6.4 -41.0  -3.6    5.6 -15.9   0.0
  5.4 -11.4  -3.1    5.3  -7.7   0.0    5.2   0.0   2.6    5.1   4.5   2.6
  4.8  14.3   1.3    4.6  15.9  -0.0    4.5  18.7   3.3

 99.9   1.7  -6.5   90.0   8.4  -1.3   80.0  15.1   4.8   70.0  11.8  -0.0
 60.0   3.9  -5.5   50.0  17.4   6.3   45.0   5.9   4.4   40.0  15.6  10.9
 35.0   5.1  -2.9   30.0 -24.2   0.0   25.0 -26.2   2.6   22.5 -26.7   4.0
 20.0 -27.7  -2.4   15.0 -34.9  -3.0   12.0 -36.8   1.8   10.0 -41.0   7.2
  8.0 -31.4  -0.9    7.0 -34.9   2.7    6.0 -28.8  -1.8    5.0   7.7   2.1
  4.0   0.0   0.0

 27. 6.2017   0 Uhr

 99.9   0.0   0.0   90.0   0.0   0.0   80.0   0.0   0.0   70.0   0.0   0.0
 60.0   0.0   0.0   50.0   0.0   0.0   45.0   0.0   0.0   40.0   0.0   0.0
 35.0   0.0   0.0   30.0   0.0   0.0   25.0   0.0   0.0   22.5   0.0   0.0
 20.0   0.0   0.0   15.0   0.0   0.0   12.0   0.0   0.0   10.0   0.0   0.0
  8.0   0.0   0.0    7.0   0.0   0.0    6.0   0.0   0.0    5.0   0.0   0.0
  4.0   0.0   0.0

 27. 6.2017  12 Uhr

 99.9  -5.3  -3.1   99.3  -4.5  -2.6   95.3   0.3  -0.4   93.1   4.7   2.2
 91.0   7.3   2.6   90.1   7.5   2.0   86.2   5.3  -3.1   81.1   1.8  -1.0
 76.4   8.9   4.1   71.9   6.1  -0.5   70.0   8.7  -0.0   68.2  12.3   1.1
 64.4   3.8  -2.7   61.2   7.5   3.5   57.5   2.5   6.8   53.9   8.8   6.2
 52.1  11.3  -1.0   51.1  11.3  -1.0   50.0   7.5   2.0   49.5   8.9   4.1
 47.1  18.4   6.7   39.3  19.6 -11.3   37.0   3.3  -9.2   35.9   4.1  -5.9
 34.5   0.9  -5.1   34.0  -1.1  -4.0   33.3  -4.6  -3.2   30.4 -18.7   3.3
 30.0 -21.4   5.7   29.2 -25.6   2.2   27.9 -22.1   0.0   26.7 -28.4  -5.0
 24.0 -35.0   6.2   21.8 -30.9   0.0   20.2 -37.0   6.5   20.0 -36.5   6.4
 13.9 -37.6   0.0   11.1 -27.8   0.0   10.1 -23.4  -6.3   10.0 -23.9  -6.4
  9.5 -35.5  -6.3    7.1 -26.6  -2.3    6.3 -38.4  -3.4    5.9 -25.7   0.0
  5.6 -13.1   4.8    5.5  -8.8   6.2    5.4  -8.7   3.2    5.2  -6.6   7.9
  5.0  -4.0   4.7    4.9  -0.4   5.1    4.8  -2.3   2.8

 99.9  -5.3  -3.1   90.0   7.4   1.9   80.0   3.4   0.2   70.0   8.7  -0.0
 60.0   5.9   4.5   50.0   7.5   2.0   45.0  18.7   2.1   40.0  19.5  -9.6
 35.0   2.1  -5.4   30.0 -21.4   5.7   25.0 -32.5   1.9   22.5 -32.2   2.0
 20.0 -36.5   6.4   15.0 -37.3   1.3   12.0 -31.1   0.0   10.0 -23.9  -6.4
  8.0 -30.2  -3.9    7.0 -28.1  -2.5    6.0 -29.0  -0.9    5.0  -4.0   4.7
  4.0   0.0   0.0

 28. 6.2017   0 Uhr

 99.9  -5.1   2.4   97.8  -4.2   3.0   96.4  -1.2   3.4   93.6   3.9   3.3
 90.5   5.1  -0.0   85.7  12.2  -2.1   82.1  10.9   2.9   76.9  17.9  -1.6
 70.0   3.4  -2.4   68.9   0.8  -3.0   65.5   4.2  -3.0   63.4   6.1   0.5
 61.5   4.7   2.2   59.4   9.4   2.5   57.3   6.5   6.5   56.3   7.9   6.6
 54.7   6.0   7.1   52.2   3.3   3.9   51.2   1.5   0.3   50.0   4.1  -0.7
 49.6   5.1  -0.0   48.4   7.7   2.8   43.4  19.8  -7.2   39.9   7.6  -7.6
 38.5  -0.0  -5.1   36.8  -0.4  -2.5   35.6  -6.5  -1.7   32.4 -24.8   6.7
 30.0 -25.2   0.0   29.3 -27.7  -2.4   24.6 -29.9   5.3   23.2 -29.2  -2.6
 21.8 -29.9   5.3   20.0 -32.9   0.0   17.6 -31.8  -2.8   14.6 -29.7   2.6
 13.8 -37.4   3.3   12.2 -30.5  11.1   11.3 -23.1  -2.0   11.1 -23.4  -6.3
 10.0 -33.4  -5.9    9.6 -37.5  -6.6    7.4 -23.8   4.2    6.7 -34.8  -3.0


 99.9  -5.1   2.4   90.0   5.9  -0.2   80.0  13.7   1.1   70.0   3.4  -2.4
 60.0   8.1   2.4   50.0   4.1  -0.7   45.0  15.8  -3.9   40.0   8.0  -7.6
 35.0  -9.8  -0.2   30.0 -25.2   0.0   25.0 -29.7   4.6   22.5 -29.5   1.3
 20.0 -32.9   0.0   15.0 -30.0   1.8   12.0 -28.8   8.2   10.0 -33.4  -5.9
  8.0 -27.8   1.0    7.0 -30.0   0.1    6.0   0.0   0.0    5.0   0.0   0.0
  4.0   0.0   0.0

 28. 6.2017  12 Uhr

 99.9  -3.9  -3.3   95.6   0.4  -2.0   93.2   4.7  -2.2   89.6   8.2  -0.0
 82.3  15.4  -1.3   77.8  14.2   2.5   73.7  13.3  -1.2   70.0   6.7   0.6
 68.6   5.1   0.9   65.7   9.4   2.5   62.6  11.8  -0.0   59.4  12.4   3.3
 57.2  15.7   2.8   53.8  13.5   4.9   50.6   7.2  -0.0   50.0   8.7  -0.0
 45.7  20.8  -3.7   41.6  17.9  -4.8   39.8   8.5  -4.9   39.1   3.6  -4.3
 38.5  -1.1  -4.0   37.8  -4.8  -1.8   37.3  -7.7  -0.7   34.5 -15.0   5.5
 32.3 -18.6   8.7   31.3 -23.9   6.4   30.0 -24.2   0.0   28.5 -23.7  -8.6
 26.3 -29.3   0.0   22.4 -31.9  -5.6   20.0 -32.8  -2.9   18.0 -32.4   5.7
 14.6 -36.9  -3.2   12.0 -25.3   4.5   10.0 -28.7  -2.5    7.5 -26.8   0.0
  7.1 -27.7  -2.4    6.8 -41.5  -3.6    6.4 -45.1  -8.0    5.9 -20.9  -5.6
  5.8 -12.3   0.0    5.2  -0.0   0.5    4.6  -2.6  -4.5

 99.9  -3.9  -3.3   90.0   7.8  -0.2   80.0  14.8   0.6   70.0   6.7   0.6
 60.0  12.3   2.7   50.0   8.7  -0.0   45.0  20.3  -3.9   40.0   9.5  -4.9
 35.0 -13.7   4.3   30.0 -24.2   0.0   25.0 -30.2  -1.8   22.5 -31.8  -5.5
 20.0 -32.8  -2.9   15.0 -36.3  -2.1   12.0 -25.3   4.5   10.0 -28.7  -2.5
  8.0 -27.2  -0.5    7.0 -32.2  -2.8    6.0 -25.8  -6.1    5.0  -0.9  -1.1
  4.0   0.0   0.0

 29. 6.2017   0 Uhr

 99.9   2.6  -4.5   98.8   5.1  -2.4   96.3   5.1   0.4   85.1  11.9  -3.2
 78.5  16.4  -1.4   75.2  11.3  -1.0   70.0   9.7  -6.8   69.6   8.8  -6.2
 67.5   6.1  -1.1   65.7   3.6  -3.6   64.8   4.0  -2.3   63.7   6.7  -0.0
 55.2  14.9  -4.0   51.9   6.7  -3.9   50.5  13.8  -1.2   50.0  15.9  -0.0
 48.8  18.4  -1.6   44.6  18.5  -0.0   41.4   8.0  -2.1   39.9   7.2  -0.0
 39.2   3.9   3.3   38.8   3.1   5.3   36.6   2.9  10.9   35.0   2.1   5.8
 34.6   0.0   5.7   34.0  -5.0   7.2   30.3 -23.7   0.0   30.0 -23.6  -2.1
 26.7 -26.3   7.1   23.5 -31.4  -5.5   22.5 -29.3   0.0   20.0 -31.9   0.0
 16.6 -30.8  -8.3   13.8 -33.8  -3.0   11.3 -22.9   6.1   10.0 -30.2   2.6
  9.2 -36.0   0.0    7.5 -26.2   0.0    6.6 -45.6  -4.0    6.0 -21.0   1.8


 99.9   2.6  -4.5   90.0   8.9  -1.6   80.0  15.4  -1.8   70.0   9.7  -6.8
 60.0  10.2  -1.7   50.0  15.9  -0.0   45.0  18.5  -0.2   40.0   7.3  -0.1
 35.0   2.1   5.8   30.0 -23.6  -2.1   25.0 -29.0   0.5   22.5 -29.3   0.0
 20.0 -31.9   0.0   15.0 -32.5  -5.3   12.0 -26.1   3.4   10.0 -30.2   2.6
  8.0 -29.3   0.0    7.0 -36.8  -2.2    6.0 -21.0   1.8    5.0   0.0   0.0
  4.0   0.0   0.0

 29. 6.2017  12 Uhr

 99.9   3.0   3.5   82.1  14.3 -10.0   80.8  15.6 -10.9   73.3  13.5  -9.4
 70.0   4.6  -8.0   69.6   4.4  -7.6   66.1   4.1  -5.9   64.5   3.5  -0.9
 63.8   5.1   0.4   62.3   8.2   3.0   51.4  23.1   2.0   50.0  22.6  -0.0
 45.7  18.6  -8.7   41.8   4.6  -3.2   40.2   4.6  -0.0   39.7   4.8   1.8
 37.2   4.4   7.6   35.8  -4.6   3.2   34.4 -10.2   3.7   33.2 -11.1   6.4
 31.2 -16.9  -6.2   30.0 -23.7  -8.6   29.8 -25.3  -6.8   26.7 -27.7   2.4
 25.2 -30.9  -5.4   23.1 -24.8  -4.4   20.0 -28.2  -2.5   17.9 -28.8  -7.7
 13.7 -32.8   8.8   10.8 -25.8   4.6   10.0 -31.4   5.5    9.8 -33.8   3.0
  7.5 -22.6   0.0    6.3 -42.6  -7.5    5.5 -13.9  -3.7    5.0  -6.5  -9.3


 99.9   3.0   3.5   90.0   9.1  -3.8   80.0  15.4 -10.8   70.0   4.6  -8.0
 60.0  11.2   2.8   50.0  22.6  -0.0   45.0  16.2  -7.7   40.0   4.7   0.7
 35.0  -7.8   3.5   30.0 -23.7  -8.6   25.0 -30.3  -5.3   22.5 -25.4  -4.0
 20.0 -28.2  -2.5   15.0 -31.5   3.3   12.0 -28.9   6.4   10.0 -31.4   5.5
  8.0 -25.3   0.7    7.0 -30.6  -3.0    6.0 -32.1  -6.1    5.0  -6.5  -9.3
  4.0   0.0   0.0

 30. 6.2017   0 Uhr

 99.9  10.1   1.8   91.2  16.4  -6.0   86.2  10.2  -5.9   78.7  11.7   2.1
 75.1   2.8   6.1   74.2   3.1   5.3   72.9   4.9   2.8   72.1   4.6  -0.4
 71.5   4.2  -3.0   70.8   4.3  -3.6   70.0   5.1  -2.4   69.2   7.2  -0.0
 63.9  15.2  -2.7   61.5  12.8   1.1   58.3  14.9  -4.0   55.7  16.5  -0.0
 54.2  18.7  -3.3   50.0  11.6  -4.2   48.9   7.9  -3.7   48.2   7.0  -1.9
 47.4   9.1   1.6   44.5  14.2   2.5   39.1   9.9   2.7   37.8   5.0   1.3
 36.9  -0.0   0.5   34.5  -5.1   0.4   33.6  -8.2   3.0   32.6  -9.6  -1.7
 32.3 -11.1  -4.0   30.4 -24.1  -2.1   30.0 -25.1  -2.2   29.2 -25.7   0.0
 25.4 -32.4  -5.7   21.8 -31.3  -2.7   20.2 -28.3   7.6   20.0 -27.8   7.5
 18.8 -27.2   2.4   12.1 -31.3  -8.4   11.2 -24.3  -4.3   10.0 -27.3   0.0
  9.6 -27.2   2.4    8.8 -30.4   0.0    7.5 -20.5  -1.8    6.2 -40.5   3.5
  5.8 -15.9   4.3    5.5  -8.9   4.1    5.3 -12.7  -2.2    5.1 -16.4  -1.4


 99.9  10.1   1.8   90.0  15.0  -6.0   80.0  11.4   0.6   70.0   5.1  -2.4
 60.0  13.8  -1.3   50.0  11.6  -4.2   45.0  13.3   2.3   40.0  10.7   2.6
 35.0  -4.0   0.5   30.0 -25.1  -2.2   25.0 -32.3  -5.4   22.5 -31.5  -3.3
 20.0 -27.8   7.5   15.0 -29.4  -3.3   12.0 -30.5  -7.9   10.0 -27.3   0.0
  8.0 -24.4  -1.1    7.0 -27.9   0.2    6.0 -28.3   3.9    5.0 -18.3  -1.0
  4.0   0.0   0.0

 30. 6.2017  12 Uhr

 99.9  14.9  -1.3   89.1  14.9  -4.0   82.1  19.9   5.3   75.2  13.2  -2.3
 70.5   2.4  -0.9   70.0   2.2  -2.2   65.4   8.2   3.0   62.7   9.7  -0.9
 60.2  15.4   1.3   56.2  19.8  -3.5   51.5  13.7   2.4   50.0  17.4   4.7
 48.7  19.4   5.2   47.4  21.3   3.8   42.6  13.8   1.2   40.2  12.9   3.5
 38.5  12.9  -0.0   36.2   6.1   0.5   34.9   1.3  -1.6   34.0  -0.4  -5.1
 32.7  -5.1  -4.3   30.0 -18.7  -3.3   29.6 -19.0  -1.7   27.0 -22.7  -8.3
 25.6 -31.8   2.8   23.5 -27.3   7.3   21.6 -31.3   2.7   20.5 -27.1   9.9
 20.0 -27.8   7.5   17.8 -31.4   0.0   14.5 -27.2   2.4   10.9 -30.0 -10.9
 10.0 -28.8  -7.7    8.9 -33.4  -5.9    7.9 -27.9  -4.9    6.5 -41.7   0.0
  6.2 -40.0  -3.5    5.7 -14.7   2.6    5.3  -9.1   1.6    5.1 -16.9   1.5
  4.8  -4.3   5.1

 99.9  14.9  -1.3   90.0  14.9  -3.8   80.0  17.9   3.0   70.0   2.2  -2.2
 60.0  15.6   1.1   50.0  17.4   4.7   45.0  17.6   2.5   40.0  12.9   3.1
 35.0   1.7  -1.4   30.0 -18.7  -3.3   25.0 -30.5   4.0   22.5 -29.4   4.9
 20.0 -27.8   7.5   15.0 -27.8   2.0   12.0 -29.1  -6.6   10.0 -28.8  -7.7
  8.0 -28.4  -5.0    7.0 -36.5  -1.8    6.0 -30.0  -1.1    5.0 -12.8   2.7
  4.0   0.0   0.0


Monatsmittelwind fuer den  6 2017

Niveau Anzahl     U     V   DD FF
 [hPa]        [m/s] [m/s]     [kn]
  99.9     55  -2.6  -1.6   59  6
  90.0     55   2.5  -0.2  275  5
  80.0     55   9.4  -0.3  272 18
  70.0     55  12.6  -0.4  272 25
  60.0     54  13.6  -0.2  271 27
  50.0     54  13.4  -0.8  273 26
  45.0     54  12.6  -0.5  272 25
  40.0     54  11.0  -0.4  272 21
  35.0     54   3.8  -0.1  272  7
  30.0     53 -14.5  -0.8   87 28
  25.0     53 -25.4  -0.2   90 49
  22.5     52 -27.1  -0.1   90 53
  20.0     52 -28.7   0.1   90 56
  15.0     52 -30.0   0.1   90 58
  12.0     52 -29.4   0.6   91 57
  10.0     51 -30.4   0.5   91 59
   8.0     50 -29.1  -0.1   90 57
   7.0     48 -30.0  -0.4   89 58
   6.0     43 -26.7  -1.9   86 52
   5.0     25  -9.8  -2.1   78 20
   4.0      1   8.0   4.6  240 18
