USSR01 WSSS 211200
TTAA  71112 48698
99009 28047 07004 00110 27432 03506 92801 23242 20502
85535 18423 17506 70179 10226 15010 50591 05158 08519
40763 15360 10016 30975 29524 03508 25102 39736 02014
20250 53147 31508
88999
77999
31313 73508 81045=



UKSR01 WSSS 211200
TTBB  71118 48698
00009 28047 11961 25220 22940 24450 33848 18023 44686 10044
55609 04456 66566 01231 77539 00957 88502 04958 99492 06150
11477 07561 22455 10138 33413 13760 44395 15758 55390 15962
66377 17163 77365 18761 88359 19556 99311 27519 11266 35932
22200 53147 33179 58736 44176 59531 55167 62161
21212 00009 07004 11984 00504 22964 07504 33955 14502 44938
22504 55923 20502 66915 15502 77899 13506 88876 17504 99836
17506 11821 15010 22778 14508 33742 15508 44722 14008 55671
15512 66659 13012 77610 10018 88564 11516 99504 08519 11408
10012 22383 10008 33377 08008 44321 06510 55295 03506 66287
08506 77284 09004 88276 05506 99260 07010 11253 03012 22241
01510 33227 04012 44209 01010 55205 33008 66196 31008 77192
00504 88184 36014 99167 02527
31313 73508 81045
41414 18478=



ULSR01 WSSS 211200
TTCC  7111/ 48698
88999
77999
31313 73508 81045=



UESR01 WSSS 211200
TTDD  7111/ 48698
31313 73508 81045=
