USSR01 WSSS 191200
TTAA  69111 48698
99008 30257 05503 00103 30050 05502 92793 23626 09012
85529 19038 09008 70175 09835 06512 50590 04956 03016
40762 14956 08516 30975 28963 10008 25103 39358 09510
20251 52350 08521 15431 66560 11518 10667 78957 29518
88999
77999
31313 73508 81033=



UKSR01 WSSS 191200
TTBB  69118 48698
00008 30257 11962 26027 22686 08826 33652 07258 44615 04238
55513 03556 66493 05360 77480 06756 88443 10529 99440 10357
11427 11749 22408 13759 33387 16927 44360 20138 55356 19758
66289 31164 77233 43756 88178 58936 99171 60760 11167 61765
22143 69158 33122 75158 44100 78957
21212 00008 05503 11987 10010 22975 08010 33958 09014 44944
06014 55916 09012 66903 12508 77859 07006 88851 08508 99814
05016 11799 07516 22786 04514 33775 06512 44750 02008 55742
05512 66732 04014 77722 05514 88703 06012 99672 03016 11650
07014 22636 03012 33617 05010 44595 04514 55588 03012 66559
04516 77547 02516 88454 04016 99390 10516 11380 08008 22372
11006 33363 09008 44349 11510 55341 09008 66327 08510 77321
11512 88309 12508 99303 11008 11296 11506 22290 09006 33279
11506 44274 09010 55268 11010 66263 10012 77256 12508 88251
10008 99233 11519 11204 08023 22179 10018 33163 08512 44160
11514 55139 11016 66134 07010 77123 07033 88116 07512 99114
04006 11112 31506 22110 29010 33100 29518
31313 73508 81033
41414 22438=



ULSR01 WSSS 191200
TTCC  69111 48698
70872 71963 26510 50075 65775 27027 30386 64576 08047
20638 56982 09066 10091 42388 08582
88928 80356 29516
77096 08586 41635
31313 73508 81033=



UESR01 WSSS 191200
TTDD  6911/ 48698
11928 80356 22851 79357 33796 74960 44755 75559 55695 71164
66644 71964 77600 66970 88431 64977 99400 67174 11369 66575
22360 63178 33308 64576 44272 63378 55235 58381 66207 58981
77170 51986 88125 48587 99104 44188 11089 33391 22069 31192
33060 34191 44053 33998
21212 11907 29016 22865 36010 33814 35508 44799 31506 55768
32508 66711 31010 77692 23516 88653 23016 99613 20021 11521
26529 22501 27029 33478 30519 44390 03521 55368 08519 66335
08547 77252 09558 88207 08568 99192 09058 11119 09566 22096
08586 33076 08027 44070 13018 55064 06514 66062 05506 77061
02506 88058 35508 99057 28508 11056 26014 22053 27516
31313 73508 81033=
