sing20170517.00
TTAA 67001 48698
99006 28826 19003 00078 28431 16506 92768 24050 15017
85505 19834 20011 70157 11249 25514 50588 06157 11021
40761 12558 10525 30974 28368 07529 25102 38371 07026
20251 51364 07534 15431 66756 04538 10666 80557 13021
88999
77999=
TTCC 67001 48698
70869 72770 25514 50069 67574 28524 30383 60979 28521
20642 50186 08543 10103 45589 08561
88967 81757 11514
77070 09078 416//=
TTDD 6700/ 48698
11967 81757 22901 78159 33807 81357 44747 79161 55728
73366 66408 62977 77371 64976 88294 60380 99260 53584
11247 54783 22135 44190 33102 46589 44075 42590 55067
35793
21212 11947 06005 22855 05510 33818 06015 44807 07516
55791 09511 66750 15502 77736 25010 88674 25023 99636
27517 11602 25515 22590 27519 33532 29530 44513 30024
55484 28019 66480 27018 77472 25520 88448 24029 99403
25532 11373 26027 22353 27520 33337 32024 44319 31520
55316 30517 66306 28519 77299 29021 88283 33524 99263
07027 11251 10033 22229 07545 33214 10044 44205 08039
55160 10566 66147 09052 77112 07549 88088 09562 99073
09062 11070 09078 22067 09072=
