sing20170506.00
TTAA 56001 48698
99010 27825 32501 00115 26825 23504 92803 22213 20503
85536 18227 30009 70176 09232 34003 50589 04960 12006
40761 14569 16008 30973 30158 11512 25100 40163 09522
20249 52760 11516 15427 68544 07013 10662 77559 12009
88113 79156 07026
77999=
TTCC 56001 48698
70867 71569 23524 50067 69571 26529 30383 60377 28027
20640 53182 06539 10099 41989 09051
88999
77130 07571 42420 77058 10566=
TTDD 5600/ 48698
11803 79760 22780 74564 33735 74566 44684 70170 55593
73967 66543 66973 77492 69771 88432 61177 99383 59978
11315 58778 22288 61377 33266 55781 44239 57379 55218
52582 66207 53981 77183 52782 88175 48785 99081 39790
11078 39790 22056 30995 33055 31194
21212 11956 26511 22919 28518 33884 26512 44842 20515
55799 18523 66771 16016 77735 16011 88703 23023 99671
24537 11619 26033 22554 25031 33515 27033 44482 25020
55460 24523 66429 27526 77378 25030 88347 26029 99327
25024 11314 27023 22279 29526 33271 32012 44265 03006
55259 09010 66242 16022 77237 16524 88222 10035 99206
05534 11194 08040 22177 08561 33159 09554 44130 07571
55119 09062 66093 10046 77067 08557 88058 10566 99055
11065=
