sing20170529.00
TTAA 79001 48698
99006 28833 19504 00074 28033 18505 92763 23019 16507
85500 20056 31007 70153 12459 29513 50588 04728 08010
40760 14507 08523 30973 27764 07034 25101 38363 06043
20251 50761 06546 15432 64962 06058 10668 81146 07525
88999
77136 05561 40909=
TTCC 79001 48698
70871 71768 24006 50074 67972 28047 30389 59977 33506
20646 53181 08052 10106 40988 09559
88922 84748 06521
77076 08578 41716=
TTDD 7900/ 48698
11922 84748 22892 80757 33848 82150 44779 79360 55737
69770 66689 71968 77675 67172 88610 64575 99545 68372
11465 68372 22360 57779 33327 60377 44276 59178 55251
54580 66217 56180 77182 49983 88114 44986 99108 40988
11079 38390 22069 32793 33068 32593 44057 35392
21212 11960 08520 22894 06528 33820 10011 44799 09012
55776 12014 66749 11510 77718 22001 88692 24010 99673
26523 11654 27029 22626 28522 33597 26533 44524 27551
55446 29541 66401 28517 77393 27015 88385 24020 99361
21023 11329 22033 22314 20013 33311 20010 44303 26002
55297 35010 66292 01016 77282 01026 88274 04534 99264
07048 11252 09047 22241 10550 33234 11043 44224 10539
55204 08051 66182 09565 77147 09053 88125 08572 99096
09556 11076 08578 22057 09574=
