sing20170509.00
TTAA 59001 48698
99007 28832 20003 00089 28437 17510 92775 22411 17010
85508 18426 17008 70152 10028 19009 50588 04920 36007
40760 15339 33014 30971 29957 32013 25098 39763 36010
20247 52562 03515 15426 67358 06021 10661 82539 29020
88999
77999=
TTCC 59001 48698
70865 72967 25031 50065 68573 24027 30380 55981 24016
20638 53382 09540 10095 44388 08551
88882 84741 31016
77046 09079 412//=
TTDD 5900/ 48698
11882 84741 22860 83357 33843 73963 44833 72764 55725
73766 66641 73567 77594 67373 88526 70771 99414 61777
11376 63176 22298 55981 33237 58180 44138 46187 55122
47985 66113 43389 77105 45188 88085 41391 99063 31394
11047 27396 22046 27596
21212 11918 33024 22894 32520 33869 29510 44856 34002
55844 34510 66830 35017 77808 01514 88799 01010 99793
34507 11766 28513 22747 26522 33698 25031 44666 25522
55633 23516 66576 29035 77523 27523 88498 23527 99473
23032 11423 28526 22394 29533 33377 29527 44363 27015
55357 27514 66330 22521 77321 22026 88314 23028 99302
24017 11288 20512 22284 18510 33268 06004 44262 36010
55256 36013 66244 04511 77242 05014 88228 06035 99210
12027 11196 08546 22186 09049 33178 07044 44165 10056
55129 09557 66117 10047 77113 09538 88108 08044 99091
09548 11078 08556 22071 08048 33056 09570 44046 09079
55046 09079=
