sing20170527.12
TTAA 77121 48698
99005 29238 09003 00065 28640 09002 92756 23420 11507
85492 19226 24005 70141 11257 29014 50587 03322 10512
40761 12762 07516 30975 27559 07024 25103 37367 07033
20253 50158 04541 15434 66336 06048 10671 77358 27520
88999
77999=
TTCC 77121 48698
70871 78960 29505 50072 60977 27050 30386 58578 17012
20644 46784 07536 10106 40190 09058
88751 84939 05012 88428 65773 27550
77094 09562 42112 77467 26559 42827=
TTDD 7712/ 48698
11751 84939 22673 74165 33614 70170 44586 70969 55540
62776 66493 60577 77428 65773 88381 66173 99349 65374
11313 56780 22287 60177 33239 59178 44231 56780 55229
52982 66206 46385 77175 44786 88140 47785 99069 33394
11061 37992 22050 35793 33043 28795 44041 28795
21212 11887 28023 22857 29016 33821 35513 44770 04016
55749 05011 66729 31001 77682 32510 88631 01518 99616
01012 11587 30007 22580 29010 33533 28045 44467 26559
55409 28044 66389 29542 77353 34025 88337 34012 99335
35010 11332 04006 22327 09010 33320 11520 44295 18015
55289 18521 66287 17522 77261 07014 88257 06015 99248
10020 11231 10543 22216 10532 33207 07034 44176 09552
55144 08540 66116 07550 77094 09562 88080 09549 99073
09558 11065 05561 22060 08053 33050 08054 44045 09028
55043 08540 66041 09031=
