sing20170523.12
TTAA 73121 48698
99005 31458 20006 00065 30858 17007 92757 24027 18010
85495 19856 23016 70145 11650 25016 50589 03337 11007
40762 13759 10513 30974 27958 06522 25103 38359 06024
20252 50934 08530 15432 66556 07542 10669 80156 05537
88102 80356 06033
77999=
TTCC 73121 48698
70874 77162 28015 50072 70770 26027 30387 58977 24023
20645 51181 09552 10103 42786 09559
88999
77051 09571 406//=
TTDD 7312/ 48698
11973 80757 22934 75161 33904 74962 44752 77561 55633
74965 66575 69171 77529 71169 88328 57779 99299 59177
11255 55979 22235 58778 33219 51782 44203 50982 55183
52981 66147 45984 77108 45385 88081 38989 99075 39789
11062 29395 22053 31394 33050 27796 44047 28395
21212 11984 05539 22955 05524 33940 04512 44922 34004
55904 27510 66825 27034 77777 25527 88724 28019 99666
29015 11648 28011 22641 27011 33629 25013 44600 28022
55574 26532 66549 28038 77474 25025 88399 27512 99394
26510 11384 22515 22365 23015 33355 26516 44325 25025
55301 24523 66292 22016 77288 23012 88286 24010 99271
00505 11266 07010 22254 08032 33236 07040 44219 10553
55213 10054 66187 07541 77179 08541 88148 10044 99111
08548 11093 10568 22088 10551 33075 09070 44054 10566
55051 09571 66047 09529=
