sing20170512.00
TTAA 62001 48698
99008 27626 35001 00090 26826 30505 92777 22410 26506
85511 18414 27006 70155 10241 19503 50589 04740 10505
40762 13561 09513 30974 28758 12017 25102 39162 09518
20250 51962 07521 15430 67156 06030 10664 75561 18505
88108 82956 06536
77999=
TTCC 62001 48698
70870 75164 28524 50069 66972 26529 30385 55179 25520
20643 54380 08541 10102 42586 09538
88999
77062 08063 414//=
TTDD 6200/ 48698
11758 78361 22712 74765 33655 77563 44583 65374 55465
67772 66395 60977 77360 62975 88289 53181 99252 57178
11213 56979 22159 49383 33155 50982 44125 41786 55093
43186 66083 35790 77075 34990 88059 33592
21212 11898 29511 22859 31020 33822 29022 44774 29533
55700 28524 66639 30010 77615 25504 88592 21010 99573
22023 11471 29536 22419 26011 33401 24017 44374 23530
55348 27022 66317 29022 77302 25520 88267 29512 99264
28510 11256 23008 22251 18012 33242 14019 44237 10023
55226 06033 66217 05037 77209 07046 88203 08043 99190
08540 11163 06553 22152 09544 33144 10548 44099 09038
55088 10550 66062 08063 77059 08057=
