sing20230406.12
TTAA  56111 48698
99005 30459 29504 00078 29658 26010 92765 24044 28512
85497 19450 29012 70144 10256 28018 50586 05750 00000
40757 15559 00508 30968 31532 09010 25094 41350 11021
20241 53923 10037 15419 68749 09562 10657 77961 23514
88999
77144 09572 42762=
TTCC  56112 48698
70859 75761 02519 50056 67968 30019 30374 53982 27547
20631 58984 28043
88891 83559 26031
77999=
TTDD  5611/ 48698
11891 83559 22795 81559 33759 79760 44733 75163 55605 77162
66583 72166 77524 67170 88500 67968 99481 64172 11411 64573
22369 61775 33362 60975 44353 55580 55340 53579 66273 57184
77203 58984 88179 54985 99167 52386 11162 48787 22155 48987
33148 45787 44136 47587 55133 46987 66130 42588
21212 11894 26029 22834 26021 33763 30510 44741 00504 55715
02018 66673 06010 77662 12506 88649 12508 99635 15512 11611
17514 22586 17502 33584 33002 44576 35506 55561 28512 66533
27525 77510 30523 88455 26021 99429 27525 11374 26035 22313
28545 33285 26549 44208 27545 55178 26029 66165 28021 77161
32516 88157 32014 99146 05525 11135 09547 22130 08554=
