sing20230430.00
TTAA  80001 48698
99005 27220 01501 00080 27218 00000 92768 23447 34004
85500 18843 32504 70150 09621 09006 50588 04347 34006
40761 14756 03504 30973 29948 11508 25101 39756 08006
20249 52557 09504 15428 67561 14008 10661 83757 06529
88102 85156 06027
77999=
TTCC  80001 48698
70861 77363 30519 50061 67382 26029 30377 59584 30033
20636 52985 09516 10091 42788 08551
88127 49786 10043
77075 07562 41810=
TTDD  8000/ 48698
11937 80759 22833 80560 33786 83158 44721 80161 55613 67574
66514 67782 77435 59984 88329 63583 99288 57984 11274 58784
22222 51386 33200 52985 44189 53585 55185 53785 66182 53385
77180 50786 88177 48187 99161 50786 11148 46987 22127 49786
33120 49586 44106 43188 55082 38989 66059 30792
21212 11959 09533 22935 10019 33896 15502 44887 25502 55882
27004 66854 29014 77745 27518 88685 31014 99666 28014 11642
28019 22628 26023 33599 26539 44542 27523 55461 23021 66430
25023 77362 24025 88314 29529 99284 30535 11267 29523 22243
27031 33223 30004 44221 06004 55220 07506 66195 10018 77185
06021 88177 09041 99165 10543 11158 09035 22137 10549 33112
10043 44089 08547 55075 07562 66061 07545 77059 09045=
