sing20230429.00
TTAA  79001 48698
99006 26829 27002 00089 26417 21504 92777 23435 32504
85512 19243 29506 70157 09619 32008 50588 04948 07006
40760 14359 08010 30973 28959 14514 25100 39157 14516
20249 51721 08506 15429 67350 09006 10661 86150 04519
88999
77999=
TTCC  79001 48698
70862 73366 28021 50064 67979 26035 30380 57384 28027
20638 52586 10016 10095 40389 07560
88957 87550 05525
77101 07560 41215=
TTDD  7900/ 48698
11957 87550 22888 86756 33855 79960 44837 77561 55773 78359
66737 77761 77691 71967 88651 72767 99588 65975 11452 69181
22414 65582 33399 60784 44360 55985 55335 58184 66257 56785
77237 54185 88224 55985 99204 52786 11193 54185 22179 50986
33162 48987 44151 50786 55145 51386 66112 45188 77106 41988
88082 38989
21212 11915 07535 22894 08039 33855 07002 44852 28502 55849
27506 66807 28025 77780 26533 88692 28516 99674 27019 11646
28527 22614 28014 33535 26543 44471 27021 55446 25519 66405
26019 77382 25025 88358 26027 99345 25527 11292 28527 22278
27021 33221 26525 44211 28012 55206 34506 66204 06506 77198
10519 88184 06033 99152 09551 11122 08556 22117 08049 33101
07560 44088 09049 55082 10058=
