sing20230409.00
TTAA  59001 48698
99010 26222 06005 00122 25816 03514 92804 22029 03516
85536 17625 04014 70171 09059 05502 50589 06757 26018
40760 16565 24510 30970 31359 20010 25096 42556 16008
20243 54949 10541 15422 65165 13519 10658 82356 26012
88999
77999=
TTCC  59001 48698
70858 74964 09012 50058 66980 28035 30374 58584 27533
20632 49386 32029 10087 44388 11047
88918 85146 29502
77109 09562 41605=
TTDD  5900/ 48698
11918 85146 22837 84556 33785 79159 44666 74366 55629 69371
66533 68978 77422 61583 88334 60784 99292 56185 11274 54985
22248 58984 33242 59384 44228 53785 55208 49986 66166 53585
77143 52986 88137 52186 99128 46387 11122 44188 22103 45987
33095 44588 44085 39389 55067 33591 66055 33191
21212 11967 24008 22924 31004 33903 27502 44902 28502 55895
04502 66890 06002 77843 08012 88787 07019 99765 09019 11707
10014 22684 04514 33639 06502 44635 25002 55614 27019 66600
28021 77538 25531 88449 29525 99433 26523 11383 24539 22331
28041 33301 27533 44272 23537 55246 23029 66228 24518 77200
32029 88174 33521 99168 36010 11159 09508 22147 11021 33139
10041 44134 08543 55109 09562 66103 10554 77068 08047 88055
11060=
