sing20230406.00
TTAA  56001 48698
99008 26841 34003 00106 25829 33008 92788 22440 30016
85520 18657 30514 70159 08424 27023 50586 07517 36008
40757 16738 02514 30967 30958 09514 25094 41358 10527
20241 53960 11535 15419 70156 10547 10654 77358 01504
88112 78346 08014
77999=
TTCC  56001 48698
70857 75562 29510 50055 68361 26525 30370 54165 28043
20632 51571 29529 10087 44188 09537
88999
77999=
TTDD  5600/ 48698
11935 80157 22910 78159 33781 81557 44723 80558 55703 75962
66611 72759 77601 70162 88516 70359 99480 68959 11466 64763
22443 65959 33411 61561 44340 63759 55327 62760 66309 58962
77299 53765 88285 51364 99230 53566 11220 51368 22193 51373
33178 54185 44167 52786 55164 49986 66162 48387 77152 51186
88134 50586 99129 47387 11095 42788 22087 39189 33064 36190
21212 11963 30510 22879 28033 33780 28523 44729 28012 55710
31510 66686 26512 77664 29010 88651 25010 99607 22012 11601
23010 22574 34006 33561 28010 44540 25521 55491 27527 66446
25029 77399 25523 88381 24021 99357 27023 11330 26027 22299
28043 33233 28547 44201 29531 55186 24523 66165 28516 77155
23002 88154 19502 99147 08010 11140 04531 22129 08547 33116
09558 44104 10043 55091 07545 66085 08058 77072 11051 88067
08051 99064 10049=
