sing20230425.12
TTAA  75111 48698
99004 29456 06005 00074 28642 03514 92760 23648 02506
85498 19239 04012 70149 10844 10506 50589 04557 05018
40761 13761 05514 30974 28934 09006 25102 38935 32506
20251 51158 27510 15431 67143 24016 10665 84756 30504
88999
77999=
TTCC  75111 48698
70862 68964 25506 50064 67374 28533 30379 59984 28037
20638 52186 03502 10096 39789 09553
88878 88743 02019
77079 09066 42015=
TTDD  7511/ 48698
11878 88743 22827 89145 33801 84357 44768 84556 55730 80957
66725 80357 77715 72763 88711 70365 99678 67565 11593 68971
22549 65375 33503 67374 44446 63179 55404 63979 66310 60584
77280 56385 88237 56785 99199 51586 11178 52386 22171 51586
33159 45787 44135 48587 55112 44988 66105 40789 77082 41988
88068 40989 99051 37190 11049 36990 22048 36790 33047 35990
44046 34391 55045 32991 66044 31591 77043 29192 88042 22594
21212 11991 02004 22966 05504 33941 02512 44867 02021 55812
05521 66770 11518 77735 09033 88709 13002 99704 23502 11690
27014 22630 27547 33575 26045 44496 28529 55474 26527 66367
25535 77284 29035 88243 26535 99218 26535 11203 25506 22201
22502 33200 03502 44197 35008 55189 09012 66171 12035 77162
09543 88157 10543 99141 07549 11124 10049 22095 09043 33088
08553 44083 08053 55082 08049 66079 09066 77062 09543 88053
10043 99044 07049 11043 07558 22042 08543=
