sing20230419.00
TTAA  69001 48698
99006 28030 07003 00087 27819 13504 92774 23241 18506
85511 19025 18506 70160 11856 28506 50590 03942 30010
40762 15158 25519 30973 31132 30506 25100 40961 05504
20248 52957 16010 15426 68556 16006 10661 80559 06010
88999
77999=
TTCC  69001 48698
70862 78762 16512 50061 65382 24535 30378 57584 25535
20637 53385 25518 10095 43988 09047
88891 82558 31510 88485 66582 25037
77080 08068 41416=
TTDD  6900/ 48698
11955 79361 22891 82558 33735 82159 44710 78562 55676 80160
66662 77164 77636 78163 88604 73966 99574 63975 11552 62177
22485 66582 33420 61783 44358 61783 55332 57584 66261 53785
77210 55785 88180 49986 99164 51186 11149 49586 22140 45388
33126 46187 44101 43788 55078 37190 66056 33591
21212 11974 02510 22956 33506 33928 32508 44904 30010 55873
35014 66814 03506 77793 13506 88783 16008 99743 18010 11715
13010 22699 16512 33662 21514 44639 23021 55588 31014 66556
26033 77470 25035 88443 28021 99407 28021 11385 29035 22278
25527 33260 28527 44220 31016 55214 28016 66184 19506 77181
10008 88180 09010 99164 15016 11153 08537 22144 06545 33137
08545 44109 07543 55080 08068 66077 09554 77068 08556 88056
10062=
