sing20190213.00
TTAA 63001 48698
99012 26819 05504 00130 25418 03011 92814 21835 02019
85545 18045 05009 70190 11259 13505 50591 05727 10004
40763 16921 18509 30973 31150 12509 25099 41556 11017
20246 54518 11036 15426 65563 02001 10662 82558 08020
88999
77999=
TTCC 63002 48698
70861 75765 21514 50058 72368 33013 30373 51382 26536
20634 52582 27024 
88860 84758 09523
77999=
TTDD 6300/ 48698
11860 84758 22821 84958 33769 83961 44742 76364 55476
72368 66422 69771 77390 63177 88360 60378 99331 51382
11308 50583 22280 54580 33209 53781 44185 48184 55139
51582 66086 46985 77082 48184 88062 38191 99059 39389
21212 11934 08025 22874 08522 33813 12518 44772 13019
55746 18012 66715 22010 77657 17016 88636 19017 99613
17010 11595 23006 22571 31510 33549 32023 44501 33013
55471 03012 66463 04010 77436 08515 88424 09014 99411
13018 11383 17023 22374 18019 33357 18522 44347 14513
55344 14510 66336 23502 77325 30010 88311 27027 99283
27549 11250 29028 22236 28521 33215 26023 44204 26026
55193 29526 66180 27034 77172 27527 88164 30026 99138
31023 11117 26526 22088 25512 33078 23510 44066 04510
55063 09020 66059 07513=
