sing20190221.00
TTAA 71001 48698
99011 26022 05504 00119 25226 01512 92802 22660 03520
85535 19258 01507 70179 10050 11508 50591 05358 17504
40762 14977 05515 30972 30574 03017 25099 41565 08006
20246 53933 09020 15425 67560 09526 10661 75166 31508
88123 77147 09541
77999=
TTCC 71001 48698
70862 85760 03009 50055 63977 07515 30373 54979 22519
20636 50782 31009 10089 51982 31010
88724 85959 32517
77999=
TTDD 7100/ 48698
11724 85959 22633 78364 33567 79563 44529 73169 55519
65975 66467 59378 77416 64375 88373 64974 99344 58779
11272 53780 22244 48783 33198 50782 44180 45185 55144
51982 66126 50183 77112 52382 88100 51982 99083 45386
11072 46186 22058 43188 33055 35993 44048 33993
21212 11865 29035 22856 29534 33807 29029 44736 31520
55708 34513 66702 00510 77699 03009 88694 06512 99676
10526 11665 11533 22559 10558 33497 07013 44488 08011
55486 07510 66480 02505 77472 32510 88463 31014 99443
29518 11428 30022 22406 30514 33377 03516 44367 07010
55358 10513 66347 17012 77334 20012 88308 20516 99298
22519 11286 24016 22270 19510 33254 21002 44234 31010
55229 31515 66212 32014 77189 32505 88178 25021 99167
25514 11155 29013 22136 30018 33133 29019 44127 31522
55125 32021 66120 32516 77106 30019 88095 31008 99093
30010 11088 27515 22084 27520 33080 25011 44078 26010
55077 22007 66076 18010 77072 17519 88070 19514 99065
16521 11064 16512 22063 14009 33062 11511 44058 13018
55053 12027 66049 11017 77048 12019=
