sing20190205.00
TTAA 55001 48698
99011 26224 36002 00118 25226 34503 92800 20622 01015
85530 18250 34011 70170 10259 31005 50589 04565 02015
40761 14571 35505 30972 30959 08007 25098 41156 29510
20246 53337 35514 15424 68558 10529 10659 82750 18008
88999
77999=
TTCC 55001 48698
70855 82560 09026 50053 60177 29015 30371 59377 23537
20630 49583 29003 10082 53181 27540
88769 88556 07008 88467 63375 29524
77999=
TTDD 5500/ 48698
11769 88556 22748 84958 33713 84359 44704 84559 55694
80561 66648 79562 77602 76966 88591 69571 99581 68572
11561 69571 22504 59978 33467 63375 44434 64175 55380
59178 66340 61577 77326 57180 88284 60777 99258 52982
11241 53981 22235 51582 33162 48184 44111 52781 55092
54580 66075 44586 77052 35792
21212 11960 24001 22905 05011 33897 05513 44881 07510
55776 04505 66733 06031 77661 11030 88610 11544 99587
08528 11568 08531 22546 10026 33533 12014 44531 13010
55526 19506 66520 25010 77508 28515 88477 31017 99461
28530 11436 27540 22415 28032 33389 25529 44342 27027
55335 26522 66323 24035 77293 23539 88253 20513 99245
16503 11212 10001 22178 31010 33174 33517 44169 33017
55162 27015 66158 26020 77143 32522 88134 33021 99131
30520 11128 28525 22123 27037 33107 26547 44084 27530
55080 30018 66077 27014 77076 26510 88073 32514 99068
34011 11065 00000 22059 16510 33057 11522 44055 04503
55052 03504=
