sing20190224.00
TTAA 74001 48698
99009 26239 03504 00098 25641 02008 92782 22658 00505
85513 18256 13001 70153 09257 12001 50587 05742 04504
40759 14762 24003 30970 29759 19011 25098 40356 18517
20245 53160 17025 15424 68348 13515 10657 81756 09013
88110 82144 06517
77999=
TTCC 74001 48698
70856 77367 10027 50057 63777 30012 30373 54386 28531
20634 52387 23529 10086 52387 26518
88353 65577 28028
77999=
TTDD 7400/ 48698
11762 85558 22741 83761 33729 77964 44619 76168 55565
61182 66481 64577 77430 59781 88353 65577 99345 63781
11339 58985 22325 57783 33279 55384 44191 52987 55167
47589 66099 52387 77088 45989 88076 44990 99076 44990
11069 45789 22062 40191 33059 32994 44056 32194 55048
31394 66045 34393
21212 11987 09512 22962 06011 33927 04012 44915 05010
55908 06010 66878 13015 77838 15024 88764 12535 99745
13529 11713 11530 22667 06019 33657 04520 44612 10025
55603 10519 66590 13012 77584 16510 88579 18510 99558
21021 11546 21518 22527 25011 33517 28511 44477 33013
55473 32010 66468 28508 77463 26010 88429 27029 99413
26029 11374 28035 22348 27526 33335 26021 44327 24523
55313 25023 66302 28030 77284 29042 88267 30034 99254
30035 11233 25032 22203 23029 33188 24018 44180 23518
55168 28023 66149 27028 77121 26025 88117 24518 99090
31517 11087 32017 22083 35013 33081 33016 44077 06501
55068 23010 66066 25010 77062 19515 88061 13513 99056
00000 11054 09510 22049 03514 33045 06528=
