sing20190214.00
TTAA 64001 48698
99010 27237 05506 00115 26034 03012 92799 21426 04021
85529 17618 01008 70168 11258 09506 50590 04950 29502
40762 15557 30008 30973 31758 03506 25099 41560 09027
20246 51367 03015 15427 65362 29018 10663 80758 18009
88999
77999=
TTCC 64001 48698
70862 78564 12007 50055 74368 12017 30374 58580 27042
20634 50985 28519 10086 44989 23021
88857 85159 02507 88297 59180 27042
77999=
TTDD 6400/ 48698
11857 85159 22770 84360 33715 77964 44643 76166 55557
78964 66485 73969 77468 71172 88456 63781 99417 54385
11362 57581 22342 54983 33297 59180 44278 58781 55260
53784 66246 55382 77223 51585 88180 49986 99163 52584
11150 49587 22117 51785 33102 44789 44088 46788 55064
43190 66053 30995
21212 11948 30502 22830 07010 33798 11514 44747 14019
55726 12018 66690 09505 77649 12510 88635 14015 99620
14510 11567 13504 22566 13004 33531 08513 44497 12016
55458 13026 66451 12029 77433 10519 88415 02503 99378
32010 11371 31510 22363 32508 33359 33011 44344 28525
55327 27540 66311 26542 77285 27044 88250 26537 99212
29521 11195 29017 22187 31016 33170 29524 44158 31016
55153 29011 66150 26015 77144 26515 88132 31515 99124
25517 11121 26017 22117 28521 33110 28523 44101 23020
55097 23027 66093 19522 77085 23524 88082 22011 99081
16507 11079 12010 22077 10012 33075 11018 44073 10523
55072 09521 66071 06512 77069 35511 88067 33517 99065
33510 11063 04504 22062 10010 33061 11021 44059 16011
55058 17508 66057 18010 77056 21012 88053 21014=
