sing20190210.00
TTAA 60001 48698
99011 26621 06503 00119 25623 03011 92802 20604 02019
85534 17818 32014 70171 10278 05518 50589 05957 07508
40761 14558 11017 30972 30366 12006 25100 40564 14520
20247 53956 12029 15426 66956 33504 10662 82757 10522
88999
77999=
TTCC 60001 48698
70860 74569 30511 50058 69374 21513 30372 56186 27029
20631 51188 25013 10085 47189 29033
88846 87758 10542 88265 58984 26523
77999=
TTDD 6000/ 48698
11846 87758 22797 81162 33699 74569 44649 76767 55604
74969 66576 67976 77522 71970 88470 65379 99418 68775
11357 62383 22349 57785 33324 54187 44265 58984 55202
50788 66166 54187 77149 48189 88128 48988 99112 45789
11097 47789 22084 46389 33065 37592 44064 37792
21212 11872 10048 22834 10533 33814 09026 44802 06523
55789 04023 66759 05522 77731 00513 88717 32011 99699
30511 11643 01010 22632 01510 33603 30504 44595 24510
55542 21521 66496 21510 77485 07001 88468 25510 99423
23535 11377 27017 22363 30516 33335 28522 44326 26024
55298 27029 66282 26026 77274 27525 88266 26523 99256
28520 11235 28011 22206 27012 33194 22519 44186 23519
55168 22535 66154 24040 77128 23538 88122 26041 99086
30538 11083 30528 22080 35015 33076 36014 44074 32523
55072 32531 66070 32018 77069 35011 88068 35510 99066
34014 11065 36010 22064 00511=
