sing20190220.00
TTAA 70001 48698
99012 26210 07503 00125 25412 04507 92810 23258 06512
85544 19050 11502 70186 08425 15012 50590 04764 08011
40762 14970 09517 30972 31380 06521 25099 40770 05513
20246 53568 09021 15425 67961 11023 10660 80956 08044
88999
77999=
TTCC 70001 48698
70864 77566 33519 50058 63182 07511 30373 57386 21508
20634 50988 19504 10092 47389 30015
88997 80956 08043 88633 80363 31509
77999=
TTDD 7000/ 48698
11997 80956 22900 80363 33791 74170 44633 80363 55541
73171 66513 64382 77452 66377 88403 60982 99355 63180
11237 50788 22206 51987 33189 47589 44162 49188 55084
47589 66079 43590 77068 45989 88060 38192 99055 36593
11053 37392
21212 11932 08019 22867 05512 33844 06013 44803 34520
55784 33025 66717 34023 77641 30511 88614 00508 99599
06517 11536 10535 22477 06503 33420 18510 44400 23522
55386 24020 66357 29525 77349 30019 88334 27012 99319
22511 11305 22010 22285 25012 33269 35010 44260 01510
55207 28501 66178 28010 77165 32011 88155 28010 99145
26523 11130 27511 22126 27018 33109 30514 44102 30515
55097 28517 66094 30016 77085 29524 88083 30520 99081
34514 11079 34018 22075 35013 33072 03508 44071 05010
55063 04026 66061 05537 77056 08032 88054 07531 99053
09029=
