sing20190221.12
TTAA 71121 48698
99009 30058 07007 00100 28657 03512 92787 22019 01516
85519 18244 00508 70162 10857 07512 50590 05158 18502
40761 15377 03509 30972 30974 01519 25098 41766 03006
20246 53739 12018 15424 69356 13034 10663 76762 23520
88999
77999=
TTCC 71121 48698
70862 84360 03026 50056 62176 11015 30375 55579 29015
20637 51182 24023 10090 41188 28021
88777 85558 33514 88184 53581 24021
77999=
TTDD 7112/ 48698
11777 85558 22682 83960 33637 79162 44596 80962 55556
77565 66543 72172 77536 63977 88526 61381 99413 65774
11388 62377 22375 56181 33345 54980 44277 56779 55265
52582 66219 48384 77184 53581 88172 51382 99137 54381
11100 41188 22083 40389 33062 46785 44056 45986 55051
40789 66045 37791 77044 37990
21212 11935 28023 22754 34011 33747 34510 44679 04524
55651 10528 66604 09534 77565 11553 88547 10546 99531
12024 11518 13024 22499 11015 33484 07009 44480 06010
55446 06522 66427 05010 77420 03508 88402 07510 99385
11016 11374 17513 22353 21012 33327 29012 44315 30019
55302 29013 66263 33516 77253 34013 88221 25517 99207
24023 11183 24020 22179 25020 33156 28534 44131 31523
55122 31013 66119 29008 77117 27512 88114 27521 99106
26516 11098 28023 22087 23516 33083 19024 44080 18527
55072 19018 66066 17035 77063 18015 88062 16012 99061
13017 11060 15029 22059 15026 33057 11518 44055 10022
55051 09539 66044 04527=
