sing20130509.00
TTAA  59001 48698
99006 26624 02001 00069 26624 00000 92759 24241 24509
85495 19641 21513 70140 09208 24509 50587 04325 15009
40761 12558 08015 30974 27966 10515 25102 38562 10518
20251 51357 11015 15431 66950 10518 10665 85959 10019
88999
77999=
TTCC  59001 48698
70861 755// 10042 50061 635// 09557 30383 557// 29537
20645 503// 28526 10104 467// 24044
88889 89760 08030
77086 23065 42233=
TTDD  5900/ 48698
11994 86160 22931 88373 33889 89760 44881 897// 55841
897// 66819 871// 77787 829// 88775 817// 99766 811//
11762 809// 22712 781// 33695 753// 44648 707// 55610
695// 66602 685// 77595 677// 88560 689// 99555 689//
11516 645// 22466 603// 33444 565// 44420 571// 55399
583// 66381 597// 77373 585// 88342 561// 99288 531//
11257 549// 22227 509// 33216 503// 44195 491// 55172
469// 66170 469// 77163 467// 88153 455// 99129 471//
11109 455// 22102 473// 33096 441// 44082 391// 55075
355// 66066 317// 77060 333// 88056 345// 99054 345//
21212 11864 07532 22843 06040 33788 08057 44652 13021
55601 09037 66564 09046 77521 10061 88476 11047 99433
06006 11427 07503 22413 22511 33400 24021 44353 28522
55330 28037 66315 28018 77290 28037 88226 29533 99184
25537 11182 25533 22169 27547 33155 27541 44131 26548
55118 26536 66116 26045 77106 24534 88096 23552 99091
22540 11087 23549 22086 23065 33080 22027 44072 26521
55071 27535 66070 25539 77069 28536 88068 28027 99066
27042 11063 27047 22061 26538 33057 27051 44054 26548=
