sing20130529.00
TTAA  79001 48698
99007 27626 34003 00078 27849 33001 92766 23443 29514
85499 18637 30013 70134 07610 33505 50585 05146 12018
40758 14359 08523 30970 30160 09520 25097 40560 10525
20245 52761 09037 15424 67957 08031 10657 791// 10521
88106 81757 06539
77999=
TTCC  79001 48698
70863 743// 35031 50063 625// 09018 30386 581// 28513
20648 489// 27535 10109 407// 27021
88999
77999=
TTDD  7900/ 48698
11970 773// 22894 735// 33834 767// 44806 777// 55712
751// 66614 707// 77600 691// 88542 679// 99517 655//
11500 625// 22463 601// 33451 585// 44445 587// 55387
587// 66362 525// 77325 555// 88294 585// 99277 569//
11259 509// 22247 497// 33183 471// 44161 459// 55152
471// 66120 451// 77111 429// 88102 407// 99089 419//
11075 375// 22072 385// 33071 389// 44061 357// 55054
185// 66050 205// 77048 215//
21212 11942 06520 22792 21009 33759 33513 44695 35030
55662 03028 66569 09033 77533 02502 88517 08007 99486
08025 11390 18005 22379 13009 33345 25028 44307 30517
55282 26516 66253 27537 77148 26538 88132 29019 99126
24507 11122 27023 22104 26014 33079 28532 44077 29547
55071 27522 66068 28042 77060 26524 88059 26511 99056
31516 11048 31023=
