sing20130514.00
TTAA  64001 48698
99005 28615 07001 00060 28821 00000 92751 24428 24004
85489 20033 27014 70138 11458 19506 50587 03356 19005
40760 14757 08019 30972 29159 08024 25099 38566 08028
20248 51562 07032 15429 65561 09522 10664 84560 13529
88999
77999=
TTCC  64001 48698
70862 711// 08541 50064 633// 09023 30384 551// 22512
20647 515// 27039 10107 429// /////
88885 89940 12536
77999=
TTDD  6400/ 48698
11983 85163 22885 89940 33861 889// 44817 871// 55811
869// 66802 821// 77786 783// 88774 771// 99714 743//
11704 717// 22697 707// 33661 681// 44600 707// 55595
703// 66550 655// 77543 645// 88517 651// 99504 633//
11455 617// 22440 603// 33410 581// 44406 577// 55340
601// 66315 577// 77306 561// 88302 557// 99298 547//
11270 497// 22239 517// 33182 501// 44175 487// 55155
475// 66146 461// 77131 451// 88122 429// 99116 419//
11099 429// 22093 415// 33089 411//
21212 11854 12038 22763 08039 33717 07549 44694 09040
55658 05522 66638 04025 77607 04532 88578 08020 99549
12532 11498 09523 22458 14004 33423 35006 44404 31014
55378 26524 66336 29018 77308 25009 88303 22508 99269
25531 11239 29536 22223 27531 33215 27542 44186 26532
55174 29023 66169 27024 77146 25027 88138 25516 99131
25522 11124 28518 22122 28528 33112 30520 44104 29025
55099 29024 66093 26026 77089 26516=
