D20130501.00
100.0  60 15
 98.8  65 13
 96.5  70 17
 94.3  80 17
 92.3 100 21
 88.4 125 31
 87.0 120 28
 83.9 100 30
 82.4 105 29
 80.8 105 31
 79.8  90 34
 78.8  80 34
 77.0  70 38
 76.2  65 38
 75.5  65 33
 74.7  60 28
 74.0  70 25
 73.3  90 25
 71.9 100 23
 70.0  85 22
D20130501.12
100.0  65 26
 99.0  70 26
 97.0  75 25
 93.1  95 28
 89.7 105 25
 88.0 100 26
 86.4  85 28
 79.6  45 23
 76.8  30 23
D20130502.00
100.0 100  7
 70.0 105 19
 97.8 160  7
 95.7 195  8
 93.7 190  6
 91.9 160  6
 90.0  95  3
 88.0  30  9
 86.2 360 15
 84.4   5 12
 82.5  10 16
 81.0  30 15
 79.2  20 18
 77.0  15 23
 73.5  60 25
 71.2  80 23
 69.1 110 14
 66.8 120 20
 65.8 115 18
 63.8 125 19
 62.0 105 19
 61.0 100 20
 60.2 105 19
 59.4 105 23
 57.5  90 23
D20130502.12
100.0 320  5
 70.0  80 32
 96.4 360  6
 94.3  25  3
 92.3 330  1
 90.4 345  1
 88.4  50  4
 84.3 115  9
 80.5  70 16
 76.9  50 32
 74.0  65 37
 72.6  75 35
 71.2  80 32
 69.5  85 32
 66.9 100 23
D20130503.00
100.0 245  7
 70.0 100 28
 50.0 100 36
 30.0 250 40
 20.0 275 38
 10.0 320 27
 97.6 225 11
 88.9 210  6
 85.9  50  3
 76.0  80 31
 73.6 105 29
 67.6  70 26
 56.5 110 30
 54.1  85 29
 47.2 125 14
 45.1 260 15
 36.7 300 20
 34.0 245  4
 33.5 315  1
 31.5 260 35
 28.5 255 44
 24.7 290 35
 22.3 265 18
 21.5 260 31
 17.9 290 30
 15.7 320 18
 11.7 275 29
 11.1 285 19
 10.7 285 29
 10.5 315 29
  9.3 290 20
D20130503.12
100.0 305  9
 70.0  85 30
 50.0 355 12
 30.0 250 42
 20.0 260 20
 10.0 335 30
 96.0 270  5
 90.0 140  2
 86.5  50 19
 76.3 100 36
 73.0 115 31
 66.4  65 33
 61.5  95 36
 55.2  70 31
 51.5  60 20
 49.6 345 12
 48.8 315 19
 40.9 305  9
 36.8 335 24
 35.5 310  7
 34.4 235 15
 33.3 260 26
 30.6 250 43
 24.7 290 31
 23.2 265 17
 22.0 255 30
 17.9 240 16
 17.0 220 30
 11.4 300 29
  9.5 325 29
  9.1 360 23
  8.4 310 15
  8.2 265 17
  6.4 245 19
  5.7 270 24
D20130504.00
100.0  85 20
 70.0 120 13
 50.0  90 32
 30.0 285 30
 20.0 285 19
 10.0 280 11
 85.9  90 32
 73.7  85 19
 66.8 120  8
 64.8 100  1
 63.1 240  5
 61.3 100  7
 55.7  75 19
 50.6  90 32
 45.7  70 14
 43.5  40 29
 39.7  70 16
 36.6 230 16
 33.8 275 35
 29.0 285 32
 25.9 280 21
 24.5 250 35
 20.4 260 15
 17.1 240 27
 13.0 295 17
 12.4 305  9
 10.2 215  2
  9.5 325 10
  9.2  15  5
  9.0 300  9
  8.7 260 19
  8.0 290 17
  7.9 260 21
  6.6 275 45
  6.5 290 30
  5.7 310 39
D20130504.12
100.0 205  6
 70.0  70 22
 50.0 110 39
 30.0 295 31
 20.0 245 29
 10.0 255 14
 98.3 185  9
 87.3 145 12
 82.3 105 20
 79.9 105 28
 71.0  75 21
 61.9  55 18
 58.7  65 14
 53.3  70 28
 50.3 110 38
 47.8  95 17
 43.4  75 15
 42.1  95 21
 40.7  70 28
 38.8  80 22
 33.1 295 29
 29.6 295 33
 27.4 290 24
 27.0 310 19
 25.2 265 40
 21.8 240 38
 20.4 245 27
 17.0 280 32
 14.6 305 21
 13.4 330 12
 13.0  20  4
 12.6  60  4
 12.2 310  2
 11.9  50  1
 11.7 325  6
 11.3 310  1
 10.9 275  5
 10.2 245 10
  9.9 270 14
  9.7 250 18
  9.3 265 18
  8.4 260 32
  8.2 275 38
  7.8 285 26
  7.0 305 36
  6.6 315 39
  6.2 330 31
D20130505.00
100.0 230  7
 70.0  55 25
 50.0  95 45
 30.0 330 28
 20.0 260 29
 10.0 235 28
 97.3 200  6
 95.7 205  5
 92.1 170 10
 86.0  65 15
 83.1  80 23
 80.6  95 30
 77.7  95 37
 68.4  50 26
 57.8 105 27
 55.2  95 28
 54.3 105 38
 51.8 115 39
 49.2  95 49
 46.2  95 28
 42.8  90 24
 41.3   5  6
 40.6 305 11
 38.4 280 28
 35.3 310 35
 34.1 320 36
 30.4 325 29
 28.5 305 21
 26.6 250 23
 25.4 260 36
 20.9 255 30
 18.8 270 21
 16.1 345 16
 15.6 360 15
 15.0  10  8
 14.2 355  7
 14.0  15  4
 13.5 155  4
 13.3 155  8
 12.8 190 16
 11.3 235 21
 10.1 255 32
  8.5 280 26
  8.2 290 27
  8.0 260 20
  7.9 290 20
  7.8 295 32
  7.5 275 31
D20130505.12
100.0  75  5
 70.0  65 31
 97.2  55  7
 95.5  65  4
 93.9  45  5
 90.3 100 15
 88.7  80 15
 87.0  65 19
 85.3  70 24
 83.3  75 30
 79.6  95 35
 77.9 100 34
 74.9  95 37
 73.4  85 39
 70.6  65 32
 69.2  65 30
D20130506.00
100.0  15  3
 70.0  75 31
 50.0 105 34
 30.0 265 32
 20.0 280 13
 10.0 275 25
 81.2  75 24
 72.8  80 39
 69.5  75 29
 62.6 120 21
 55.8  85 29
 53.8 100 30
 52.2 100 44
 50.7 100 41
 49.2 105 32
 47.7 105 26
 46.2  95 26
 44.7  80 23
 39.8 265  9
 38.5 220 14
 36.3 275 18
 33.8 280  9
 31.4 290 25
 30.4 270 28
 28.8 265 46
 27.8 280 46
 24.8 305 32
 21.6 285 22
 19.9 275 11
 17.0 265 40
 14.1 260 25
 13.4 240 31
 12.4 235 21
 11.4 240 35
 10.6 255 20
 10.2 275 29
  9.2 300 23
  8.9 285 32
  8.3 315 23
  8.1 280 15
  8.0 295 20
D20130506.12
100.0 145  5
 98.2 135  8
 95.0 140 12
 93.4 140 10
 88.9 120 13
 87.3 110 13
 84.2  80 23
 82.7  90 27
 81.3  85 28
 79.9  90 29
D20130507.00
100.0 130 25
 70.0  75 29
 50.0  75 41
 30.0 260 35
 20.0 250 42
 10.0 265 35
 90.0  95 23
 83.5  55 29
 73.1  90 30
 63.7  90 26
 58.4 130 38
 56.7 145 34
 46.6  60 36
 41.4  10 12
 40.8 355 11
 37.1 255 18
 32.7 230 34
 27.6 275 28
 26.6 260 22
 22.0 240 42
 15.6 280 29
 11.5 260 43
 10.6 255 19
  6.4 290 38
  5.3 265 54
  5.1 280 22
  4.8 325 16
  4.7 260 18
  4.6 290 22
D20130507.12
D20130508.00
100.0 130 24
 70.0  95 28
 50.0  90 52
 30.0 270 41
 20.0 280 43
 10.0 255 38
 89.9  90 39
 82.3  80 42
 78.9  90 51
 77.3 100 38
 72.2 100 31
 69.7  95 27
 67.6  85 41
 65.6  85 36
 58.2  95 24
 55.4  70 45
 51.9  75 52
 47.0 110 42
 43.4 120 26
 40.7  95  9
 38.8 250  8
 37.5 310  5
 35.8 290 30
 35.1 295 24
 33.1 285 38
 31.5 265 44
 27.3 275 34
 24.5 285 47
 17.7 260 40
 11.5 235 34
 10.3 255 34
  8.3 240 39
  8.0 260 38
  7.4 270 29
  7.2 265 47
  7.1 255 30
  6.9 270 46
  6.7 285 33
  6.6 285 30
  6.3 270 47
  6.2 270 36
  6.0 265 47
  5.9 270 46
  5.7 270 57
  5.5 270 67
  5.4 265 41
  5.3 265 51
D20130508.12
100.0 100 26
 98.0 110 28
 96.8 110 31
 95.6 110 33
 94.5 105 34
 93.2 105 37
 92.1 105 37
 90.9 105 38
 89.8 100 38
 88.9 105 37
 88.0  95 37
 87.5  95 44
 86.9  95 33
 86.2  80 35
 85.6  80 37
 84.4  80 51
 83.7  80 50
 83.0  75 49
 82.3  80 47
 81.7  85 42
 79.5  85 36
 78.2  80 34
D20130509.00
100.0 100 19
 70.0 100 42
 50.0  95 57
 30.0 295 37
 20.0 285 26
 10.0 240 44
 86.4  75 32
 84.3  60 40
 78.8  80 57
 65.2 130 21
 60.1  90 37
 56.4  90 46
 52.1 100 61
 47.6 110 47
 43.3  60  6
 42.7  75  3
 41.3 225 11
 40.0 240 21
 35.3 285 22
 33.0 280 37
 31.5 280 18
 29.0 280 37
 22.6 295 33
 18.4 255 37
 18.2 255 33
 16.9 275 47
 15.5 275 41
 13.1 265 48
 11.8 265 36
 11.6 260 45
 10.6 245 34
  9.6 235 52
  9.1 225 40
  8.7 235 49
  8.6 230 65
  8.0 220 27
  7.2 265 21
  7.1 275 35
  7.0 255 39
  6.9 285 36
  6.8 280 27
  6.6 270 42
  6.3 270 47
  6.1 265 38
  5.7 270 51
  5.4 265 48
D20130509.12
100.0  90 40
 98.9  85 41
 97.4  85 42
 94.4  80 45
 93.0  75 44
 91.5  70 46
 90.0  75 45
 88.6  75 44
 87.1  75 42
 84.1  90 46
 82.6  95 41
 81.1  90 33
 79.5  95 31
 77.3 100 31
D20130510.00
100.0  50 26
 70.0  85 41
 50.0  65 40
 30.0 295 24
 20.0 280 38
 10.0 300 43
 92.6  45 35
 83.5  80 37
 80.7  80 44
 74.1  95 33
 70.5  85 45
 67.5  80 30
 64.5  70 37
 57.8 105 46
 56.2 120 50
 52.1  70 41
 48.1  80 19
 45.1 205  3
 41.8 240 20
 39.3 250 29
 36.8 240 25
 35.7 245 28
 34.5 260 24
 32.2 310 22
 31.4 290 13
 30.9 280 18
 29.8 300 25
 28.9 330 21
 27.5 315 18
 26.6 295 24
 24.9 285 34
 22.5 285 26
 21.4 265 31
 20.0 280 38
 18.3 270 49
 16.4 260 51
 14.5 275 47
 13.6 285 37
 12.5 270 47
 11.6 290 41
 10.6 290 47
  9.6 295 41
  9.1 280 41
  8.7 275 30
  8.4 275 38
  8.1 220 21
  7.8 265 46
D20130510.12
100.0  35 23
 70.0  90 40
 95.5  40 33
 89.4  50 41
 87.4  55 42
 85.4  60 42
 79.7  75 60
 78.0  80 53
 76.3  85 49
 74.7  75 57
 73.2  85 58
 71.6  95 50
 68.8  90 37
 67.4  85 39
 66.0  85 40
 63.2  85 40
 62.0  80 42
 59.9 100 49
 58.2 110 43
 57.4 115 44
 56.6 110 42
 56.0 105 45
D20130511.00
100.0  40 33
 70.0  95 39
 98.1  40 34
 96.4  40 31
 91.9  50 28
 88.7  60 30
 87.1  65 29
 85.5  60 31
 82.5  70 46
 81.0  75 50
 76.1  80 64
 74.5  80 57
 72.8  85 46
 68.2  95 36
 66.8  85 33
 65.5  75 37
 64.1  80 39
 62.8  85 40
 59.5 105 29
 58.5 105 35
 56.7  85 35
 55.8  90 34
 54.9  90 36
 53.0  90 32
D20130511.12
D20130512.00
100.0  70 40
 70.0  90 29
 50.0 165  9
 30.0 275 28
 20.0 285 43
 10.0 290 25
 77.7  80 50
 74.7  85 39
 71.1  90 32
 61.7 125  8
 59.8  90  5
 58.0  25 15
 57.1  15 17
 52.3  80  6
 47.2 230  6
 45.7  50  6
 41.1  10  6
 38.3  70 19
 37.2 125  6
 35.0 245 18
 33.9 250 18
 32.2 260 34
 29.1 280 32
 25.7 255 26
 22.0 295 20
 19.9 285 44
 12.5 265 29
 11.6 270 16
 10.9 275 31
  9.4 290 15
  6.3 255  9
D20130512.12
100.0  65 28
 70.0 100 42
 50.0  50 22
 30.0 295 28
 20.0 265 35
 88.2  70 42
 82.5  95 43
 78.6  80 49
 73.0 105 41
 67.7 100 30
 62.5 140 22
 59.5 105 16
 57.6  90  9
 55.6  25 18
 53.9  10 26
 49.6  55 19
 47.3  60  6
 45.9  65 16
 40.9  10 10
 39.6 335 16
 38.3 285 16
 36.1 285 34
 30.8 285 24
 27.9 335 20
 27.4   5 15
 26.5 350 14
 26.1 290 13
 25.3 285 18
 24.9 265 20
 24.5 270 26
 23.0 290 13
 21.6 255 29
 20.3 265 38
 17.6 250 43
 13.9 265 37
 13.2 260 31
 12.0 275 24
 10.7 295 24
D20130513.00
100.0 105 33
 70.0 100 38
 50.0  70 27
 10.0 245 29
 91.5 120 35
 85.5  95 39
 81.3 105 53
 78.6 110 43
 75.8 120 46
 73.1 115 36
 66.3 115 30
 62.1  75  8
 58.5   5 23
 57.4 355 24
 55.7 350 31
 54.6  10 17
 48.3  95 20
 46.7  75 26
 45.7 105 21
 44.2  45 17
 42.6 360 24
 41.1 305 21
 39.9 285 25
 38.8 285 31
 34.5 290 33
 29.0 115  9
 14.2 225 24
 10.9 220 23
  9.7 250 33
  9.1 255 24
D20130513.12
100.0 135 32
 70.0  60 39
 50.0  95 30
 30.0 155  7
 20.0 260 40
 96.0 120 27
 87.1 100 38
 79.5  80 53
 77.9  85 59
 67.3  50 26
 62.4  70  9
 53.9  70 27
 51.5  95 29
 48.2 120 22
 45.3  80 11
 42.6 360 22
 41.9   5 25
 40.0 325 18
 36.4 285 27
 32.6 295 17
 30.3 105  2
 27.7 205 31
 21.4 265 39
 20.7 265 40
 19.3 260 38
 18.7 255 37
 18.1 265 34
 17.5 260 30
 16.9 260 28
 16.4 265 28
 15.8 270 28
 15.3 275 26
 14.6 275 19
 13.4 255 30
 12.5 245 26
D20130514.00
100.0 135 29
 70.0  85 41
 50.0  90 23
 30.0 225 12
 20.0 270 39
 85.4 120 38
 76.3  80 39
 71.7  75 49
 69.4  90 40
 65.8  55 22
 63.8  40 25
 60.7  45 32
 57.8  80 20
 54.9 125 32
 49.8  95 23
 45.8 140  4
 42.3 350  6
 40.4 310 14
 37.8 265 24
 33.6 290 18
 30.8 250  9
 30.3 225  8
 26.9 255 31
 23.9 295 36
 22.3 275 31
 21.5 275 42
 18.6 265 32
 17.4 290 23
 16.9 270 24
 14.6 250 27
 13.8 255 16
 13.1 255 22
 12.4 285 18
 12.2 285 28
 11.2 305 20
 10.4 290 25
  9.9 290 24
  9.3 260 26
  8.9 265 16
D20130514.12
100.0  75 23
 70.0  85 49
 50.0  95 33
 30.0 240 20
 20.0 285 35
 86.6  50 35
 81.6  70 38
 70.7  80 53
 66.9 100 29
 62.7  75 30
 59.7 100 24
 58.7  90 26
 53.0 115 36
 48.0  60 32
 44.1  30  9
 42.6  10 16
 41.3  40 14
 40.6  35  3
 39.3 250 17
 37.4 260 28
 34.9 285 17
 33.8 350  9
 32.8 275 12
 31.8 240 14
 28.7 250 19
 26.8 310 24
 24.4 290 27
 23.2 285 38
 21.7 275 29
 20.0 285 35
 17.5 275 36
 15.2 260 43
 13.9 255 35
 13.3 255 40
D20130515.00
D20130515.12
D20130516.00
100.0  55 61
 70.0  75 31
 50.0  80 13
 30.0 310 17
 20.0 285 47
 10.0 275 29
 94.2  75 53
 91.5  80 67
 84.5 105 54
 71.8  80 35
 64.2 115 17
 60.8 140 14
 52.7  85 13
 46.7  15 11
 41.4  60 33
 35.0 200 12
 34.6 165 10
 33.8 265  7
 32.7 300 20
 30.1 310 18
 28.8 245 21
 27.4 265 39
 24.7 270 12
 21.2 275 43
 14.3 275 29
 13.7 255 43
 11.0 275 32
  8.5 245 17
  7.1 265 28
  5.9 255 49
  5.0 255 40
D20130516.12
D20130517.00
100.0  70 45
 70.0 105 18
 50.0 125 21
 30.0 165  6
 20.0 275 44
 10.0 260 40
 94.6  75 50
 92.4  85 40
 87.9 105 37
 80.7  85 30
 76.9  70 41
 71.9  95 20
 68.5 105 16
 64.2  50 16
 60.1  65 23
 57.2 100 37
 55.4  85 43
 53.7  95 45
 50.3 120 23
 44.7 190 22
 41.7 200 11
 40.4 260 22
 39.8 260 26
 36.6 215 11
 33.7  25  9
 32.7  45 10
 31.6   5  4
 30.6 180  6
 30.1 155  6
 29.1 250 18
 27.6 260 31
 24.9 280 46
 22.1 285 52
 18.3 280 33
 14.7 280 39
 13.5 305 44
 12.6 290 35
 11.7 305 15
  9.8 255 42
  9.6 255 44
  9.0 270 29
  8.7 275 40
  8.0 260 25
  7.8 270 35
  6.3 280 17
D20130517.12
100.0  95 45
 70.0  90 22
 50.0 145 20
 30.0 260 12
 20.0 260 32
 10.0 285 30
 72.4 100 16
 63.5  55 24
 49.5 165 17
 48.2 195 15
 42.2 135  5
 40.2 315 21
 38.9 315 27
 34.8   5  7
 32.4  55  9
 31.4 265  9
 28.7 255 25
 26.1 280 53
 19.9 255 31
 14.0 290 22
  9.8 280 37
  8.9 280 21
  8.5 295 40
  8.2 285 24
  7.8 275 39
  6.4 350 19
  6.1 285 13
  5.8  10  4
  5.7 270  6
  5.6 275  9
D20130518.00
100.0 100 32
 70.0  65 14
 50.0 110 30
 30.0 250 27
 20.0 265 31
 10.0 315 18
 79.3  80 41
 70.3  65 13
 65.6  85 29
 55.6 135 30
 45.5  70 14
 42.1  15 29
 39.2 120  5
 37.8 195 17
 36.6 210 17
 34.8 165  7
 33.1 225 19
 28.7 275 39
 23.1 295 28
 22.3 280 30
 13.2 265 19
 11.6 225  4
  9.8 330 14
  9.6 340 12
  9.4 360 12
  9.3 355  8
  9.1 315 10
  8.8 335  8
  8.1 290  2
  8.0 115  5
  7.2 200 11
  7.0 135 12
  6.5 225 26
  5.8 255 16
D20130518.12
D20130519.00
100.0  90 23
 70.0 140 27
 50.0  65 50
 30.0 305 16
 20.0 280 28
 10.0 210 12
 93.4  85 31
 90.1  80 34
 82.9  95 48
 77.6 145 28
 72.6 140 29
 67.9 125 31
 60.9 100 16
 55.2  45 29
 49.8  70 51
 45.3  85 27
 43.8 155  7
 41.8 215 11
 41.1 255 18
 39.9 255 30
 33.6 275 21
 30.4 315 16
 29.4 295 20
 27.9 295 22
 26.5 275 36
 22.3 260 30
 18.7 290 23
 18.0 290 29
 16.1 285 23
 15.5 265 15
 15.0 295 10
 14.7 260  7
 14.5 315  4
 14.2 310  5
 13.7  70  3
 13.2 110  7
 12.8 190  5
 12.1 190 16
 11.6 235 23
 11.4 240 24
 10.8 205 11
 10.2 225 11
  9.7 175 11
  9.2 195 24
  8.7 205 27
  8.2 200 21
  7.1 220 27
  7.0 245 28
  6.7 250 22
D20130519.12
100.0 100  5
 70.0  65 23
 50.0 105 41
 30.0 295  9
 20.0 265 28
 10.0 220 13
 92.3  70 21
 83.1  85 46
 78.0 100 33
 68.2  65 20
 58.1  25 16
 56.0  85 22
 53.2 115 41
 49.6 100 43
 48.8  95 51
 47.1 105 38
 41.3 280 14
 37.1 280 27
 34.1 310 19
 32.1 345 16
 29.9 290 10
 24.7 265 34
 14.8 250 10
 12.9 240 24
 11.3 245 12
  9.8 210 11
  9.4 250 10
  9.1 225 11
  8.0 250 24
  7.5 205 14
  6.6 265 26
  6.3 310 12
  6.2 280 12
  6.0 340 10
  5.6 260 22
  5.2  20  2
  5.0 300 17
  4.8 295 24
D20130520.00
100.0  45 20
 70.0 110 13
 50.0 100 39
 30.0 275 26
 20.0 260 33
 10.0 235 18
 95.5  70 37
 85.2  70 46
 82.5  90 31
 79.9 105 22
 77.4 115 30
 74.9 100 23
 69.1 125 14
 65.7 185 21
 62.3  45  6
 58.1  35 30
 49.5 105 43
 43.0 140  1
 41.6 295  9
 40.4 270 18
 39.1 275 10
 36.2 305 12
 35.0 315  7
 34.4 305  1
 33.8 250  3
 33.3 125  2
 32.8 110  4
 32.2 240  7
 31.2 260 21
 28.8 285 27
 25.5 295 21
 24.4 270 21
 20.6 260 31
 16.9 255 28
 15.7 235 27
 14.6 250 27
 14.1 230 18
 13.6 215 26
 13.2 235 35
 12.2 245 27
 11.4 250 17
 10.9 220 10
 10.6 230 18
  9.5 220 14
  8.7 235 37
  8.4 225 27
  8.0 240 40
  6.8 250 36
  6.2 265 14
D20130520.12
100.0  65 17
 70.0  55 19
 50.0  85 44
 30.0 275 28
 20.0 250 21
 10.0 245 44
 88.7  70 35
 79.6 140 18
 71.5  55 19
 64.9 360  2
 63.5 115  3
 62.3 185  4
 60.3  25  9
 54.0  80 43
 47.5 105 32
 45.2 355  2
 43.7 320 13
 35.7 260  8
 34.4  45  2
 32.2 255 18
 29.7 280 27
 25.9 295 14
 23.8 260 25
 23.0 265 39
 22.2 255 25
 18.2 275 11
 15.9 240 24
 12.9 260 31
 11.2 240 21
 10.1 245 47
  9.6 250 54
  9.5 245 35
  8.4 285 54
  8.1 290 36
  7.8 290 49
  7.0 290 20
  6.7 295 39
  6.4 305 11
  6.2 240 12
  5.7 215 12
  5.5 240 29
  5.0 265 10
D20130521.00
D20130521.12
100.0  80 26
 98.5  80 24
 94.6  90 20
 92.8  90 25
 91.1  90 29
 89.3  90 30
 87.6  90 31
 86.3  90 29
D20130522.00
100.0  85 23
 70.0  90 23
 50.0  95 39
 30.0 270 26
 20.0 260 21
 10.0 320 14
 71.1  90 26
 68.6 100 20
 59.0  90 36
 54.6  90 55
 48.7  90 21
 46.4  35  5
 45.6 280  8
 43.8 315 13
 41.9   0  0
 39.8 295 13
 35.3 225 14
 29.0 280 27
 26.7 305 30
 21.6 275 13
 20.2 255 23
 18.1 210 19
 14.1 275  7
 13.6 340 11
 13.4   5 10
 12.6 125  7
 12.1 245  9
 11.2 300 17
 10.6 320 24
 10.0 320 14
  8.7 355 14
  8.4 355  5
  8.3 250  6
  7.5 190 22
  7.1 220 30
  6.8 190 23
  6.4 250 38
  5.7 260 42
D20130522.12
D20130523.00
100.0  70 31
 70.0 120 16
 50.0 215 16
 30.0 275 29
 20.0 285  8
 10.0 280 12
 87.5 100 14
 81.7  75 16
 80.0  50 15
 76.3  85 34
 72.9 105 16
 64.1  65 32
 56.3  85 51
 54.6  95 51
 50.8 185 12
 38.9 255 27
 34.0 285 30
 33.0 275 39
 31.9 270 39
 27.1 250 25
 24.4 295 20
 21.6 315 14
 19.8 285  8
 17.8 260 17
 16.2 275  6
 15.2 225 12
 13.2 270 26
 11.9 280 10
 11.7 250 14
 10.7 290  5
  9.3 265  8
  7.7 305 11
  7.4 250 24
  7.2 280 45
  6.6 310 32
  6.2 280 24
  6.0 295 38
D20130523.12
100.0  85 24
 96.5 105 20
 94.9 110 22
 93.4 115 21
 90.2 110 18
 88.6 105 16
 86.9 120 13
 85.3 120 14
 83.7 110 14
 82.2 110 15
 79.6  60 13
 78.3  45 13
 74.1  85 30
D20130524.00
100.0  70 13
 70.0  85 34
 96.3 110  9
 94.5 105 11
 92.5 135 13
 88.5  70 15
 84.7  45 33
 82.8  50 38
 81.3  50 37
 79.9  55 36
 78.6  60 34
 74.9  80 45
 72.3  85 33
 71.0  85 31
 69.9  85 34
 68.7  80 33
 67.5  80 34
 65.4  95 27
 64.4 105 29
 62.7 115 35
 61.8 105 35
 60.0 120 29
 59.0 125 29
 56.5 135 24
D20130524.12
D20130525.00
D20130525.12
100.0  85 24
 70.0  40 26
 50.0 270  8
 30.0 280 16
 20.0 275 38
 10.0 255 21
 96.5  95 23
 86.3  85 38
 69.5  40 27
 67.1  75 25
 62.5  85 14
 55.2 105 33
 53.4  70 24
 50.7  75  1
 48.2 280 21
 36.2 255 11
 35.0 260  1
 34.4  80  5
 33.3 245 10
 30.7 270 10
 28.3 320 10
 26.5 230 20
 23.1 255 33
 19.3 270 44
 13.7 295 21
 11.2 245 16
  9.4 265 21
  8.6 290 25
  7.4 265  3
  7.3 320  8
  7.1 245 21
  6.9 260 27
  6.7 275 21
  6.6 245 21
  5.7 265 30
  5.3 235 15
  4.7 245 22
D20130526.00
100.0  70 26
 70.0  65 42
 50.0 275 16
 30.0 295 25
 20.0 260 45
 10.0 295 22
 90.0  85 30
 86.2  60 28
 82.7  85 21
 76.3  55 27
 73.1  35 35
 69.7  70 43
 65.5  95 31
 61.2  90 42
 54.5  65  9
 52.8 300  5
 49.5 280 15
 48.7 255 17
 41.0 325  8
 40.3 340 10
 35.6 170  7
 34.4  45  5
 33.9 320  7
 31.2 290 18
 30.1 295 26
 28.6 295 14
 27.7 280 24
 23.6 270 42
 22.0 275 27
 18.7 260 50
 17.7 270 33
 17.1 270 50
 15.8 275 43
 15.2 260 41
 14.1 280 35
 13.2 265 19
 12.6 275 29
 11.5 280 16
 10.9 275 37
 10.5 290 24
  9.3 280 11
  8.7 335 10
  7.4 250 19
  7.1 275 39
  6.9 265 23
  6.4 285 31
  6.3 255 18
D20130526.12
100.0  65 28
 70.0  85 42
 50.0 280 19
 30.0 340  8
 20.0 265 38
 10.0 280 40
 85.3 110 27
 74.2  60 28
 66.6 115 22
 61.2  70 28
 60.1  75 35
 51.5 340  4
 50.5 285 13
 48.7 290 25
 47.0 300 21
 45.3 295 27
 41.6 285 11
 37.5  90  6
 36.2 335 10
 35.0 340 22
 29.6 340  7
 28.6 255 17
 26.4 260 41
 22.4 280 26
 13.9 275 24
 11.9 250 21
 11.0 295 54
  8.5 280 21
  7.4 345 18
  5.9 335 12
  5.7 275 29
  5.2  40  4
  5.1  50  1
  5.0 245 11
D20130527.00
100.0  65 44
 70.0  90 28
 50.0 260 17
 30.0 255 42
 20.0 280 36
 10.0 285 21
 94.5  85 42
 82.4  65 26
 75.1  85 54
 70.7  90 26
 66.3  95 39
 48.6 265 12
 42.8 250  5
 42.1  95  3
 40.6  90 17
 37.3  45  8
 36.0  70 11
 34.9 360 16
 34.4  20 14
 33.2 255  7
 29.4 260 45
 24.3 300 31
 21.9 265 35
 18.7 300 34
 13.6 270 14
 11.8 250 22
 11.4 280 16
 10.4 290 27
  9.5 290 13
  8.1 230 18
  7.6 270 13
  6.7  25  3
  6.6 290  4
  6.3 265 29
  6.2 265 14
D20130527.12
100.0  60 41
 70.0 120 24
 97.5  60 43
 94.1  70 30
 90.5 105 20
 88.9  95 19
 87.3  80 25
 84.0  70 23
 76.6  90 50
 75.0 110 40
 72.1 120 26
 70.8 120 23
 69.5 120 24
 66.9  80 19
 65.7  80 18
 64.4  80 22
 62.0  85 30
 61.5  80 33
D20130528.00
D20130528.12
100.0  80 32
 70.0 120 10
 50.0 355 19
 30.0 275 15
 20.0 255 32
 10.0 295 22
 94.5  95 22
 90.8  70 19
 81.2 130 21
 73.2 195 27
 69.5 100  7
 65.4  65 18
 61.5  85 36
 57.0  70 19
 55.4  60 11
 53.8  50  9
 52.1 355 14
 48.7  15 18
 45.1  70 19
 42.9  90 15
 40.6 255 10
 39.9 280 16
 36.4 225  1
 35.8 125  4
 34.6 220 13
 30.7 305 15
 29.7 270 19
 26.4 240 19
 25.6 250 32
 22.4 290 24
 20.6 270 32
 19.3 265 40
 13.5 290 45
 12.3 295 26
 11.5 305 15
  8.9 305 29
  8.3 280 19
  7.7 315 26
D20130529.00
100.0 105 21
 70.0 350 31
 50.0  90 18
 30.0 285 13
 20.0 275 35
 10.0 270 21
 94.2  65 20
 79.2 210  9
 75.9 335 13
 69.5 350 30
 66.2  30 28
 56.9  90 33
 53.3  25  2
 51.7  80  7
 48.6  80 25
 39.0 180  5
 37.9 130  9
 34.5 250 28
 30.7 305 17
 28.2 265 16
 25.3 275 37
 14.8 265 38
 13.2 290 19
 12.6 245  7
 12.2 270 23
 10.4 260 14
  7.9 285 32
  7.7 295 47
  7.1 275 22
  6.8 280 42
  6.0 265 24
  5.9 265 11
  5.6 315 16
  4.8 310 23
D20130529.12
100.0 190 13
 70.0 340 18
 50.0 105 12
 98.3 195 13
 90.3 340  2
 87.6 145  4
 85.1 245  9
 82.4 260 13
 76.8 305  8
 74.4 330 16
 73.2 330 21
 72.0 335 20
 67.5   5 15
 65.1  80 12
 62.0 110 34
 59.3 110 44
 57.8 120 36
 56.5 110 30
 53.0 160  7
 51.6 150 14
 50.2 110 10
 48.9  75 20
 45.7 100 27
 45.1 100 27
 43.9  90 20
 42.4 100  9
D20130530.00
100.0 105 24
 70.0  50 20
 50.0 115 20
 30.0 265 33
 20.0 270 33
 10.0 260 25
 97.1 130 21
 93.3 105 15
 88.2 245 10
 77.1 325  5
 73.7  45 12
 65.9 105 32
 56.7  90 14
 51.2  95 32
 44.9 245  5
 44.2 280 15
 40.3 300 18
 33.1 255 22
 24.6 310 16
 22.1 270 25
 17.4 280 47
 14.5 305 21
 14.0 275 25
 11.8 260 36
  8.7 275 21
  7.6 285 41
  7.3 315 10
  6.8 285 44
  5.7 300 26
  5.1 250 39
D20130530.12
100.0 200  9
 97.4 225  7
 95.1 225 10
 92.8 180 10
 88.8 230 12
 87.1 250 12
 85.7 275 12
 83.0 340 11
 80.2 350 20
 78.6 360 20
 76.7 360 21
 74.7  10 19
 73.7  30 18
D20130531.00
100.0 215 12
 70.0 115 16
 50.0 100 21
 30.0 260 13
 20.0 285 56
 10.0 260 20
 95.4 280  6
 92.2 350  4
 90.8  20  4
 84.8 290 16
 83.4 290 17
 77.6  35  7
 69.1 130 19
 58.3  95 46
 51.2 135 18
 49.7  95 20
 48.3 325 10
 42.5 350 14
 41.1  25 12
 39.8 270  1
 37.5 315  2
 36.2 235  9
 27.5 285 30
 22.0 275 48
 14.5 280 26
 13.9 255 18
 13.5 260 38
 11.7 280 26
  8.5 250 45
  7.7 260 32
  7.1 275 54
  6.6 275 34
  5.7 305 31
D20130531.12
100.0 335  9
 70.0 105 17
 50.0 100 20
 30.0 265 20
 20.0 295 27
 97.1 330 13
 90.5 230  5
 82.6 200 14
 80.8 215 13
 77.4 210 10
 75.8 215  5
 72.7 110  9
 68.3 120 20
 60.9  95 36
 58.2  65 44
 53.8  80 35
 49.5 115 19
 46.2  75  3
 43.2  75 13
 41.2 115  4
 39.3 250 19
 35.7 290 30
 33.4 285 16
 31.9 255 27
 30.9 265 21
 29.9 265 20
 28.0 285 44
 26.3 295 30
 26.0 285 37
 23.2 260 44
 21.7 260 52
 20.1 290 28
 17.4 280 33
 16.4 280 34
