sing20160410.00
TTAA 60001 48698
99009 26815 11003 00102 26415 02005 92790 23024 06009
85526 20656 32004 70179 10844 20505 50591 04550 11513
40763 15328 08017 30975 29158 08534 25103 39758 08529
20251 51966 06026 15431 67150 08529 10665 79560 06538
88107 81950 05529
77999=
TTCC 60001 48698
70869 78363 25521 50061 70574 11525 30374 54582 02507
20635 53784 28026 10090 41991 12013
88780 80760 21513
77072 08573 443//=
TTDD 6000/ 48698
11907 75766 22780 80760 33607 77763 44549 79762 55528
77366 66506 69973 77445 73368 88376 60780 99362 61978
11306 53983 22285 55982 33272 52185 44251 55382 55226
51785 66208 54983 77167 52585 88102 41791 99086 42191
11079 35393 22074 34393 33067 34993
21212 11939 06036 22910 07520 33896 09516 44849 15517
55817 17515 66778 22013 77761 26007 88749 28510 99738
29011 11722 26516 22683 25529 33637 23510 44617 27514
55587 28517 66562 33018 77546 35513 88528 06007 99522
10011 11496 11527 22467 08032 33413 11054 44363 10041
55324 08010 66284 05004 77269 23016 88258 24025 99231
27526 11214 28036 22204 28526 33182 26522 44167 29516
55155 34519 66144 35522 77141 00518 88131 00000 99101
12512 11099 11513 22096 07514 33089 08017 44085 07027
55082 09036 66072 08573 77067 09065=
