sing20160426.00
TTAA 76001 48698
99008 27418 20003 00093 27022 21508 92780 22413 15506
85514 19026 32503 70164 10427 03502 50589 03562 06009
40762 15138 09020 30974 29169 12013 25101 39158 10512
20250 51758 11515 15430 67126 10022 10667 80156 22508
88999
77999=
TTCC 76001 48698
70865 80759 07533 50060 67573 09538 30375 55580 11020
20638 51182 32037 10093 43387 17507
88805 85356 11006 88157 51182 25543
77050 09603 417// 77219 30059 44043=
TTDD 7600/ 48698
11805 85356 22729 84756 33663 76363 44600 77963 55546
76565 66519 65975 77453 67972 88407 65774 99394 60978
11377 61177 22314 58979 33271 50183 44216 52181 55184
48184 66157 51182 77126 52181 88105 43987 99081 41588
11071 38990 22066 40789 33057 31594 44050 29995
21212 11955 23013 22927 22010 33882 17011 44819 10503
55787 09012 66719 08037 77700 07533 88644 14022 99622
15010 11584 04002 22541 04010 33520 08026 44480 10552
55448 09538 66404 08049 77359 09037 88349 08040 99339
07537 11305 09527 22288 13517 33282 18017 44275 21513
55273 23014 66262 26024 77236 29054 88219 30059 99199
32536 11185 28513 22181 29513 33174 25524 44158 25544
55135 28536 66125 31513 77121 29024 88116 28524 99096
14502 11089 07505 22085 07016 33062 08583 44050 09603=
