sing20160428.00
TTAA 78001 48698
99007 28217 05501 00088 28228 07005 92779 24448 18002
85516 19432 23504 70163 10863 35506 50589 04756 09514
40762 13358 10516 30974 29556 08017 25102 39933 09524
20251 50366 08012 15432 64949 29523 10668 81556 29519
88999
77999=
TTCC 78001 48698
70867 72768 09506 50063 73169 10509 30378 56383 17012
20639 53784 26537 10093 45589 34506
88850 86550 02006 88543 76965 17005
77061 10084 44412=
TTDD 7800/ 48698
11850 86550 22780 85758 33767 78761 44746 75363 55657
71169 66543 76965 77393 60979 88392 60779 99342 59380
11273 54184 22251 47988 33222 54383 44219 54384 55160
52385 66128 45589 77102 46189 88084 35993 99072 33194
11066 35793 22051 25796
21212 11967 30513 22872 03510 33846 01505 44778 09533
55750 12023 66724 12018 77708 11511 88694 03504 99658
25510 11614 24027 22544 17505 33514 20013 44510 19010
55499 10010 66493 08515 77400 08552 88365 11034 99346
10031 11310 13523 22299 17511 33296 20508 44292 24512
55285 26523 66263 28021 77254 24525 88223 26049 99205
26039 11182 30034 22155 29515 33150 27511 44144 27022
55134 28015 66130 26514 77111 27010 88094 02502 99092
10010 11088 12515 22074 08529 33061 10084 44053 09576
55051 08552=
