sing20160411.00
TTAA 61001 48698
99008 28228 07003 00096 27632 04007 92786 24028 26006
85523 19005 29512 70173 12258 02506 50591 04750 13011
40764 14158 11019 30976 28961 11522 25104 39164 12021
20252 51564 14519 15433 65760 10524 10668 78760 09014
88112 79956 12015
77999=
TTCC 61007 48698
70869 81559 35516
88908 81957 12514
77999=
TTDD 6100/ 48698
11908 81957 22829 79960 33639 83960 44625 78563 55592
71569
21212 11958 13012 22915 12013 33858 14514 44782 24012
55743 29014 66721 33517 77697 35515 88651 36011 99631
05012 11592 11013=
