sing20160411.12
TTAA 61121 48698
99005 30250 08503 00067 29446 04008 92759 24021 16001
85497 20431 35013 70158 12860 33507 50591 03948 04018
40764 13958 10517 30976 28365 12519 25104 38765 12525
20253 51337 16025 15433 66956 14029 10670 78759 14024
88999
77999=
TTCC 61121 48698
70872 79761 01508 50066 73168 23512 30373 59381 06007
20634 50986 25520 10095 43590 25508
88927 80758 09012 88118 45989 29016
77070 10074 45421=
TTDD 6112/ 48698
11927 80758 22847 78760 33772 82160 44737 77962 55662
81560 66554 72569 77442 74967 88406 73570 99397 69573
11368 65577 22360 65777 33354 61381 44322 57782 55295
59781 66275 58382 77254 51986 88212 51386 99180 50587
11170 46389 22159 47989 33141 40991 44118 45989 55099
43190 66088 46589 77076 38192 88058 32794 99044 29195
21212 11958 13018 22927 09012 33914 10012 44896 14513
55878 15514 66865 14011 77857 12009 88820 04514 99791
02519 11750 04522 22723 04012 33647 28010 44619 18502
55593 16010 66575 18012 77558 22511 88544 23514 99526
26011 11515 26013 22497 23511 33474 27511 44467 30510
55444 06004 66437 12010 77423 12020 88392 08543 99339
08519 11331 07512 22328 06510 33322 03512 44310 03511
55283 16510 66275 16011 77273 16510 88264 31001 99257
33510 11230 34511 22229 34510 33224 26510 44214 25015
55204 26022 66180 21519 77164 22036 88143 24515 99142
25512 11135 29521 22128 30527 33124 32021 44119 29017
55116 31015 66113 28515 77101 28011 88097 18510 99091
17511 11088 13006 22084 07519 33082 06025 44076 09046
55070 10074 66063 08059 77055 09054 88044 08062=
