sing20160409.00
TTAA 59001 48698
99008 28228 09002 00097 27628 05007 92786 24457 30502
85523 19023 27006 70168 10645 10512 50590 02962 10019
40763 14956 09029 30976 27779 05522 25104 38968 05018
20253 51361 10022 15433 66157 12038 10668 82756 07037
88999
77999=
TTCC 59001 48698
70867 80760 10002 50061 76565 02509 30371 54385 06012
20635 50388 26522 10087 48189 11008
88918 84144 06544
77066 10087=
TTDD 5900/ 48698
11918 84144 22751 79760 33712 81560 44643 74966 55494
76765 66415 72570 77404 68374 88382 67575 99321 54984
11277 53586 22264 48588 33251 47989 44212 50787 55181
48988 66166 51987 77087 47589 88071 34993 99061 32394
21212 11946 06545 22868 05537 33804 07041 44753 08510
55745 10006 66706 00000 77670 07510 88653 19503 99639
25510 11603 27027 22566 25015 33542 26510 44529 30006
55509 00510 66504 01510 77484 10512 88474 13516 99458
12014 11444 12525 22425 08032 33401 10056 44359 09554
55333 11530 66312 11021 77306 09517 88300 06012 99297
04513 11286 01518 22279 01521 33269 03010 44263 33001
55258 25510 66247 23525 77205 26520 88169 25542 99133
29030 11128 29016 22122 32010 33115 07501 44106 14010
55097 07510 66093 08519 77089 05032 88083 08541 99066
10087 11061 09584=
