sing20160408.12
TTAA 58121 48698
99006 30858 07007 00079 29857 05513 92767 23419 02510
85503 19008 32003 70155 11849 06014 50589 02169 09020
40762 14158 09527 30975 27371 08022 25104 38570 07511
20253 51141 13028 15433 66145 16034 10667 84541 08523
88999
77999=
TTCC 58121 48698
70872 77163 28523 50065 75366 01008 30374 57983 15017
20631 49788 29514 10091 45390 32006
88989 84943 09026 88669 78563 33011
77070 09075 442//=
TTDD 5812/ 48698
11989 84943 22843 72768 33669 78563 44482 75767 55422
71372 66377 63779 77358 64578 88300 57983 99278 59782
11248 59182 22237 54386 33172 46589 44153 49588 55146
46989 66130 48588 77117 42990 88104 45789 99079 41391
11076 37392 22067 34193
21212 11937 09536 22897 08038 33866 07021 44845 04510
55831 00504 66817 31010 77762 27524 88740 28026 99706
28024 11681 30015 22662 35511 33640 02013 44630 02010
55616 31503 66577 25510 77560 23011 88533 26510 99475
09505 11446 11023 22431 06528 33389 07554 44351 09052
55314 11025 66304 13517 77295 16018 88285 16017 99277
13510 11267 06505 22260 00510 33251 36017 44240 03513
55237 04010 66233 00000 77228 22510 88219 21510 99206
28518 11199 29514 22186 28014 33175 24009 44152 24518
55144 25021 66134 28025 77121 29010 88110 35510 99097
02502 11094 12512 22088 09524 33082 11034 44075 08554
55070 09075 66067 09072=
