sing20221218.12
TTAA  68111 48698
99003 25627 05010 00058 25220 06002 92743 22628 09512
85480 18224 15010 70119 09207 21508 50584 05121 16514
40757 14759 10008 30968 29176 07018 25096 39767 04014
20245 52364 07021 15424 68562 08025 10656 81358 29512
88114 81557 08035
77999=
TTCC  68111 48698
70858 76762 23516 50056 66774 28019 30376 57184 26047
20631 52985 28545 10085 44788 33019
88268 61383 24529 88134 50786 27529
77058 07570 42420=
TTDD  6811/ 48698
11890 82558 22843 82558 33795 77561 44720 77961 55683 73764
66579 71767 77528 69770 88491 64776 99454 65177 11409 62382
22382 55385 33308 56185 44268 61383 55238 60184 66208 54185
77161 47587 88134 50786 99117 50986 11106 46187 22097 43788
33090 45188 44076 45388 55072 42988 66064 46187 77063 46987
88062 46387 99061 45188 11060 39389 22055 36590 33054 34990
44045 41589
21212 11959 30510 22937 26506 33891 26506 44874 31004 55854
28510 66817 28518 77770 24010 88749 18508 99697 23514 11676
27510 22658 24508 33642 30510 44622 31516 55553 28025 66511
28525 77482 26021 88467 27523 99392 27031 11363 27049 22333
26554 33270 24533 44256 27025 55233 28041 66195 28545 77162
23023 88156 24519 99147 21512 11142 26518 22137 27529 33128
28019 44122 29531 55111 27519 66109 29012 77106 31019 88085
03021 99079 11008 11078 15506 22076 15008 33074 08506 44071
08531 55058 07570 66053 08053 77045 06549=
