sing20221206.00
TTAA  56001 48698
99007 25625 35501 00095 25214 31004 92775 21823 33002
85507 17819 27004 70149 09014 34014 50587 04938 06512
40759 14958 03012 30970 30362 04010 25097 40761 04006
20245 53362 10518 15423 68758 08539 10654 85742 08551
88999
77999=
TTCC  56001 48698
70859 69174 31519 50062 63578 24516 30383 55179 32012
20645 48978 26016 10104 45776 30527
88909 88930 09556 88661 70771 32021
77999=
TTDD  5600/ 48698
11930 87944 22909 88930 33890 87534 44873 81557 55852 74959
66805 71561 77781 66766 88661 70771 99620 70171 11586 65974
22515 65376 33457 60380 44429 60380 55420 57783 66359 59378
77292 55178 88283 52380 99219 51178 11191 48578 22161 49576
33115 46577 44110 44179 55088 44976 66079 43179 77074 43977
88067 43377 99062 40979 11061 41178 22060 40579 33059 37182
44047 29583
21212 11902 09558 22860 07531 33796 02016 44775 31014 55764
29518 66669 32021 77637 29519 88597 28512 99564 24018 11511
26016 22467 21514 33430 20512 44422 26510 55381 32021 66337
34021 77324 32516 88316 33514 99299 32010 11286 24510 22231
22021 33203 26016 44197 25516 55180 32023 66120 23516 77117
27019 88092 31529 99083 31506 11082 26504 22079 24514 33077
20508 44076 23006 55074 12510 66071 04014 77070 05516 88068
03021 99065 07023 11061 08031 22059 11027 33056 11543 44048
11058 55047 11553=
