sing20221209.00
TTAA  59001 48698
99006 25028 34502 00081 24621 34504 92766 21427 28516
85495 18236 30010 70138 09840 25010 50586 04742 19006
40759 15337 11514 30970 30150 13010 25097 40359 09516
20245 53563 05508 15423 69145 08035 10653 86544 10060
88999
77999=
TTCC  59001 48698
70855 70168 23014 50058 61383 27008 30377 55185 29012
20637 54385 29027 10089 47987 31021
88921 89342 10560
77971 10064 41973=
TTDD  5900/ 48698
11921 89342 22893 87956 33882 88150 44876 88350 55866 83960
66854 78763 77799 74162 88717 72565 99686 67970 11603 69373
22542 66977 33502 61583 44383 61383 55343 60384 66298 54985
77207 54785 88123 50586 99111 46587 11098 48787 22080 48587
33071 46987 44061 41599
21212 11971 10064 22887 09058 33832 11002 44824 22502 55812
28010 66804 30014 77747 26504 88729 21006 99652 24037 11509
24008 22490 30508 33472 26506 44461 27508 55451 26010 66440
27012 77427 25014 88416 26514 99375 25516 11353 29514 22326
30516 33308 28512 44288 29514 55282 27010 66274 30008 77259
27006 88253 28510 99225 27023 11218 29029 22200 29027 33194
27025 44148 25523 55130 22033 66116 21508 77112 27506 88110
01506 99109 03006 11100 31021 22095 33019 33075 22512 44071
07006 55070 03508 66069 03510 77068 07514 88065 12521 99061
11023=
