sing20221201.12
TTAA  51111 48698
99004 25422 34503 00066 25622 10002 92748 22846 35508
85483 18236 33008 70122 09021 32506 50585 04719 32502
40758 14722 13518 30970 29531 05006 25096 40135 11019
20245 52743 08033 15424 68756 07047 10655 84943 10019
88999
77999=
TTCC  51111 48698
70855 67759 09521 50058 63759 28014 30378 55566 28025
20637 52565 28031 10093 42572 24025
88884 87738 11523
77999=
TTDD  5111/ 48698
11884 87738 22831 85937 33817 84956 44785 82142 55772 77357
66760 72959 77703 68159 88640 66159 99562 69157 11512 63759
22345 55767 33275 56965 44187 50567 55148 51365 66137 51165
77120 45368 88104 42771 99093 42381 11077 46787
21212 11973 10518 22954 08516 33895 11519 44820 09539 55714
10031 66697 07012 77692 34012 88690 32516 99673 33016 11648
27016 22549 24521 33510 29016 44477 23514 55454 23516 66437
25016 77410 21518 88373 19506 99356 29506 11325 28525 22262
27029 33211 28529 44192 26025 55182 28521 66169 23527 77157
25033 88122 21535 99108 26525 11106 23525 22103 24029 33101
23025 44100 24025 55093 20525 66082 18523 77077 15512=
