sing20221210.12
TTAA  60111 48698
99004 29057 29002 00070 28656 34002 92758 22628 27506
85493 18233 22510 70129 10250 20008 50585 04345 17516
40758 14928 08004 30970 29734 07025 25097 40356 08019
20245 53158 09523 15423 68956 07543 10654 81956 08056
88110 83546 09566
77123 09066 42007=
TTCC  60111 48698
70859 72764 26025 50060 63972 28012 30378 60571 25519
20636 55972 25527 10086 47787 30029
88191 56972 26025 88111 50586 28025
77999=
TTDD  6011/ 48698
11931 85356 22908 85556 33871 78359 44773 71163 55716 73763
66668 72964 77629 68767 88556 67569 99431 59174 11313 60971
22252 54173 33223 52973 44191 56972 55179 57572 66168 56973
77161 53178 88152 50379 99141 50780 11130 47586 22111 50586
33092 48987 44086 46587 55068 46187 66065 45987 77057 39989
88049 40399
21212 11909 09056 22824 15508 33812 24504 44775 29018 55742
29027 66686 26023 77653 27521 88601 23510 99580 28510 11545
23010 22467 30523 33424 27016 44371 28525 55335 25523 66297
25019 77240 29025 88206 25527 99181 25523 11168 23029 22147
25525 33139 22021 44127 28535 55120 28027 66117 29039 77111
28025 88107 29027 99105 28031 11104 29531 22098 32029 33094
29529 44093 30027 55087 24016 66081 20025 77077 20525 88074
17521 99070 18012 11067 11006 22066 14014 33064 16021 44063
15029 55059 12023 66049 09039=
