sing20221214.12
TTAA  64111 48698
99006 26222 07003 00087 25615 02504 92774 21416 03006
85503 17617 30002 70145 09634 18506 50586 05705 11510
40758 14756 08519 30970 30149 07018 25097 39737 10523
20246 52550 10521 15425 68956 10037 10656 85347 10551
88102 85343 10547
77999=
TTCC  64115 48698
70859 77958 27023 50059 62964 27519
88999
77999=
TTDD  6411/ 48698
11968 84750 22952 81158 33918 77158 44678 77958 55613 73759
66534 63564 77472 62564
21212 11979 10558 22929 12027 33898 15014 44871 22514 55828
26533 66766 25531 77707 27023 88640 25504 99632 20502 11621
21506 22600 26506 33588 24006 44573 28508 55557 22508 66549
21010 77525 27518 88472 27529=
