sing20231113.00
TTAA  63001 48698
99008 27436 06002 00104 26817 07006 92793 23021 09008
85526 19449 20502 70174 10442 02008 50591 04358 03506
40763 14959 11012 30974 29940 11016 25101 40359 08519
20249 52562 09529 15430 65160 28004 10665 78757 17021
88111 79156 27012
77999=
TTCC  63005 48698
70869 80957 28510 50067 69580 10512
88999
77999=
TTDD  6300/ 48698
11704 80957 22577 67571 33466 68782
21212 11933 14514 22898 05502 33893 26502 44834 24510 55800
29512 66696 28508 77655 24004 88643 26504 99623 22504 11616
18002 22610 09002 33605 09004 44596 15006 55556 16018 66537
15518 77507 09510 88485 10516 99466 04016=
