sing20231128.12
TTAA  78111 48698
99005 27027 05502 00075 27021 05008 92766 22609 03014
85496 18613 00506 70148 11656 32512 50588 04519 26008
40761 14916 13502 30973 29159 11018 25100 39362 08021
20249 51958 06027 15429 67358 07545 10667 78361 30510
88999
77999=
TTCC  78117 48698
70867 76359 19512
88892 82758 25504
77999=
TTDD  7811/ 48698
11892 82758 22755 82357 33707 76560 44687 76958 55657 72562
66561 74963 77503 71166
21212 11974 30006 22902 20504 33888 27504 44850 29516 55809
27512 66751 32012 77735 28012 88720 28004 99714 20004 11710
18506 22689 20516 33605 23523 44565 22019 55550 21002 66549
22502 77547 32002 88535 00508 99503 00525=
