sing20231105.00
TTAA  55001 48698
99008 28045 35003 00099 27426 26002 92789 23032 13504
85525 18836 35504 70166 11056 12512 50590 04945 09518
40762 15358 10514 30974 29366 09019 25101 40367 08018
20249 52764 08521 15428 67356 29506 10664 80350 10021
88999
77999=
TTCC  55001 48698
70867 74564 28518 50064 70773 30523 30375 59984 09056
20631 54585 09568 10092 35590 08549
88893 82549 11031 88349 67780 11058
77132 09582 41118=
TTDD  5500/ 48698
11952 79958 22893 82549 33851 78558 44812 75961 55728 76961
66497 70973 77435 63183 88349 67780 99328 63383 11288 58584
22230 56984 33215 53785 44177 53385 55157 51786 66123 40789
77107 37790 88104 38189 99099 35790 11098 32991 22091 32590
33081 36387 44074 38789 55069 40189 66066 40389 77063 36793
21212 11977 11523 22868 12027 33830 11510 44811 22506 55792
24010 66763 24510 77746 29010 88644 30037 99555 30543 11525
29527 22496 30523 33481 26512 44458 17008 55449 07012 66446
05516 77425 05035 88401 08047 99369 10060 11344 11554 22313
09047 33282 09068 44183 08572 55145 10580 66132 09582 77127
09070 88106 08072 99105 07576 11097 08525 22094 12014 33093
12008 44091 23508 55088 29516 66084 31031 77083 30029 88079
31025 99073 28023 11063 29527=
