sing20231110.00
TTAA  60001 48698
99008 27434 31503 00107 26818 29010 92793 22820 23512
85526 19850 21006 70172 09016 26510 50590 05356 08006
40762 14357 12510 30974 29563 05012 25101 40350 06021
20249 53145 06539 15428 66362 09037 10665 73562 25518
88112 78757 07019
77999=
TTCC  60001 48698
70871 77360 25033 50067 69171 35518 30378 61383 08564
20635 48387 10068 10100 40189 09033
88908 76361 25537
77219 10074 40909=
TTDD  6000/ 48698
11908 76361 22833 75162 33755 78160 44608 75163 55460 66976
66424 69576 77359 62383 88314 62583 99247 57384 11226 54585
22215 49986 33167 48187 44143 43188 55113 43588 66102 40389
77095 40989 88067 36190 99061 33191
21212 11902 25537 22685 24531 33602 26019 44492 01018 55465
08025 66412 07541 77396 09545 88338 07558 99219 10074 11126
09064 22107 09053 33093 08016 44092 06510 55090 35510 66086
31512 77083 34514 88080 31523 99077 32021 11075 28516 22072
29010 33069 21012 44061 29531=
