sing20231125.12
TTAA  75111 48698
99007 26620 34506 00092 26413 31002 92779 23638 25516
85514 19656 24012 70164 10433 25510 50588 04511 02523
40762 13918 04516 30974 28928 09010 25102 38341 08019
20252 51356 09023 15431 67750 06025 10665 81949 16008
88999
77999=
TTCC  75111 48698
70868 73357 25019 50066 66757 08025 30377 59358 10549
20632 52163 08562 10096 37969 15525
88964 82944 19012 88440 71750 08027
77219 07574 42528=
TTDD  7511/ 48698
11964 82944 22931 81756 33869 83541 44849 83743 55838 81157
66766 74758 77611 75756 88574 74157 99544 67960 11523 65359
22440 71750 33433 68758 44422 66159 55370 66157 66334 60759
77312 58759 88269 60358 99200 52163 11185 52562 22151 44565
33125 42767 44109 37969 55098 37969 66096 38569 77092 34774
88090 33175 99077 34975
21212 11943 18502 22939 36002 33901 02016 44856 02018 55831
05014 66824 04512 77801 33008 88778 32504 99774 23002 11762
21012 22722 23523 33623 31031 44585 33016 55577 32010 66567
25508 77542 26506 88536 02506 99534 04008 11507 08021 22450
07527 33397 12041 44345 10037 55330 07545 66302 10549 77237
08054 88230 07547 99219 07574 11212 07062 22192 09566 33164
09558 44121 08564 55115 09037 66107 11531 77093 18016 88091
22519 99083 27551 11077 27047=
