sing20231107.12
TTAA  57111 48698
99008 25836 34003 00099 25626 29506 92786 23645 05504
85525 19432 31002 70174 10636 03502 50589 06304 11016
40761 15134 05514 30973 28561 05518 25101 39357 06529
20250 51350 03518 15430 67347 35006 10665 76157 05027
88115 80545 09010
77999=
TTCC  57117 48698
70871 79356 30527
88999
77999=
TTDD  5711/ 48698
11922 77156 22836 72759 33719 78956 44655 78957 55588 75558
21212 11961 06021 22907 03510 33884 32006 44847 28521 55814
28539 66710 30531 77670 28016 88637 29012 99616 25014 11588
24519=
