sing20160131.12
TTAA 81121 48698
99006 29857 06007 00078 29257 02508 92768 22818 36015
85501 18428 36015 70145 11661 02514 50588 03358 04005
40761 13565 05511 30973 29977 06030 25100 40558 08519
20248 52137 13540 15428 67756 12048 10665 74763 11017
88103 78160 11539
77130 10575 43337=
TTCC 81127 48698
70869 81558 31027
88999
77999=
TTDD 8112/ 48698
11791 79761 22771 77762 33668 83157 44635 80560 55614
73964
21212 11976 09510 22942 02504 33887 28510 44825 26030
55784 29027 66670 32525 77645 33510 88614 30505=
