sing20160120.12
TTAA 70121 48698
99009 29046 08006 00099 28039 04011 92787 22417 05012
85522 19856 05014 70170 09619 10007 50588 04712 11015
40761 14711 11535 30973 29507 11542 25100 39511 09540
20249 52350 11039 15429 64365 09533 10668 79558 30514
88999
77999=
TTCC 70125 48698
70869 79959 20513 50066 67572 23514
88814 83357 10017
77999=
TTDD 7012/ 48698
11814 83357 22751 78760 33694 80159 44656 73964 55619
72966 66608 73565 77545 72967 88505 67172 99425 69371
11401 64774
21212 11888 36013 22867 04512 33820 09017 44781 16511
55748 17017 66698 20512 77695 20010 88683 09002 99671
32010 11662 31017 22618 32529 33599 33028 44582 30529
55557 29032 66542 27518 77522 27516 88499 23514 99485
24019 11473 23510 22430 00000 33401 15508=
