sing20160127.00
TTAA 77001 48698
99009 26821 07004 00105 26019 03007 92791 22012 04513
85523 18426 09513 70169 09849 11019 50590 05161 31515
40761 15759 35008 30972 31157 31004 25098 41113 16523
20246 53557 13049 15426 63566 05523 10664 81556 06019
88999
77999=
TTCC 77001 48698
70865 77362 05016 50066 66773 24527 30376 60777 29518
20631 55780 19529 10075 54581 10552
88880 83757 13033
77084 09086 439//=
TTDD 7700/ 48698
11880 83757 22865 79360 33839 78360 44760 79960 55697
77163 66659 69969 77637 70369 88571 66173 99399 70372
11371 64577 22311 60379 33262 60977 44215 54781 55148
52182 66120 57179 77114 52583 88100 54581 99083 50782
21212 11943 12518 22881 13033 33840 13515 44814 10503
55751 31502 66721 03010 77692 06016 88685 05013 99673
36012 11653 34519 22621 34511 33597 25003 44577 25010
55513 25032 66459 25024 77436 23013 88429 22010 99413
00000 11315 30010 22250 28525 33233 24516 44228 22015
55226 21016 66204 19530 77188 20517 88181 23518 99172
21510 11167 26001 22161 02010 33158 03514 44153 01014
55147 04019 66137 04041 77124 08536 88117 09032 99098
10552 11084 09086 22083 09085=
