sing20160130.00
TTAA 80001 48698
99009 27429 05505 00103 26625 01011 92789 22856 02515
85523 19048 00508 70167 11057 02511 50589 03968 09511
40761 14556 09526 30973 30332 11011 25100 40756 12022
20247 53956 12029 15426 67157 11566 10663 81158 09537
88999
77153 11566 43337=
TTCC 80001 48698
70869 75763 26030 50064 72369 30509 30376 57780 28008
20632 57979 30005 10076 50383 09053
88970 81758 11035 88689 76163 25526
77060 10581 422//=
TTDD 8000/ 48698
11970 81758 22881 77164 33865 72768 44833 70770 55689
76163 66557 77562 77476 70771 88438 70971 99417 65376
11338 57780 22251 58579 33232 54981 44203 58179 55150
53582 66122 55780 77091 45986 88073 42788 99066 43987
11057 36392
21212 11924 13036 22882 12522 33868 14014 44850 20510
55843 23011 66827 26016 77777 28030 88729 27527 99668
24020 11650 26017 22633 28520 33571 30035 44533 32015
55502 30510 66484 33505 77464 05010 88433 08040 99408
11030 11389 08029 22360 08527 33350 09021 44341 09010
55331 01001 66320 25510 77315 25012 88305 26011 99291
32011 11275 34010 22257 27004 33243 32010 44239 33513
55227 35025 66214 33017 77204 34010 88199 27004 99195
18510 11185 22025 22173 22538 33152 18521 44147 15018
55145 13521 66135 12025 77128 06528 88117 07536 99111
06553 11102 09551 22075 10072 33068 09561 44060 10581
55057 10075=
