sing20160124.12
TTAA 74121 48698
99009 29857 06010 00104 28856 04015 92793 22209 04020
85525 18243 03527 70167 10656 03513 50590 05937 34517
40761 15134 20003 30973 29715 15021 25101 39929 13535
20249 51562 13043 15429 66360 15022 10666 81747 11514
88999
77999=
TTCC 74121 48698
70869 77162 24536 50062 68773 00516 30377 61376 26033
20631 57979 27534 10080 43385 08034
88901 84145 11036 88632 79760 24028
77053 09090 42512=
TTDD 7412/ 48698
11901 84145 22758 74965 33632 79760 44536 76365 55509
68573 66347 58178 77315 61176 88220 58378 99203 59378
11195 56179 22173 57178 33144 51382 44124 54380 55116
48184 66096 42186 77077 47384 88062 45185 99046 30993
11044 31593
21212 11893 10538 22839 08026 33812 10015 44798 14512
55790 17013 66766 21520 77729 24532 88683 24538 99605
24013 11587 28011 22565 28510 33554 00000 44524 03010
55509 00520 66494 01012 77482 03511 88464 11010 99444
11521 11429 13019 22412 13010 33377 33503 44364 27010
55356 24512 66346 26021 77335 26027 88278 27035 99216
26021 11208 27528 22180 28540 33160 26526 44152 23525
55139 23516 66136 26510 77124 24001 88120 16010 99117
16019 11110 11035 22106 08024 33103 08023 44091 09554
55086 09060 66076 07554 77068 09049 88064 09562 99053
09090 11044 08588=
