sing20160106.12
TTAA 56121 48698
99008 29656 00000 00099 28649 03008 92787 22209 03014
85522 19022 03507 70172 11258 06504 50591 03960 22501
40763 14780 03010 30975 29772 08013 25102 39964 18013
20250 50966 06513 15432 65360 31041 10670 80356 08504
88999
77999=
TTCC 56121 48698
70868 82556 08513 50063 72569 35012 30380 58978 27528
20635 58978 28019 10086 48384 10053
88810 84356 01508
66076 07578 414//=
TTDD 5612/ 48698
11810 84356 22746 85348 33654 77360 44551 73367 55517
74766 66488 70372 77470 63978 88349 57979 99266 59977
11222 55980 22206 59178 33160 51782 44149 53781 55136
44786 66117 49383 77109 46585 88100 48384 99081 38789
11076 39789
21212 11904 13010 22847 07503 33780 01010 44732 03512
55679 11515 66636 16012 77619 15013 88599 19515 99578
19010 11554 30010 22535 32012 33519 31514 44484 03018
55443 06017 66430 10510 77398 36003 88370 28510 99356
28515 11341 31020 22320 27020 33271 26538 44237 27027
55212 29534 66198 27517 77193 29516 88187 23514 99182
23011 11156 17523 22150 19026 33143 13520 44141 10518
55140 07522 66138 06031 77128 05545 88111 10048 99097
09552 11076 07578=
