  1. 1.2016   0 Uhr

 99.9   4.6  -0.8   94.3  -3.0  -6.5   89.1  -2.8  -6.1   87.6  -1.8  -4.8
 82.5   5.1  -2.4   75.8   0.0   0.0   70.8   1.8  -4.8   70.0   2.3  -4.0
 67.1   4.8   1.8   63.2   9.7   6.8   60.5   7.1   4.1   59.4   5.1   2.4
 58.2   6.1  -1.1   56.3   5.1  -3.5   53.6   4.2  -3.0   50.5   1.0   0.1
 50.0   0.7   1.9   43.7   1.5   0.3   41.6   5.1   0.4   39.8   9.8   5.7
 38.4   7.7   2.8   37.2   5.5  -1.5   36.4   4.7  -4.7   35.4   4.4  -6.3
 32.9   9.7  -6.8   32.0   8.4  -3.9   30.0   8.7  -3.2   29.9   8.7  -3.2
 28.9   7.5  -6.3   26.7   9.1  -1.6   25.9   6.3   2.3   23.4  11.0   7.7
 22.6  10.7   6.2   21.5   8.9  -2.4   21.3   9.8  -4.6   20.0  13.5  -9.4
 19.7  14.7 -10.3   18.9  12.0 -12.0   17.7   8.2  -3.0   17.4   5.1  -0.9
 17.2   2.8   1.3   17.0   2.2   4.7   15.5   9.5  16.5   14.2  -1.9  22.0
 13.4  -9.4  13.5   13.2  -9.3   6.5   13.0  -9.4   2.5   12.9 -11.7  -2.1
 12.0 -10.1  -7.1   11.1 -19.8  -7.2   10.6 -18.2  -8.5   10.0 -20.4  -5.5
  9.9 -20.8  -3.7    9.5 -21.3  -7.7    8.2 -23.8  -4.2    7.7 -21.3   3.8
  7.4 -30.2   2.6    6.7 -24.1  -2.1    6.5 -23.7   0.0    6.0 -23.8   4.2
  5.6 -36.3   9.7    4.8 -34.8   9.3

 99.9   4.6  -0.8   90.0  -2.9  -6.1   80.0   3.3  -1.5   70.0   2.3  -4.0
 60.0   6.2   3.3   50.0   0.7   1.9   45.0   1.3   0.6   40.0   9.3   5.1
 35.0   5.3  -6.4   30.0   8.7  -3.2   25.0   7.9   4.2   22.5  10.5   5.4
 20.0  13.5  -9.4   15.0   5.2  18.6   12.0 -10.1  -7.1   10.0 -20.4  -5.5
  8.0 -22.8  -1.1    7.0 -26.8   0.0    6.0 -23.8   4.2    5.0 -35.2   9.4
  4.0   0.0   0.0
 
  1. 1.2016  12 Uhr

 99.9   4.1  -0.7   95.2   2.6  -5.6   87.5   6.6  -1.2   82.0   0.9   5.1
 77.4   3.3   3.9   70.0  -3.6  -2.1   69.9  -3.6  -2.1

 99.9   4.1  -0.7   90.0   5.3  -2.6   80.0   1.9   4.6   70.0  -3.6  -2.1
 60.0   0.0   0.0   50.0   0.0   0.0   45.0   0.0   0.0   40.0   0.0   0.0
 35.0   0.0   0.0   30.0   0.0   0.0   25.0   0.0   0.0   22.5   0.0   0.0
 20.0   0.0   0.0   15.0   0.0   0.0   12.0   0.0   0.0   10.0   0.0   0.0
  8.0   0.0   0.0    7.0   0.0   0.0    6.0   0.0   0.0    5.0   0.0   0.0
  4.0   0.0   0.0
 
  2. 1.2016   0 Uhr

 99.9   1.3   0.8   92.5  -3.0  -4.2   91.1  -2.2  -4.7   81.0  -1.8   4.8
 79.8  -3.6   6.2   77.4  -1.6   9.1   72.5  -9.4   2.5   71.0  -5.5   1.5
 70.0  -1.1   2.3   69.9  -0.7   2.5   68.7   4.2   3.0   66.8  11.1   4.0
 57.9  12.4  -3.3   54.6   8.4   3.9   50.8  10.6   3.9   50.0  10.3   4.8
 44.5   5.0   5.9   43.5   5.5   4.6   42.6   5.0   1.3   41.9   2.8  -2.3
 39.9   5.1  -0.9   39.2   6.7   0.0   35.7   8.3  -6.9   33.0  10.5 -10.5
 31.0   9.1  -7.6   30.0   9.8  -4.6   29.4   9.6  -1.7   29.2   9.8   0.0
 28.8  10.2   3.7   24.7  10.2   3.7   23.9  11.8  -1.0   20.7  14.3  -8.2
 20.0  13.1  -6.1   18.9  11.7  -5.4   18.1   7.2   5.0   16.8   2.5   6.8
 16.6   0.9   5.1   16.4  -0.7   4.1   16.1  -4.7   4.0   14.0 -18.4  -4.9
 13.7 -16.9  -4.5   12.9  -5.1 -14.0   12.4  -8.3 -11.8   11.7 -13.4 -11.2
 11.3 -18.4  -4.9   10.9 -16.0  -5.8   10.0 -25.1   2.2    9.6 -24.1   2.1
  9.0 -25.3  17.7    8.1 -34.5  16.1    6.9 -23.6   2.1    6.3 -40.0   3.5
  5.7 -31.4   0.0    5.4 -40.0   3.5    4.8 -29.8  -8.0    4.5 -33.4  -5.9
  4.3 -46.3   0.0    4.1 -33.4  -5.9

 99.9   1.3   0.8   90.0  -2.1  -3.7   80.0  -3.3   6.0   70.0  -1.1   2.3
 60.0  12.1  -1.5   50.0  10.3   4.8   45.0   5.5   5.8   40.0   4.9  -1.0
 35.0   8.9  -7.9   30.0   9.8  -4.6   25.0  10.2   3.7   22.5  12.8  -4.1
 20.0  13.1  -6.1   15.0 -11.7  -0.6   12.0 -11.2 -11.5   10.0 -25.1   2.2
  8.0 -33.6  15.0    7.0 -24.5   3.3    6.0 -35.8   1.8    5.0 -33.3  -4.1
  4.0 -26.8  -8.9
 
  2. 1.2016  12 Uhr

 99.9   4.2   2.0   86.2  -6.2   0.0   83.6  -5.1   0.0   77.6   0.0   0.0
 72.2   0.3   0.4   70.0   4.6   0.8   69.5   5.0   1.3   66.3  10.1   7.1
 62.8  16.0   9.3   59.1  14.3   1.3   52.1  10.6   1.9   50.0   7.0   3.3
 47.1   5.5   3.8   46.3   3.9   3.3   44.8   3.0   0.5   43.9   3.3  -3.9
 42.8   1.9  -5.3   41.1   4.7  -4.7   37.6   6.5  -3.0   34.5   6.2  -3.6
 30.0  10.2   0.9   27.9  13.4   7.7   25.3   5.6   6.7   24.9   6.2   3.6
 24.4   9.3   0.0   21.1  11.7  -5.4   20.0  13.3   1.2   19.6  13.2   2.3
 17.2  12.6  -8.9   16.1   5.3  -3.1   15.3   1.3  -2.8   15.0  -0.9  -5.1
 14.2  -5.8  -5.8   13.7  -1.1 -12.8   13.4  -2.5 -14.2   12.8 -12.1  -4.4
 12.2 -15.2   2.7   10.0 -26.1   9.5    9.4 -24.1  13.9    8.1 -37.2  13.5
  6.6 -26.1  -2.3    6.1 -37.0   0.0    5.9 -30.2  -2.6    5.3 -35.4  -3.1


 99.9   4.2   2.0   90.0  -3.2   0.6   80.0  -2.1   0.0   70.0   4.6   0.8
 60.0  14.8   3.2   50.0   7.0   3.3   45.0   3.2   0.9   40.0   5.3  -4.2
 35.0   6.3  -3.5   30.0  10.2   0.9   25.0   6.1   4.4   22.5  10.6  -3.1
 20.0  13.3   1.2   15.0  -0.9  -5.1   12.0 -16.1   3.3   10.0 -26.1   9.5
  8.0 -36.5  12.6    7.0 -29.3   2.2    6.0 -33.7  -1.3    5.0   0.0   0.0
  4.0   0.0   0.0
 
  3. 1.2016   0 Uhr

 99.9   1.2  -6.6   92.5  -5.8  -3.3   91.1  -4.5  -2.6   89.3   0.3  -1.5
 87.3   4.8   1.8   85.7   4.7   4.7   81.7   6.6   7.9   76.1   1.1   1.1
 73.4   3.6   3.6   70.0   8.7   7.3   69.8   8.7   7.3   61.4  14.9   0.0
 58.3   9.3   0.0   55.9  14.5  -6.7   50.0  10.7  -5.0   47.6   7.1  -4.1
 46.0   5.0  -1.3   42.6   4.3  -3.6   41.7   3.6  -3.6   39.2   0.5   0.1
 37.3   2.2   4.7   35.5   7.9   6.6   30.0   8.4   8.4   27.8  10.9  10.9
 26.1   4.7   6.7   25.9   4.0   4.0   25.7   3.5   0.6   25.4   4.7  -2.2
 23.2  10.6  -8.9   21.7  10.6  -3.9   20.9  11.9   3.2   20.0  10.6   3.9
 17.9   8.9   2.4   16.3   0.8   9.2   15.9  -3.9   6.7   14.9  -8.4  -2.3
 14.2  -9.4  -2.5   13.8  -5.9  -8.4   12.5 -14.3  -1.3   11.1 -16.4   4.4
 10.6 -16.5   0.0   10.0 -23.3   4.1    9.4 -27.3   7.3    7.9 -36.8  -9.9
  7.1 -25.6 -12.0    6.7 -27.6 -10.0    6.4 -38.4  -3.4    6.0 -28.2  -2.5
  5.1 -25.3   6.8    5.0 -26.3   7.1

 99.9   1.2  -6.6   90.0  -1.6  -1.9   80.0   5.0   5.9   70.0   8.7   7.3
 60.0  12.4   0.0   50.0  10.7  -5.0   45.0   4.8  -2.0   40.0   1.5  -1.1
 35.0   7.9   6.8   30.0   8.4   8.4   25.0   5.7  -3.4   22.5  10.6  -6.6
 20.0  10.6   3.9   15.0  -8.0  -1.3   12.0 -15.1   0.7   10.0 -23.3   4.1
  8.0 -36.1  -8.6    7.0 -26.1 -11.5    6.0 -28.2  -2.5    5.0 -26.3   7.1
  4.0   0.0   0.0
 
  3. 1.2016  12 Uhr

 99.9   6.6   1.2   87.4   3.0   4.2   82.8   4.4   6.3   78.4  -2.2   4.7
 73.1   0.0   0.5   71.9   5.0   1.3   70.0   9.9   2.7   67.8   9.4   2.5
 64.5  12.6  -4.6   62.0  18.9  -6.9   56.9  14.4  -3.9   54.7  20.4  -5.5
 50.0  12.2   2.1   47.1   8.0   2.1   45.8   7.3   7.3   43.0   2.6   4.5
 41.6   1.5   0.4   34.3   5.0  -1.3   32.3   6.1  -2.8   30.0   7.6   1.3
 28.6   8.9   4.1   27.3   4.0   4.0   26.7   2.9   1.1   26.4   5.1  -0.9
 24.9  12.4  -3.3   23.4  13.7  -2.4   22.3  11.7   5.4   20.6  15.1   8.7
 20.0  11.0   7.7   19.7   8.0   8.0   19.0   8.5   4.9   18.5   5.8   5.8
 17.5  12.4   3.3   16.9  11.2   5.2   16.4   4.2   3.0   16.1  -0.2   0.5
 15.7  -0.4  -5.1   15.4   4.9  -8.5   14.4   2.3 -13.2   14.0  -1.1 -12.3
 13.7  -3.9  -6.7   13.5  -5.6  -2.6   13.4  -7.1   1.3   13.0  -7.3   7.3
 11.2 -16.8   7.8   10.8 -13.5   4.9   10.0 -26.2   0.0    9.6 -32.8  -2.9
  8.5 -37.0  -6.5    8.1 -33.3  -8.9    6.7 -31.3  -2.7    6.3 -41.5   3.6
  5.9 -33.3  -2.9    5.4 -32.9   0.0    5.1 -34.5   0.0

 99.9   6.6   1.2   90.0   3.7   3.6   80.0   0.3   5.3   70.0   9.9   2.7
 60.0  17.1  -5.7   50.0  12.2   2.1   45.0   6.0   6.5   40.0   2.2   0.0
 35.0   4.6  -1.2   30.0   7.6   1.3   25.0  11.9  -3.2   22.5  12.0   4.0
 20.0  11.0   7.7   15.0   3.9 -10.3   12.0 -12.4   7.6   10.0 -26.2   0.0
  8.0 -33.2  -8.5    7.0 -31.7  -4.1    6.0 -35.4  -1.2    5.0 -35.0   0.0
  4.0   0.0   0.0
 
  4. 1.2016   0 Uhr

 99.9   8.7  -0.8   98.0   7.7  -0.7   83.8   0.7   0.7   81.8  -0.4   5.1
 80.1  -0.4   5.1   74.1   4.8  -1.8   70.7  11.3   1.0   70.0  12.7   2.2
 62.9  18.9  -5.1   58.1  12.9  -7.5   55.9  14.3  -1.3   50.3  11.3   1.0
 50.0  10.8   0.9   48.5   6.7   5.6   44.0   2.2   4.7   42.1  -0.8  -0.7
 32.6   5.1   0.4   31.6   6.3   2.3   30.6   7.2   0.0   30.0   7.2   0.6
 29.4   8.2   0.7   28.4   5.1  -0.4   28.0   3.1  -1.8   27.6   3.6  -3.6
 25.9  12.2  -8.6   24.7  10.7  -5.0   24.1   9.9  -2.7   21.9  15.0   5.5
 20.0   9.7  -0.9   18.6   5.8  -2.1   17.1  13.2  -2.3   16.3   5.1  -0.4
 16.0   1.7  -1.2   15.7   1.3  -5.0   14.8   8.7 -15.1   14.0  -2.1  -8.0
 13.4  -7.1  -1.3   13.2  -7.6   1.3   12.7  -6.7   5.6   10.7 -22.8  -4.0
 10.0 -27.6 -10.0    9.6 -25.4 -14.7    7.6 -40.0   7.1    6.8 -36.0   6.3
  6.4 -45.6   8.0    5.8 -31.3  -2.7    5.2 -26.1   2.3

 99.9   8.7  -0.8   90.0   3.9   0.1   80.0  -0.4   5.0   70.0  12.7   2.2
 60.0  15.3  -6.5   50.0  10.8   0.9   45.0   3.2   4.9   40.0   0.4  -0.4
 35.0   3.5   0.1   30.0   7.2   0.6   25.0  11.1  -5.9   22.5  13.6   3.2
 20.0   9.7  -0.9   15.0   7.1 -12.8   12.0 -12.1   2.4   10.0 -27.6 -10.0
  8.0 -36.9   2.4    7.0 -37.0   6.5    6.0 -36.2   0.9    5.0   0.0   0.0
  4.0   0.0   0.0
 
  4. 1.2016  12 Uhr

 99.9   7.7   0.7   93.6   4.8   1.8   87.9   6.3  -4.4   77.6   1.2   1.0
 70.0   2.5   0.7   69.0   2.9  -1.1   67.6   4.8  -1.8   65.6   9.8   0.0
 62.2  16.4  -4.4   57.7  13.1  -4.8   55.7   9.6  -1.7   54.0  12.8   1.1
 51.0  15.9   1.4   50.0  12.4   3.3   47.0   2.6   4.5   45.2   0.0   0.0
 42.4  -1.8  -4.8   41.7  -0.6  -7.2   41.1  -2.1  -8.0   40.2  -4.1  -5.9
 39.1  -3.0  -4.2   38.4   0.5  -0.9   36.8   4.5   2.6   35.9   3.6   3.6
 33.5   4.2   3.0   32.0   5.1   0.0   31.2   6.1   0.5   30.0   8.6  -1.5
 27.9   4.9  -2.8   26.2   8.2  -3.0   24.7  13.4   3.6   23.0  19.8   3.5
 21.4  14.9   4.0   20.6  12.3   1.1   20.0  15.2  -2.7   19.0  15.9  -7.4
 17.1  14.4  -3.9   16.0   6.7  -3.9   15.8   5.1  -4.3   15.0   7.5 -12.9
 14.3  -3.3  -9.2   13.5  -3.3   1.5   13.3  -2.6   4.5   12.3  -0.9   9.7
 11.2 -14.3  -1.3   10.9 -13.1  -4.8   10.6 -15.6  -9.0   10.0 -20.8  -7.6
  8.6 -38.6   0.0    7.4 -40.0   3.5    6.3 -44.1   7.8    5.6 -35.5  -6.3


 99.9   7.7   0.7   90.0   5.8  -2.1   80.0   2.4  -0.3   70.0   2.5   0.7
 60.0  14.8  -4.6   50.0  12.4   3.3   45.0  -0.1  -0.3   40.0  -3.9  -5.6
 35.0   3.9   3.4   30.0   8.6  -1.5   25.0  12.4   2.3   22.5  18.3   3.6
 20.0  15.2  -2.7   15.0   7.5 -12.9   12.0  -4.4   6.8   10.0 -20.8  -7.6
  8.0 -39.3   1.7    7.0 -41.4   5.0    6.0 -40.5   1.9    5.0   0.0   0.0
  4.0   0.0   0.0
 
  5. 1.2016   0 Uhr

 99.9   7.6   1.3   82.4   0.0   0.0   71.6  -1.5   0.4   70.0  -0.9  -5.1
 67.3   5.6  -8.0   63.9   9.7  -6.8   61.2  11.0  -9.3   59.0   7.9  -6.6
 58.0   6.1  -2.8   57.4   6.2   0.0   56.7   6.5   3.0   53.9  13.5   4.9
 50.0   7.2   5.0   48.7   4.5   2.6   46.9   1.5   0.1   41.8  -4.7   2.2
 39.0  -4.4   7.6   37.4  -2.5   6.8   34.9   1.0   0.3   32.5   4.2  -3.0
 31.7   7.5  -2.0   30.0  10.3  -4.8   28.9  11.8  -8.3   24.5  16.9  -1.5
 21.2  18.4  -6.7   20.0  14.5  -6.7   19.3  11.8  -8.3   17.0   7.7  -2.8
 15.3   6.9  -6.9   14.6   4.9  -2.8   14.5   4.7  -2.2   13.8   0.9   2.4
 13.6  -3.2   4.6   13.3  -5.7   9.8   12.8 -14.9   7.0   12.3 -15.7  -2.8
 10.3 -22.5  -2.0   10.0 -29.3   0.0    9.3 -32.8   2.9    7.7 -37.5   6.6
  6.1 -36.0   6.3

 99.9   7.6   1.3   90.0   3.4   0.6   80.0  -0.3   0.1   70.0  -0.9  -5.1
 60.0   9.3  -7.8   50.0   7.2   5.0   45.0  -0.7   0.9   40.0  -4.5   5.6
 35.0   0.9   0.5   30.0  10.3  -4.8   25.0  16.3  -2.3   22.5  17.8  -4.6
 20.0  14.5  -6.7   15.0   6.1  -5.2   12.0 -16.7  -2.7   10.0 -29.3   0.0
  8.0 -36.6   5.9    7.0 -36.9   6.5    6.0 -35.9   6.3    5.0   0.0   0.0
  4.0   0.0   0.0
 
  5. 1.2016  12 Uhr

 99.9   4.3   5.1   98.4   5.1   4.3   93.6   4.6  -3.2   90.7   3.1  -5.3
 80.6   0.4   1.0   73.4  -3.3  -3.9   70.0   0.0 -12.9   69.3   0.0 -13.4
 66.0  -4.6  -9.8   61.7   1.9  -5.3   59.8  -1.0  -0.3   58.7   0.4   5.1
 56.7   7.3   7.3   55.9   8.7   7.3   52.8   5.3   6.3   51.9   3.3   7.0
 50.1  -1.8   4.8   50.0  -1.6   4.4   49.2  -2.3   1.1   48.0  -4.7  -2.2
 40.7  -3.9  -3.3   38.9  -0.2  -2.0   38.1   4.2  -3.0   35.5   6.7  -5.6
 33.2  10.2  -0.9   31.8  12.6  -4.6   30.6  16.4  -1.4   30.0  16.7  -2.9
 29.2  17.4  -6.3   24.1  19.8  -7.2   20.0  13.1  -4.8   17.7   8.2  -3.0
 16.7   9.3  -6.5   15.8   7.7  -2.8   15.1   5.0   1.3   14.9   2.2   2.2
 14.6   0.5   6.1   13.8  -6.2  16.9   13.4  -7.5  12.9   12.4 -17.4  -1.5
 12.1 -17.9  -6.5   11.5 -22.3  -3.9   10.2 -24.8   6.7   10.0 -26.8   7.2
  6.5 -42.6  -7.5    5.3 -32.9 -12.0    4.8 -31.8  -8.5

 99.9   4.3   5.1   90.0   2.9  -4.9   80.0   0.1   0.6   70.0   0.0 -12.9
 60.0  -0.7  -0.8   50.0  -1.6   4.4   45.0  -4.4  -2.6   40.0  -2.5  -2.8
 35.0   7.5  -4.6   30.0  16.7  -2.9   25.0  19.4  -7.0   22.5  17.3  -6.3
 20.0  13.1  -4.8   15.0   3.6   1.8   12.0 -18.6  -6.1   10.0 -26.8   7.2
  8.0 -35.2  -0.6    7.0 -40.0  -5.1    6.0 -38.7  -9.3    5.0 -32.2  -9.9
  4.0   0.0   0.0
 
  6. 1.2016   0 Uhr

 99.9  -1.7   1.2   94.6  -4.8   1.8   92.6  -7.2  -0.6   89.6  -5.1   0.4
 83.2  -2.3  -4.0   81.7  -0.5  -6.1   76.4  -1.5 -17.4   70.0  -3.2 -11.9
 69.0  -3.1 -11.4   66.2  -3.0  -4.2   63.9  -1.5   0.3   62.7  -0.4   5.1
 61.1   4.2  11.6   59.3   6.0  16.4   51.5   3.9   6.7   50.0   3.6   3.6
 47.2   0.9  -0.5   45.7  -1.8  -4.8   41.8  -3.5  -7.5   38.1   3.6  -3.6
 36.1   6.5  -3.0   34.6   9.5  -7.9   33.3  10.2  -3.7   31.2  12.9  -7.5
 30.0  13.5  -6.3   28.7  18.2  -3.2   27.9  17.0   0.0   22.3  15.2  -2.7
 21.0  15.6 -10.9   20.0  11.8  -8.3   18.8   9.8  -4.6   18.0   6.6  -1.2
 17.4   3.6   2.1   16.8   2.6   4.5   15.6  -0.7   8.2   14.8  -1.0  11.3
 14.1 -13.0  10.9   11.9 -20.5  -9.6   10.0 -32.9   0.0    9.8 -34.8   3.0
  7.4 -44.1  -3.9    6.8 -43.6  -3.8

 99.9  -1.7   1.2   90.0  -5.4   0.3   80.0  -0.8  -9.7   70.0  -3.2 -11.9
 60.0   5.3  14.5   50.0   3.6   3.6   45.0  -2.1  -5.3   40.0  -0.1  -5.6
 35.0   8.7  -6.6   30.0  13.5  -6.3   25.0  16.1  -1.3   22.5  15.3  -2.6
 20.0  11.8  -8.3   15.0  -0.9  10.5   12.0 -20.2  -8.6   10.0 -32.9   0.0
  8.0 -41.6  -2.0    7.0 -43.7  -3.8    6.0   0.0   0.0    5.0   0.0   0.0
  4.0   0.0   0.0
 
  6. 1.2016  12 Uhr

 99.9  -2.0  -0.2   90.4  -3.9   3.3   84.7  -1.5  -0.4   78.0  -0.9  -5.1
 73.2  -3.5  -5.1   70.0  -6.7  -0.6   67.9  -7.0   3.3   63.6  -2.1   5.8
 61.9  -3.3   5.8   59.9   2.0   7.5   57.8   0.9   5.1   55.4   4.5  -2.6
 53.5   4.0  -4.7   51.9   5.1  -5.1   50.0   1.1  -6.1   48.4  -4.6  -8.0
 44.3  -7.6  -4.4   43.0  -5.0   1.3   39.8   0.0  -1.5   37.0   5.0  -1.3
 35.6   7.5  -2.0   34.1   7.9  -6.6   32.0  10.3   0.0   30.0  14.3  -1.3
 27.1  19.5   1.7   23.7  13.9   0.0   21.2  15.9  -7.4   20.0   9.6  -1.7
 19.8   8.7  -0.8   19.3   7.5  -3.5   18.7   5.9   4.1   18.2   4.3   3.6
 15.6  -1.0  11.8   15.0   2.3  13.2   14.3  -7.3   7.3   14.1  -8.9   2.4
 14.0 -10.9  -2.9   13.8 -13.8  -8.0   12.8 -19.0 -13.3   11.1 -24.3   4.3
 10.0 -26.9   4.7    9.7 -26.6   2.3    7.6 -38.8 -10.4

 99.9  -2.0  -0.2   90.0  -3.8   3.1   80.0  -1.1  -3.6   70.0  -6.7  -0.6
 60.0   1.7   7.4   50.0   1.1  -6.1   45.0  -7.1  -5.0   40.0  -0.3  -1.4
 35.0   7.6  -3.8   30.0  14.3  -1.3   25.0  16.1   0.7   22.5  14.8  -3.5
 20.0   9.6  -1.7   15.0   2.3  13.2   12.0 -21.4  -5.2   10.0 -26.9   4.7
  8.0 -36.3  -7.8    7.0   0.0   0.0    6.0   0.0   0.0    5.0   0.0   0.0
  4.0   0.0   0.0
 
  7. 1.2016   0 Uhr

 99.9  -4.2   2.0   92.8  -6.3   2.3   89.3  -5.5  -4.6   87.1  -6.3  -7.5
 80.3 -10.9 -13.0   75.0  -9.7  -6.8   70.6 -11.3   1.0   70.0  -7.7   2.8
 69.2  -3.8   5.5   68.8  -2.3   6.3   66.8   0.8   9.2   62.8  -2.1  11.7
 60.1  -1.6   6.0   59.9  -1.8   4.8   59.1  -0.5  -0.1   57.9   3.0  -4.2
 55.9   7.6  -7.6   53.8   5.8  -5.8   50.3  -2.8  -7.7   50.0  -2.8  -7.7
 47.9  -2.4  -8.9   44.3   0.3  -0.4   35.9   7.0  -1.9   34.4   7.2  -5.0
 32.7   9.6  -1.7   30.5  13.7  -2.4   30.0  12.8  -1.1   29.0  13.8   1.2
 26.1  11.6   4.2   24.6   9.4  -2.5   22.4  10.2  -3.7   21.4   5.1  -0.9
 21.2   4.6   0.0   20.4   4.6   5.5   20.0   5.9   8.4   18.9   6.7   5.6
 18.2   4.4   7.6   17.2  -4.4   7.6   15.4 -10.2   0.9   15.0  -9.6   1.7
 14.4 -13.4   0.0   13.5 -10.5 -10.5   13.0 -13.0 -10.9   12.4 -20.6   0.0
 11.8 -17.4   6.3   11.3 -19.9   5.3   10.7 -29.7   2.6   10.1 -24.6   2.2
 10.0 -25.2   0.0    9.1 -28.8  -7.7    8.0 -36.8  -9.9    7.2 -35.5   0.0
  5.8 -27.2  -2.4

 99.9  -4.2   2.0   90.0  -5.7  -3.2   80.0 -10.8 -12.7   70.0  -7.7   2.8
 60.0  -1.7   5.4   50.0  -2.8  -7.7   45.0  -0.3  -2.1   40.0   3.6  -1.1
 35.0   7.1  -3.7   30.0  12.8  -1.1   25.0  10.0  -0.7   22.5  10.1  -3.6
 20.0   5.9   8.4   15.0  -9.6   1.7   12.0 -18.5   4.2   10.0 -25.2   0.0
  8.0 -36.8  -9.9    7.0 -34.4  -0.3    6.0 -28.4  -2.0    5.0   0.0   0.0
  4.0   0.0   0.0
 
  7. 1.2016  12 Uhr

 99.9  -1.9   0.7   96.5  -3.2   4.6   93.6  -8.7   7.3   89.4  -9.2  -0.8
 82.3 -15.4  -7.2   74.8 -19.0   0.0   73.1 -13.9   3.7   71.6  -6.0   7.1
 70.5  -2.4   8.9   70.0  -1.7   9.6   68.1  -1.8  10.1   66.5  -4.0  11.1
 64.9  -6.0   7.1   63.6  -4.5   2.6   62.5  -0.3  -0.4   61.0   3.9  -3.3
 56.1  11.2  -5.2   52.9   8.3  -9.9   50.0   3.2  -8.7   45.2  -2.6  -5.6
 40.0  -0.1  -0.5   35.4   4.7  -2.2   34.6   7.2   0.0   33.2  11.4  -3.1
 30.0  16.5   0.0   28.4  16.4   4.4   26.3  17.2   3.0   24.6  15.4  -4.1
 22.3  14.7  -2.6   20.0   8.3   6.9   19.0   6.7  11.6   18.2   7.6   9.1
 16.7  -3.5   5.1   16.5  -3.0   4.2   16.0  -3.0  -0.5   15.8  -2.6  -4.5
 14.8  -1.5 -16.9   13.2 -21.4  -5.7   13.0 -23.1  -2.0   12.4 -20.3   3.6
 11.9 -18.2   3.2   10.4 -25.3   4.5   10.0 -27.3   0.0    9.4 -29.9  -5.3
  8.1 -36.9  -3.2    6.8 -34.3   3.0    4.7 -35.0  -6.2

 99.9  -1.9   0.7   90.0  -9.1   0.4   80.0 -16.5  -5.0   70.0  -1.7   9.6
 60.0   5.4  -3.7   50.0   3.2  -8.7   45.0  -2.5  -5.4   40.0  -0.1  -0.5
 35.0   5.9  -1.1   30.0  16.5   0.0   25.0  15.8  -2.4   22.5  14.8  -2.7
 20.0   8.3   6.9   15.0  -1.7 -14.4   12.0 -18.6   3.3   10.0 -27.3   0.0
  8.0 -36.7  -2.8    7.0 -34.8   2.0    6.0 -34.6  -0.2    5.0 -34.9  -4.7
  4.0   0.0   0.0
 
  8. 1.2016   0 Uhr

 99.9  -1.5   8.6   84.1 -12.3   0.0   79.8 -17.4  -1.5   76.6 -15.7   2.8
 74.5  -7.3   7.3   72.1  -5.4   9.4   70.0  -6.3   7.5   67.6  -6.2   6.2
 66.2  -5.8   3.3   65.4  -6.2   0.0   64.6  -3.6  -3.6   64.1  -1.1  -6.1
 62.4   4.9  -8.5   59.4  11.0  -7.7   55.1  13.4  -7.7   51.1   7.6  -4.4
 50.0   3.1  -5.3   49.6   1.8  -4.8   48.8  -1.1  -2.9   47.7  -4.7  -2.2
 46.9  -5.1   0.0   40.9   1.3  -7.6   36.9   5.0  -5.9   35.2   5.6   0.5
 34.9   6.0   1.6   32.5  10.6  -1.9   30.0  13.9   0.0   27.3  15.9   4.3
 26.3  19.0   0.0   24.2  19.0  -1.7   20.3  12.0  12.0   20.0   8.9  10.6
 19.6   2.0   7.5   19.0  -2.9   2.9   18.7  -4.8   1.8   18.2  -5.6   0.5
 17.4  -3.6  -4.3   16.5  -0.9 -10.2   16.0   0.0 -15.4   15.3  -7.4 -15.9
 14.6 -16.9  -4.5   12.9 -25.1   9.1   11.6 -18.7   3.3   10.0 -24.6   2.2
  8.3 -33.8  -3.0    7.3 -32.3   2.8    5.9 -28.9  -5.1

 99.9  -1.5   8.6   90.0  -8.1   3.3   80.0 -17.2  -1.5   70.0  -6.3   7.5
 60.0   9.7  -7.8   50.0   3.1  -5.3   45.0  -3.2  -2.3   40.0   2.1  -7.2
 35.0   5.9   1.2   30.0  13.9   0.0   25.0  19.0  -1.0   22.5  16.0   4.1
 20.0   8.9  10.6   15.0 -11.4 -11.0   12.0 -20.8   5.2   10.0 -24.6   2.2
  8.0 -33.4  -1.3    7.0 -31.6   1.2    6.0 -29.1  -4.5    5.0   0.0   0.0
  4.0   0.0   0.0
 
  8. 1.2016  12 Uhr

 99.9   3.2   2.6   96.8   2.3   8.4   90.6  -9.8   9.8   81.6 -13.9   3.7
 78.0 -15.0   5.5   76.9 -14.3   8.2   74.4  -8.9  12.6   70.0  -7.6   4.4
 68.4  -8.4   3.9   67.2  -7.2   0.6   65.4  -2.4  -5.1

 99.9   3.2   2.6   90.0 -10.1   9.4   80.0 -14.4   4.5   70.0  -7.6   4.4
 60.0   0.0   0.0   50.0   0.0   0.0   45.0   0.0   0.0   40.0   0.0   0.0
 35.0   0.0   0.0   30.0   0.0   0.0   25.0   0.0   0.0   22.5   0.0   0.0
 20.0   0.0   0.0   15.0   0.0   0.0   12.0   0.0   0.0   10.0   0.0   0.0
  8.0   0.0   0.0    7.0   0.0   0.0    6.0   0.0   0.0    5.0   0.0   0.0
  4.0   0.0   0.0
 
  9. 1.2016   0 Uhr

 99.9   3.9  -8.4   97.2   3.6  -3.6   94.5   1.4   0.7   92.5  -0.9   5.1
 87.5  -7.1  10.1   85.6  -8.4   8.4   75.6  -9.6  11.4   73.9  -7.9   9.5
 72.2  -7.2   0.6   71.5  -7.1  -1.3   70.0  -5.9  -5.0   69.5  -5.8  -5.8
 67.3  -5.0  -5.9   65.6   3.1  -5.3   62.4   8.0  -2.1   60.3  11.7  -2.1
 58.3  10.2   0.9   56.2   5.1   0.0   52.1   0.0  -0.5   50.0  -3.5   0.9
 49.5  -4.7   2.2   46.4  -3.3   3.9   41.3   2.2  -4.7   35.5   9.8   0.0
 30.0  16.4   4.4   29.3  16.9   6.2   22.9  13.5   9.4   20.5  -1.1   6.1
 20.3  -1.3   5.0   20.0  -1.0   1.2   19.7  -1.0  -0.3   19.1   1.8  -4.8
 17.9   3.9 -14.4   17.1   0.0 -11.3   16.6  -5.9  -5.0   16.3  -9.1  -1.6
 15.5 -11.6   6.7   14.6  -8.4   8.4   13.9 -11.6   6.7   12.8 -13.8  11.6
 11.8 -16.0  -5.8   10.0 -25.7   0.0    9.8 -24.6   2.2    8.0 -30.4   5.4
  7.4 -31.9   0.0    6.9 -29.4  -5.2    5.9 -29.2   2.6    5.2 -27.4  -4.8
  5.0 -32.9   0.0    4.8 -29.8   0.0

 99.9   3.9  -8.4   90.0  -4.0   7.6   80.0  -9.0  10.0   70.0  -5.9  -5.0
 60.0  11.4  -1.6   50.0  -3.5   0.9   45.0  -1.8   1.6   40.0   3.8  -3.7
 35.0  10.3   0.4   30.0  16.4   4.4   25.0  14.7   8.3   22.5  11.1   8.9
 20.0  -1.0   1.2   15.0  -9.8   7.6   12.0 -15.5  -2.2   10.0 -25.7   0.0
  8.0 -30.4   5.4    7.0 -29.9  -4.1    6.0 -29.2   1.7    5.0 -32.9   0.0
  4.0   0.0   0.0
 
  9. 1.2016  12 Uhr

 99.9   4.6  -8.0   97.5   4.3  -5.1   93.7   2.5   0.7   89.5   2.2   4.7
 84.9  -6.0   7.1   83.1  -7.1   6.0   76.0 -11.2  13.4   74.0  -9.3   6.5
 72.5  -7.2  -0.6   71.6  -5.9  -5.0   70.0  -4.6  -9.8   68.9  -3.1 -11.4
 66.2  -2.8  -6.1   65.3   0.4  -4.6   62.9   4.5  -2.6   57.8   4.2   3.0
 55.9   4.4   4.4   50.0  -1.1  -2.9   48.9  -1.4  -0.7   41.0   3.9  -3.3
 40.1   7.0  -1.9   36.9  10.6   3.9   33.8  14.7  -2.6   30.0  14.7   2.6
 27.8  17.9   6.5   25.0  10.8   0.9   23.0   6.0   1.6   22.9   4.8   1.8
 21.6   0.0   0.0   20.0   1.2  -1.7   19.5   3.6  -4.3   19.0   0.9  -5.1
 18.5   0.8  -9.2   17.5  -8.4  -5.9   16.2  -4.4   7.6   15.8  -3.0   8.2
 15.3   1.2   6.6   14.9   0.0   5.1   14.7  -1.2   4.5   14.5  -3.6   4.3
 13.7  -9.1   9.1   12.5 -15.9   1.4   11.8 -14.5  -6.7   11.2 -14.7  -2.6
 10.7 -23.6  -2.1   10.3 -23.1   2.0   10.0 -24.1   2.1    8.5 -24.8   6.7
  8.0 -24.7   0.0    7.3 -31.3  -2.7    6.8 -25.6  -9.3    5.9 -28.8   0.0


 99.9   4.6  -8.0   90.0   2.2   4.2   80.0  -8.9   9.1   70.0  -4.6  -9.8
 60.0   4.3   0.5   50.0  -1.1  -2.9   45.0   1.2  -1.9   40.0   7.1  -1.7
 35.0  13.1   0.0   30.0  14.7   2.6   25.0  10.8   0.9   22.5   3.4   1.2
 20.0   1.2  -1.7   15.0   0.3   5.5   12.0 -14.9  -4.4   10.0 -24.1   2.1
  8.0 -24.7   0.0    7.0 -27.9  -6.6    6.0 -28.4  -1.1    5.0   0.0   0.0
  4.0   0.0   0.0
 
 10. 1.2016   0 Uhr

 99.9   7.6  -7.6   95.2   2.6  -4.5   91.2   2.5   0.4   88.6   0.4   5.1
 85.6  -6.0   7.1   81.7  -9.3   6.5   77.8  -6.7   3.9   76.1  -7.2   0.0
 74.5  -4.1  -7.1   70.0  -2.0  -7.5   69.0  -1.2  -6.6   66.6   4.2  -3.0
 64.4   4.7  -2.2   61.9   4.7   4.7   60.3   4.3   5.1   53.1   4.7  -4.0
 50.0   2.1   1.5   49.1   3.0   4.2   47.7   3.0   4.2   45.7   1.3  -0.8
 40.2   0.9  -5.1   36.5  11.1  -6.4   32.4  18.9  -6.9   30.9  14.4  -3.9
 30.0  14.4   0.0   28.3  11.6   6.7   26.5   9.8   4.6   25.6   6.3   7.5
 24.1   7.2   5.0   22.5   7.3  -2.6   21.6   3.5  -7.5   20.7   8.9 -10.6
 20.0   6.1 -13.1   19.0   4.7 -17.4   18.6   0.0 -13.9   18.2  -6.6  -7.9
 17.7 -10.1   1.8   16.7  -3.3  12.4   15.3  -2.8  15.7   14.0  -3.9   6.7
 13.5  -6.6   7.9   12.7  -8.2   0.0   12.0 -13.1  -6.1   11.0 -17.4  -1.5
 10.5 -26.6  -2.3   10.1 -22.1   0.0   10.0 -22.1   0.0    8.8 -26.1   9.5
  7.9 -29.8   0.0    7.1 -25.6   2.2    6.7 -28.0  10.2    6.1 -33.3   8.9
  5.7 -33.8   3.0

 99.9   7.6  -7.6   90.0   1.6   2.6   80.0  -8.2   5.4   70.0  -2.0  -7.5
 60.0   4.3   4.8   50.0   2.1   1.5   45.0   1.3  -1.3   40.0   1.4  -5.1
 35.0  13.9  -6.6   30.0  14.4   0.0   25.0   6.6   6.5   22.5   7.3  -2.6
 20.0   6.1 -13.1   15.0  -3.0  13.7   12.0 -13.1  -6.1   10.0 -22.1   0.0
  8.0 -29.4   1.1    7.0 -26.2   4.2    6.0 -33.4   7.5    5.0   0.0   0.0
  4.0   0.0   0.0
 
 10. 1.2016  12 Uhr

 99.9   0.0   0.0   90.0   0.0   0.0   80.0   0.0   0.0   70.0   0.0   0.0
 60.0   0.0   0.0   50.0   0.0   0.0   45.0   0.0   0.0   40.0   0.0   0.0
 35.0   0.0   0.0   30.0   0.0   0.0   25.0   0.0   0.0   22.5   0.0   0.0
 20.0   0.0   0.0   15.0   0.0   0.0   12.0   0.0   0.0   10.0   0.0   0.0
  8.0   0.0   0.0    7.0   0.0   0.0    6.0   0.0   0.0    5.0   0.0   0.0
  4.0   0.0   0.0
 
 11. 1.2016   0 Uhr

 99.9   2.8  -4.9   94.0   3.9  -3.3   91.0   0.0   0.0   88.0  -4.8   1.8
 80.2  -3.7  -7.9   76.1  -2.5 -14.2   73.4  -2.9 -10.9   71.6  -6.0  -7.1
 70.3  -4.7  -2.2   70.0  -3.7  -1.7   68.5  -0.3   0.4   66.8   3.9   3.3
 64.1   6.7   4.7   62.2   3.3   3.9   60.8   4.2   3.0   50.0   1.5  -0.5
 41.1   0.0   0.0   38.2   5.3   3.1   36.4   5.0   1.3   32.6   8.7   7.3
 30.0   8.9   4.1   27.2   7.2  -0.6   24.8   9.4   2.5   23.5   8.2  -0.7
 22.9   9.9  -2.7   21.7  14.9  -7.0   20.0   7.1  -4.1   19.7   5.0  -1.3
 19.4   2.7   1.5   19.0   3.0   4.2   18.4   3.1  11.4   17.4   6.7  14.5
 16.6   0.9  10.2   16.3  -3.0   6.5   16.2  -5.8   5.8   14.8 -11.8  -8.3
 13.9  -4.9 -13.5   12.5 -10.9 -13.0   12.0 -10.9 -10.9   11.5 -16.2  -2.9
 10.0 -18.2   3.2    9.3 -19.4   5.2    8.8 -23.1  -2.0    7.5 -24.8   4.4
  6.6 -36.0   6.3    6.1 -31.4   5.5

 99.9   2.8  -4.9   90.0  -1.6   0.6   80.0  -3.6  -8.2   70.0  -3.7  -1.7
 60.0   4.0   2.7   50.0   1.5  -0.5   45.0   0.7  -0.2   40.0   2.0   1.2
 35.0   6.3   3.5   30.0   8.9   4.1   25.0   9.2   2.3   22.5  11.6  -4.1
 20.0   7.1  -4.1   15.0 -10.9  -6.2   12.0 -10.9 -10.9   10.0 -18.2   3.2
  8.0 -24.1   1.8    7.0 -30.9   5.4    6.0 -30.5   5.4    5.0   0.0   0.0
  4.0   0.0   0.0
 
 11. 1.2016  12 Uhr

 99.9  -0.2  -2.6   87.5  -7.1   1.3   71.7  -2.6   4.5   70.0  -5.5   4.6
 69.6  -6.3   5.3   68.4  -3.9   3.3   59.6   3.6  -3.6   58.4   4.7  -6.7
 53.0   3.6   2.1

 99.9  -0.2  -2.6   90.0  -5.7   0.5   80.0  -5.0   2.7   70.0  -5.5   4.6
 60.0   3.3  -3.3   50.0   0.0   0.0   45.0   0.0   0.0   40.0   0.0   0.0
 35.0   0.0   0.0   30.0   0.0   0.0   25.0   0.0   0.0   22.5   0.0   0.0
 20.0   0.0   0.0   15.0   0.0   0.0   12.0   0.0   0.0   10.0   0.0   0.0
  8.0   0.0   0.0    7.0   0.0   0.0    6.0   0.0   0.0    5.0   0.0   0.0
  4.0   0.0   0.0
 
 12. 1.2016   0 Uhr

 99.9   0.0   0.0   90.0   0.0   0.0   80.0   0.0   0.0   70.0   0.0   0.0
 60.0   0.0   0.0   50.0   0.0   0.0   45.0   0.0   0.0   40.0   0.0   0.0
 35.0   0.0   0.0   30.0   0.0   0.0   25.0   0.0   0.0   22.5   0.0   0.0
 20.0   0.0   0.0   15.0   0.0   0.0   12.0   0.0   0.0   10.0   0.0   0.0
  8.0   0.0   0.0    7.0   0.0   0.0    6.0   0.0   0.0    5.0   0.0   0.0
  4.0   0.0   0.0
 
 12. 1.2016  12 Uhr

 99.9   9.9  -8.3   95.7   4.7  -2.2   92.5   2.1   1.5   88.6  -3.6   3.6
 85.8  -4.3   5.1   80.9  -7.1  -1.3   78.8  -8.0  -2.1   72.2 -10.6   3.9
 70.0  -3.5   5.1   69.5  -2.8   4.9   69.1  -2.6   4.5   66.6  -0.5  -0.1
 64.5   4.5  -2.6   61.6   7.1   1.3   60.1  10.9   2.9   54.1   8.8  -6.2
 50.8   7.5  -3.5   50.0   8.5  -4.9   45.5   9.5  -9.5   42.9   0.7  -8.2
 40.0   1.4  -8.1   39.5   0.4  -5.1   36.3  -0.5   0.2   34.6   3.6   3.6
 32.4   8.6  12.2   30.6   6.7  11.6   30.0   5.7   9.8   29.6   5.0   7.2
 29.2   5.1   3.5   28.8   5.7   0.0   28.4   5.8  -3.3   27.9   6.9  -8.3
 26.8   8.5 -14.7   24.3  10.6 -12.6   22.8   8.9  -5.1   22.2   5.1   0.4
 22.0   6.3   2.3   20.3  12.6  10.6   20.0  12.2  10.3   18.4   8.0   8.0
 17.8   2.3   8.4   17.3   3.3   3.9   16.9  -0.1   1.0   16.3  -5.0  -1.3
 15.9  -8.9  -4.1   15.2  -3.5 -12.9   14.9  -2.5 -14.2   14.5  -8.2 -14.3
 13.1 -14.7  10.3   12.1 -11.8  16.9   11.3 -13.8  11.6   10.6 -23.6   2.1
 10.0 -23.3   4.1    7.5 -36.9   3.2    6.9 -35.9   3.1    6.3 -19.0   0.0
  6.0 -23.8   4.2    5.3 -15.4   0.0    4.8 -27.7  -2.4

 99.9   9.9  -8.3   90.0  -1.6   2.9   80.0  -7.5  -1.6   70.0  -3.5   5.1
 60.0  10.9   2.8   50.0   8.5  -4.9   45.0   7.8  -9.2   40.0   1.4  -8.1
 35.0   2.7   2.8   30.0   5.7   9.8   25.0  10.0 -13.2   22.5   7.0  -2.4
 20.0  12.2  10.3   15.0  -2.8 -13.8   12.0 -12.0  16.2   10.0 -23.3   4.1
  8.0 -33.9   3.4    7.0 -36.0   3.2    6.0 -23.8   4.2    5.0 -22.7  -1.4
  4.0   0.0   0.0
 
 13. 1.2016   0 Uhr

 99.9  10.6 -12.6   95.4   3.7 -10.2   90.3  -4.7  -4.7   88.5  -8.1  -1.4
 86.8  -9.6  -1.7   84.6 -10.7  -6.2   78.7 -14.0  -6.5   74.9 -11.3  -1.0
 72.6  -6.5   6.5   70.0  -5.9   8.4   68.3  -3.3   3.9   66.9   0.4   2.0
 65.3   5.1   0.0   61.1   8.2   3.0   57.6  17.2  -3.0   50.6  11.3  -1.0
 50.0  10.2  -0.9   48.8   6.1  -2.8   47.3   6.1   1.1   45.1   6.5  -1.7
 43.6   2.3  -6.3   40.6  -0.4  -5.1   38.8  -2.0  -0.4   36.5  -2.6   4.5
 36.1  -2.2   4.7   35.2   2.4   5.1   32.5   0.0   7.2   31.6   1.2   6.6
 31.4   1.8   4.8   30.3   4.5  -2.6   30.0   5.1  -5.1   27.8   5.1  -8.9
 26.6   1.8  -4.8   25.6   0.9  -0.5   24.0   2.2   4.7   22.1   6.0   7.1
 20.3   9.1   1.6   20.0  10.1   1.8   18.3  11.8   0.0   16.6  -1.0 -11.3
 16.0  -4.0 -14.9   15.7  -6.9 -12.0   14.5 -12.6   4.6   13.8  -8.7   8.7
 13.5  -9.1   9.1   13.0 -11.3   0.0   12.3 -18.7  -3.3   11.9 -18.4  -6.7
 11.1 -21.5  -1.9   10.5 -20.0  -9.3   10.0 -22.0  -1.9    9.8 -24.1   2.1
  9.1 -27.7   2.4    8.5 -23.9   6.4    7.9 -33.8   3.0    7.1 -33.4   0.0
  6.1 -17.9   4.8    5.8 -16.9   9.8    4.9 -21.4  10.0    4.4 -45.6   8.0


 99.9  10.6 -12.6   90.0  -5.3  -4.2   80.0 -13.2  -6.4   70.0  -5.9   8.4
 60.0  11.0   1.1   50.0  10.2  -0.9   45.0   6.2  -2.0   40.0  -1.0  -3.6
 35.0   2.2   5.3   30.0   5.1  -5.1   25.0   1.4   1.4   22.5   5.1   6.6
 20.0  10.1   1.8   15.0 -10.2  -2.5   12.0 -18.5  -5.8   10.0 -22.0  -1.9
  8.0 -32.1   3.5    7.0 -32.0   0.5    6.0 -17.6   6.4    5.0 -20.9  10.0
  4.0   0.0   0.0
 
 13. 1.2016  12 Uhr

 99.9   5.8   2.1   97.7   4.7   2.2   94.4   5.6  -1.0   91.9   4.8  -1.8
 88.2   0.0   0.0   85.4  -3.6   3.6   80.3 -15.9   0.0   77.7 -13.9   3.7
 75.6  -7.7  11.0   73.2  -6.8   9.7   71.7  -3.3   3.9   70.9   0.5   0.9
 70.1   5.0  -1.3   70.0   5.5  -1.5   66.5  14.3  -8.2   64.3  11.8  -9.9
 54.2   8.1   1.4   52.3   9.3   6.5   50.0   6.9   6.9   47.2   3.0   4.2
 46.0   4.5   2.6   40.7   0.4  -0.3   37.9   2.6   4.5   36.2   6.6   7.9
 35.0   8.4   5.9   34.1   5.9   5.0   33.3   2.2   4.7   30.3  -0.2  -0.5
 30.0   1.5  -0.5   25.9   1.3  -0.9   24.2   4.5   2.6   23.5   6.2   6.2
 21.6  10.2   8.6   20.7   8.3   6.9   20.0  10.1   1.8   19.0  10.2  -3.7
 17.6  10.3  -4.8   16.4   4.8 -13.1   15.8  -0.9  -9.7   15.5  -3.6  -6.2
 15.3  -5.6  -1.0   15.1  -6.2   3.6   14.8  -6.0   7.1   14.0 -16.0   5.8
 13.5 -14.9   0.0   11.5 -22.9  -6.1   11.1 -25.6  -2.2   10.6 -24.6   2.2
 10.0 -20.8  -3.7    9.9 -20.8  -3.7    8.7 -34.3   3.0    8.3 -29.3  -7.9
  7.8 -36.9  -3.2    6.5 -34.5  -6.1    5.2 -19.4  -5.2    4.8 -20.8  -7.6
  4.2 -40.0  -7.1    4.1 -39.5  -3.5

 99.9   5.8   2.1   90.0   2.4  -0.9   80.0 -15.7   0.4   70.0   5.5  -1.5
 60.0  10.3  -5.3   50.0   6.9   6.9   45.0   3.7   2.0   40.0   0.9   0.8
 35.0   8.4   5.9   30.0   1.5  -0.5   25.0   2.9   0.9   22.5   8.3   7.4
 20.0  10.1   1.8   15.0  -6.1   4.8   12.0 -20.8  -4.5   10.0 -20.8  -3.7
  8.0 -33.8  -5.1    7.0 -35.4  -4.9    6.0 -28.9  -5.8    5.0 -20.1  -6.4
  4.0 -38.9   0.2
 
 14. 1.2016   0 Uhr

 99.9   1.0   1.8   94.8  -0.9  -5.1   92.0  -0.6  -7.2   86.7  -7.1  -4.1
 85.4 -10.6  -1.9   81.8 -17.9  -1.6   75.7 -10.7   5.0   74.1  -4.8   1.8
 73.2  -0.3  -0.4   71.9   4.8  -1.8   70.0   9.2  -3.3   68.3   9.3  -4.3
 64.4  16.2  -2.9   51.4   9.4   2.5   50.0   7.7   0.0   47.7   4.7  -2.2
 45.3   1.3  -7.1   43.5   0.9  -5.1   41.7  -0.5   0.1   38.8   0.0   5.1
 36.9   4.4   7.6   35.3  -1.1   6.1   34.8  -0.9   5.1   33.2  -0.8   0.6
 31.9  -0.9  -5.1   31.2  -3.9  -6.7   30.2   0.9  -9.7   30.0   1.7  -9.6
 28.0   1.3  -5.0   27.1  -1.0  -0.2   25.4   3.9   3.3   23.7   7.6   9.1
 23.0   5.6   8.0   22.0   7.2   0.6   20.5   7.3  -7.3   20.0   7.3  -8.7
 18.3   5.5  -5.5   17.2  -1.8  -4.8   16.3  -1.8  -4.8   16.0  -2.0  -0.5
 15.8  -3.0   4.2   15.5  -4.0  11.1   14.9  -7.6  16.3   13.8 -13.1   4.8
 12.8  -6.0  -7.1   11.9  -5.5  -5.5   11.5  -6.9  -8.3   11.1 -11.4  -3.1
 10.7  -9.6  -1.7   10.5 -16.7   2.9   10.0 -22.9   6.1    9.9 -23.4   6.3
  9.5 -19.8   3.5    8.3 -26.6  -2.3    7.6 -30.2   2.6    7.2 -26.1  -2.3
  6.6 -27.4   4.8    5.7 -20.3  -3.6    5.3 -26.6  -2.3

 99.9   1.0   1.8   90.0  -3.0  -6.0   80.0 -15.8   0.3   70.0   9.2  -3.3
 60.0  14.0  -1.1   50.0   7.7   0.0   45.0   1.2  -6.8   40.0  -0.2   3.0
 35.0  -1.0   5.5   30.0   1.7  -9.6   25.0   4.8   4.6   22.5   6.4   4.3
 20.0   7.3  -8.7   15.0  -7.0  15.4   12.0  -5.5  -5.6   10.0 -22.9   6.1
  8.0 -28.2  -0.2    7.0 -26.5   0.0    6.0 -22.7  -0.7    5.0   0.0   0.0
  4.0   0.0   0.0
 
 14. 1.2016  12 Uhr

 99.9  -1.0   1.8   88.7  -4.2  -2.0   88.3  -5.5  -1.5   87.2  -8.1   1.4
 83.5 -15.2  10.6   80.2 -10.2   5.9

 99.9  -1.0   1.8   90.0  -3.8  -1.5   80.0  -9.9   5.6   70.0   0.0   0.0
 60.0   0.0   0.0   50.0   0.0   0.0   45.0   0.0   0.0   40.0   0.0   0.0
 35.0   0.0   0.0   30.0   0.0   0.0   25.0   0.0   0.0   22.5   0.0   0.0
 20.0   0.0   0.0   15.0   0.0   0.0   12.0   0.0   0.0   10.0   0.0   0.0
  8.0   0.0   0.0    7.0   0.0   0.0    6.0   0.0   0.0    5.0   0.0   0.0
  4.0   0.0   0.0
 
 15. 1.2016   0 Uhr

 99.9  -7.9  -9.5   96.4 -10.2 -10.2   92.9 -10.7  -5.0   90.0 -18.5   0.0
 86.0 -22.3   3.9   79.2  -6.7  -0.6   77.4   0.2  -1.0   74.8   4.5  -2.6
 70.5   1.6  -6.0

 99.9  -7.9  -9.5   90.0 -18.5   0.0   80.0  -8.5   0.0   70.0   1.3  -6.4
 60.0   0.0   0.0   50.0   0.0   0.0   45.0   0.0   0.0   40.0   0.0   0.0
 35.0   0.0   0.0   30.0   0.0   0.0   25.0   0.0   0.0   22.5   0.0   0.0
 20.0   0.0   0.0   15.0   0.0   0.0   12.0   0.0   0.0   10.0   0.0   0.0
  8.0   0.0   0.0    7.0   0.0   0.0    6.0   0.0   0.0    5.0   0.0   0.0
  4.0   0.0   0.0
 
 15. 1.2016  12 Uhr

 99.9  -9.5  -9.5   90.7 -12.4  -3.3   88.0 -16.9   1.5   85.2  -7.1   4.1
 83.1  -1.1   6.1   82.1   2.8   6.1   76.1  14.7   8.5   72.4  12.1   4.4
 70.0   9.8   5.7   66.7   5.5   5.5   65.3   6.5   6.5   63.3  11.6   4.2
 57.3  14.5  -5.3

 99.9  -9.5  -9.5   90.0 -13.6  -2.1   80.0   6.9   6.9   70.0   9.8   5.7
 60.0  13.2  -0.9   50.0   0.0   0.0   45.0   0.0   0.0   40.0   0.0   0.0
 35.0   0.0   0.0   30.0   0.0   0.0   25.0   0.0   0.0   22.5   0.0   0.0
 20.0   0.0   0.0   15.0   0.0   0.0   12.0   0.0   0.0   10.0   0.0   0.0
  8.0   0.0   0.0    7.0   0.0   0.0    6.0   0.0   0.0    5.0   0.0   0.0
  4.0   0.0   0.0
 
 16. 1.2016   0 Uhr

 99.9  -8.9  -4.1   96.7  -6.5  -1.7   87.9 -11.6   4.2   86.1  -6.2   6.2
 83.9   2.8   7.7   81.6   6.5   6.5   78.9   8.4   8.4   70.8  13.4   0.0
 70.0  12.8   1.1   68.0  14.2   2.5   59.6  16.8  -7.8   51.3  12.3   1.1
 50.0   7.0  -1.9   49.1   5.1  -3.5   47.3   0.4  -0.9   38.3  -4.7  -2.2
 35.3  -1.0 -11.8   33.3  -2.6  -5.6   33.0  -3.3  -3.9   31.7  -1.2   1.0
 30.9   4.2   3.0   30.0   6.3   5.3   29.7   6.7   5.6   28.9   9.6   1.7
 27.9  13.4   3.6   25.8  11.9  -3.2   24.1  10.2  -3.7   23.2  12.2   2.1
 21.9  15.4   7.2   20.0  13.1   6.1   18.7  15.9   7.4   17.6  14.0   5.1
 16.0  15.2  -2.7   14.7   8.0   2.1   14.5   4.8   1.8   14.2   0.0   0.0
 13.9  -1.8  -4.8   13.3   1.8 -10.1   12.9  -1.7  -6.5   12.7  -4.4  -1.6
 12.6  -5.3   1.9   12.3  -5.0   7.2   11.7  -4.6   8.0   10.2 -16.5   0.0
 10.0 -14.7  -2.6    8.7 -26.1  -2.3    8.3 -21.3  -3.8    7.3 -36.9   3.2
  6.9 -24.2   0.0    6.7 -31.8   2.8    6.4 -24.6   2.2    6.0 -44.1   3.9
  5.4 -22.9  -6.1    5.0 -35.3   9.5    4.9 -30.3  17.5    4.7 -27.6  15.9


 99.9  -8.9  -4.1   90.0 -10.3   2.8   80.0   7.6   7.6   70.0  12.8   1.1
 60.0  16.7  -7.3   50.0   7.0  -1.9   45.0  -0.8  -1.2   40.0  -3.6  -1.9
 35.0  -1.3 -10.9   30.0   6.3   5.3   25.0  11.1  -3.4   22.5  13.9   4.8
 20.0  13.1   6.1   15.0   9.7   1.0   12.0  -4.8   7.6   10.0 -14.7  -2.6
  8.0 -25.8  -1.7    7.0 -27.4   0.8    6.0 -44.1   3.9    5.0 -35.3   9.5
  4.0   0.0   0.0
 
 16. 1.2016  12 Uhr

 99.9   5.2  11.2   92.8   3.3   5.8   90.7   2.2   4.7   89.3   1.1   4.0
 87.8  -0.9   5.1   85.3   0.7   8.2   82.1  -2.9  10.9   80.5   0.0   8.2
 78.5   7.0   1.9   77.0  10.1  -1.8   73.0  14.9  -4.0   70.0  12.4  -3.3
 65.8  11.1  -4.0   63.2  12.3   0.0   59.9  13.5  -4.9   52.5   9.1   1.6
 50.7   6.1  -0.5   50.0   3.2  -2.6   47.7  -3.0  -4.2   44.9  -3.3  -3.9
 41.2  -0.7  -0.8   37.8  -0.4  -5.1   35.9  -0.6  -7.2   35.1  -3.8  -5.5
 34.2  -4.0  -4.7   33.8  -4.2  -3.0   31.6   3.6   3.6   30.0   7.2   5.0
 29.1   8.1   1.4   28.1  10.2   3.7   26.4  14.4  -3.9   23.3  12.9  -3.5
 20.2  17.2   3.0   20.0  16.2   2.9   17.8  18.0   0.0   16.3  12.9  -7.5
 15.8   8.9  -4.1   15.1   6.7   0.6   15.0   5.1   0.4   14.7   1.6  -1.3
 14.3   0.0  -5.1   14.0   0.0  -8.7   13.8  -2.0  -7.5   13.0  -4.7   6.7
 12.7  -2.9  10.9   11.9  -5.6   8.0   11.2 -12.9   0.0   10.0 -17.7  -3.1
  9.9 -17.7  -3.1    9.4 -23.7   0.0    7.5 -35.5   6.3    6.9 -39.1   0.0
  6.1 -32.8  -8.8    5.8 -44.1  -3.9    5.5 -39.0  -6.9

 99.9   5.2  11.2   90.0   1.6   4.3   80.0   1.7   6.7   70.0  12.4  -3.3
 60.0  13.5  -4.8   50.0   3.2  -2.6   45.0  -3.3  -4.0   40.0  -0.6  -2.3
 35.0  -3.9  -5.4   30.0   7.2   5.0   25.0  13.8  -3.7   22.5  14.0  -1.8
 20.0  16.2   2.9   15.0   5.1   0.4   12.0  -5.3   8.4   10.0 -17.7  -3.1
  8.0 -32.2   4.5    7.0 -38.5   1.1    6.0 -36.5  -7.2    5.0   0.0   0.0
  4.0   0.0   0.0
 
 17. 1.2016   0 Uhr

 99.9   4.0  11.1   93.7   3.3   7.0   88.3   5.1   0.9   78.3   0.8   0.6
 75.3   9.8  -5.7   70.0   6.9  -6.9   68.0   6.7 -11.6   66.5   6.2  -8.8
 65.1   5.5  -1.5   64.7   6.1  -0.5   62.0  11.4  -3.1   60.1   8.5  -4.9
 56.5   9.6   1.7   52.5  10.1  -1.8   51.1   4.7  -4.0   50.0   3.0  -0.8
 45.4   0.0   5.1   44.5   0.9   5.1   41.1   1.0   0.3   37.5  -0.9  -5.1
 36.5  -2.1  -8.0   35.7  -2.6  -5.6   35.5  -2.6  -4.5   34.6  -2.0   0.5
 33.8   0.4   5.1   31.7  11.0   7.7   31.1  13.5   6.3   30.0  15.2   2.7
 29.5  14.9   0.0   26.8  17.4  -1.5   23.5  14.9   7.0   20.0  14.3  -1.3
 16.9  14.3  -8.2   15.4   5.6  -6.7   15.2   3.0  -4.2   14.7  -0.3  -1.0
 14.3  -5.0  -1.3   14.0  -7.6  -4.4   13.5 -15.7  -2.8   12.5 -11.4   8.0
 10.8 -21.9  -5.9   10.5 -25.8  -4.6   10.1 -22.5  -2.0   10.0 -22.3  -3.9
  9.1 -33.4 -12.1    7.6 -34.5   6.1    7.2 -38.9   3.4    5.0 -39.5   7.0


 99.9   4.0  11.1   90.0   4.5   2.8   80.0   1.6   0.6   70.0   6.9  -6.9
 60.0   8.5  -4.7   50.0   3.0  -0.8   45.0   0.4   5.1   40.0   0.4  -1.3
 35.0  -2.2  -1.7   30.0  15.2   2.7   25.0  16.1   3.0   22.5  14.8   4.7
 20.0  14.3  -1.3   15.0   1.7  -2.9   12.0 -14.4   4.0   10.0 -22.3  -3.9
  8.0 -34.1   1.0    7.0 -39.0   3.7    6.0 -39.2   5.2    5.0 -39.5   7.0
  4.0   0.0   0.0
 
 17. 1.2016  12 Uhr

 99.9   4.4  12.1   91.4   2.1   8.0   87.0   0.0   5.1   83.5  -3.0   4.2
 82.3  -1.5  -0.3   81.1   0.0  -5.1   79.3   3.9 -10.6   76.3   3.6 -13.4
 72.2   3.5  -9.7   70.2   0.0  -7.7   70.0   0.0  -8.2   68.1   0.5  -6.1
 67.3   1.8  -1.8   66.4   5.1  -0.9   62.1   4.1  -5.9   61.0   3.6  -4.3
 57.9   8.1   1.4   54.5  12.7   2.2   51.8  11.6   6.7   50.0  10.2   3.7
 47.8   4.8   1.8   47.3   4.0   2.3   39.9   3.0  -4.2   39.2   0.4  -5.1
 37.1   0.6  -6.7   36.5  -1.3  -5.0   35.7   0.0   0.0   34.8   0.9   5.1
 32.2   4.6   9.8   31.1  12.6   5.9

 99.9   4.4  12.1   90.0   1.5   7.1   80.0   2.4  -8.5   70.0   0.0  -8.2
 60.0   5.1  -2.5   50.0  10.2   3.7   45.0   3.7   0.4   40.0   3.0  -4.1
 35.0   0.7   3.9   30.0   0.0   0.0   25.0   0.0   0.0   22.5   0.0   0.0
 20.0   0.0   0.0   15.0   0.0   0.0   12.0   0.0   0.0   10.0   0.0   0.0
  8.0   0.0   0.0    7.0   0.0   0.0    6.0   0.0   0.0    5.0   0.0   0.0
  4.0   0.0   0.0
 
 18. 1.2016   0 Uhr

 99.9   2.3   8.4   96.4   2.8  10.4   94.9   2.0  11.1   88.8  -2.6   7.3
 86.3  -2.6   5.6   84.4  -1.3   5.0   81.8   0.0   0.0   80.4   0.4  -5.1
 75.5   1.3 -14.9   71.5  -3.1 -11.4   70.0  -5.0  -7.2   69.4  -4.3  -5.1
 69.0  -3.3  -3.9   68.0   0.8  -1.3   66.6   5.1  -0.9   64.1   5.0   1.3
 58.1  25.3   4.5   50.3  16.9   6.2   50.0  15.9   7.4   46.8   3.4   1.2
 46.7   3.4   1.2

 99.9   2.3   8.4   90.0  -1.7   8.0   80.0   0.5  -5.9   70.0  -5.0  -7.2
 60.0  18.7   3.4   50.0  15.9   7.4   45.0   0.0   0.0   40.0   0.0   0.0
 35.0   0.0   0.0   30.0   0.0   0.0   25.0   0.0   0.0   22.5   0.0   0.0
 20.0   0.0   0.0   15.0   0.0   0.0   12.0   0.0   0.0   10.0   0.0   0.0
  8.0   0.0   0.0    7.0   0.0   0.0    6.0   0.0   0.0    5.0   0.0   0.0
  4.0   0.0   0.0
 
 18. 1.2016  12 Uhr

 99.9  -5.6   8.0   93.0  -5.0   1.3   89.3  -3.4  -2.4   87.5  -2.6  -4.5
 79.3  -3.1 -11.4   77.2  -4.8 -13.1   73.1  -5.8  -5.8   72.4  -3.6  -3.6
 71.5   0.3  -0.4   70.3   4.5   2.6   70.0   5.8   3.3   59.2  23.3  10.9
 54.8  13.5   9.4   53.0  12.2   2.1   50.9   8.0   2.1   50.0   4.1   0.0
 49.1   0.6  -0.8   48.0   3.0  -4.2   47.2   3.8  -5.5   45.4   4.7  -2.2
 40.1   2.2  -4.7   36.9   0.2  -0.5   35.2   4.8   1.8   32.5  11.3   0.0
 31.1  10.4  -2.8   30.0  11.7  -2.1   23.0  12.8   1.1   20.4  16.0  -5.8
 20.0  14.0  -6.5   17.6   4.6  -8.0   17.0   2.2  -4.7   15.9   1.5  -0.3
 15.0  -0.3   3.6   14.9  -2.6   4.5   14.7  -6.9   6.9   14.2 -12.0  12.0
 13.2 -16.0  11.2   12.5 -13.4  -3.6   12.3 -13.5  -6.3   10.9 -19.4   5.2
 10.0 -25.8   4.6    9.7 -27.9   4.9    7.6 -35.5   6.3    7.5 -35.0   6.2


 99.9  -5.6   8.0   90.0  -3.7  -1.7   80.0  -3.0 -10.8   70.0   5.8   3.3
 60.0  21.9  10.3   50.0   4.1   0.0   45.0   4.5  -2.4   40.0   2.1  -4.5
 35.0   5.3   1.6   30.0  11.7  -2.1   25.0  12.5   0.2   22.5  13.4  -0.2
 20.0  14.0  -6.5   15.0  -0.3   3.6   12.0 -14.7  -3.9   10.0 -25.8   4.6
  8.0 -33.9   6.0    7.0   0.0   0.0    6.0   0.0   0.0    5.0   0.0   0.0
  4.0   0.0   0.0
 
 19. 1.2016   0 Uhr

 99.9  -9.2   0.8   98.4  -8.2   0.0   92.3  -4.6  -9.8   87.2  -5.6 -15.5
 81.8  -8.3  -6.9   78.4  -2.8  -4.9   78.1  -2.6  -4.5   77.1  -0.5   0.2
 76.0   1.8   4.8   70.0  12.0  12.0   68.0  14.2  14.2   63.7  17.9   4.8
 59.9  13.1   6.1   56.1   9.8  -4.6   55.4   9.9  -8.3   52.6  14.9 -14.9
 50.3   9.5  -9.5   50.0   7.6  -9.1   47.5   0.0  -5.1   43.5   3.0  -4.2
 41.4   0.4   0.3   36.0   1.8   4.8   31.7   5.1  -2.4   30.0   8.9  -2.4
 26.4  14.0   5.1   22.4  18.5   0.0   21.0  14.3  -8.2   20.0  14.3  -8.2
 19.4  14.0  -6.5   18.4   8.0  -5.6   18.0   4.7  -2.2   17.6   1.7   1.2
 15.7  -0.8   3.0   15.3  -3.0   4.2   14.5 -15.2   2.7   13.5 -19.3   3.4
 12.8 -18.9   5.1   12.2 -15.0  -5.5   11.1 -20.4   5.5   10.0 -22.9   6.1
  9.4 -22.2   8.1    8.2 -27.6 -10.0    7.9 -32.4  -5.7    6.7 -30.9   5.4
  6.2 -37.4   3.3    5.6 -28.3  -7.6    5.1 -35.4  -3.1

 99.9  -9.2   0.8   90.0  -5.0 -12.3   80.0  -5.4  -5.9   70.0  12.0  12.0
 60.0  13.2   6.1   50.0   7.6  -9.1   45.0   1.8  -4.6   40.0   0.8   1.4
 35.0   2.5   3.2   30.0   8.9  -2.4   25.0  15.5   3.4   22.5  18.4   0.1
 20.0  14.3  -8.2   15.0  -7.5   3.6   12.0 -15.9  -3.5   10.0 -22.9   6.1
  8.0 -30.8  -7.2    7.0 -31.3   2.5    6.0 -34.5  -0.3    5.0 -36.8  -2.2
  4.0   0.0   0.0
 
 19. 1.2016  12 Uhr

 99.9   0.0   0.0   90.0   0.0   0.0   80.0   0.0   0.0   70.0   0.0   0.0
 60.0   0.0   0.0   50.0   0.0   0.0   45.0   0.0   0.0   40.0   0.0   0.0
 35.0   0.0   0.0   30.0   0.0   0.0   25.0   0.0   0.0   22.5   0.0   0.0
 20.0   0.0   0.0   15.0   0.0   0.0   12.0   0.0   0.0   10.0   0.0   0.0
  8.0   0.0   0.0    7.0   0.0   0.0    6.0   0.0   0.0    5.0   0.0   0.0
  4.0   0.0   0.0
 
 20. 1.2016   0 Uhr

 99.9   0.0   0.0   90.0   0.0   0.0   80.0   0.0   0.0   70.0   0.0   0.0
 60.0   0.0   0.0   50.0   0.0   0.0   45.0   0.0   0.0   40.0   0.0   0.0
 35.0   0.0   0.0   30.0   0.0   0.0   25.0   0.0   0.0   22.5   0.0   0.0
 20.0   0.0   0.0   15.0   0.0   0.0   12.0   0.0   0.0   10.0   0.0   0.0
  8.0   0.0   0.0    7.0   0.0   0.0    6.0   0.0   0.0    5.0   0.0   0.0
  4.0   0.0   0.0
 
 20. 1.2016  12 Uhr

 99.9   5.9  -4.1   88.8   0.0  -6.7   86.7  -4.4  -4.4   82.0  -8.7   0.0
 78.1  -1.5   5.5   74.8  -1.5   8.6   70.0   2.8   6.1   69.8   2.6   5.6
 69.5   1.8   4.8   68.3  -1.0   0.0   67.1   3.3  -3.9   66.2   6.7  -5.6
 61.8   8.6 -12.2   59.9   7.2 -12.5   58.2  12.2  -8.6   55.7  15.5  -5.6
 54.2   9.2  -0.8   52.2   8.2  -0.7   50.0   5.9   4.1   49.9   5.9   4.1
 48.5   8.5   4.9   47.3   4.2   3.0   43.0   0.0   0.0   40.1  -1.7   3.7


 99.9   5.9  -4.1   90.0   0.7  -6.4   80.0  -5.0   2.8   70.0   2.8   6.1
 60.0   7.3 -12.5   50.0   5.9   4.1   45.0   2.0   1.4   40.0  -1.8   3.9
 35.0   0.0   0.0   30.0   0.0   0.0   25.0   0.0   0.0   22.5   0.0   0.0
 20.0   0.0   0.0   15.0   0.0   0.0   12.0   0.0   0.0   10.0   0.0   0.0
  8.0   0.0   0.0    7.0   0.0   0.0    6.0   0.0   0.0    5.0   0.0   0.0
  4.0   0.0   0.0
 
 21. 1.2016   0 Uhr

 99.9   2.2  -4.7   94.9  -1.9  -7.0   89.6  -4.1  -7.1   84.7  -3.7 -10.2
 80.7  -5.3  -6.3   75.9  -7.6   4.4   74.7  -5.8   3.3   73.7  -5.1   0.4
 71.1  -2.5  -1.8   70.0  -3.7  -1.7   69.0  -5.1  -2.4   68.2  -4.4  -4.4
 67.0   1.3  -7.6   63.8   8.0  -5.6   60.4  13.7  -2.4   56.0  17.7  -3.1
 53.3  10.4  -2.8   51.5   6.1   1.1   50.0   7.1   1.3   48.0   5.0   1.3
 47.0   0.0   0.0   44.6  -5.1   0.9   43.4  -9.3   4.3   39.4  -8.0  -2.1
 37.6  -2.6  -3.2   36.7  -3.2  -4.6   35.2   4.7  -4.7   32.6   7.5  -2.0
 30.9  19.5   0.0   30.0  21.1   0.0   27.9  25.1   2.2   23.8  16.7  -2.9
 20.6   8.4   2.3   20.0   8.9   2.4   19.6   8.7   0.8   18.8   6.3   2.3
 18.6   5.3   3.1   18.2   3.8   5.5   17.5  -6.0   7.1   16.9 -13.4   7.7
 16.0  -4.5   2.6   15.5  -0.9  -0.5   14.7  -3.9  -3.3   13.8 -13.8   1.2
 12.5 -16.0   9.3   12.0 -21.3   3.8   11.4 -16.9  -9.8   10.2 -22.8  -4.0
 10.0 -22.8  -4.0    9.2 -27.3  -7.3    8.5 -30.9   5.4    7.6 -35.9   3.1
  7.3 -28.3   0.0    6.6 -31.4   0.0    6.2 -42.1   7.4    4.9 -33.8  -3.0


 99.9   2.2  -4.7   90.0  -3.9  -7.1   80.0  -5.6  -4.8   70.0  -3.7  -1.7
 60.0  14.0  -2.5   50.0   7.1   1.3   45.0  -4.2   0.7   40.0  -8.2  -1.1
 35.0   4.9  -4.5   30.0  21.1   0.0   25.0  19.3  -1.4   22.5  13.5  -0.9
 20.0   8.9   2.4   15.0  -2.8  -2.2   12.0 -21.3   3.8   10.0 -22.8  -4.0
  8.0 -33.6   4.2    7.0 -29.6   0.0    6.0 -40.9   5.9    5.0 -34.5  -2.1
  4.0   0.0   0.0
 
 21. 1.2016  12 Uhr

 99.9   0.3   1.0   92.8  -5.1  -5.1   84.6 -11.1  -4.0   82.4  -9.1  -1.6
 79.9  -5.3   6.3   76.9   1.3   7.1   76.0   1.3   7.1   75.1  -0.9   5.1
 73.0  -2.3   1.1   70.0  -3.9  -1.4   69.0  -0.4  -5.1   65.1   8.0  -5.6
 62.5  12.6  -8.9   59.7  11.3  -1.0   55.0   7.9  -3.7   54.3   5.8  -2.1
 53.1   3.9   3.3   51.6   4.6   3.2   51.1   4.7   2.2   50.0   4.1   0.7
 47.3  -0.2  -0.5   46.2  -5.1   0.0   45.3  -7.6  -1.3   44.7  -6.8  -2.5
 42.3  -6.5   1.7   38.2  -4.7  -2.2   36.9  -0.7  -0.7   34.4   5.6  -1.0
 31.3  13.3   1.2   30.0  13.9  -3.7   29.7  15.4  -4.1   27.4  20.8  -3.7
 20.3   6.7   0.0   20.0   5.1   0.9   19.7   3.7   1.7   18.5  -2.6   5.6
 17.3  -8.0   5.6   17.0 -10.6   1.9   16.5  -4.7  -2.2   15.8  -2.8  -2.3
 14.9 -12.7  -2.2   13.9 -11.4   8.0   12.6 -13.5   6.3   12.0 -22.8   4.0
 10.7 -14.7  -2.6   10.3 -14.9   0.0   10.0 -14.7  -2.6    9.9 -15.7  -2.8
  9.3 -22.3   3.9    8.5 -25.6   2.2    8.1 -33.4   5.9    7.8 -28.7   2.5
  6.0 -35.0   6.2    5.4 -36.5   0.0    4.8 -27.1  -9.9    4.4 -36.3 -13.2


 99.9   0.3   1.0   90.0  -7.1  -4.7   80.0  -5.4   6.0   70.0  -3.9  -1.4
 60.0  11.4  -1.8   50.0   4.1   0.7   45.0  -7.2  -1.9   40.0  -5.5  -0.4
 35.0   4.0  -0.9   30.0  13.9  -3.7   25.0  16.3  -2.5   22.5  11.4  -1.2
 20.0   5.1   0.9   15.0 -11.5  -2.2   12.0 -22.8   4.0   10.0 -14.7  -2.6
  8.0 -31.9   4.8    7.0 -31.3   4.1    6.0 -35.0   6.2    5.0 -30.3  -6.5
  4.0   0.0   0.0
 
 22. 1.2016   0 Uhr

 99.9  -7.2   0.6   93.4  -9.7  -0.9   82.6 -12.9   0.0   80.0 -13.1   4.8
 78.9 -11.1   6.4   72.0  -5.1  -5.1   70.6  -3.0  -4.2   70.0  -1.5  -3.3
 69.2   1.2  -1.7   68.0   5.1   0.0   66.5   7.7  -0.7   63.3  12.5   7.2
 59.5  18.9   6.9   57.4  16.9   4.5   52.6   6.7   4.7   51.5   6.3   5.3
 50.2   3.0   8.2   50.0   3.0   8.2   46.7  -0.4   5.1   43.8  -4.7   2.2
 39.0  -1.7  -2.0   37.3   4.8  -1.8   36.8   5.5  -1.5   35.9   3.9  -3.3
 34.8   7.6  -1.3   32.4  10.6  -3.9   30.5  16.9  -1.5   30.0  17.4  -1.5
 29.3  17.7  -3.1   26.8   8.7  -0.8   26.0   9.1  -1.6   23.5   7.2   5.0
 20.7   9.7   3.5   20.0  10.6   3.9   19.5   9.8   5.7   18.3   6.1  -2.8
 17.9   0.7  -4.1   17.7  -2.2  -4.7   17.5  -2.8  -6.1   17.0   2.1  -8.0
 16.5   3.7 -10.2   15.9   2.4  -5.1   14.8   0.0   0.0   13.8  -3.9   3.3
 13.5 -10.6   1.9   12.5 -22.6   0.0   11.9 -14.7  -8.5   10.5 -16.0  -9.3
 10.0 -19.3  -7.0    9.5 -22.5   2.0    8.2 -26.8   0.0    7.8 -32.9   5.8
  6.2 -33.4   5.9    4.8 -29.3   7.9

 99.9  -7.2   0.6   90.0 -10.7  -0.6   80.0 -13.1   4.8   70.0  -1.5  -3.3
 60.0  18.0   6.9   50.0   3.0   8.2   45.0  -2.9   3.4   40.0  -2.3  -1.1
 35.0   6.9  -1.7   30.0  17.4  -1.5   25.0   8.4   1.0   22.5   8.0   4.5
 20.0  10.6   3.9   15.0   0.4  -1.0   12.0 -16.0  -7.1   10.0 -19.3  -7.0
  8.0 -29.8   2.9    7.0 -33.2   5.8    6.0 -32.9   6.2    5.0 -30.0   7.6
  4.0   0.0   0.0
 
 22. 1.2016  12 Uhr

 99.9   0.0   6.2   95.3  -5.8   3.3   85.4 -15.4   7.2   81.8 -10.2  10.2
 77.5  -7.9   6.6   73.8  -7.2   0.6   72.4  -7.1   1.3   70.5  -0.5   3.0
 70.0   0.5   3.0   68.1   3.6   3.6   60.4  15.4   0.0   50.0  -0.8   9.2
 49.4  -1.4   8.1   48.3   0.0   6.7   47.4  -2.2   4.7   44.3  -2.6   4.5
 38.3   3.0  -0.8   37.6   2.2  -4.7   36.8   2.3  -6.3   35.5   5.1  -2.4
 31.7   5.9  -5.0   30.0  12.9  -7.5   29.1  14.3 -10.0   26.0   7.6  -5.3
 25.3   7.0  -3.3   22.2  10.2   8.6   20.2   7.1   6.0   20.0   7.1   6.0
 19.1   7.6   4.4   17.7  -1.1  -6.1   17.1  -3.9  -6.7   16.9  -3.0  -6.5
 16.3   2.6  -4.5   16.0   1.5   0.0   15.6   3.0   4.2   14.6   1.3   7.1
 14.1  -5.5   5.5   12.4  -9.4 -13.5   12.2  -8.7 -15.1   11.8  -9.1 -13.1
 11.1  -7.5   3.5   10.0 -18.9   6.9    9.3 -22.9   6.1    8.4 -22.5  -2.0
  7.9 -24.6   2.2    7.1 -28.3   0.0    7.0 -28.3   0.0

 99.9   0.0   6.2   90.0 -10.8   5.4   80.0  -9.2   8.7   70.0   0.5   3.0
 60.0  14.8   0.3   50.0  -0.8   9.2   45.0  -2.5   4.5   40.0   1.3   0.7
 35.0   5.2  -2.7   30.0  12.9  -7.5   25.0   7.3  -2.2   22.5   9.9   7.4
 20.0   7.1   6.0   15.0   1.9   5.9   12.0  -8.9 -14.1   10.0 -18.9   6.9
  8.0 -24.2   1.3    7.0 -28.3   0.0    6.0   0.0   0.0    5.0   0.0   0.0
  4.0   0.0   0.0
 
 23. 1.2016   0 Uhr

 99.9   0.0   0.0   90.0   0.0   0.0   80.0   0.0   0.0   70.0   0.0   0.0
 60.0   0.0   0.0   50.0   0.0   0.0   45.0   0.0   0.0   40.0   0.0   0.0
 35.0   0.0   0.0   30.0   0.0   0.0   25.0   0.0   0.0   22.5   0.0   0.0
 20.0   0.0   0.0   15.0   0.0   0.0   12.0   0.0   0.0   10.0   0.0   0.0
  8.0   0.0   0.0    7.0   0.0   0.0    6.0   0.0   0.0    5.0   0.0   0.0
  4.0   0.0   0.0
 
 23. 1.2016  12 Uhr

 99.9   0.0   0.0   90.0   0.0   0.0   80.0   0.0   0.0   70.0   0.0   0.0
 60.0   0.0   0.0   50.0   0.0   0.0   45.0   0.0   0.0   40.0   0.0   0.0
 35.0   0.0   0.0   30.0   0.0   0.0   25.0   0.0   0.0   22.5   0.0   0.0
 20.0   0.0   0.0   15.0   0.0   0.0   12.0   0.0   0.0   10.0   0.0   0.0
  8.0   0.0   0.0    7.0   0.0   0.0    6.0   0.0   0.0    5.0   0.0   0.0
  4.0   0.0   0.0
 
 24. 1.2016   0 Uhr

 99.9  -6.8  -2.5   97.4 -10.2  -0.9   89.5 -19.0   1.7   82.9 -11.4  -8.0
 80.5 -13.5  -6.3   79.0  -8.9  -2.4   78.1  -5.1   0.0   77.2  -1.5   2.7
 76.0   2.6   4.5   72.1   9.4   2.5   70.0  14.4   3.9   65.6  19.8   7.2
 63.8  15.1   8.7   61.2   8.9   4.1   59.3   8.7   0.8   57.4   5.1   2.4
 57.0   3.9   3.3   54.3   0.0   0.0   50.4   0.0  -5.1   50.0   1.5  -5.5
 49.0   2.6  -4.5   45.3  -0.4   1.0

 99.9  -6.8  -2.5   90.0 -18.4   1.5   80.0 -12.0  -5.0   70.0  14.4   3.9
 60.0   8.8   2.0   50.0   1.5  -5.5   45.0  -0.6   1.4   40.0   0.0   0.0
 35.0   0.0   0.0   30.0   0.0   0.0   25.0   0.0   0.0   22.5   0.0   0.0
 20.0   0.0   0.0   15.0   0.0   0.0   12.0   0.0   0.0   10.0   0.0   0.0
  8.0   0.0   0.0    7.0   0.0   0.0    6.0   0.0   0.0    5.0   0.0   0.0
  4.0   0.0   0.0
 
 24. 1.2016  12 Uhr

 99.9  -6.5   3.0   89.3 -18.9   5.1   83.9 -13.2  -2.3   81.2  -7.6   1.3
 79.8  -3.5   5.1   79.0  -1.2   6.6   76.6   5.9   8.4   72.9  14.9   7.0
 70.0  16.8   7.8   68.3  17.7   8.3   60.5   5.8   3.3   58.7   5.6  -1.0
 56.5   5.0  -1.3   55.4   0.0   0.0   52.4  -2.6  -4.5   50.9  -0.9 -10.2
 50.0  -0.7  -8.2   49.4  -1.1  -6.1   48.2  -3.2  -4.6   46.4  -4.8   1.8
 44.4  -9.8   4.6   42.9  -7.5   6.3   41.2  -3.9   3.3   37.7   0.7  -1.4
 36.4   5.1   0.0   35.6   5.6   2.6   34.6  10.6   1.9   33.5  13.7   2.4
 30.0  16.7   2.9   27.8  18.0   0.0   21.6  10.6   1.9   20.8  14.3  -1.3
 20.0  17.4  -1.5   18.0  19.9  -5.3   16.0  13.3   1.2   15.2  10.5   7.4
 13.9   6.7   4.7   13.6   5.1   0.4   12.4   0.4   0.3   12.0  -1.8   4.8
 11.7  -3.3   9.2   11.0 -16.9   6.2   10.6 -12.2  -2.1   10.3 -11.7  -2.1
 10.0 -17.2  -3.0    9.1 -27.7   2.4    8.6 -30.9   0.0    7.6 -26.8  -7.2
  6.8 -25.2   0.0    6.4 -31.8   2.8    5.3 -46.3   0.0    4.4 -45.1  -3.9


 99.9  -6.5   3.0   90.0 -18.0   4.9   80.0  -4.1   4.5   70.0  16.8   7.8
 60.0   5.7   2.2   50.0  -0.7  -8.2   45.0  -8.3   3.7   40.0  -2.4   1.7
 35.0   8.6   2.2   30.0  16.7   2.9   25.0  14.8   0.8   22.5  11.8   1.6
 20.0  17.4  -1.5   15.0  10.0   7.0   12.0  -1.8   4.8   10.0 -17.2  -3.0
  8.0 -28.5  -4.2    7.0 -25.6  -1.9    6.0 -36.8   1.8    5.0 -45.9  -1.3
  4.0   0.0   0.0
 
 25. 1.2016   0 Uhr

 99.9  -3.2  -2.6   94.2 -16.7   2.9   91.5 -19.8   3.5   87.0 -14.2   2.5
 85.9 -10.7   5.0   84.1  -3.7   7.9   81.9   3.7  10.2   73.6  20.5   9.6
 70.0  18.7  10.8   63.8  11.8   8.3   62.4   6.7   3.9   61.7   4.5   1.2
 60.7   6.0  -1.6   57.2   3.1  -5.3   55.1   3.9  -8.4   53.6   1.6  -6.0
 52.2   2.6  -4.5   51.2   1.0   0.2   50.0   0.4   4.6   49.9   0.4   5.1
 46.5  -5.8   5.8   45.4  -2.2   4.7   43.8  -3.2   4.6   41.5   2.5  -0.7
 39.9   5.1  -0.9   37.3   9.4   2.5   36.0   6.5   9.3   34.0  11.6   6.7
 32.8  13.4   7.7   30.2  14.2   2.5   30.0  14.2   2.5   28.4  15.9   7.4
 25.9  14.9   4.0   25.3  11.8  -1.0   24.0  10.2  -8.6   23.0  10.6 -12.6
 21.2  16.0 -11.2   20.0  15.0  -5.5   18.7  12.8  -1.1   17.4   9.1   7.6
 14.9   5.6   8.0   14.3   3.6   4.3   13.7  -0.4   0.4   12.4  -5.1  -0.4
 11.5 -11.0  -7.7   10.0 -24.8  -4.4    9.1 -28.9  -5.1    8.1 -22.4  -6.0
  7.4 -22.6   0.0    6.0 -36.5   0.0    5.6 -27.9  -4.9    5.2 -39.5   3.5
  4.8 -31.8  -2.8

 99.9  -3.2  -2.6   90.0 -17.9   3.2   80.0   7.4  10.0   70.0  18.7  10.8
 60.0   5.4  -2.3   50.0   0.4   4.6   45.0  -2.4   4.7   40.0   4.9  -0.9
 35.0   9.0   8.0   30.0  14.2   2.5   25.0  11.4  -2.8   22.5  12.1 -12.2
 20.0  15.0  -5.5   15.0   5.8   8.0   12.0  -7.7  -3.6   10.0 -24.8  -4.4
  8.0 -22.4  -5.2    7.0 -26.4   0.0    6.0 -36.5   0.0    5.0 -35.7   0.4
  4.0   0.0   0.0
 
 25. 1.2016  12 Uhr

 99.9 -13.4   3.6   97.1 -17.4   6.3   89.7  -9.6  20.5   86.9  -4.1  15.4
 85.1   2.1  11.7   83.5   6.2  10.7   74.3  15.7   2.8   70.0   9.1   1.6
 68.7   9.1   1.6   65.2   4.8   1.8   62.3   0.1   1.5   57.5  -0.4  -5.1
 56.7   1.1  -6.1   53.5   0.1  -0.5   50.0   1.9  -0.7   37.2   3.5   0.9
 31.7  13.9  -3.7   30.0  13.3  -1.2   26.8  21.5   1.9   25.6  15.9   1.4
 24.8  14.2  -2.5   24.3  14.9  -7.0   23.0  19.2 -11.1   20.6  19.3  -3.4
 20.0  18.4  -4.9   18.1  15.5  -5.6   16.8  11.1   2.0   16.5   6.2   6.2
 16.2   3.3   9.2   15.2  -6.8   9.7   14.6 -11.8   9.9   13.2  -3.1   5.3
 12.5 -10.5   7.4   11.6  -9.2   3.3   10.5 -21.0  -1.8   10.1 -16.7  -2.9
 10.0 -17.9  -1.6    9.1 -24.8   6.7    8.7 -31.3   2.7    7.4 -26.3   4.6
  6.5 -32.4  -5.7    6.4 -31.4  -5.5

 99.9 -13.4   3.6   90.0  -9.9  19.9   80.0   9.7   7.8   70.0   9.1   1.6
 60.0  -0.1  -1.6   50.0   1.9  -0.7   45.0   2.5  -0.1   40.0   3.1   0.5
 35.0   7.5  -0.9   30.0  13.3  -1.2   25.0  14.6  -1.5   22.5  19.2  -9.5
 20.0  18.4  -4.9   15.0  -8.4   9.8   12.0  -9.8   5.2   10.0 -17.9  -1.6
  8.0 -28.7   3.7    7.0 -29.0   0.2    6.0   0.0   0.0    5.0   0.0   0.0
  4.0   0.0   0.0
 
 26. 1.2016   0 Uhr

 99.9 -12.9   0.0   92.9 -10.7   6.2   85.8   2.7   3.8   80.2   7.0  -1.9
 74.6  10.9   2.9   70.0   8.7   0.0   69.6   8.2  -0.7   63.9   2.8  -4.9
 60.7   3.3  -9.2   56.9   3.2  -2.6   54.0   4.5   2.6   50.0  -0.9   5.1
 48.2  -4.9   8.5   46.6  -3.0   4.2   43.5  -3.4  -1.2   42.1   0.2  -1.0
 40.6   2.2  -2.2   38.6   8.0  -8.0   30.0  13.2   2.3   27.2   7.6   4.4
 25.3  11.1  -2.0   20.0   8.9  -2.4   16.5   3.6   2.1   15.6   5.6   2.6
 15.0  -0.5   1.5   14.5  -5.3  -1.9   11.2 -10.2  -8.6   10.6 -18.9  -6.9
 10.0 -18.0   0.0    9.6 -24.7   9.0    8.4 -34.3   9.2    7.2 -29.7   2.6
  6.1 -38.4  -3.4    5.9 -32.9   0.0

 99.9 -12.9   0.0   90.0  -5.3   5.2   80.0   7.1  -1.7   70.0   8.7   0.0
 60.0   3.3  -8.0   50.0  -0.9   5.1   45.0  -3.2   1.4   40.0   3.9  -3.9
 35.0  10.1  -3.9   30.0  13.2   2.3   25.0  11.0  -2.0   22.5  10.0  -2.2
 20.0   8.9  -2.4   15.0  -0.5   1.5   12.0  -9.0  -6.9   10.0 -18.0   0.0
  8.0 -32.8   7.1    7.0 -31.2   1.6    6.0 -35.7  -1.7    5.0   0.0   0.0
  4.0   0.0   0.0
 
 26. 1.2016  12 Uhr

 99.9  -8.6 -10.2   95.6  -9.1  -7.6   89.2  -7.6   5.3   85.9 -10.2   8.6
 84.3  -6.9   6.9   82.6  -0.9   5.1   79.0   2.0   2.4   74.6   6.5   9.3
 72.9   3.5   7.5   72.2   0.9   5.1   71.1  -1.5   0.1   70.0   0.0  -5.1
 69.9   0.0  -5.1   66.8   2.3  -8.4

 99.9  -8.6 -10.2   90.0  -7.8   3.7   80.0   1.2   3.1   70.0   0.0  -5.1
 60.0   0.0   0.0   50.0   0.0   0.0   45.0   0.0   0.0   40.0   0.0   0.0
 35.0   0.0   0.0   30.0   0.0   0.0   25.0   0.0   0.0   22.5   0.0   0.0
 20.0   0.0   0.0   15.0   0.0   0.0   12.0   0.0   0.0   10.0   0.0   0.0
  8.0   0.0   0.0    7.0   0.0   0.0    6.0   0.0   0.0    5.0   0.0   0.0
  4.0   0.0   0.0
 
 27. 1.2016   0 Uhr

 99.9  -8.5  -4.9   94.3  -7.6   5.3   88.1 -13.0  10.9   84.0  -5.5   5.5
 81.4  -1.5   0.4   75.1   0.7  -0.7   72.1  -2.6  -4.5   70.0  -6.3  -5.3
 69.2  -7.1  -4.1   68.5  -5.1  -4.3   67.3   0.0  -6.2   65.3   2.5  -9.4
 62.1   1.5  -5.5   59.7   1.5   0.5   57.7   4.8   1.8   51.3  15.5   5.6
 50.0  12.6   5.9   45.9  11.6   4.2   43.6   5.1   4.3   42.9   3.3   3.9
 41.3   0.0   0.0   31.5   4.5  -2.6   30.0   8.4  -3.9   25.0  12.4  -3.3
 23.3   7.5   3.5   22.8   5.0   5.9   22.6   4.1   7.1   20.4   4.0  14.9
 20.0   3.9  14.4   18.8   3.7   7.9   18.1   7.6   5.3   17.2   3.0   4.2
 16.7   0.5   0.1   16.1  -1.8  -4.8   15.8  -4.1  -5.9   15.3  -1.3  -7.1
 14.7  -6.3  -7.5   13.7 -13.6 -16.2   12.4 -18.4  -1.6   11.7 -16.5   0.0
 10.0 -25.8   6.9    9.8 -25.8   6.9    8.4 -44.2   0.0    8.3 -43.7   0.0


 99.9  -8.5  -4.9   90.0 -11.3   9.2   80.0  -1.0   0.2   70.0  -6.3  -5.3
 60.0   1.5  -0.2   50.0  12.6   5.9   45.0   9.1   4.3   40.0   0.5  -0.3
 35.0   2.8  -1.6   30.0   8.4  -3.9   25.0  12.4  -3.3   22.5   4.1   7.5
 20.0   3.9  14.4   15.0  -3.7  -7.3   12.0 -17.3  -0.7   10.0 -25.8   6.9
  8.0   0.0   0.0    7.0   0.0   0.0    6.0   0.0   0.0    5.0   0.0   0.0
  4.0   0.0   0.0
 
 27. 1.2016  12 Uhr

 99.9  -7.1  -4.1   97.0  -8.2  -3.0   92.7  -8.7   7.3   87.1 -11.6  13.8
 83.2  -3.3   3.9   81.4  -0.3  -0.4   74.7  -2.2  -4.7   72.8  -3.3  -5.8
 70.0  -8.2  -0.7   68.7  -8.7   0.8   67.3  -4.7  -2.2   62.8  -1.9   5.3
 61.4   3.3   5.8   59.8   6.5   6.5   58.1   5.1   5.1   57.8   5.9   4.1
 55.9  13.7   2.4   52.9  21.6   0.0   50.0  14.4   0.0   48.8  11.8  -1.0
 46.1   7.5   2.0   44.0   3.0   4.2   42.9   1.1   4.0   40.9  -5.1   0.9
 38.6 -14.9   1.3   36.6 -10.8   0.0   33.2  -8.6   1.5   30.7  -6.7  -0.6
 30.0  -2.9  -2.1   28.6   0.9  -1.9   27.7   4.2  -3.0   26.0   6.5  -1.7
 25.2   7.0   3.3   24.5   8.0   8.0   21.3  13.1   9.1   20.0   7.9   6.6
 19.6   6.7   5.6   18.9   3.0   6.5   18.3   6.7   4.7   17.7   6.7   5.6
 17.3   8.0   2.1   16.9   4.8   1.8   16.7   3.1  -0.3   16.4   4.5  -2.6
 15.9   9.3  -6.5   15.2   6.6  -7.9   14.7   1.5  -8.6   14.3   4.2 -11.6
 14.0   1.9 -10.6   13.8   0.0  -9.8   13.2 -12.2  -2.1   11.8 -23.1   2.0
 10.9 -20.5  -1.8

 99.9  -7.1  -4.1   90.0 -10.1  10.4   80.0  -0.7  -1.3   70.0  -8.2  -0.7
 60.0   6.1   6.5   50.0  14.4   0.0   45.0   5.1   3.1   40.0  -8.9   1.1
 35.0  -9.8   0.7   30.0  -2.9  -2.1   25.0   7.3   4.6   22.5  11.1   8.7
 20.0   7.9   6.6   15.0   4.6  -8.2   12.0 -21.4   1.4   10.0   0.0   0.0
  8.0   0.0   0.0    7.0   0.0   0.0    6.0   0.0   0.0    5.0   0.0   0.0
  4.0   0.0   0.0
 
 28. 1.2016   0 Uhr

 99.9  -7.2   0.0   96.4  -8.7   0.0   90.4  -9.8   4.6   86.9 -14.7   2.6
 83.5  -7.6  -7.6   81.1  -7.7 -11.0   77.8 -13.1  -9.1   75.6 -13.4  -7.7
 71.8 -10.2   0.9   70.0  -5.7   0.0   69.9  -5.1   0.4   69.1  -4.8   1.8
 67.1   0.4   4.1   66.4   3.9   3.3   63.5  12.7   2.2   60.9  20.0   1.7
 53.8  23.2   0.0   50.0  17.4   1.5   48.8  13.3   1.2   46.8   4.8   1.8
 44.8   0.1   1.5   43.6  -5.0  -1.3   40.4 -15.9   0.0   37.8 -11.1   2.0
 35.7 -12.7   2.2   34.1  -9.1  -1.6   31.9  -4.8   1.8   30.0  -0.1  -1.0
 29.6  -0.5  -0.1   27.5   4.5   2.6   23.4   6.7  14.5   22.3   5.2  11.2
 20.7  -4.5   2.6   20.5  -5.5   1.5   20.0  -7.2   0.6   19.7  -7.6  -1.3
 19.4  -5.8  -3.3   19.1  -0.5  -5.6   18.1   2.9 -10.9   16.6   2.5 -14.2
 15.3  -2.3  -8.4   15.0  -4.1  -7.1   14.5 -12.7  -2.2   14.0 -18.7   3.3
 13.2 -18.2   8.5   12.4 -19.5   0.0   10.9 -26.8   7.2   10.2 -25.7   0.0
 10.0 -27.7  -2.4    8.3 -43.0  -3.8    7.8 -37.6   0.0    7.2 -43.6  -7.7
  6.9 -44.8   0.0    6.3 -41.7   0.0    5.6 -53.0   0.0    5.2 -50.2   4.4


 99.9  -7.2   0.0   90.0 -10.3   4.3   80.0  -9.5 -10.4   70.0  -5.7   0.0
 60.0  20.4   1.5   50.0  17.4   1.5   45.0   0.6   1.6   40.0 -15.2   0.3
 35.0 -11.1   0.6   30.0  -0.1  -1.0   25.0   5.8   9.7   22.5   5.5  11.8
 20.0  -7.2   0.6   15.0  -4.1  -7.1   12.0 -21.4   1.9   10.0 -27.7  -2.4
  8.0 -39.8  -1.5    7.0 -44.4  -2.6    6.0 -46.4   0.0    5.0   0.0   0.0
  4.0   0.0   0.0
 
 28. 1.2016  12 Uhr

 99.9 -18.0   0.0   95.4 -20.3   7.4   92.6 -23.8   4.2   88.6 -14.0  -5.1
 87.6 -13.1  -6.1   80.5 -10.2  -3.7   72.8  -9.3   4.3   70.0  -5.6   0.5
 69.1  -6.1  -1.1   68.2  -5.1  -0.4   67.2   0.0   0.5   66.2   4.8   1.8
 62.1  16.9   4.5   56.6  20.1   0.0   50.3   8.2   0.7   50.0   7.1   1.3
 49.5   5.0   1.3   48.4   1.5   2.1   45.2  -5.1   0.0   42.2  -8.0  -2.1
 41.3 -10.7  -5.0   39.2 -21.0  -1.8   37.8 -15.4   1.3   33.1  -7.6  -5.3
 32.2  -2.6  -4.5   30.3   0.0   0.0   30.0   0.5   0.9   29.1   5.1   0.0
 27.2   7.7  -2.8   26.1   8.1   1.4   23.9   7.6   7.6   22.5   4.1   7.1
 22.1   1.6   6.0   21.8  -0.9   5.1   21.4  -3.3   1.5   21.1  -5.3  -1.9
 20.1   0.0 -10.3   20.0   0.9 -10.8   18.7   6.3 -17.4   17.1   5.3 -14.5
 16.0  -1.3  -7.6   15.3  -5.5  -4.6   14.0 -13.1   9.1   13.3  -7.7  13.4
 12.4 -11.7   5.4   10.9 -22.7   8.3   10.2 -22.3   3.9   10.0 -23.8   4.2
  8.9 -34.3   9.2    5.7 -49.9   0.0    5.6 -49.4   0.0

 99.9 -18.0   0.0   90.0 -17.5  -1.8   80.0 -10.1  -3.2   70.0  -5.6   0.5
 60.0  18.1   2.8   50.0   7.1   1.3   45.0  -5.3  -0.1   40.0 -17.0  -3.1
 35.0 -10.8  -2.5   30.0   0.5   0.9   25.0   7.9   4.5   22.5   4.1   7.1
 20.0   0.9 -10.8   15.0  -7.2  -1.5   12.0 -14.5   6.2   10.0 -23.8   4.2
  8.0 -38.2   6.9    7.0 -42.9   4.1    6.0 -48.2   1.0    5.0   0.0   0.0
  4.0   0.0   0.0
 
 29. 1.2016   0 Uhr

 99.9 -21.1   0.0   95.2 -23.4   6.3   91.4 -26.1   2.3   89.5 -24.3   4.3
 85.7 -19.6  -9.1   82.7 -20.5  -9.6   77.8  -5.1   0.9   75.7  -0.1  -0.5
 74.6   5.1  -0.4   73.0  11.1   2.0   70.0  17.4   4.7   69.5  18.2   3.2
 64.3   8.7   3.2   63.6   7.5   2.0   60.1  15.4  -4.1   56.8  19.6  -9.1
 50.0   8.4  -3.9   49.7   8.2  -3.0   46.6  -0.4  -2.5   45.3  -3.6  -3.6
 39.7 -23.3   4.1   37.1 -13.2   2.3   34.6  -8.0  -2.1   34.1  -5.1  -0.9
 32.9  -1.1   1.1   31.4   2.2   4.7   30.0   6.2   8.8   28.9   7.1  10.1
 27.3   7.2   5.0   24.2   5.3   6.3   23.8   3.6   4.3   23.4  -0.5   0.2
 22.8  -2.6  -4.5   20.9   4.5 -16.9   20.0   2.1 -11.7   19.5   2.8 -10.4
 18.3  -3.8  -5.5   17.8  -3.2  -4.6   17.0  -3.1   1.8   16.6  -2.2   4.7
 16.1   0.0   6.2   15.1   3.0   8.2   13.9  -4.9  18.4   13.3 -12.6   5.9
 13.2 -13.9   3.7   12.5 -22.1   0.0   10.4 -20.1   0.0   10.0 -23.8  -4.2
  8.2 -33.4 -12.1    6.1 -42.5  -3.7    6.0 -42.0  -3.7

 99.9 -21.1   0.0   90.0 -24.8   3.8   80.0 -12.1  -3.9   70.0  17.4   4.7
 60.0  15.5  -4.3   50.0   8.4  -3.9   45.0  -4.6  -3.2   40.0 -22.2   3.7
 35.0  -8.8  -1.4   30.0   6.2   8.8   25.0   5.8   6.0   22.5  -1.5  -6.4
 20.0   2.1 -11.7   15.0   2.3   9.0   12.0 -21.7   0.0   10.0 -23.8  -4.2
  8.0 -34.2 -11.4    7.0 -38.4  -7.5    6.0 -42.0  -3.7    5.0   0.0   0.0
  4.0   0.0   0.0
 
 29. 1.2016  12 Uhr

 99.9   0.0   0.0   90.0   0.0   0.0   80.0   0.0   0.0   70.0   0.0   0.0
 60.0   0.0   0.0   50.0   0.0   0.0   45.0   0.0   0.0   40.0   0.0   0.0
 35.0   0.0   0.0   30.0   0.0   0.0   25.0   0.0   0.0   22.5   0.0   0.0
 20.0   0.0   0.0   15.0   0.0   0.0   12.0   0.0   0.0   10.0   0.0   0.0
  8.0   0.0   0.0    7.0   0.0   0.0    6.0   0.0   0.0    5.0   0.0   0.0
  4.0   0.0   0.0
 
 30. 1.2016   0 Uhr

 99.9 -19.0   1.7   92.4 -14.2  11.9   88.2  -9.3   6.5   86.8  -4.6   5.5
 85.0   2.2   4.7   84.3   4.3   3.6   82.7   8.1   1.4   77.7  15.2  -2.7
 72.9  13.8  -1.2   70.0  15.2   2.7   66.8   8.9   5.1   65.0   8.6   1.5
 63.3   9.9  -2.7   57.1  15.6  -9.0   53.3   5.0  -5.9   50.2   4.2  -3.0
 50.0   3.8  -2.7   48.4   1.1  -2.3   46.4  -3.9  -3.3   43.3 -20.3  -3.6
 40.8 -14.5   5.3   38.9 -14.7  -2.6   36.0 -13.8  -1.2   35.0 -10.8   0.0
 34.1  -5.1   0.0   33.1  -0.1  -0.5   32.0   5.0   1.3   31.5   5.8   2.1
 30.5   5.6   1.0   30.0   4.1  -0.7   29.1   3.6  -4.3   27.5   1.8  -4.8
 25.7   2.1   0.0   24.3   3.3  -3.9   23.9   2.8  -6.1   22.7   2.2 -12.7
 21.4   4.4  -7.6   20.4   1.8  -4.8   20.0   2.2  -1.3   19.9   2.1   0.0
 19.5   0.4   5.1   18.5   8.3   9.9   17.3  13.8  13.8   15.2   0.9  10.8
 14.7  -4.6   8.0   14.5  -7.6   7.6   13.5 -11.1   6.4   12.8 -13.1  -6.1
 11.7 -17.9  -4.8   11.1 -24.7 -11.5   10.2 -26.1   2.3   10.0 -27.3   0.0
  7.5 -36.5   6.4    6.8 -31.3   2.7    6.0 -40.3  10.8    5.7 -38.0   6.7


 99.9 -19.0   1.7   90.0 -11.4   8.8   80.0  11.9  -0.8   70.0  15.2   2.7
 60.0  12.9  -6.0   50.0   3.8  -2.7   45.0 -11.2  -3.4   40.0 -14.6   2.0
 35.0 -10.8   0.0   30.0   4.1  -0.7   25.0   2.7  -2.0   22.5   2.6 -11.9
 20.0   2.2  -1.3   15.0  -1.3   9.7   12.0 -16.5  -5.2   10.0 -27.3   0.0
  8.0 -34.5   5.0    7.0 -32.8   3.8    6.0 -40.3  10.8    5.0   0.0   0.0
  4.0   0.0   0.0
 
 30. 1.2016  12 Uhr

 99.9 -11.0   9.3   91.3  -5.3  -1.9   90.5  -4.7  -2.2   88.8  -1.5   1.5
 86.3   2.2   4.7   82.4   3.9   6.7   78.8   9.1   1.6   74.8  15.9   1.4
 70.0  14.2  -2.5   59.3  15.1  -8.7   57.0  10.2  -5.9   55.3   2.2  -4.7
 51.7   0.2  -0.5   50.0  -1.3  -2.2   46.6  -6.2   0.0   43.4 -21.5   1.9
 39.6 -16.0   5.8   36.0 -11.7  -5.4   33.4  -9.7  -6.8   32.3  -4.2  -3.0
 31.7  -0.2  -2.0   30.9   3.9  -3.3   30.0   5.3  -1.9   29.9   5.8  -2.1
 27.7   5.6  -8.0   24.6   7.0  -3.3   23.2   5.0  -7.2   21.2   4.6  -5.5
 20.4   4.8  -1.8   20.1   4.0   1.1   20.0   4.0   2.3   19.9   3.6   3.6
 19.6   3.8   5.5   19.0   8.2   3.0   18.2   9.8   4.6   17.5   7.9   3.7
 17.0   4.1   5.9   16.4   2.8   4.9   16.3   2.2   4.7   14.5  -1.9  -0.9
 14.1  -2.6  -4.5   13.2  -9.3 -11.0   12.9 -14.9  -7.0   12.6 -14.9  -4.0
 12.3 -12.7  -2.2   11.3 -15.9   7.4   10.8 -18.4   1.6   10.0 -20.8   3.7
  8.6 -29.8  13.9    7.4 -25.1   9.1    6.8 -27.7   2.4    4.9 -35.5   6.3


 99.9 -11.0   9.3   90.0  -3.7  -1.1   80.0   7.3   3.3   70.0  14.2  -2.5
 60.0  15.1  -8.3   50.0  -1.3  -2.2   45.0 -13.8   0.9   40.0 -16.6   5.4
 35.0 -10.9  -5.9   30.0   5.3  -1.9   25.0   6.8  -3.9   22.5   4.9  -6.6
 20.0   4.0   2.3   15.0  -0.7   0.7   12.0 -13.6   0.6   10.0 -20.8   3.7
  8.0 -27.6  11.6    7.0 -26.8   4.7    6.0 -30.7   3.9    5.0 -35.0   6.0
  4.0   0.0   0.0
 
 31. 1.2016   0 Uhr

 99.9 -12.8   1.1   95.2  -5.9  -4.1   94.3  -4.5  -2.6   92.7  -0.7   0.7
 91.4   3.0   4.2   85.8  12.1   4.4   82.6  12.3   1.1   74.5  12.9  -3.5
 70.7  10.1  -7.1   70.0  10.1  -7.1   63.9   6.7  -4.7   59.4  12.9  -7.5
 55.8   6.2  -8.8   54.9   0.0  -6.2   54.5  -3.2  -2.6   54.1  -5.1  -0.4
 53.6  -6.8   2.5   51.8  -6.7   5.6   50.0  -6.5   1.7   47.6  -6.7  -0.6
 46.4  -6.2   0.0   43.5 -19.0  -1.7   40.9 -13.7   2.4   39.2 -12.4  -3.3
 37.4 -15.9  -4.3   35.9  -7.3  -2.6   35.5  -5.0  -1.3   35.0  -0.1   0.5
 34.4   5.1   0.4   33.6  11.3   0.0   30.0  10.5  -7.4   28.1   6.5  -9.3
 25.0   6.2  -8.8   24.2   5.9  -5.0   23.4   0.0  -5.1   22.5   0.8  -0.7
 20.8   2.6   4.5   20.0   3.6   3.6   18.6  11.1   4.0   17.8   7.6   4.4
 17.0   6.1  -1.1   16.7   3.6  -3.6   16.6   2.8  -6.1   14.8  -1.5 -17.4
 14.2  -4.4 -16.4   13.9  -7.5 -12.9   13.4 -13.5  -4.9   13.2 -15.4   0.0
 12.5 -15.1   8.7   12.0 -16.5   9.5   10.8 -22.6   0.0   10.0 -23.7   0.0
  8.8 -23.8   4.2    7.7 -25.6  -2.2    6.9 -18.9  -5.1    6.4 -27.2  -2.4
  6.0 -22.9  -6.1    5.4 -20.8   3.7    5.1 -28.3   7.6    4.9 -26.3   7.1


 99.9 -12.8   1.1   90.0   5.2   4.3   80.0  12.5  -0.3   70.0  10.1  -7.1
 60.0  12.1  -7.1   50.0  -6.5   1.7   45.0 -12.3  -0.8   40.0 -13.0  -0.6
 35.0  -0.1   0.5   30.0  10.5  -7.4   25.0   6.2  -8.8   22.5   0.8  -0.7
 20.0   3.6   3.6   15.0  -1.0 -16.1   12.0 -16.5   9.5   10.0 -23.7   0.0
  8.0 -25.1  -0.4    7.0 -19.8  -4.7    6.0 -22.9  -6.1    5.0 -27.3   7.3
  4.0   0.0   0.0
 
 31. 1.2016  12 Uhr

 99.9  -8.2   3.0   97.6  -5.1   0.4   94.2  -0.9  -1.9   88.7   5.0  -1.3
 82.5  15.2   2.7   78.4  13.1  -4.8   70.0  10.6  -8.9   67.0   7.4 -10.5
 64.5   2.2  -4.7   61.4   2.1  -1.5

 99.9  -8.2   3.0   90.0   3.6  -1.5   80.0  13.9  -1.8   70.0  10.6  -8.9
 60.0   2.1   0.0   50.0   0.0   0.0   45.0   0.0   0.0   40.0   0.0   0.0
 35.0   0.0   0.0   30.0   0.0   0.0   25.0   0.0   0.0   22.5   0.0   0.0
 20.0   0.0   0.0   15.0   0.0   0.0   12.0   0.0   0.0   10.0   0.0   0.0
  8.0   0.0   0.0    7.0   0.0   0.0    6.0   0.0   0.0    5.0   0.0   0.0
  4.0   0.0   0.0
 

Monatsmittelwind fuer den  1 2016

Niveau Anzahl     U     V   DD FF
 [hPa]        [m/s] [m/s]     [kn]
  99.9     55  -1.8  -0.1   87  4
  90.0     55  -5.1   1.3  104 10
  80.0     55  -3.0   0.4   98  6
  70.0     54   2.7  -0.2  275  5
  60.0     50  10.0  -0.7  274 19
  50.0     47   5.1   0.3  267 10
  45.0     46  -0.6  -0.2   74  1
  40.0     45  -1.7  -0.9   62  4
  35.0     44   3.1  -0.8  284  6
  30.0     43  10.0  -0.3  272 19
  25.0     43  10.8  -0.1  271 21
  22.5     43  10.6   0.2  269 21
  20.0     43   9.1  -0.4  273 18
  15.0     43  -1.5   0.2   97  3
  12.0     43 -14.5  -0.4   88 28
  10.0     42 -23.1   0.2   91 45
   8.0     41 -32.2   0.8   91 63
   7.0     39 -32.3   0.4   91 63
   6.0     36 -33.8   1.0   92 66
   5.0     20 -32.2   1.3   92 63
   4.0      2 -32.9  -4.4   82 64
