sing20230522.00
TTAA  72001 48698
99010 27231 35002 00121 27028 27004 92808 23034 18512
85541 19244 23508 70185 09844 23010 50591 04557 13016
40763 15144 13016 30974 31159 05516 25101 40369 05010
20249 52768 05021 15428 68382 06033 10664 76577 29506
88999
77999=
TTCC  72001 48698
70869 72581 25523 50068 67582 30508 30382 60584 25531
20641 51386 07037 10099 43988 08064
88874 81970 36012
77074 10586 42815=
TTDD  7200/ 48698
11874 81970 22852 78774 33790 79773 44735 73180 55622 72381
66588 69381 77523 69781 88486 65582 99419 65782 11393 61183
22359 63183 33297 60584 44289 57584 55264 54385 66234 55985
77210 51586 88181 52386 99145 45388 11101 43388 22083 42188
33071 38389 44067 37790 55061 30792 66055 28192 77054 28592
88053 28992 99052 28992 11051 28592 22049 22794 33048 19195
44046 18595
21212 11980 28510 22909 31512 33862 02508 44843 11506 55799
07004 66783 36006 77750 33510 88730 26012 99692 25527 11633
24525 22582 31029 33545 30025 44504 32008 55490 25014 66477
26025 77463 25025 88417 30523 99393 27006 11380 22514 22357
24014 33325 23033 44274 27021 55258 25008 66253 19508 77244
15008 88228 10514 99215 09531 11207 07033 22185 09058 33179
10053 44168 08556 55157 09564 66150 09558 77096 08566 88091
09064 99074 10586 11060 09562 22055 05033 33051 03529 44049
07025 55048 05514 66046 31512=
