sing20230505.00
TTAA  55001 48698
99005 27626 35502 00078 26656 00000 92771 23832 24004
85505 19229 24008 70152 10023 24006 50589 03161 12506
40762 13759 10008 30975 29562 08012 25102 38566 14510
20251 51357 07016 15432 67150 10018 10666 83956 07535
88999
77999=
TTCC  55001 48698
70867 77564 22014 50067 61983 22521 30381 58784 31516
20639 53185 20004 10096 44588 10056
88874 86547 07529 88146 49786 10045
77078 07572 42027=
TTDD  5500/ 48698
11874 86547 22849 84956 33832 79960 44804 79959 55794 77161
66694 77964 77589 67575 88507 61583 99468 64782 11417 63383
22398 65182 33258 54185 44217 56585 55201 53385 66187 54985
77176 51986 88169 46787 99146 49786 11125 45188 22086 44588
33084 45188 44077 39989 55067 37790
21212 11841 08521 22760 36008 33727 34504 44718 24004 55710
21510 66670 23004 77665 15004 88660 13006 99656 13506 11648
18506 22627 23012 33612 22508 44578 28023 55559 27519 66537
32016 77519 23016 88443 23023 99419 26027 11389 27027 22345
25516 33331 23516 44294 33021 55264 34523 66252 32521 77232
31512 88220 20006 99202 24508 11198 16006 22187 14516 33180
07519 44175 06518 55168 08535 66158 10049 77142 09541 88126
09056 99104 10058 11089 08553 22086 08047 33078 07572 44076
07556 55067 07545=
