sing20230529.12
TTAA  79111 48698
99006 32661 32004 00082 31459 30008 92774 24839 21504
85517 19432 25012 70163 10842 26021 50590 04156 27504
40763 13582 19019 30975 28959 09514 25103 39361 05521
20252 52142 08023 15433 64564 14025 10669 82350 07516
88999
77999=
TTCC  79111 48698
70870 76362 05512 50070 66382 33512 30385 60584 15008
20645 49786 08543 10105 41189 08570
88968 83350 09021
77128 09580 42215=
TTDD  7911/ 48698
11968 83350 22899 83948 33866 79958 44816 80157 55748 79958
66670 76562 77650 71766 88612 67171 99517 67381 11495 64783
22400 65382 33340 59784 44301 60584 55263 55785 66256 52786
77213 53585 88206 50586 99144 49786 11134 49386 22120 41789
33076 37990 44062 32991 55056 33791
21212 11978 09019 22892 08541 33871 10031 44838 14516 55798
16010 66745 19002 77740 36002 88693 06512 99682 10008 11670
09010 22638 16002 33634 27502 44622 30512 55596 31021 66581
29527 77533 32521 88517 31521 99502 33514 11473 26019 22447
24535 33405 25529 44379 23519 55365 19016 66351 24519 77316
27516 88308 25006 99301 15508 11294 17010 22284 14518 33271
20025 44257 17012 55250 05008 66237 10018 77219 07037 88183
09553 99164 09064 11138 09558 22128 09580 33123 09580 44113
08568 55090 08574 66067 08572 77056 07027=
