sing20230530.00
TTAA  80001 48698
99007 28447 03503 00099 28037 26502 92787 24033 27012
85529 20456 25016 70171 08401 25512 50590 04543 26014
40762 14558 15514 30973 30160 14519 25101 39964 08512
20249 52557 07025 15430 63964 12031 10666 82350 18008
88999
77999=
TTCC  80001 48698
70867 74964 09021 50069 64783 23031 30384 56785 22508
20642 51986 09545 10097 47187 08070
88919 86156 07027
77071 08580 41126=
TTDD  8000/ 48698
11919 86156 22891 86150 33874 82758 44771 78559 55734 79959
66657 69769 77591 65582 88550 67182 99527 63583 11472 64982
22323 61583 33300 56785 44283 57384 55268 54385 66246 57184
77217 56185 88206 52586 99167 46987 11137 49986 22106 48187
33103 48787 44097 44188 55091 41589 66075 40789 77068 39789
88062 34990
21212 11988 16510 22969 11008 33932 07523 44897 07035 55823
14018 66803 12019 77765 04512 88749 03512 99664 15508 11650
23506 22618 28518 33588 29033 44547 28514 55533 22518 66484
22531 77437 26529 88386 26521 99357 24527 11332 28531 22309
29010 33298 21510 44273 19508 55268 09506 66262 05514 77242
03523 88230 08525 99219 08543 11188 09554 22146 07562 33134
09566 44108 08564 55098 09076 66085 09068 77071 08580 88062
07556=
