sing20230526.00
TTAA  76001 48698
99009 29444 27002 00113 26634 19518 92799 22006 15512
85533 18406 22002 70175 09605 28006 50588 05547 34510
40761 15150 29512 30973 29559 07010 25099 39956 03027
20248 51562 04547 15429 66358 03016 10665 76159 33004
88107 81157 35527
77999=
TTCC  76001 48698
70870 72961 27016 50071 61161 27014 30387 60964 30518
20642 55162 09549 10102 42564 08053
88822 79959 24006
77088 08062 40513=
TTDD  7600/ 48698
11822 79959 22794 76561 33760 77159 44690 71962 55590 71961
66570 67963 77543 67361 88512 61964 99452 63161 11415 60563
22374 63160 33305 62162 44282 58763 55264 57963 66248 60162
77239 60962 88235 56367 99232 54166 11218 55561 22173 52765
33165 49366 44152 49764 55135 43970 66102 43164 77090 42164
88083 38765 99066 34967 11064 35965 22058 33167 33056 30369
44053 27571 55049 27970 66039 24380
21212 11982 31002 22909 36006 33888 31006 44832 31006 55799
20002 66794 04502 77758 00506 88748 28506 99743 26506 11717
24514 22679 30514 33666 28014 44607 27523 55569 30531 66541
31519 77502 27014 88489 30012 99472 30514 11461 28516 22410
29035 33348 25029 44301 31019 55291 25514 66239 19014 77235
11518 88233 10023 99223 08039 11212 09051 22103 08056 33096
08545 44088 08062 55070 08051 66058 09535 77057 09045 88054
09508 99052 14516 11048 10529 22043 11519 33042 14010 44041
21010 55040 23019 66039 23535=
