  1. 5.2023   0 Uhr

 99.9 -14.9   1.3   93.4  -3.9   3.3   90.8   1.8   2.5   87.7   3.6   2.1
 85.6   1.8  -1.0   83.1   5.1   0.9   76.8   9.4  -5.4   72.2   2.6  -5.6
 71.0   2.4  -3.4   70.0   2.7  -1.5   68.9   6.1   1.1   63.5  15.9  -0.0
 60.7  19.0  -0.0   58.7  11.7  -2.1   55.7  10.4   2.8   52.6  11.8  -1.0
 50.0  10.8   0.9   42.4  12.0   6.9   32.8  12.2 -10.3   30.0  10.8  -0.9
 28.8  10.2   3.7   27.6  15.0   5.5   25.2  13.8  -8.0   23.4  10.2  -5.9
 21.5   3.1   5.3   20.7  -4.0   1.1   20.0  -6.2  -3.6   19.5  -6.0  -7.1
 17.9 -12.7   2.2   16.8 -12.7   2.2   16.1 -16.0  -5.8   15.3 -20.0  -9.3
 12.7 -26.8   7.2   10.0 -26.1   2.3    9.7 -25.1   2.2    6.6 -31.8  -2.8
  6.4 -30.9   0.0

 99.9 -14.9   1.3   90.0   2.2   2.4   80.0   7.1  -2.2   70.0   2.7  -1.5
 60.0  16.5  -0.7   50.0  10.8   0.9   45.0  11.6   4.8   40.0  12.1   2.9
 35.0  12.2  -6.0   30.0  10.8  -0.9   25.0  13.4  -7.8   22.5   6.9  -0.7
 20.0  -6.2  -3.6   15.0 -20.8  -7.5   12.0 -26.7   6.0   10.0 -26.1   2.3
  8.0 -28.5  -0.4    7.0 -30.8  -2.1    6.0   0.0   0.0    5.0   0.0   0.0
  4.0   0.0   0.0

  1. 5.2023  12 Uhr

 99.9   0.6   7.2   95.1   0.0   8.2   90.7   5.0   1.3   88.2   7.1  -1.3
 86.2   2.6  -4.5   81.1  -3.1  -5.3   79.8   0.3  -3.1   79.0   1.9  -0.9
 78.4   4.1  -0.7   74.3   3.0  -0.8   73.4   0.8   3.0   73.1   0.3   3.1
 70.0   2.4   3.4   69.7   2.4   3.4   67.7   8.1  -1.4   63.4  15.7  -2.8
 54.4  10.6  -1.9   51.0   6.8  -9.7   50.0   7.6  -9.1   43.5  13.8  -1.2
 39.0  17.4  -4.7   32.3  13.5  -6.3   30.0  11.8  -1.0   29.2  10.4   2.8
 28.0  12.1   4.4   26.6  11.7  -2.1   24.4  14.9  -1.3   22.2  12.6   5.9
 21.4   3.4   2.4   21.2   0.4   2.0   21.0  -2.9   1.1   20.6  -5.8  -2.1
 20.0  -5.1  -5.1   18.2  -7.5  -6.3   17.0 -12.9   0.0   15.1 -26.2   0.0
 13.4 -29.7  -2.6   12.7 -27.2  -2.4   11.6 -32.8  -2.9   11.2 -26.1  -2.3
 10.0 -27.3   0.0    9.4 -23.1  -2.0    8.5 -33.4  -5.9    6.7 -32.4   5.7
  5.7 -38.1   0.0    5.2 -27.2  -2.4    4.9 -32.9   0.0    4.8 -35.9  -3.1
  4.7 -34.8  -3.0    4.3 -10.2  -3.7    4.2  -5.5  -4.6    4.1   3.0  -6.5


 99.9   0.6   7.2   90.0   5.6   0.6   80.0  -0.2  -3.4   70.0   2.4   3.4
 60.0  13.9  -2.4   50.0   7.6  -9.1   45.0  12.3  -3.1   40.0  16.6  -3.9
 35.0  15.1  -5.6   30.0  11.8  -1.0   25.0  14.0  -1.5   22.5  12.9   4.9
 20.0  -5.1  -5.1   15.0 -26.4  -0.1   12.0 -30.7  -2.7   10.0 -27.3   0.0
  8.0 -33.2  -2.9    7.0 -32.6   3.6    6.0 -36.3   1.8    5.0 -31.0  -0.8
  4.0  11.8  -8.5

  2. 5.2023   0 Uhr

 99.9   1.4   3.9   92.2   0.2   1.0   91.6   1.0  -0.4   90.0   2.1  -3.6
 83.3  -2.4  -8.9   77.4  -6.3 -13.5   70.3  -1.9  -0.9   70.0  -0.5  -0.9
 69.6   0.7  -1.9   68.2   5.6  -2.6   63.0  11.7  -2.1   60.4  10.4  -2.8
 58.6   9.2   0.8   53.5   7.2  -0.0   50.2  15.9  -0.0   50.0  17.0  -0.0
 47.4  13.8   1.2   44.9  11.4  -3.1   42.0  12.7  -2.2   38.1  12.2  -8.6
 32.6  12.9  -7.5   30.8  11.8   1.0   30.0  11.4   3.1   27.9  10.4   2.8
 25.4   8.9  -4.1   21.7   6.7   4.7   20.0  -7.1   4.1   19.9  -7.5   3.5
 18.4 -21.8   3.8   16.8 -23.8  -4.2   14.3 -24.3  -6.5   10.8 -30.4   5.4
 10.0 -29.7  -2.6    8.2 -34.0   0.0    7.1 -28.4  -5.0    6.2 -31.8  -8.5
  5.8 -32.4  -5.7    5.3 -23.1   2.0    5.2 -19.8   3.5    4.6 -37.9  -3.3


 99.9   1.4   3.9   90.0   2.1  -3.6   80.0  -4.6 -11.5   70.0  -0.5  -0.9
 60.0  10.2  -2.0   50.0  17.0  -0.0   45.0  11.5  -2.9   40.0  12.4  -5.4
 35.0  12.6  -8.0   30.0  11.4   3.1   25.0   8.6  -3.2   22.5   7.2   2.7
 20.0  -7.1   4.1   15.0 -24.2  -5.8   12.0 -28.2   1.0   10.0 -29.7  -2.6
  8.0 -33.0  -0.9    7.0 -28.7  -5.4    6.0 -32.1  -7.1    5.0 -25.6   1.3
  4.0   0.0   0.0

  2. 5.2023  12 Uhr

 99.9  -5.1  -3.5   96.0  -3.0  -4.2   85.0  -3.9  -8.4   82.4  -8.9 -10.6
 78.7  -7.2  -0.6   77.1  -2.2   4.7   75.7  -1.9   7.0   71.7  -0.3   1.0
 71.6   0.0   1.0   71.3   1.0  -0.1   70.5   3.4  -2.4   70.0   5.1  -3.5
 65.7  11.7  -5.4   59.5   7.6  -5.3   57.4   8.7  -3.2   54.0   4.7  -4.0
 52.1   8.7  -3.2   50.0  12.9  -7.5   36.3  12.7   2.2   32.7  12.6  -5.9
 30.4  12.1   4.4   30.0  11.7   5.4   22.3   7.7  -2.8   21.5   7.2  -0.0
 20.8   1.6   1.3   20.6   0.0   3.1   20.0  -1.6   6.0   17.9 -13.7  -2.4
 16.9 -25.2   0.0   15.5 -29.8   8.0   14.2 -25.3   6.8   13.3 -30.7   2.7
 12.6 -26.1   2.3   10.8 -26.3  -7.1   10.0 -32.4  -5.7    8.8 -38.5  -6.8
  7.2 -42.0  -3.7    6.9 -35.9  -3.1    5.6 -34.0   0.0    4.9 -25.2   0.0
  4.8 -22.0  -1.9    4.5 -26.2   0.0    4.4 -31.8  -2.8    4.3 -35.9  -3.1
  4.2 -27.7   2.4

 99.9  -5.1  -3.5   90.0  -3.5  -6.4   80.0  -7.8  -4.2   70.0   5.1  -3.5
 60.0   7.9  -5.3   50.0  12.9  -7.5   45.0  12.8  -4.2   40.0  12.7  -0.6
 35.0  12.6  -0.6   30.0  11.7   5.4   25.0   9.2   0.3   22.5   7.8  -2.6
 20.0  -1.6   6.0   15.0 -28.1   7.5   12.0 -26.2  -0.7   10.0 -32.4  -5.7
  8.0 -40.2  -5.3    7.0 -37.9  -3.3    6.0 -34.6  -1.0    5.0 -26.5   0.0
  4.0   0.0   0.0

  3. 5.2023   0 Uhr

 99.9 -12.7 -12.7   88.8 -16.4 -11.5   85.2 -24.4 -17.1   80.1 -16.9   1.5
 73.7  -3.2   8.7   71.2  -0.9   1.9   70.3   2.0   0.5   70.0   2.0  -0.2
 69.0   5.3  -3.1   67.3  10.2  -5.9   64.4  12.6  -5.9   61.2   4.7  -4.0
 59.8   5.1  -0.0   57.3   8.2   0.7   53.0   9.9   8.3   50.0  14.0   5.1
 48.7  12.4   3.3   41.3  10.8   0.9   36.6   6.4 -11.1   33.7   4.7  -4.0
 32.9   5.0   1.3   32.5   6.2   3.6   30.8   8.7   3.2   30.0   8.9   4.1
 29.3   8.8   6.2   27.4   8.7   3.2   26.5   7.1   4.1   22.0   3.6  -3.6
 20.6   1.0  -0.3   20.4  -2.0   0.5   20.0  -7.1   1.3   18.8 -12.6  -5.9
 17.8 -22.4  -6.0   13.8 -28.8   7.7   10.6 -29.4   5.2   10.0 -30.7   2.7
  8.7 -33.8   3.0    8.3 -38.9   3.4    7.9 -39.1   0.0    7.3 -29.7  -2.6
  6.3 -27.7  -2.4

 99.9 -12.7 -12.7   90.0 -16.0 -11.6   80.0 -16.7   1.6   70.0   2.0  -0.2
 60.0   5.1  -0.6   50.0  14.0   5.1   45.0  11.6   2.2   40.0   9.6  -2.3
 35.0   5.5  -7.2   30.0   8.9   4.1   25.0   6.0   1.6   22.5   4.0  -2.7
 20.0  -7.1   1.3   15.0 -26.8   3.3   12.0 -29.1   6.4   10.0 -30.7   2.7
  8.0 -39.1   0.9    7.0 -29.1  -2.5    6.0   0.0   0.0    5.0   0.0   0.0
  4.0   0.0   0.0

  3. 5.2023  12 Uhr

 99.9 -16.3  -7.6   95.8 -19.8  -7.2   91.9 -17.0   0.0   84.6 -15.9   0.0
 80.7  -4.4  12.1   77.5   1.7   9.6   73.8   1.4   3.9   72.6   4.1  -0.7
 70.0   8.4  -3.9   68.7   8.3  -6.9   65.7   2.9  -2.9   64.3  -0.5  -2.0
 63.1   2.9  -1.1   61.6   5.1  -0.0   59.8   2.4  -2.0   58.3   6.1   1.1
 52.5  10.2   3.7   50.0  10.6  -1.9   48.6   8.5  -4.9   42.0   7.7   2.8
 40.6   9.2  -3.3   36.0   4.7  -6.7   34.4   3.9   1.4   33.8   5.0   1.3
 32.8   4.1   5.9   31.4   9.8   9.8   30.0  10.5  10.5   27.0   9.7   6.8
 22.3   9.4  -2.5   21.6   5.1  -5.1   20.4   4.2  -3.0   20.0  -0.0  -3.1
 19.9  -1.1  -2.9   18.0 -16.4  -4.4   16.1 -16.3   7.6   14.8 -21.8   3.8
 14.1 -22.7   8.3   10.6 -29.0 -10.6   10.4 -23.4  -6.3   10.0 -21.8  -3.8
  8.7 -22.0   1.9    8.0 -30.4  -5.4    7.4 -24.1  -2.1    6.1 -27.8  -7.5


 99.9 -16.3  -7.6   90.0 -16.7   0.0   80.0  -3.1  11.6   70.0   8.4  -3.9
 60.0   2.7  -1.8   50.0  10.6  -1.9   45.0   8.1  -0.8   40.0   8.6  -3.8
 35.0   4.2  -1.7   30.0  10.5  10.5   25.0   9.6   3.0   22.5   9.5  -2.1
 20.0  -0.0  -3.1   15.0 -20.9   4.4   12.0 -26.3  -2.6   10.0 -21.8  -3.8
  8.0 -30.4  -5.4    7.0 -25.2  -3.7    6.0 -28.1  -7.9    5.0   0.0   0.0
  4.0   0.0   0.0

  4. 5.2023   0 Uhr

 99.9 -16.9  -6.2   89.9 -14.9  -1.3   86.9 -23.2   0.0   79.3  -3.1  -0.3
 78.7   0.2  -2.0   78.4   1.7  -3.7   77.1   4.4  -4.4   70.0  -0.0  -3.1
 69.7   0.2  -2.0   69.1   2.0  -0.2   68.8   3.0   0.5   65.1   4.6   5.5
 62.9   5.8   5.8   61.2   5.8   2.1   52.9   9.8  -0.0   50.0   7.5  -3.5
 45.8   5.1  -0.9   44.4   5.6   2.6   41.9   8.4   8.4   40.2  11.7   5.4
 31.7  11.3  11.3   30.0   9.4   2.5   29.9   8.9   2.4   28.7   5.3  -3.1
 27.4   5.9 -10.2   25.3   5.9 -10.2   24.3   6.7  -4.7   23.4  -0.0  -6.2
 22.3  -3.3  -3.9   21.3  -3.9   1.4   20.6  -5.8   2.1   20.0  -3.9  -1.4
 19.7  -3.6  -2.1   17.8 -15.4   7.2   17.4 -12.1   4.4   16.5 -19.8  -7.2
 11.3 -25.2   0.0   10.0 -24.1   2.1    8.9 -22.0   1.9    8.4 -19.8   3.5
  7.7 -27.7  -2.4    7.1 -21.8  -3.8

 99.9 -16.9  -6.2   90.0 -14.9  -1.4   80.0  -5.0  -0.2   70.0  -0.0  -3.1
 60.0   6.4   1.8   50.0   7.5  -3.5   45.0   5.4   1.1   40.0  11.6   5.6
 35.0  11.4   8.9   30.0   9.4   2.5   25.0   6.2  -8.6   22.5  -2.7  -4.4
 20.0  -3.9  -1.4   15.0 -21.2  -5.3   12.0 -24.4  -1.1   10.0 -24.1   2.1
  8.0 -24.2   0.2    7.0 -20.8  -4.1    6.0   0.0   0.0    5.0   0.0   0.0
  4.0   0.0   0.0

  4. 5.2023  12 Uhr

 99.9 -15.9   1.4   94.1 -11.1  -4.0   84.0 -11.1   6.4   79.2  -0.7   0.8
 79.1  -0.9   0.5   78.9  -0.8  -0.7   78.8  -0.2  -1.0   76.9   2.8  -1.3
 75.5   1.8  -1.0   74.0   1.0  -0.4   72.7  -1.2  -1.7   71.6  -1.3  -1.6
 70.4   2.7  -1.5   70.0   2.9  -1.1   69.8   3.9  -1.4   67.8   3.6  -3.6
 65.4   5.1   0.4   61.8   2.9  -2.9   59.5   4.8  -1.8   51.6  10.2  -3.7
 50.0   4.1   0.4   49.6   4.0   1.1   47.5   6.3  -5.3

 99.9 -15.9   1.4   90.0 -11.1   0.1   80.0  -2.4   1.7   70.0   2.9  -1.1
 60.0   4.4  -2.0   50.0   4.1   0.4   45.0   0.0   0.0   40.0   0.0   0.0
 35.0   0.0   0.0   30.0   0.0   0.0   25.0   0.0   0.0   22.5   0.0   0.0
 20.0   0.0   0.0   15.0   0.0   0.0   12.0   0.0   0.0   10.0   0.0   0.0
  8.0   0.0   0.0    7.0   0.0   0.0    6.0   0.0   0.0    5.0   0.0   0.0
  4.0   0.0   0.0

  5. 5.2023   0 Uhr

 99.9 -17.4  -4.7   84.1 -10.8  -0.9   76.0  -0.0  -4.1   72.7   0.5  -2.0
 71.8   1.8   1.0   71.0   3.0   4.2   70.0   4.6   5.5   67.0   1.6   1.3
 66.5  -1.0   1.8   66.0  -2.4   2.0   65.6  -2.2   2.2   64.8   0.3   3.1
 62.7   4.7   4.0   61.2   2.9   2.9   57.8  11.7  -2.1   55.9   9.7  -0.9
 53.7   5.3  -6.3   51.9   6.3   5.3   50.0   7.6   7.6   44.3   9.1   7.6
 41.9  13.7   2.4   38.9  13.9  -0.0   34.5   8.0   2.1   33.1   6.7   4.7
 30.0   5.8  -5.8   29.4   5.4  -9.4   26.4   3.1 -11.4   25.2   6.2  -8.8
 23.2   4.4  -4.4   22.0   1.1   2.9   20.2   3.7   1.7   20.0   0.7   1.9
 19.8  -1.1   2.9   18.7  -4.7   6.7   18.0  -9.4  -2.5   17.5  -8.4  -3.9
 16.8 -17.9  -1.6   15.8 -24.8   4.4   14.2 -21.0   1.8   12.6 -28.8   0.0
 10.4 -29.4   5.2   10.0 -28.4   5.0    8.9 -27.2  -2.4    8.6 -23.8  -4.2
  7.8 -35.8  -9.6    7.6 -27.8  -7.5    6.7 -22.4  -6.0

 99.9 -17.4  -4.7   90.0 -13.3  -2.4   80.0  -5.4  -2.5   70.0   4.6   5.5
 60.0   6.0   1.2   50.0   7.6   7.6   45.0   8.9   7.6   40.0  13.8   0.9
 35.0   8.7   1.9   30.0   5.8  -5.8   25.0   6.0  -8.4   22.5   2.4  -0.2
 20.0   0.7   1.9   15.0 -23.0   3.1   12.0 -29.0   1.3   10.0 -28.4   5.0
  8.0 -32.7  -8.2    7.0 -24.2  -6.5    6.0   0.0   0.0    5.0   0.0   0.0
  4.0   0.0   0.0

  5. 5.2023  12 Uhr

 99.9 -11.1  -4.0   95.2 -16.4  -4.4   81.9 -11.1  -4.0   79.5  -3.1  -5.3
 76.7  -2.0   0.5   76.0   0.5   2.0   75.2   2.9   2.9   72.2   8.4   8.4
 70.0   8.4   8.4   65.8   6.5   6.5   64.4   7.2   0.6   61.4   8.8  -6.2
 57.6   4.9  -8.5   55.2  -0.0  -8.2   52.7   7.0   1.9   50.0  10.5   7.4
 48.4   8.8   6.2   46.2   9.7  -0.9   41.5  15.9  -1.4   35.7  11.4  -3.1
 34.6   9.7  -0.9   32.1   6.8  -9.7   30.0   6.8  -9.7   26.1   3.4  -2.4
 25.3   5.0   1.3   23.4   9.8   9.8   22.5  10.3  14.7   20.0   2.6   3.2
 19.7  -2.6   4.5   19.0  -6.5   6.5   18.5  -8.2   0.0   16.1 -23.2   0.0
 13.2 -24.1  -2.1   12.5 -30.7  -2.7   12.0 -24.8   4.4   11.5 -23.2   0.0
 10.7 -30.7   2.7   10.0 -29.4   5.2    9.3 -25.2   0.0    7.8 -36.9  -3.2
  6.1 -24.8  -4.4    5.9 -21.8  -3.8    5.3 -36.9  -3.2    5.2 -32.8  -2.9
  5.0 -30.9   0.0    4.8 -32.4  -5.7    4.7 -32.8  -8.8    4.2  -9.8   0.0
  4.1   1.0   0.1

 99.9 -11.1  -4.0   90.0 -14.4  -4.3   80.0  -4.8  -5.1   70.0   8.4   8.4
 60.0   7.4  -7.0   50.0  10.5   7.4   45.0  11.3  -1.0   40.0  14.8  -1.8
 35.0  10.4  -1.7   30.0   6.8  -9.7   25.0   5.7   2.6   22.5  10.3  14.7
 20.0   2.6   3.2   15.0 -23.5  -0.8   12.0 -24.8   4.4   10.0 -29.4   5.2
  8.0 -35.3  -2.8    7.0 -31.5  -3.7    6.0 -23.3  -4.1    5.0 -30.9   0.0
  4.0  12.0   0.2

  6. 5.2023   0 Uhr

 99.9 -14.9   0.0   92.5 -16.9   1.5   85.0 -16.5  -9.5   76.1  -3.4  -2.4
 75.6  -1.8  -2.5   74.2   2.7  -1.5   72.7   7.2  -0.0   70.4   6.2  -0.0
 70.0   5.1  -0.4   69.2   5.0   1.3   67.2   5.1  -0.9   65.2   4.2   3.0
 63.5   4.0  -1.1   60.3   3.6  -2.1   57.5  -0.6  -0.8   57.2   0.6   0.8
 54.4   9.8   9.8   51.2  12.2  10.3   50.0  12.9   7.5   49.0  16.7   2.9
 42.9  15.7   2.8   36.9   4.1  -8.9   33.9   4.2  -3.0   33.2   7.1  -1.3
 30.4   7.5  -3.5   30.0   7.7  -2.8   28.1  10.6   1.9   25.1  15.7   2.8
 21.8  13.1   4.8   21.2   6.0   1.6   20.0   0.2  -2.0   19.7  -2.1   0.0
 18.0  -7.5   3.5   17.5  -8.9  -2.4   16.7 -22.0   1.9   15.1 -21.8   7.9
 12.6 -33.4  -5.9   11.2 -28.4  -5.0   10.0 -27.8  -7.5    8.9 -32.8  -2.9
  8.4 -40.5  -7.1    7.6 -45.1  -3.9    6.8 -29.4   5.2

 99.9 -14.9   0.0   90.0 -16.8  -2.1   80.0  -9.2  -5.6   70.0   5.1  -0.4
 60.0   3.1  -1.9   50.0  12.9   7.5   45.0  16.1   2.8   40.0  10.3  -2.7
 35.0   4.2  -5.2   30.0   7.7  -2.8   25.0  15.6   2.8   22.5  13.6   4.3
 20.0   0.2  -2.0   15.0 -22.2   7.4   12.0 -31.3  -5.5   10.0 -27.8  -7.5
  8.0 -42.8  -5.6    7.0 -33.4   2.8    6.0   0.0   0.0    5.0   0.0   0.0
  4.0   0.0   0.0

  6. 5.2023  12 Uhr

 99.9 -13.7  -2.4   94.4 -22.4  -6.0   88.6 -25.8  -4.6   84.2 -21.8  -3.8
 82.3 -16.0  -5.8   80.5  -6.1  -0.5   78.2  -1.0  -0.2   77.6   0.2   1.0
 76.3   3.2   2.6   72.4   7.5   3.5   70.7   3.2   8.7   70.0   3.2   8.7
 66.3   5.5   4.6   64.1   7.0   1.9   61.7   6.1   1.1   60.5   3.6   2.1
 58.7   8.0   2.1   55.8  15.0   5.5   52.9  10.8  -0.0   50.1  12.7 -12.7
 50.0  12.7 -12.7   47.3  18.1 -12.7   41.6  15.0  -5.5   37.1   4.6  -5.5
 36.1   1.0  -0.3   35.9   0.7   0.8   32.0   9.2  -3.3   30.8   9.2   0.8
 30.0  12.8  -1.1   29.7  12.9  -0.0   27.8  13.8 -11.6   24.8  11.1  -4.0
 24.2  13.1   4.8   21.9  13.8   1.2   21.1   6.3   5.3   20.1   2.6   4.5
 20.0   1.7   3.7   18.3  -8.4  -3.9   17.2 -24.8   4.4   16.3 -25.3   6.8
 14.2 -27.2  -2.4   12.2 -34.0   0.0   10.6 -28.7   2.5   10.0 -30.7  -2.7
  8.1 -43.2   0.0    7.6 -35.9  -3.1    7.2 -30.7  -2.7

 99.9 -13.7  -2.4   90.0 -25.0  -4.9   80.0  -5.0  -0.5   70.0   3.2   8.7
 60.0   4.8   2.1   50.0  12.7 -12.7   45.0  16.9  -9.8   40.0  11.4  -5.5
 35.0   2.6  -0.1   30.0  12.8  -1.1   25.0  11.3  -4.6   22.5  13.6   2.2
 20.0   1.7   3.7   15.0 -26.4   1.2   12.0 -33.3   0.3   10.0 -30.7  -2.7
  8.0 -41.8  -0.6    7.0 -28.1  -2.5    6.0   0.0   0.0    5.0   0.0   0.0
  4.0   0.0   0.0

  7. 5.2023   0 Uhr

 99.9 -17.9  -6.5   90.0 -25.8 -14.9   87.7 -26.1  -9.5   81.3  -1.0   0.3
 81.2  -0.9   0.5   81.0   0.4   1.0   80.9   0.8   0.7   79.7   7.1   1.3
 73.5  11.7   2.1   70.0  13.4  -3.6   61.3  14.9  -1.3   53.5  18.4  -4.9
 50.1  12.8  -1.1   50.0  12.8  -1.1   47.0   8.5  -4.9   43.6   9.2  -0.8
 38.7   3.6  13.4   36.8  13.4   3.6   34.5  16.4  -4.4   30.0  16.9   6.2
 29.5  16.3   7.6   26.6  20.0   1.7   22.4   4.1   7.1   21.7   6.1   1.1
 20.3   0.5   0.9   20.2   0.8   0.6   20.1   0.6  -0.8   20.0   0.2  -2.0
 18.6 -12.2  -8.6   17.2 -23.8   4.2   15.5 -24.8  -4.4   11.4 -32.4   5.7
 10.2 -26.1  -2.3   10.0 -27.3   0.0    8.6 -40.0   3.5    8.0 -38.8  10.4
  7.3 -30.4   5.4    6.6 -26.3   7.1    5.8 -31.4   5.5    5.3 -27.1   9.9
  4.8 -26.1   2.3    4.7 -26.9   4.7    4.4 -11.1   4.0    4.3  -5.9   4.1
  4.2   0.0   6.2    4.1   1.9   7.0    3.9  11.7  -2.1

 99.9 -17.9  -6.5   90.0 -25.8 -14.9   80.0   5.5   1.1   70.0  13.4  -3.6
 60.0  15.4  -1.9   50.0  12.8  -1.1   45.0   8.9  -2.5   40.0   5.1   9.5
 35.0  15.7  -2.6   30.0  16.9   6.2   25.0  14.2   3.7   22.5   4.5   7.0
 20.0   0.2  -2.0   15.0 -25.7  -3.3   12.0 -31.2   4.1   10.0 -27.3   0.0
  8.0 -38.8  10.4    7.0 -28.7   6.1    6.0 -30.1   5.9    5.0 -26.5   5.4
  4.0   6.7   2.5

  7. 5.2023  12 Uhr

 99.9 -22.8 -10.7   92.6 -30.8  -8.3   87.8 -22.8  -4.0   84.6  -9.3   0.0
 82.8  -3.2   2.6   81.2   2.4   3.4   78.4  13.5   6.3   71.6  13.7   2.4
 70.0  11.8  -0.0   67.4   6.3  -5.3   66.3   7.7  -2.8   64.2  13.1  -4.8
 55.4  15.9  -0.0   53.2  16.9  -6.2   50.0  15.0  -5.5   49.3  12.6  -5.9
 47.7  12.8  -1.1   43.4  13.8  -1.2   41.6   7.1  -4.1   39.9   9.9   8.3
 37.1  21.0   1.8   35.9  20.8  -3.7   33.7  15.7   2.8   30.0  16.9   6.2
 26.0  10.2   5.9   25.3  11.7   2.1   23.1   8.2  -0.7   21.8   3.1  -5.3
 20.3   0.4  -5.1   20.0  -1.3  -5.0   18.7 -17.7   3.1   17.6 -24.7  11.5
 14.5 -24.1   2.1   13.4 -29.4   5.2   11.1 -25.8   4.6   10.0 -30.7   2.7
  8.8 -36.0   0.0    7.0 -27.7  -2.4    5.7 -29.8   0.0    5.4 -32.9   0.0
  4.9 -28.7   2.5    4.4  -9.2   0.8    4.3  -2.8   1.3    4.2   3.6   2.1
  4.0   6.0   7.1    3.8   9.2   3.3

 99.9 -22.8 -10.7   90.0 -26.5  -6.0   80.0   7.1   4.6   70.0  11.8  -0.0
 60.0  14.4  -2.5   50.0  15.0  -5.5   45.0  13.4  -1.2   40.0   9.7   7.5
 35.0  18.7  -1.1   30.0  16.9   6.2   25.0  11.2   1.7   22.5   5.9  -2.8
 20.0  -1.3  -5.0   15.0 -24.2   3.7   12.0 -27.3   4.8   10.0 -30.7   2.7
  8.0 -32.5  -1.0    7.0 -27.7  -2.4    6.0 -29.3  -0.6    5.0 -29.6   2.0
  4.0   6.0   7.1

  8. 5.2023   0 Uhr

 99.9 -18.1 -12.7   91.1 -28.0 -13.0   89.9 -30.9 -11.3   87.4 -15.4  -7.2
 81.7  -1.5  -1.5   81.0   1.7  -1.2   80.8   2.9  -1.1   75.7  14.7   2.6
 70.0   8.7  -3.2   69.2   6.5  -3.0   61.9  19.0  -1.7   59.2  13.4  -3.6
 51.0   9.8   4.6   50.0   9.2   3.3   49.4  11.1   4.0   46.6  11.4  -3.1
 44.1  11.8  -1.0   40.5  17.4  10.0   34.4  13.9  -0.0   31.5  18.3  10.5
 30.0  17.4  10.0   27.6  12.4   3.3   26.7   9.7  -0.9   24.4   5.3   3.1
 22.7   1.2  -1.7   22.6   0.8  -0.6   22.5   0.9   0.4   22.4   1.5   1.5
 20.5   0.0   4.1   20.0  -3.4   2.4   19.9  -3.7   1.7   19.2 -10.8   0.0
 17.6 -22.0   1.9   16.5 -25.3  -6.8   14.5 -28.7   2.5   13.6 -35.0   0.0
 12.5 -27.8   0.0   11.5 -30.9   0.0   10.0 -27.8   0.0    5.7 -31.4  -5.5


 99.9 -18.1 -12.7   90.0 -30.7 -11.4   80.0   4.7  -0.5   70.0   8.7  -3.2
 60.0  15.1  -3.0   50.0   9.2   3.3   45.0  11.7  -1.8   40.0  17.1   9.3
 35.0  14.3   1.0   30.0  17.4  10.0   25.0   6.5   2.0   22.5   0.9   0.4
 20.0  -3.4   2.4   15.0 -27.8   0.1   12.0 -29.3   0.0   10.0 -27.8   0.0
  8.0 -29.3  -2.3    7.0 -30.2  -3.6    6.0 -31.1  -5.1    5.0   0.0   0.0
  4.0   0.0   0.0

  8. 5.2023  12 Uhr

 99.9 -15.4 -12.9   90.1 -28.7  -2.5   85.0 -11.4   3.1   82.0  -1.3   2.8
 80.7   3.6   3.6   76.3   7.2  -0.6   72.8   9.4   2.5   70.0   8.9   2.4
 68.5   8.2   0.7   62.7  16.7   2.9   56.8  10.8  -0.9   54.7   8.0   2.1
 50.0  10.8  -0.0   47.1  13.9  -0.0   45.3  11.1   4.0   42.0  18.7  -3.3
 36.2  14.7  -2.6   31.0  18.7   3.3   30.0  14.9  -0.0   27.6   8.5  -4.9
 26.4   5.8  -2.1   25.5   2.2   4.7   24.0  -0.2   2.0   23.9   0.3   1.0
 23.7   1.0  -0.4   23.5   1.2  -1.7   22.9   1.4  -3.9   21.1  -6.1  -0.5
 20.1  -3.4  -2.4   20.0  -4.2  -3.0   18.6 -20.0   9.3   17.6 -24.1  -2.1
 15.3 -26.1   9.5   11.5 -30.4  -5.4   10.0 -26.1  -2.3    9.9 -27.2  -2.4
  9.7 -26.1  -2.3    9.6 -20.0  -1.7    9.2 -25.6  -9.3    9.0 -27.7  -2.4
  8.2 -27.7   2.4    5.9 -23.7  -8.6

 99.9 -15.4 -12.9   90.0 -28.4  -2.4   80.0   4.2   3.0   70.0   8.9   2.4
 60.0  14.0   1.2   50.0  10.8  -0.0   45.0  11.8   3.4   40.0  17.4  -3.1
 35.0  15.6  -1.3   30.0  14.9  -0.0   25.0   1.4   3.8   22.5  -0.2  -3.1
 20.0  -4.2  -3.0   15.0 -26.4   8.4   12.0 -29.8  -3.2   10.0 -26.1  -2.3
  8.0 -27.4   1.6    7.0 -25.7  -3.0    6.0 -23.9  -8.1    5.0   0.0   0.0
  4.0   0.0   0.0

  9. 5.2023   0 Uhr

 99.9 -20.0 -11.6   95.4 -24.7 -11.5   92.5 -25.3  -6.8   86.0  -2.8   1.3
 85.1   0.9   1.9   83.6   4.5   2.6   80.8  11.7   5.4   70.8  11.8  -1.0
 70.0  15.9  -1.4   68.5  20.8  -3.7   63.3  19.0   1.7   56.5   8.2  -0.0
 53.9   7.5  -3.5   52.1   5.8  -2.1   50.0   7.0   1.9   48.8   5.9   4.1
 46.5   8.3   9.9   42.1  15.9   1.4   35.2  11.4   8.0   33.5  12.1   4.4
 31.0  11.4  -8.0   30.0  11.1  -6.4   26.5   7.5  -6.3   24.9   5.8   2.1
 23.9   8.9   4.1   22.1   1.0  -0.3   22.0  -1.0   0.2   20.8  -8.0   4.6
 20.2 -10.8   0.9   20.0 -12.9   0.0   18.3 -21.5 -15.0   15.4 -27.7   2.4
 13.6 -29.4  -5.2   10.3 -27.7  -2.4   10.0 -27.8   0.0    8.7 -39.1   0.0
  5.9 -37.5   6.6

 99.9 -20.0 -11.6   90.0 -16.8  -3.7   80.0  11.7   4.9   70.0  15.9  -1.4
 60.0  13.9   0.9   50.0   7.0   1.9   45.0  10.8   7.0   40.0  14.6   3.3
 35.0  11.5   7.6   30.0  11.1  -6.4   25.0   5.9   1.6   22.5   2.8   0.7
 20.0 -12.9   0.0   15.0 -28.0   0.8   12.0 -28.6  -3.9   10.0 -27.8   0.0
  8.0 -38.7   1.5    7.0 -38.2   3.8    6.0 -37.6   6.3    5.0   0.0   0.0
  4.0   0.0   0.0

  9. 5.2023  12 Uhr

 99.9 -23.4  -6.3   94.9 -14.7   2.6   90.4  -4.6   8.0   87.6   3.2   8.7
 83.6  14.5   6.7   78.4  12.2   8.6   74.1   9.3  -0.0   70.0   9.2  -0.8
 66.2  13.1  -4.8   61.1  16.7  -2.9   57.2  12.8  -1.1   54.2   8.8   6.2
 51.9   9.9   8.3   50.0  10.5   7.4   42.2  12.0  -6.9   39.7  14.9  -0.0
 37.4  17.9   1.6   32.3  15.4 -12.9   30.0   7.5  -3.5   29.1   4.8  -1.8
 28.0   5.0   1.3   27.1   7.2   0.6   25.7   5.3   6.3   23.6   4.7   2.2
 23.2   0.8   3.0   22.5   1.7   1.2   21.9  -2.0   2.4   20.8  -6.0   7.1
 20.0 -10.2   5.9   18.5 -17.7  -3.1   17.8 -26.2   0.0   16.2 -24.3   6.5
 14.2 -23.7  -8.6   11.6 -26.3   7.1   10.0 -35.9   3.1    9.7 -38.5   6.8
  5.3 -30.9   0.0

 99.9 -23.4  -6.3   90.0  -3.5   8.1   80.0  12.9   8.0   70.0   9.2  -0.8
 60.0  15.6  -2.4   50.0  10.5   7.4   45.0  11.5  -1.6   40.0  14.6  -0.8
 35.0  16.8  -5.1   30.0   7.5  -3.5   25.0   5.1   5.0   22.5   1.7   1.2
 20.0 -10.2   5.9   15.0 -24.0  -2.4   12.0 -25.9   4.5   10.0 -35.9   3.1
  8.0 -35.9   4.5    7.0 -34.2   3.0    6.0 -32.3   1.3    5.0   0.0   0.0
  4.0   0.0   0.0

 10. 5.2023   0 Uhr

 99.9 -21.4  -5.7   96.2 -12.7   2.2   91.0  -1.3   7.1   87.9   3.2   8.7
 81.3  12.2  10.3   78.8  12.0   6.9   76.0   6.9   8.3   72.1   5.8   2.1
 70.4   1.8  -2.5   70.0   2.2  -2.2   68.7   7.1  -1.3   65.8  10.4  -2.8
 55.0   8.9   4.1   50.0   9.2  -0.8   49.1   9.2  -0.8   47.0  11.7   5.4
 43.8  15.0   5.5   39.9  14.7  10.3   37.2  12.8   1.1   35.3  12.9  -0.0
 34.3  14.0  -5.1   30.0   9.8  -0.0   25.6  12.1   4.4   24.3   8.9   2.4
 22.5   9.2  -3.3   21.3   1.7   3.7   20.8   2.0   2.4   20.0  -2.9   2.9
 19.8  -6.8   2.5   19.2 -15.9  -1.4   17.1 -23.7   8.6   14.3 -27.0 -12.6
 11.9 -34.8   3.0   10.7 -31.8   2.8   10.0 -33.8   3.0    9.2 -38.5   6.8
  9.0 -38.5   6.8    7.1 -31.8  -8.5

 99.9 -21.4  -5.7   90.0   0.2   7.6   80.0  12.1   8.5   70.0   2.2  -2.2
 60.0   9.6   0.8   50.0   9.2  -0.8   45.0  13.7   5.4   40.0  14.8  10.2
 35.0  13.2  -1.5   30.0   9.8  -0.0   25.0  10.7   3.5   22.5   9.2  -3.3
 20.0  -2.9   2.9   15.0 -26.2  -7.0   12.0 -34.5   2.4   10.0 -33.8   3.0
  8.0 -35.1  -0.9    7.0 -31.4  -9.4    6.0   0.0   0.0    5.0   0.0   0.0
  4.0   0.0   0.0

 10. 5.2023  12 Uhr

 99.9 -16.0   5.8   93.5 -11.4   8.0   87.1  -0.9   9.7   80.3  -2.1   8.0
 77.9   1.3   5.0   74.2   1.6   6.0   71.8   5.0   1.3   70.0  11.8   1.0
 69.5  11.8   1.0   61.5  11.1  -4.0   59.7   9.3  -0.0   57.3  10.6  -1.9
 51.7   8.0   4.6   50.0   7.5   3.5   48.7   8.7   3.2   46.2  10.6  -1.9
 37.7  13.8  -8.0   36.4  13.4  -3.6   31.7  12.1  -4.4   30.0  13.4   3.6
 29.4  13.5   6.3   24.0  10.2   3.7   22.8   9.1  -1.6   22.3   5.9   4.1
 21.2   1.1   4.0   20.1  -8.3   6.9   20.0 -10.2   5.9   18.7 -14.9  -1.3
 17.1 -20.8   7.6   15.2 -22.8  -4.0   14.3 -29.4   5.2   10.0 -30.4  -5.4
  8.9 -34.8  -9.3    6.1 -30.7  -2.7    5.1 -28.7   2.5    5.0 -30.7   2.7
  4.5  -3.9  -1.4    4.4   2.0   0.4    4.3   8.2   0.7    3.9   3.3  12.4
  3.8   1.7   9.6

 99.9 -16.0   5.8   90.0  -5.7   8.9   80.0  -1.7   7.6   70.0  11.8   1.0
 60.0   9.6  -0.7   50.0   7.5   3.5   45.0  11.1  -2.7   40.0  12.9  -6.2
 35.0  13.0  -3.8   30.0  13.4   3.6   25.0  10.8   4.2   22.5   7.2   1.8
 20.0 -10.2   5.9   15.0 -24.2  -2.0   12.0 -29.9  -0.1   10.0 -30.4  -5.4
  8.0 -33.6  -7.4    7.0 -32.2  -5.0    6.0 -30.6  -2.2    5.0 -30.7   2.7
  4.0   4.6   9.4

 11. 5.2023   0 Uhr

 99.9  -8.3   6.9   89.5  -5.3   7.6   86.2  -4.2   3.0   81.3  -3.7   1.7
 79.6  -4.7  -2.2   75.6  -0.0  -2.1   73.2  -1.6  -1.3   73.0  -0.4  -1.0
 72.8   1.0  -0.4   72.7   1.0   0.1   72.4   2.0   0.5   70.0   9.1   1.6
 69.7   8.9   2.4   66.1   6.8   2.5   63.8   6.1  -0.5   59.2   7.1   1.3
 56.8   7.1  -1.3   53.7   9.2   0.8   50.6  13.7  -2.4   50.0  14.4  -3.9
 45.5  15.4  -4.1   43.8  16.9   1.5   38.3  13.8  -1.2   37.1  17.7   3.1
 33.1  21.1  -0.0   30.0  14.5   6.7   29.1  15.6   9.0   26.5   9.6   1.7
 25.9   7.7  -2.8   22.6  -1.1  -4.0   22.4  -1.8  -1.0   22.1  -0.4   2.0
 20.9   0.0   5.1   20.3  -4.1   0.0   20.0  -4.1  -0.7   18.8 -12.1  -4.4
 17.8 -18.7   3.3   17.1 -18.4   4.9   15.7 -21.8  -7.9   13.8 -26.3   7.1
 12.8 -25.3   6.8   12.0 -22.8  -4.0   10.8 -25.1   2.2   10.0 -29.8   0.0
  8.4 -31.8  -8.5    7.8 -32.8  -2.9    7.5 -27.2   2.4    6.9 -28.8   7.7
  6.5 -23.8   4.2    5.6 -24.1   2.1    5.3 -25.2   0.0    5.2 -26.1   2.3
  4.6  -5.1   0.4

 99.9  -8.3   6.9   90.0  -5.5   7.6   80.0  -4.4  -1.2   70.0   9.1   1.6
 60.0   6.9   0.9   50.0  14.4  -3.9   45.0  15.8  -2.5   40.0  14.8  -0.4
 35.0  19.5   1.5   30.0  14.5   6.7   25.0   5.4  -3.1   22.5  -1.4  -2.5
 20.0  -4.1  -0.7   15.0 -23.4  -2.6   12.0 -22.8  -4.0   10.0 -29.8   0.0
  8.0 -32.5  -4.8    7.0 -28.5   6.8    6.0 -24.0   3.1    5.0 -19.3   1.7
  4.0   0.0   0.0

 11. 5.2023  12 Uhr

 99.9 -16.4   4.4   93.4  -8.0   4.6   87.9  -4.1   8.9   82.3  -6.5   6.5
 78.9  -2.4  -3.4   76.3  -1.4  -8.1   73.2  -3.0  -6.5   70.5   4.7  -4.0
 70.0   5.1  -3.5   66.9   8.4  -3.9   64.6   6.3  -7.5   57.8   3.0  -6.5
 55.5   9.1   1.6   50.0  14.4  -3.9   48.5  15.4  -7.2   43.6  14.9   1.3
 35.6  18.7  -3.3   34.4  16.0   5.8   30.0  12.2  10.3   29.7  13.1   9.1
 28.2  13.1  -4.8   25.6  15.4  -7.2   23.9   8.5  -4.9   22.2   2.4   2.0
 20.7   4.1   0.4   20.0  -3.0  -4.2   19.2 -14.9   0.0   18.5 -11.4   8.0
 17.2 -19.8  -7.2   14.5 -25.6   9.3   11.2 -25.1  -2.2   10.0 -27.4  -4.8
  8.8 -26.9  -4.7    7.6 -22.7   8.3    5.7 -21.1   0.0    5.1 -32.4  -5.7
  4.8 -24.1  -2.1

 99.9 -16.4   4.4   90.0  -5.6   7.2   80.0  -3.7  -0.1   70.0   5.1  -3.5
 60.0   4.1  -6.8   50.0  14.4  -3.9   45.0  15.0  -1.2   40.0  16.5  -0.7
 35.0  17.4   1.2   30.0  12.2  10.3   25.0  13.0  -6.4   22.5   3.5   0.7
 20.0  -3.0  -4.2   15.0 -24.5   6.1   12.0 -25.2   0.8   10.0 -27.4  -4.8
  8.0 -24.1   3.8    7.0 -22.2   5.8    6.0 -21.4   1.4    5.0 -29.7  -4.5
  4.0   0.0   0.0

 12. 5.2023   0 Uhr

 99.9 -16.7  -2.9   95.7  -8.9  -2.4   87.5   0.6  -7.2   82.3  -1.0 -11.8
 74.8   1.8  -4.8   73.1   1.0  -0.4   72.2   0.5   2.0   70.0   2.4   3.4
 66.4   1.0  -0.1   66.0  -1.0  -0.1   64.1  -3.9   1.4   62.4  -3.1   0.0
 60.8  -2.4   2.0   59.5  -4.0  -1.1   57.8  -0.9   0.4   57.4   1.0   0.3
 57.0   2.0  -0.2   55.3   7.2   0.6   53.0  10.4  -2.8   50.0  16.9  -1.5
 43.5  20.1  -0.0   40.0  21.0   1.8   37.0  14.7   8.5   34.1  14.5   6.7
 30.0  12.8  -1.1   27.1  15.6  -9.0   23.0   5.0  -1.3   21.6   3.9  -3.3
 20.3  -8.9  -4.1   20.0 -13.7  -2.4   18.9 -20.8   7.6   18.1 -21.9  10.2
 16.4 -21.0  -1.8   14.7 -25.3   6.8   13.9 -31.9   0.0   12.4 -31.9   0.0
 11.7 -27.8   0.0   10.0 -26.1  -2.3    9.4 -31.8  -2.8    7.2 -28.8   0.0


 99.9 -16.7  -2.9   90.0  -2.4  -5.7   80.0  -0.2  -9.7   70.0   2.4   3.4
 60.0  -3.4   0.1   50.0  16.9  -1.5   45.0  19.3  -0.4   40.0  21.0   1.8
 35.0  14.5   7.3   30.0  12.8  -1.1   25.0  10.3  -5.2   22.5   4.6  -2.0
 20.0 -13.7  -2.4   15.0 -24.6   5.2   12.0 -29.6   0.0   10.0 -26.1  -2.3
  8.0 -30.0  -1.1    7.0 -28.5   0.3    6.0   0.0   0.0    5.0   0.0   0.0
  4.0   0.0   0.0

 12. 5.2023  12 Uhr

 99.9 -14.0   5.1   91.8  -2.7  -1.5   88.7  -0.0  -6.2   85.7   1.6  -9.1
 76.7  -2.8 -10.4   72.7 -13.9  -9.7   70.0  -7.1  -4.1   69.5  -4.7  -2.2
 68.5  -1.0   0.3   67.7  -1.7  -1.2   67.0  -2.6  -3.2   63.9  -1.5  -2.7
 62.9   3.0  -0.5   61.7   7.5   3.5   57.1  10.2   3.7   55.8  13.8  -1.2
 50.0  17.9  -1.6   49.1  15.4  -4.1   47.3  14.9  -1.3   45.2  14.0  -5.1
 40.0  16.0  -5.8   36.3  16.4   4.4   32.1  18.7  -3.3   30.0  19.4  -5.2
 26.3  12.0  -6.9   25.7   8.7  -3.2   24.5   3.0   4.2   23.6   5.6   2.6
 22.7   1.4   3.9   21.3   0.9  -1.9   21.1  -2.0  -0.5   20.7  -7.7   2.8
 20.0 -13.1   9.1   19.9 -14.7  10.3   18.5 -18.1  12.7   17.6 -17.7   3.1
 16.2 -21.0   1.8   15.1 -23.7   8.6   14.0 -27.4  -4.8   10.0 -29.7  -2.6
  9.0 -33.4  -5.9    8.5 -29.7  -2.6    7.0 -35.8  -9.6    6.4 -28.9 -13.5


 99.9 -14.0   5.1   90.0  -1.1  -4.2   80.0  -1.1  -9.9   70.0  -7.1  -4.1
 60.0   8.4   3.6   50.0  17.9  -1.6   45.0  14.1  -5.1   40.0  16.0  -5.8
 35.0  17.1   2.1   30.0  19.4  -5.2   25.0   5.4   1.1   22.5   1.3   3.1
 20.0 -13.1   9.1   15.0 -24.0   7.4   12.0 -28.5  -3.8   10.0 -29.7  -2.6
  8.0 -31.7  -4.8    7.0 -35.8  -9.6    6.0   0.0   0.0    5.0   0.0   0.0
  4.0   0.0   0.0

 13. 5.2023   0 Uhr

 99.9  -9.6  -1.7   91.8 -14.5  -6.7   87.0  -6.7 -14.5   80.9 -15.4 -12.9
 77.1  -9.2   3.3   72.2   1.1   6.1   70.8  -3.9   3.3   70.0  -4.1   5.9
 69.5  -2.8   7.7   66.7  -0.6   7.2   63.9   4.0   4.7   62.5   8.1  -1.4
 60.4  14.5  -6.7   57.1  15.6 -10.9   53.4  12.4  -3.3   50.0  14.0  -5.1
 49.4  14.0  -5.1   45.0  16.7   2.9   41.7  11.7  -2.1   39.6  11.1   4.0
 37.9  14.7   8.5   35.0  15.7  -2.8   31.1  16.5  -9.5   30.0  14.5  -6.7
 27.0   6.8  -2.5   25.7   3.5   5.1   22.1   0.9   5.1   20.8  -2.4   3.4
 20.0  -4.6   5.5   19.0 -19.4   5.2   17.8 -20.4  -5.5   15.6 -31.4   5.5
 14.7 -29.7  -2.6   11.6 -32.8   2.9   10.4 -30.4  -5.4   10.0 -32.8  -2.9
  9.1 -38.1   0.0    8.4 -28.7   2.5    7.3 -29.4  -5.2

 99.9  -9.6  -1.7   90.0 -11.6  -9.6   80.0 -13.9  -9.1   70.0  -4.1   5.9
 60.0  14.6  -7.2   50.0  14.0  -5.1   45.0  16.7   2.9   40.0  11.2   2.9
 35.0  15.7  -2.8   30.0  14.5  -6.7   25.0   3.0   5.1   22.5   1.2   5.1
 20.0  -4.6   5.5   15.0 -30.3   0.2   12.0 -32.4   2.1   10.0 -32.8  -2.9
  8.0 -28.9  -0.2    7.0   0.0   0.0    6.0   0.0   0.0    5.0   0.0   0.0
  4.0   0.0   0.0

 13. 5.2023  12 Uhr

 99.9  -8.9   4.1   84.4 -10.3 -12.2   82.2 -14.6 -12.2   76.8  -1.0   0.2
 76.4   0.3   1.0   76.2   0.5   0.9   73.6   3.0   4.2   70.4  -0.4   2.0
 70.0  -0.7   0.8   69.6  -1.9   0.7   69.2  -2.0   0.2   65.8  -1.0   0.1
 65.7  -1.0  -0.4   65.5   0.6  -0.8   64.7   5.8  -2.1   63.7  10.8  -0.9
 60.1   8.9  -4.1   50.0  16.0  -5.8   49.4  15.4  -7.2   44.5  14.9   1.3
 43.1  12.7  -2.2   40.9  10.6   1.9   37.0  12.7   2.2   30.8  12.9  -7.5
 30.0  12.2  -8.6   28.9   9.4  -5.4   26.7   5.6   2.6   25.1  12.0   6.9
 24.0   5.3   7.6   22.9   4.7   2.2   22.1  -0.0  -4.1   20.8  -9.8  -4.6
 20.0 -20.0  -1.7   19.9 -20.0  -1.7   18.9 -18.3 -10.5   18.2 -22.0  -1.9
 15.5 -24.3   6.5   13.9 -26.3  -7.1   12.9 -31.9   0.0   10.0 -31.8   2.8
  9.4 -35.9   3.1    8.9 -28.4   5.0    8.2 -28.8  -7.7    6.9 -43.7 -11.7
  6.3 -45.1  -3.9    6.0 -45.3   0.0

 99.9  -8.9   4.1   90.0  -9.7  -6.1   80.0  -9.1  -7.3   70.0  -0.7   0.8
 60.0   8.9  -4.1   50.0  16.0  -5.8   45.0  14.9   0.4   40.0  11.1   2.0
 35.0  12.7  -0.8   30.0  12.2  -8.6   25.0  11.4   7.0   22.5   2.3  -1.0
 20.0 -20.0  -1.7   15.0 -25.0   2.4   12.0 -31.9   0.8   10.0 -31.8   2.8
  8.0 -31.0  -8.3    7.0 -42.5 -11.4    6.0 -45.3   0.0    5.0   0.0   0.0
  4.0   0.0   0.0

 14. 5.2023   0 Uhr

 99.9  -7.4 -10.5   93.1 -18.4  -4.9   89.2 -14.7 -10.3   83.8 -19.2 -11.1
 75.6  -7.5   3.5   74.6  -4.1  -0.7   73.2   1.2  -1.7   72.1   1.0  -0.4
 70.2   2.4  -2.0   70.0   2.4  -2.0   68.4  -0.0  -2.1   67.4   3.9  -1.4
 64.3  10.2  -5.9   58.3  15.0  -5.5   53.7  13.1   4.8   50.0  12.0   6.9
 41.8  12.2  10.3   40.1  14.9  -0.0   38.8  16.4  -4.4   34.4  14.7  -2.6
 30.9  10.5 -10.5   30.0   8.9 -10.6   28.3   6.0  -7.1   26.6   7.2  -0.6
 25.5  13.8   1.2   23.3   4.1  -0.0   22.5   1.9  -0.7   22.4   0.7  -0.7
 22.3  -0.5  -0.9   22.2  -1.6  -1.3   20.6 -10.6   1.9   20.0 -13.4   3.6
 19.0 -18.7   3.3   18.3 -20.4  -5.5   16.4 -24.1   2.1   14.9 -26.3  -7.1
 13.9 -33.8   3.0   11.5 -36.9   3.2   10.0 -33.8   3.0    9.2 -29.8   8.0
  8.4 -29.7  -2.6

 99.9  -7.4 -10.5   90.0 -15.5  -9.2   80.0 -13.8  -4.5   70.0   2.4  -2.0
 60.0  13.6  -5.6   50.0  12.0   6.9   45.0  12.1   8.9   40.0  15.0  -0.3
 35.0  14.9  -2.8   30.0   8.9 -10.6   25.0  11.7   0.9   22.5   1.9  -0.7
 20.0 -13.4   3.6   15.0 -26.2  -6.4   12.0 -36.2   3.2   10.0 -33.8   3.0
  8.0   0.0   0.0    7.0   0.0   0.0    6.0   0.0   0.0    5.0   0.0   0.0
  4.0   0.0   0.0

 14. 5.2023  12 Uhr

 99.9 -23.7  -8.6   84.4 -21.0   1.8   80.2 -14.5   6.7   77.0  -0.8   0.6
 76.5   0.6   0.8   76.3   1.6   1.3   71.7   0.5   3.0   70.7   2.2   2.2
 70.0   3.6   2.1   69.3   4.2   3.0   67.9   6.2  -0.0   64.4   4.8  -1.8
 62.7   9.1  -1.6   60.1  11.7  -5.4   58.5   9.7   0.9   55.2  14.5   6.7
 52.0  16.4   4.4   50.0  14.5   6.7   45.7   9.9   8.3   39.8  20.8  -7.6
 35.7  13.9  -0.0   32.1  12.1  -4.4   30.0  10.8  -0.0   29.0  13.4   3.6
 24.8  10.7   5.0   23.3   3.0  -0.8   21.6  -5.3  -3.1   20.7 -13.4  -3.6
 20.0 -13.1  -4.8   18.5 -23.8  -4.2   16.7 -23.7   8.6   16.0 -22.0   1.9
 12.0 -29.7  -2.6   10.4 -31.4   5.5   10.0 -32.4   5.7    8.8 -30.8  -8.3
  6.0 -29.8   0.0    5.5 -35.9  -3.1    5.4 -27.8  -7.5

 99.9 -23.7  -8.6   90.0 -22.0  -2.1   80.0 -13.6   6.4   70.0   3.6   2.1
 60.0  11.5  -5.0   50.0  14.5   6.7   45.0  11.1   6.5   40.0  20.4  -7.0
 35.0  13.5  -0.8   30.0  10.8  -0.0   25.0  10.9   4.9   22.5  -0.9  -1.9
 20.0 -13.1  -4.8   15.0 -23.8   0.9   12.0 -29.7  -2.6   10.0 -32.4   5.7
  8.0 -30.6  -6.1    7.0 -30.2  -3.2    6.0 -29.8   0.0    5.0   0.0   0.0
  4.0   0.0   0.0

 15. 5.2023   0 Uhr

 99.9 -19.0   1.7   95.1  -9.9   8.3   84.0  -0.8   9.2   80.2  -6.7   4.7
 76.0  -3.0   0.5   75.3  -0.4  -2.0   73.5   0.1  -1.0   72.8  -1.0   0.2
 71.3  -1.0   0.3   71.2  -1.0   0.1   70.9   0.7  -0.7   70.0   2.7  -1.5
 66.4  11.7  -2.1   60.7   5.3  -6.3   59.5   7.2  -0.0   58.6  10.4   2.8
 55.0  12.8   1.1   50.0  11.1   6.4   48.1  12.9   7.5   39.6  19.8  -3.5
 37.0  15.7   2.8   34.4  17.0  -0.0   30.0  13.1   4.8   29.2  13.4   3.6
 26.5  11.7  -2.1   22.2  -0.6  -7.2   21.5  -8.1  -1.4   20.1 -19.0   0.0
 20.0 -20.1   0.0   17.4 -23.7   8.6   16.2 -24.2   0.0   15.1 -32.9   0.0
 12.5 -36.5  -6.4   10.0 -29.7   2.6    8.8 -34.0   0.0    7.3 -26.1  -2.3


 99.9 -19.0   1.7   90.0  -5.8   8.7   80.0  -6.6   4.5   70.0   2.7  -1.5
 60.0   6.4  -2.6   50.0  11.1   6.4   45.0  15.3   3.6   40.0  19.4  -2.9
 35.0  16.7   0.7   30.0  13.1   4.8   25.0   7.5  -3.8   22.5   0.3  -6.8
 20.0 -20.1   0.0   15.0 -33.1  -0.2   12.0 -35.2  -4.7   10.0 -29.7   2.6
  8.0 -29.9  -1.2    7.0   0.0   0.0    6.0   0.0   0.0    5.0   0.0   0.0
  4.0   0.0   0.0

 15. 5.2023  12 Uhr

 99.9  -9.8   9.8   87.8  -8.1   1.4   84.2  -4.8  -1.8   78.2 -11.7   2.1
 77.1 -11.8   0.0   75.6  -6.9  -6.9   72.8  -2.4  -8.9   71.0   4.4  -4.4
 70.0   6.7  -4.7   68.4   8.9  -4.1   62.4   4.8  -1.8   60.5   9.8   4.6
 50.0  17.9   1.6   46.6  14.9  -0.0   42.1  16.3  -7.6   35.6  14.9   1.3
 30.8  13.1  -4.8   30.0  12.7  -2.2   29.8  12.7  -2.2   24.7   2.4  -8.9
 23.9  -3.1  -5.3   22.8  -5.8  -2.1   20.1 -19.0  -1.7   20.0 -20.0  -1.7
 19.1 -20.0  11.6   17.0 -25.3  -6.8   14.4 -28.7   2.5   10.5 -23.8  -4.2
 10.0 -26.9  -4.7    9.3 -35.0   0.0    8.7 -34.5   6.1    6.1 -25.8  -4.6
  5.5 -27.7  -2.4    4.8  -8.0   2.1    4.6  -0.5   6.1    4.4  -2.6   4.5
  4.3   1.3   5.0    4.0   6.1   0.5    3.9   1.3  -1.6    3.8  -3.1   0.3


 99.9  -9.8   9.8   90.0  -8.4   3.0   80.0  -9.6   0.9   70.0   6.7  -4.7
 60.0  10.2   4.4   50.0  17.9   1.6   45.0  15.4  -2.6   40.0  15.9  -4.8
 35.0  14.6   0.6   30.0  12.7  -2.2   25.0   3.0  -8.5   22.5  -7.2  -2.1
 20.0 -20.0  -1.7   15.0 -27.9   0.3   12.0 -25.8  -1.4   10.0 -26.9  -4.7
  8.0 -32.3   3.5    7.0 -29.1  -0.6    6.0 -26.1  -4.2    5.0 -13.8   0.8
  4.0   6.1   0.5

 16. 5.2023   0 Uhr

 99.9 -15.7  -2.8   88.6  -9.1  -1.6   85.2  -8.0  -4.6   82.6  -6.5  -3.0
 78.3  -9.1  -7.6   75.2  -0.8  -0.6   74.9   1.0   0.1   73.6   5.8   2.1
 70.0   9.1   1.6   65.5   6.1   1.1   60.6  13.8   8.0   53.4  15.0  -5.5
 50.0  13.4  -3.6   42.6  12.6  -5.9   31.4   9.7   0.9   30.1   7.6  -5.3
 30.0   7.1  -6.0   29.5   8.9  -4.1   25.5   1.3  -7.1   24.5  -2.6  -3.2
 24.0  -2.8   1.3   23.5  -2.6   3.2   22.3  -7.2  -0.6   21.2 -10.4   2.8
 20.0 -17.4   4.7   18.5 -19.1   8.9   17.4 -20.0  -9.3   16.0 -30.4  -5.4
 13.9 -27.4  -4.8   10.0 -31.8  -2.8    9.5 -34.0   0.0    9.3 -33.8   3.0
  9.0 -33.4   5.9    8.2 -24.7  11.5    7.1 -26.8   7.2    6.2 -25.8  -4.6
  5.6 -25.1  -2.2    5.4 -26.9  -4.7    5.3 -30.7  -2.7    4.9  -8.9   4.1
  4.8  -4.1   7.1    4.5   2.5   9.4

 99.9 -15.7  -2.8   90.0 -10.0  -1.8   80.0  -8.0  -5.8   70.0   9.1   1.6
 60.0  13.9   6.9   50.0  13.4  -3.6   45.0  12.9  -5.1   40.0  12.0  -4.4
 35.0  10.7  -1.5   30.0   7.1  -6.0   25.0  -0.7  -5.1   22.5  -6.4   0.0
 20.0 -17.4   4.7   15.0 -29.0  -5.1   12.0 -29.4  -3.9   10.0 -31.8  -2.8
  8.0 -25.1  10.8    7.0 -26.7   5.9    6.0 -25.6  -3.8    5.0 -14.4   2.4
  4.0   0.0   0.0

 16. 5.2023  12 Uhr

 99.9 -14.9   0.0   88.4  -4.7  -2.2   82.2  -1.5   1.5   81.1  -2.4  -2.0
 80.6  -2.4  -3.4   75.2  -8.3  -6.9   71.4  -0.8  -0.6   71.3  -0.7  -0.8
 71.1   0.7  -0.8   70.8   2.0  -0.5   70.1   6.1   0.5   70.0   7.2   0.6
 65.2   7.5   3.5   60.9  16.7  -2.9   52.7  16.9  -1.5   50.0  17.4  -4.7
 42.9  11.4  -8.0   39.6  11.1  -4.0   36.5  12.7   2.2   31.6  10.8   0.9
 30.0   9.2   0.8   29.0   7.1  -1.3   26.9   3.0   0.8   26.0   2.0   2.4
 24.8   3.3   3.9   22.9   0.5   2.0   22.4  -2.1   0.0   22.2  -2.0  -0.4
 20.4 -22.4   6.0   20.0 -23.4   6.3   18.3 -22.8 -10.7   17.4 -30.4  -5.4
 15.0 -27.8   7.5   13.7 -27.2  -2.4   10.0 -28.7   2.5    9.0 -23.4   6.3
  7.6 -25.8  -4.6    7.3 -27.8  -7.5    7.1 -26.8  -7.2    6.6 -30.9 -11.3
  6.0 -29.8  -8.0    5.7 -29.4  -5.2    5.2 -11.7  -2.1    5.1  -7.5  -3.5
  5.0  -0.7  -1.9    4.9   3.0   0.5    4.8   3.2   2.6    4.7   5.1   5.1
  4.5   9.1   1.6

 99.9 -14.9   0.0   90.0  -6.1  -1.9   80.0  -3.0  -3.8   70.0   7.2   0.6
 60.0  16.7  -2.8   50.0  17.4  -4.7   45.0  13.2  -7.0   40.0  11.2  -4.5
 35.0  12.1   1.9   30.0   9.2   0.8   25.0   3.1   3.7   22.5  -1.5   0.4
 20.0 -23.4   6.3   15.0 -27.8   7.5   12.0 -27.8  -0.3   10.0 -28.7   2.5
  8.0 -25.1  -1.3    7.0 -27.6  -8.0    6.0 -29.8  -8.0    5.0  -0.7  -1.9
  4.0   0.0   0.0

 17. 5.2023   0 Uhr

 99.9 -12.4  -3.3   95.9  -9.3   0.0   92.5  -2.0  -0.4   90.7   0.4   2.0
 86.6   3.4  -2.4   75.3  -5.6  -2.6   74.2   1.1  -2.9   70.0   8.1  -1.4
 68.1   7.0   1.9   66.1  10.7   5.0   63.2  12.8  -1.1   58.9  19.8  -7.2
 51.3  19.8  -7.2   50.0  16.9  -6.2   49.0  13.5  -6.3   44.9  10.6  -1.9
 42.8   8.7   3.2   38.7  14.7   8.5   33.6  15.0  -5.5   30.0  11.8  -1.0
 28.0  12.8  -1.1   25.2   3.6   6.2   24.4   4.6   5.5   23.9  -1.3   5.0
 23.5  -3.6   3.6   22.5 -13.8   8.0   20.7 -25.1   2.2   20.0 -27.8   0.0
 19.2 -26.1   2.3   18.0 -25.2 -11.7   14.4 -33.8  -3.0   13.5 -34.0   0.0
 11.9 -27.2   2.4   10.0 -26.9  -4.7    9.2 -28.7  -2.5    8.4 -21.8  -7.9
  7.0 -34.0   0.0    6.9 -28.8   0.0    6.4 -29.7   2.6    6.3 -30.7   2.7
  6.1 -31.8   2.8    6.0 -30.7   2.7    5.4  -6.0  -1.6    5.3  -2.7  -1.5
  5.2   0.7  -4.1    4.9   4.1  -0.4    4.6   5.1  -5.1    4.5  -1.1  -6.1
  4.4   1.6  -6.0

 99.9 -12.4  -3.3   90.0   0.9   1.3   80.0  -1.8  -2.5   70.0   8.1  -1.4
 60.0  18.0  -5.6   50.0  16.9  -6.2   45.0  10.7  -2.0   40.0  12.8   6.8
 35.0  14.9  -1.5   30.0  11.8  -1.0   25.0   3.9   6.1   22.5 -13.8   8.0
 20.0 -27.8   0.0   15.0 -32.3  -4.5   12.0 -27.6   2.2   10.0 -26.9  -4.7
  8.0 -25.1  -5.8    7.0 -34.0   0.0    6.0 -30.7   2.7    5.0   3.0  -1.6
  4.0   0.0   0.0

 17. 5.2023  12 Uhr

 99.9 -19.8  -3.5   92.1  -8.9   2.4   87.1  -5.1   0.0   84.2  -1.9  -7.0
 75.8  -7.6  -7.6   70.0   5.1  -5.1   67.4   9.2   0.8   65.1   9.4   2.5
 61.2  13.1  -4.8   53.0  16.9  -6.2   50.6  12.0  -6.9   50.0  11.1  -6.4
 42.2  11.1   4.0   35.3  12.7  -2.2   34.3  11.7  -5.4   32.2   8.0  -2.1
 31.2   9.6   1.7   30.0   9.4   2.5   27.6   7.5   6.3   27.0   4.1   7.1
 26.2   4.6   8.0   22.4  -8.7   3.2   20.8 -21.8  -3.8   20.0 -22.8  -4.0
 19.1 -22.8 -10.7   18.1 -32.9   0.0   15.8 -30.9   0.0   14.9 -37.9   3.3
 14.2 -28.0  10.2   10.6 -27.8   0.0   10.0 -24.1   2.1    9.8 -20.0   1.7
  8.0 -27.4  -4.8    6.0 -23.2   0.0    5.5 -20.8  -3.7    5.0  -7.2   0.0
  4.7  -5.5  -4.6    4.3  -5.3  -6.3    4.2   1.8  -4.8    4.1   4.7  -4.0
  4.0  -2.5  -1.8    3.9   2.0   0.4

 99.9 -19.8  -3.5   90.0  -7.4   1.4   80.0  -4.7  -7.3   70.0   5.1  -5.1
 60.0  13.6  -4.9   50.0  11.1  -6.4   45.0  11.1   0.1   40.0  11.6   2.1
 35.0  12.4  -3.2   30.0   9.4   2.5   25.0   0.6   6.5   22.5  -8.3   3.3
 20.0 -22.8  -4.0   15.0 -37.1   2.9   12.0 -27.9   4.2   10.0 -24.1   2.1
  8.0 -27.4  -4.8    7.0 -25.4  -2.5    6.0 -23.2   0.0    5.0  -7.2   0.0
  4.0  -2.5  -1.8

 18. 5.2023   0 Uhr

 99.9 -25.6  -9.3   87.5 -15.7  -2.8   82.4 -17.3  -8.0   79.7  -8.4  -8.4
 78.2   4.7  -6.7   77.1   7.6  -5.3   72.1  13.8  -1.2   70.0  17.4  -4.7
 68.7  18.9  -6.9   61.3  25.1   2.2   52.6   9.8  -0.0   51.3   8.7   3.2
 50.0   9.4   2.5   48.3   8.2   0.7   44.5  11.4   9.6   39.0  13.8  -1.2
 37.0  11.7  -2.1   33.8  10.2   3.7   30.0   9.6   1.7   28.6   9.1   1.6
 25.9   2.8  -1.3   25.1   2.7   1.5   24.2   4.0   1.1   23.2   0.7   0.7
 22.8  -0.9   0.4   22.2  -5.1  -0.4   21.5 -14.4  -3.9   20.0 -17.4 -10.0
 19.3 -18.1 -12.7   17.2 -22.7   8.3   15.0 -33.8   3.0   13.8 -26.9   4.7
 11.8 -26.1  -2.3   10.3 -25.1   2.2   10.0 -25.8   4.6    7.7 -29.7  -2.6
  7.0 -23.1   2.0    6.4 -18.9   6.9    5.8 -21.8   3.8    5.7 -21.0   1.8
  5.6 -27.4   4.8    5.4 -12.1   4.4

 99.9 -25.6  -9.3   90.0 -17.8  -4.1   80.0  -9.4  -8.3   70.0  17.4  -4.7
 60.0  22.9   1.9   50.0   9.4   2.5   45.0  11.0   8.4   40.0  13.4   0.8
 35.0  10.7   1.5   30.0   9.6   1.7   25.0   2.8   1.5   22.5  -3.0  -0.0
 20.0 -17.4 -10.0   15.0 -33.8   3.0   12.0 -26.2  -1.5   10.0 -25.8   4.6
  8.0 -29.2  -1.6    7.0 -23.1   2.0    6.0 -20.8   4.9    5.0   0.0   0.0
  4.0   0.0   0.0

 18. 5.2023  12 Uhr

 99.9 -21.9 -10.2   87.3 -14.7  -2.6   80.7  -2.0  -0.4   80.6  -1.0   0.1
 80.2   0.0   1.0   79.9   0.8   3.0   78.3   1.3   5.0   76.8   7.7   2.8
 75.6  11.7   2.1   70.0  14.5   6.7   69.5  14.5   6.7   67.5  15.9   1.4
 61.3  14.7  -8.5   56.6  16.5  -9.5   52.2   5.9  -4.1   50.9   9.2  -0.8
 50.0  10.8  -0.0   47.2   6.1   0.5   43.2  11.7   2.1   37.8  14.4  -3.9
 35.1  13.1   4.8   32.5  14.5   6.7   30.0  10.8   0.9   27.2   9.2  -0.8
 24.9   1.1  -2.9   24.6  -3.0  -0.8   23.2 -10.7  -5.0   21.1 -17.9   1.6
 20.0 -17.9  -1.6   19.7 -19.0  -1.7   18.0 -19.2  11.1   16.0 -22.0   1.9
 15.2 -26.8   7.2   13.9 -25.1  -2.2   10.9 -25.1   2.2

 99.9 -21.9 -10.2   90.0 -16.3  -4.3   80.0   0.5   2.3   70.0  14.5   6.7
 60.0  15.2  -8.8   50.0  10.8  -0.0   45.0   9.1   1.4   40.0  13.3  -1.4
 35.0  13.1   4.8   30.0  10.8   0.9   25.0   1.4  -2.8   22.5 -13.1  -2.9
 20.0 -17.9  -1.6   15.0 -26.6   5.8   12.0 -25.1   0.5   10.0   0.0   0.0
  8.0   0.0   0.0    7.0   0.0   0.0    6.0   0.0   0.0    5.0   0.0   0.0
  4.0   0.0   0.0

 19. 5.2023   0 Uhr

 99.9 -22.3 -15.6   96.5 -22.3 -15.6   91.4  -8.2   0.7   85.1   7.5   3.5
 84.0   9.4   2.5   76.7  12.6   5.9   73.1  12.8  -1.1   70.0  13.7  -2.4
 63.1  18.4  -4.9   61.1  12.1  -4.4   59.6  10.8   0.9   57.4   6.1   1.1
 54.1   6.0   7.1   50.9   8.9   4.1   50.0   7.1   4.1   48.0   9.8   4.6
 44.2  15.4  -4.1   37.9  15.7  -2.8   32.9  11.7   5.4   31.2  10.8  -0.0
 30.0   8.2  -0.7   28.2   7.2  -0.6   27.3   3.9  -3.3   26.5   4.8  -1.8
 26.0   2.4  -3.4   25.2   1.5  -2.7   24.8  -0.4  -0.9   24.7  -0.8  -0.6
 24.5  -0.7   0.8   24.2  -1.3   2.8   22.5  -1.1   4.0   21.5  -5.8   2.1
 20.5 -14.7  -2.6   20.0 -20.1   0.0   19.5 -23.4   6.3   18.3 -20.0   9.3
 16.1 -24.1  -2.1   15.3 -24.1   2.1   13.0 -20.0  -9.3   11.5 -26.3  -7.1
 10.7 -28.7  -2.5   10.2 -25.1   2.2   10.0 -22.1   0.0    7.2 -31.9   0.0
  6.1 -27.8   0.0    6.0 -29.8   0.0    5.2  -7.2  -0.6    4.9  -7.5   3.5
  4.8  -0.5   0.9    4.7   4.8   1.8    4.5   9.2   3.3    4.4  10.8  -0.9
  4.1   9.8  -4.6

 99.9 -22.3 -15.6   90.0  -4.8   1.3   80.0  11.1   4.3   70.0  13.7  -2.4
 60.0  11.1  -0.5   50.0   7.1   4.1   45.0  14.2  -2.3   40.0  15.6  -3.2
 35.0  13.4   1.9   30.0   8.2  -0.7   25.0   0.6  -1.8   22.5  -1.1   4.0
 20.0 -20.1   0.0   15.0 -23.6   0.7   12.0 -24.2  -7.8   10.0 -22.1   0.0
  8.0 -28.9   0.0    7.0 -31.2   0.0    6.0 -29.8   0.0    5.0  -7.4   2.1
  4.0   9.5  -5.8

 19. 5.2023  12 Uhr

 99.9 -16.5  -9.5   96.3 -11.8   0.0   93.2  -6.9   8.3   87.5  -3.1  11.4
 80.3   8.1   1.4   74.6   7.0   1.9   73.4   7.0  -1.9   70.8   9.9  -8.3
 70.0   9.1  -9.1   62.5   7.7  -2.8   59.5   8.5   4.9   53.6   9.1   9.1
 50.0  12.8   1.1   47.0  17.9  -1.6   43.8  16.7  -2.9   40.0  15.4   4.1
 35.3  18.0  -0.0   33.0  15.7   2.8   31.0  14.9  -0.0   30.0  12.8  -1.1
 26.3  10.6   1.9   23.5   3.3  -3.9   22.7  -5.3  -3.1   22.0 -10.8   0.9
 20.0 -21.0   1.8   19.9 -21.8   3.8   18.2 -16.9  14.2   17.2 -22.8   4.0
 15.3 -24.8   4.4   14.1 -26.3  -7.1   12.1 -27.8   0.0   10.0 -25.8  -4.6
  7.8 -25.2   0.0    7.5 -29.8   0.0    5.4 -22.8 -10.7    4.7 -11.7  -2.1
  4.6  -5.8  -2.1    4.5   0.7  -4.1    4.4   3.6  -6.2    4.2   9.7 -13.9


 99.9 -16.5  -9.5   90.0  -4.8  10.0   80.0   8.0   1.5   70.0   9.1  -9.1
 60.0   8.3   3.6   50.0  12.8   1.1   45.0  17.2  -2.4   40.0  15.4   4.1
 35.0  17.7   0.4   30.0  12.8  -1.1   25.0   7.3  -0.8   22.5  -6.9  -1.9
 20.0 -21.0   1.8   15.0 -25.2   1.6   12.0 -27.7  -0.2   10.0 -25.8  -4.6
  8.0 -25.3  -0.4    7.0 -28.3  -2.3    6.0 -25.0  -7.3    5.0 -16.6  -5.8
  4.0   0.0   0.0

 20. 5.2023   0 Uhr

 99.9 -10.7   5.0   93.4  -4.1   7.1   87.7   5.8   5.8   72.8  10.5  -7.4
 70.0   5.3  -3.1   68.8   6.2  -3.6   66.9   8.2   0.7   61.7  13.8   1.2
 57.3   8.0   4.6   55.6  11.4   8.0   50.0  15.4  -4.1   48.4  15.0  -5.5
 45.2  12.1  -4.4   42.0  13.4   3.6   38.6  13.5   6.3   30.0  10.8   0.9
 29.4  10.6   1.9   27.7  10.4  -2.8   26.1   8.7  -3.2   23.8   1.1  -6.1
 23.2  -3.9  -1.4   21.9  -8.9   4.1   20.6 -10.6  -1.9   20.0 -15.9   0.0
 19.1 -15.4   4.1   16.9 -18.1 -12.7   15.7 -26.3  -7.1   14.2 -24.7  -9.0
 13.5 -29.8   0.0   10.2 -33.8   3.0   10.0 -32.8   2.9    9.3 -28.7  -2.5
  6.1 -28.4   5.0    6.0 -30.7   2.7    5.7 -19.8   7.2

 99.9 -10.7   5.0   90.0   1.8   6.4   80.0   8.2  -0.8   70.0   5.3  -3.1
 60.0  11.6   2.5   50.0  15.4  -4.1   45.0  12.2  -3.9   40.0  13.5   5.2
 35.0  12.4   4.2   30.0  10.8   0.9   25.0   5.1  -4.5   22.5  -6.5   1.5
 20.0 -15.9   0.0   15.0 -25.6  -7.9   12.0 -31.6   1.3   10.0 -32.8   2.9
  8.0 -28.6   0.3    7.0 -28.5   2.6    6.0 -30.7   2.7    5.0   0.0   0.0
  4.0   0.0   0.0

 20. 5.2023  12 Uhr

 99.9  -4.1   8.9   90.7   2.5   6.8   87.3   6.1   0.5   83.8   5.1  -0.0
 82.7   5.0   1.3   80.2   3.0   0.8   78.9   3.0  -0.8   70.0   4.5  -2.6
 67.1   5.1  -5.1   62.8   6.5  -3.0   60.1   6.5   6.5   55.9   8.8   6.2
 50.0  20.8  -3.7   49.0  18.9  -6.9   42.6  14.7   2.6   37.2  15.7  -2.8
 32.6  17.9  -1.6   31.3  15.6  -9.0   30.0  12.9  -7.5   26.7   8.0  -2.1
 25.0   0.4  -0.9   24.8  -0.1   1.0   24.2   1.1   4.0   23.8  -1.9   0.9
 23.0  -3.9   3.3   20.7 -16.9   1.5   20.0 -12.7   2.2   19.2 -19.1   8.9
 18.3 -16.0  -5.8   16.2 -26.9   4.7   14.8 -25.2   0.0   13.1 -29.0  10.6
 10.7 -25.3   6.8   10.0 -25.3   6.8    9.3 -27.8   7.5    8.2 -27.3   0.0
  6.9 -32.4  -5.7    5.9 -29.0 -10.6    4.9  -9.1   7.6    4.8 -12.2   8.6
  4.6   0.5   6.1    4.5  -5.3   3.1    4.4   2.0   2.4    4.3   6.8   2.5
  4.1  18.4   4.9    4.0  25.1   2.2    3.6  28.7  -2.5

 99.9  -4.1   8.9   90.0   3.2   5.5   80.0   3.0   0.6   70.0   4.5  -2.6
 60.0   6.6   6.5   50.0  20.8  -3.7   45.0  16.3  -1.1   40.0  15.2   0.1
 35.0  16.7  -2.2   30.0  12.9  -7.5   25.0   0.4  -0.9   22.5  -6.7   2.9
 20.0 -12.7   2.2   15.0 -25.4   0.7   12.0 -27.4   8.9   10.0 -25.3   6.8
  8.0 -28.0  -0.8    7.0 -32.0  -5.3    6.0 -29.4 -10.0    5.0 -11.2   5.7
  4.0  25.1   2.2

 21. 5.2023   0 Uhr

 99.9 -11.1   4.0   93.7 -10.2   5.9   90.2  -3.4   2.4   87.9  -3.0   0.8
 83.3   0.4   2.0   82.3   2.0  -0.4   82.0   2.9  -1.1   80.2   7.1  -1.3
 78.1   4.8  -1.8   73.9   8.2  -0.0   70.6   6.0  -1.6   70.0   6.0  -1.6
 68.2   9.2  -0.8   63.8   8.4  -3.9   62.4   7.2   0.6   59.2   8.9   4.1
 51.8  14.5  -6.7   50.0  14.0  -5.1   46.7   7.0  -1.9   44.9   8.7   3.2
 42.9  14.5   6.7   38.5  16.0  -5.8   32.2  12.1  -4.4   30.2   9.8  -0.0
 30.0   9.7   0.9   27.3   7.7  -2.8   26.5   5.1   0.4   25.9   3.9  -1.4
 25.5   4.0  -1.1   24.7   2.0   2.4   23.0  -0.2   2.0   22.9  -0.4   0.9
 22.7  -2.0   0.2   22.1  -6.2  -3.6   21.6 -10.2  -5.9   20.4 -16.7   2.9
 20.0 -16.4   4.4   18.0 -19.8  -3.5   17.4 -24.1   2.1   14.5 -36.9   3.2
 12.5 -31.8  -2.8

 99.9 -11.1   4.0   90.0  -3.3   2.2   80.0   6.9  -1.3   70.0   6.0  -1.6
 60.0   8.4   3.2   50.0  14.0  -5.1   45.0   8.6   2.9   40.0  15.4  -1.4
 35.0  13.9  -5.0   30.0   9.7   0.9   25.0   2.7   1.1   22.5  -3.4  -1.1
 20.0 -16.4   4.4   15.0 -34.6   3.0   12.0   0.0   0.0   10.0   0.0   0.0
  8.0   0.0   0.0    7.0   0.0   0.0    6.0   0.0   0.0    5.0   0.0   0.0
  4.0   0.0   0.0

 21. 5.2023  12 Uhr

 99.9  -9.1   9.1   94.8  -6.5   3.0   88.9   0.9   0.4   88.5   0.2  -1.0
 88.2  -0.4  -0.9   87.5  -1.8  -2.5   85.3  -1.4  -3.9   83.3   1.8  -2.5
 81.3   1.5  -2.7   79.5   3.2  -2.6   78.3   2.1  -3.6   71.2   1.3  -2.8
 70.8   2.0   0.5   70.0   3.9   3.3   69.8   3.6   3.6   65.5   4.4   4.4
 63.0   8.7   3.2   61.1   9.2   3.3   58.5   9.4  -2.5   50.3  13.4  -3.6
 50.0  12.4  -3.3   46.0   9.7   0.9   43.7  15.9  -1.4   39.1  12.0 -12.0
 35.1  12.9  -7.5   31.6  10.4   2.8   30.4  12.9  -0.0   30.0  11.8  -0.0
 29.0   9.2   3.3   26.4  11.1   4.0   24.7   3.1  -0.0   24.5   0.6  -0.8
 24.4   0.4  -0.9   24.0   1.3   1.6   23.6   0.0   2.1   23.3  -1.9   0.7
 22.1  -9.1  -1.6   20.9 -14.7   2.6   20.0 -19.0  -1.7   19.3 -22.8  -4.0
 17.4 -29.0  10.6   16.6 -30.7   2.7   14.8 -30.8   8.3   13.1 -28.4  -5.0
 11.2 -32.8  -2.9   10.0 -29.7  -2.6    8.5 -25.8 -14.9    7.6 -34.0   0.0
  7.4 -34.0   0.0    5.8 -26.1   2.3    5.6 -26.1   2.3    5.5 -26.1   2.3
  5.3 -14.7   2.6    5.0  -5.3   6.3    4.7  -5.1   3.5    4.6  -3.6  -2.1
  4.4   1.1  -2.9    4.1  -0.6  -7.2    3.9   9.4  -5.4    3.8  15.0  -5.5


 99.9  -9.1   9.1   90.0  -0.5   0.9   80.0   2.7  -2.7   70.0   3.9   3.3
 60.0   9.3   0.9   50.0  12.4  -3.3   45.0  12.4  -0.1   40.0  12.8  -9.9
 35.0  12.9  -7.2   30.0  11.8  -0.0   25.0   4.5   0.7   22.5  -6.7  -0.8
 20.0 -19.0  -1.7   15.0 -30.8   7.6   12.0 -30.9  -3.8   10.0 -29.7  -2.6
  8.0 -30.3  -6.8    7.0 -32.1   0.5    6.0 -27.2   2.0    5.0  -5.3   6.3
  4.0   4.3  -6.3

 22. 5.2023   0 Uhr

 99.9   2.8  -1.3   98.0   5.0  -1.3   90.9   4.4  -4.4   86.2  -1.7  -3.7
 84.3  -2.8   1.3   79.9  -1.9  -0.7   78.3  -0.0  -3.1   75.0   2.2  -4.7
 73.0   6.1   1.1   70.0  11.4   3.1   69.2  13.4   3.6   63.3  11.7   5.4
 58.2  11.4  -9.6   54.5  11.1  -6.4   50.4   2.6  -3.2   50.0   3.4  -2.4
 49.0   6.8   2.5   47.7  12.7   2.2   46.3  12.1   4.4   41.7   9.7  -6.8
 39.3   3.1  -0.0   38.0   5.1   5.1   35.7   6.2   3.6   32.5  13.0  10.9
 30.0  15.4   4.1   27.4  10.8  -0.0   25.8   3.9   1.4   25.3   1.1   4.0
 24.4  -2.1   3.6   22.8  -7.0   1.9   21.5 -15.9   1.4   20.7 -16.0  -5.8
 20.0 -17.9  -6.5   18.5 -29.8   0.0   17.9 -26.9   4.7   16.8 -28.7  -2.5
 15.7 -32.8   2.9   15.0 -29.7   2.6   10.0 -32.4  -5.7    9.6 -33.8  -3.0
  9.1 -32.9   0.0    7.4 -42.7  11.5    6.0 -31.8   2.8    5.5 -13.0 -10.9
  5.1  -8.6 -12.2    4.9 -12.1  -4.4    4.8  -5.9  -4.1    4.6   4.4  -4.4


 99.9   2.8  -1.3   90.0   3.2  -4.2   80.0  -2.0  -0.7   70.0  11.4   3.1
 60.0  11.5  -4.2   50.0   3.4  -2.4   45.0  11.4   1.3   40.0   5.0  -2.0
 35.0   7.7   5.2   30.0  15.4   4.1   25.0   0.0   3.8   22.5  -9.0   1.8
 20.0 -17.9  -6.5   15.0 -29.7   2.6   12.0 -31.2  -2.1   10.0 -32.4  -5.7
  8.0 -39.1   7.2    7.0 -39.8   9.1    6.0 -31.8   2.8    5.0 -10.3  -8.3
  4.0   0.0   0.0

 22. 5.2023  12 Uhr

 99.9  -3.1   5.3   94.0  -0.7   0.7   93.5  -0.6  -0.8   93.0  -0.2  -2.0
 87.1  -1.8  -4.8   82.6  -8.0  -2.1   78.0  -2.0   0.4   76.9  -0.5   3.0
 70.0   6.5   6.5   69.1   8.0   4.6   65.9   8.8   6.2   59.4   8.0  -5.6
 55.1   8.9  -2.4   53.2   7.0   1.9   50.7  13.1   4.8   50.0  15.4   4.1
 47.5  18.7  -3.3   43.7  12.6  -5.9   42.8   8.9  -2.4   38.8  16.3   7.6
 33.4  12.9   7.5   30.5  15.7  -2.8   30.0  12.7  -2.2   28.9  11.8  -0.0
 26.3   5.6  -2.6   25.9   2.9   1.1   24.2  -0.4   5.1   23.0  -3.7  -1.7
 21.9  -7.7  -2.8   20.8 -15.9   1.4   20.0 -17.7  -3.1   18.8 -27.8   0.0
 17.9 -23.7   8.6   17.1 -31.8   2.8   16.1 -32.4   5.7   14.9 -32.4  -5.7
 13.0 -34.8   9.3   10.0 -35.9   3.1    9.6 -36.9   3.2    8.0 -45.1  -3.9
  6.7 -30.9   0.0    6.0 -30.9   0.0    5.0 -15.9  -1.4

 99.9  -3.1   5.3   90.0  -1.0  -3.4   80.0  -4.6  -0.7   70.0   6.5   6.5
 60.0   8.1  -4.5   50.0  15.4   4.1   45.0  14.7  -5.0   40.0  14.1   4.5
 35.0  14.0   7.5   30.0  12.7  -2.2   25.0   1.1   3.2   22.5  -5.5  -2.2
 20.0 -17.7  -3.1   15.0 -32.4  -4.7   12.0 -35.1   7.4   10.0 -35.9   3.1
  8.0 -45.1  -3.9    7.0 -34.3  -1.0    6.0 -30.9   0.0    5.0 -15.9  -1.4
  4.0   0.0   0.0

 23. 5.2023   0 Uhr

 99.9  -0.6   7.2   95.1  -2.2   4.7   92.8  -3.7  -1.7   91.8  -5.1  -3.5
 88.6  -7.7  -2.8   83.7  -7.6   7.6   77.1  -0.7   1.9   76.6   2.0   0.4
 76.2   4.1  -0.4   72.6   8.9  -4.1   70.0   9.2  -0.8   69.8   9.3  -0.0
 65.5   7.2  -0.6   61.4  12.1  -4.4   58.2   9.4  -2.5   56.4   8.0  -4.6
 54.3   8.9   4.1   52.5  11.1   6.4   51.1  17.4   4.7   50.0  17.4   4.7
 44.2   8.7  -3.2   41.7   6.5   6.5   33.5   7.5   6.3   32.6   9.4   2.5
 30.0  10.8   0.9   28.4  11.8   1.0   27.2   9.4  -2.5   25.6   5.1   3.5
 24.9   3.0  -0.5

 99.9  -0.6   7.2   90.0  -6.6  -3.1   80.0  -3.8   4.5   70.0   9.2  -0.8
 60.0  10.9  -3.6   50.0  17.4   4.7   45.0   9.9  -2.0   40.0   6.7   6.5
 35.0   7.3   6.3   30.0  10.8   0.9   25.0   3.3   0.1   22.5   0.0   0.0
 20.0   0.0   0.0   15.0   0.0   0.0   12.0   0.0   0.0   10.0   0.0   0.0
  8.0   0.0   0.0    7.0   0.0   0.0    6.0   0.0   0.0    5.0   0.0   0.0
  4.0   0.0   0.0

 23. 5.2023  12 Uhr

 99.9  -6.5   6.5   95.8  -8.4   3.9   90.7  -1.3  -5.0   87.2  -3.1  -5.3
 86.1  -5.3  -3.1   84.7  -7.0  -1.9   80.3   0.9   5.1   73.3   9.4   2.5
 70.6   8.3   6.9   70.0   9.1   7.6   65.6   6.5   3.0   64.3   5.1  -3.5
 62.2   6.5  -6.5   59.7   8.9  -2.4   56.1  13.7   2.4   50.1  14.9  -0.0
 50.0  14.9  -0.0   41.9   5.6   8.0   40.0   9.8   4.6   38.1  12.6   5.9
 35.0  11.1  -6.4   32.2  13.9  -9.7   30.0  13.4  -3.6   29.3  11.1  -4.0
 27.2   9.2   3.3   24.6   4.1  -0.4   24.3   0.3  -3.1   24.2  -0.7  -4.1
 22.3 -11.1  -6.4   21.0 -19.8  -7.2   20.0 -24.2   0.0   18.6 -20.0   1.7
 17.5 -27.3   0.0   15.6 -28.4  -5.0   14.3 -26.1  -2.3   12.6 -30.0 -10.9
 11.4 -31.4  -5.5   10.0 -27.3   0.0    8.5 -24.1  -2.1    7.0 -36.9  -3.2
  6.4 -29.8   0.0    6.1 -31.9   0.0    5.9 -35.0   0.0    5.3 -18.4   4.9


 99.9  -6.5   6.5   90.0  -1.7  -5.0   80.0   1.2   5.0   70.0   9.1   7.6
 60.0   8.7  -2.9   50.0  14.9  -0.0   45.0   9.3   4.8   40.0   9.8   4.6
 35.0  11.1  -6.4   30.0  13.4  -3.6   25.0   4.9   0.2   22.5 -10.0  -6.2
 20.0 -24.2   0.0   15.0 -27.4  -3.8   12.0 -30.7  -8.3   10.0 -27.3   0.0
  8.0 -28.2  -2.5    7.0 -36.9  -3.2    6.0 -33.4   0.0    5.0   0.0   0.0
  4.0   0.0   0.0

 25. 5.2023   0 Uhr

 99.9  -1.4  -8.1   98.7  -0.5  -2.0   98.6   0.1  -1.0   98.3   1.0  -0.3
 98.2   2.0   0.2   96.9   4.7   2.2   90.8   8.0   4.6   87.8   3.1  -0.0
 84.8   4.0   1.1   82.5   3.3  -3.9   76.5  -0.9  -9.7   71.5   0.2  -1.0
 70.3   2.0  -0.2   70.0   3.1  -0.0   64.1  14.0   5.1   59.9  12.2   8.6
 55.3  10.8   0.9   51.2   8.2   0.7   50.0   8.9   2.4   45.0   5.8   5.8
 42.3  12.8  -1.1   36.9   8.0 -13.8   34.5   4.2  -3.0   33.4   4.1   0.4
 30.9  13.7   2.4   30.0  14.4   3.9   28.4  15.0   5.5   27.1   8.5   4.9
 25.4   2.0  -2.4   24.9  -3.9  -1.4   23.9  -6.2   3.6   22.4 -17.9  -1.6
 21.8 -24.1  -2.1   20.2 -17.4   4.7   20.0 -17.9   1.6   19.4 -21.0  -1.8
 17.7 -23.8  -4.2   16.2 -32.4  -5.7   13.7 -25.2   0.0

 99.9  -1.4  -8.1   90.0   6.7   3.4   80.0   1.6  -6.3   70.0   3.1  -0.0
 60.0  12.3   8.5   50.0   8.9   2.4   45.0   5.8   5.8   40.0  10.8  -6.4
 35.0   5.0  -5.3   30.0  14.4   3.9   25.0  -2.7  -1.6   22.5 -17.1  -1.2
 20.0 -17.9   1.6   15.0 -29.1  -3.1   12.0   0.0   0.0   10.0   0.0   0.0
  8.0   0.0   0.0    7.0   0.0   0.0    6.0   0.0   0.0    5.0   0.0   0.0
  4.0   0.0   0.0

 25. 5.2023  12 Uhr

 99.9 -11.1  -6.4   96.0  -5.8  -2.1   94.7  -4.1   0.7   89.6  -0.8  -0.6
 88.7   0.2   1.0   86.7   0.8   0.6   85.0   1.0   0.4   84.4   0.3  -1.0
 84.0  -0.0  -3.1   78.1  -0.8  -9.2   74.2  -3.6  -6.2   71.7   2.8  -1.3
 70.2   7.2  -0.6   70.0   8.2  -0.0   67.9  10.4  -2.8   60.7  15.9   1.4
 56.1  10.4   2.8   53.6   7.6  -5.3   50.5   6.3  -5.3   50.0   5.5  -4.6
 47.4   6.1  -1.1   40.3  12.2 -10.3   37.8  12.0  -6.9   36.1   9.8  -0.0
 35.4  11.4   3.1   33.9  22.8   4.0   30.0  16.9  -1.5   26.8   9.6  -1.7
 24.9   1.2  -1.7   24.5  -2.0  -0.2   24.3  -3.7   1.7   22.6  -9.8   4.6
 21.8 -15.9   0.0   20.5 -22.1   0.0   20.0 -22.0  -1.9   19.5 -22.4  -6.0
 15.3 -28.7   2.5   14.4 -24.1  -2.1   13.1 -26.1  -9.5   11.9 -35.8  -9.6
 11.7 -31.8  -8.5   10.0 -28.4  -5.0    9.1 -34.8   3.0    8.0 -27.7   2.4
  7.4 -26.1   2.3    6.8 -30.9   0.0    6.1 -31.8  -2.8    5.5 -27.4  -4.8
  5.2 -15.9   0.0

 99.9 -11.1  -6.4   90.0  -1.1  -0.5   80.0  -0.5  -7.2   70.0   8.2  -0.0
 60.0  15.1   1.6   50.0   5.5  -4.6   45.0   8.1  -4.1   40.0  12.2  -9.9
 35.0  14.4   3.3   30.0  16.9  -1.5   25.0   1.6  -1.7   22.5 -10.6   4.0
 20.0 -22.0  -1.9   15.0 -27.2   1.0   12.0 -34.9  -9.6   10.0 -28.4  -5.0
  8.0 -27.7   2.4    7.0 -29.3   0.8    6.0 -31.1  -3.1    5.0   0.0   0.0
  4.0   0.0   0.0

 26. 5.2023   0 Uhr

 99.9   1.0  -1.8   98.2   0.8  -0.7   90.9  -0.0  -3.1   88.8   2.4  -2.0
 83.2   2.4  -2.0   79.9   0.4   1.0   79.4  -0.7  -0.7   75.8  -0.3  -3.1
 74.8   3.0  -0.8   74.3   3.1   0.3   71.7   6.5   3.0   70.0   8.2  -0.0
 67.9   5.9  -4.1   66.6   7.1  -1.3   60.7  11.8  -1.0   56.9  13.1  -9.1
 54.1   6.9  -6.9   50.2   7.2  -0.0   50.0   7.2  -0.0   48.9   5.3  -3.1
 47.2   5.9  -4.1   46.1   8.0  -2.1   41.0  16.9  -6.2   34.8  14.0   5.1
 30.1   7.5  -6.3   30.0   7.6  -5.3   29.1   7.0   1.9   23.9   1.3   7.1
 23.5  -8.4   3.9   23.3 -11.7   2.1   22.3 -19.8  -3.5   21.2 -26.2   0.0
 20.0 -25.1   2.2   10.3 -28.4  -5.0   10.0 -26.9  -4.7    9.6 -23.1  -2.0
  8.8 -31.4  -5.5    7.0 -25.8  -4.6    5.8 -17.9   1.6    5.7 -23.2   0.0
  5.4  -4.1   0.4    5.2  -4.7   6.7    4.8 -14.4   3.9    4.3  -8.9   4.1
  4.2  -3.3   3.9    4.1   2.6   4.5    4.0   7.5   6.3    3.9  14.7  10.3


 99.9   1.0  -1.8   90.0   1.0  -2.6   80.0   0.4   0.9   70.0   8.2  -0.0
 60.0  12.0  -2.5   50.0   7.2  -0.0   45.0   9.8  -3.0   40.0  16.5  -4.4
 35.0  14.1   4.7   30.0   7.6  -5.3   25.0   2.5   5.9   22.5 -18.1  -2.4
 20.0 -25.1   2.2   15.0 -26.6  -1.1   12.0 -27.7  -3.5   10.0 -26.9  -4.7
  8.0 -29.0  -5.1    7.0 -25.8  -4.6    6.0 -19.3   0.5    5.0  -9.5   5.3
  4.0   7.5   6.3

 26. 5.2023  12 Uhr

 99.9   2.9  -1.1   98.0   3.1  -0.0   93.7   0.9   0.4   92.8  -1.0  -0.1
 92.0  -0.9  -0.4   88.9  -2.0  -0.5   85.8  -1.6  -1.3   82.2  -5.1   0.9
 78.5  -6.8  -2.5   76.8  -7.2  -0.6   74.8  -0.8   0.7   73.9   1.2   1.7
 70.0   7.0   1.9   67.4   8.4  -3.9   60.6  16.0  -5.8   54.3   8.3  -9.9
 51.5   6.0  -7.1   50.0   6.7  -4.7   49.4   7.5  -3.5   48.1   6.5  -3.0
 46.1   8.2   0.7   43.2  14.9   1.3   38.7  13.7  -2.4   36.7  17.9   1.6
 31.0   9.3  -0.0   30.0  11.1   4.0   29.3   9.9   8.3   26.7   9.4   5.4
 25.6   6.0  -1.6   25.1  -1.9  -7.0   21.4 -21.0   1.8   20.1 -20.0   1.7
 20.0 -20.1   0.0   18.4 -29.7   2.6   16.3 -27.8   7.5   14.8 -27.3   0.0
 12.8 -28.4   5.0   10.0 -34.0   0.0    7.1 -38.5  -6.8    6.9 -29.4  -5.2
  6.2 -25.2   0.0    5.8 -14.4   3.9    5.2  -5.1  -3.5    5.0   1.1  -6.1
  4.9   5.3  -6.3

 99.9   2.9  -1.1   90.0  -1.6  -0.5   80.0  -6.1  -1.1   70.0   7.0   1.9
 60.0  15.2  -6.2   50.0   6.7  -4.7   45.0  10.7   0.9   40.0  14.0  -1.3
 35.0  15.5   1.1   30.0  11.1   4.0   25.0  -2.4  -6.7   22.5 -15.1  -0.9
 20.0 -20.1   0.0   15.0 -27.3   1.0   12.0 -29.9   3.7   10.0 -34.0   0.0
  8.0 -37.0  -4.5    7.0 -34.0  -6.0    6.0 -19.9   1.9    5.0   1.1  -6.1
  4.0   0.0   0.0

 27. 5.2023  12 Uhr

 99.9   0.7   8.2   97.7   0.6   7.2   93.9   4.6   5.5   90.1   3.6   3.6
 88.5   0.4   2.0   86.7   1.0  -0.1   86.2  -0.9  -0.5   83.0  -1.8   1.0
 82.8  -0.4   0.9   82.6   1.5   1.5   82.1   5.0   1.3   74.5  19.0  -1.7
 70.9  22.4  -6.0   70.0  21.4  -5.7   63.0   9.7  -6.8   61.0   1.8  -4.8
 58.6   1.8  -1.0   57.5   2.5   1.8   56.4   2.9   2.9   55.5  -0.5   3.0
 55.0  -1.3   5.0   51.2   8.0   2.1   50.0  10.8   0.9   46.5  10.7  -5.0
 44.8   8.9  -4.1   43.0  11.7   2.1   39.6  17.4   4.7   33.9  11.8  -0.0
 30.0  11.4   3.1   29.3  13.4   3.6   27.8   6.2  -3.6   26.5   4.7  -4.0
 25.5  -5.6  -2.6   24.7  -9.4   2.5   23.0 -12.8   1.1   21.7 -18.4   4.9
 20.0 -15.9  -1.4   18.5 -18.7  -3.3   17.9 -20.1   0.0   15.5 -23.7  -8.6
 13.8 -25.1  -2.2   12.0 -32.8  -2.9   10.4 -28.7   2.5   10.0 -31.8   2.8
  6.6 -40.0  -3.5    5.9 -29.0 -10.6

 99.9   0.7   8.2   90.0   3.4   3.5   80.0   8.7   0.5   70.0  21.4  -5.7
 60.0   1.8  -3.3   50.0  10.8   0.9   45.0   9.1  -4.2   40.0  16.7   4.3
 35.0  13.0   0.9   30.0  11.4   3.1   25.0  -8.0   0.6   22.5 -14.9   2.6
 20.0 -15.9  -1.4   15.0 -24.1  -6.8   12.0 -32.8  -2.9   10.0 -31.8   2.8
  8.0 -36.3  -0.7    7.0 -38.9  -2.7    6.0 -30.6  -9.5    5.0   0.0   0.0
  4.0   0.0   0.0

 28. 5.2023   0 Uhr

 99.9  -0.8   0.6   99.7  -0.7   0.7   99.1   0.7  -0.8   95.3   2.4  -3.4
 93.7  -0.4  -4.1   87.1  -4.6  -8.0   84.1  -2.5   1.8   83.0   0.9   1.9
 81.1   7.1   4.1   78.4  12.1   4.4   73.7  13.4   3.6   70.0   6.2   3.6
 69.2   4.7   2.2   67.5   1.8  -1.0   66.6   1.9   0.9   64.3   8.2   0.7
 62.1   3.0   0.5   61.1  -1.2   1.7   60.7  -2.0   2.4   59.6   3.4   2.4
 53.9   8.4   8.4   51.4  12.4   3.3   50.0  14.4   3.9   46.6   9.1   1.6
 44.9  11.1   4.0   37.0  12.7  -2.2   35.8   8.1   1.4   34.3  10.2   3.7
 30.7   9.7  -0.9   30.0   8.5  -4.9   28.7   7.4 -10.5   26.6   1.0 -11.8
 23.7  -2.2   4.7   22.7  -6.0  -1.6   21.1 -13.9   0.0   20.4 -13.1  -4.8
 20.0 -17.9  -6.5   18.6 -20.0   1.7   15.2 -29.4  -5.2   12.0 -32.9   0.0
 11.3 -27.3   0.0   10.0 -35.0   0.0    9.8 -35.0   0.0    8.0 -28.7   2.5


 99.9  -0.8   0.6   90.0  -2.7  -6.3   80.0   9.1   4.2   70.0   6.2   3.6
 60.0   1.4   2.4   50.0  14.4   3.9   45.0  11.0   3.9   40.0  12.1   0.3
 35.0   9.2   2.6   30.0   8.5  -4.9   25.0  -0.7  -2.9   22.5  -6.9  -1.4
 20.0 -17.9  -6.5   15.0 -29.6  -4.9   12.0 -32.9   0.0   10.0 -35.0   0.0
  8.0 -28.7   2.5    7.0   0.0   0.0    6.0   0.0   0.0    5.0   0.0   0.0
  4.0   0.0   0.0

 28. 5.2023  12 Uhr

 99.9  -1.0  -0.3   96.1  -2.1   0.0   93.9  -0.7  -4.1   83.9  -5.8  -5.8
 83.1  -6.5  -3.0   81.4  -1.8   4.8   80.7   0.0   6.2   75.9   9.7   6.8
 70.0  10.2   3.7   69.7  10.4   2.8   67.8   4.5   2.6   66.1   5.1  -0.0
 65.3   0.9   0.5   65.0  -0.7   0.7   64.0  -0.9   0.4   63.5   0.5   0.9
 63.2   1.5   1.5   57.4   7.5   3.5   54.2  13.4  -3.6   50.7  15.4  -7.2
 50.0  14.5  -6.7   45.9   7.5  -3.5   44.2   7.0   1.9   41.0   8.7  -3.2
 38.4  12.6  -5.9   36.0   9.4  -5.4   34.9   8.1  -1.4   30.0  11.7  -5.4
 28.0  -3.9  -8.4   26.7  -3.1   5.3   25.4   0.9  10.8   24.1  -4.4   4.4
 22.7 -16.0   5.8   21.6 -15.9   0.0   20.2 -22.0   1.9   20.0 -23.1   2.0
 17.5 -20.1   0.0   15.5 -28.7   2.5   14.0 -27.4   4.8   13.7 -23.8   4.2
 13.1 -30.9   0.0   10.0 -35.0   0.0    7.9 -34.0   0.0    7.0 -41.0   3.6
  6.8 -41.0   3.6    6.3 -23.4   6.3

 99.9  -1.0  -0.3   90.0  -2.7  -4.7   80.0   1.4   6.3   70.0  10.2   3.7
 60.0   4.7   2.6   50.0  14.5  -6.7   45.0   7.2  -0.7   40.0  10.2  -4.2
 35.0   8.2  -1.8   30.0  11.7  -5.4   25.0  -0.7   8.8   22.5 -16.0   4.8
 20.0 -23.1   2.0   15.0 -28.3   3.3   12.0 -32.2   0.0   10.0 -35.0   0.0
  8.0 -34.0   0.0    7.0 -41.0   3.6    6.0   0.0   0.0    5.0   0.0   0.0
  4.0   0.0   0.0

 29. 5.2023   0 Uhr

 99.9 -11.3 -11.3   91.2 -19.3 -16.2   87.0 -14.0  -5.1   80.2  -0.5   0.9
 79.9   1.0   0.2   79.7   1.0  -0.0   78.6   2.9   1.1   74.3   6.2   3.6
 70.0   6.0   1.6   69.8   5.0   1.3   68.2   2.1   3.6   67.2  -3.4   2.4
 66.8  -5.8   2.1   63.4  -4.9   8.5   62.0   4.1   5.9   58.0  12.8   1.1
 50.5  13.1  -4.8   50.0  12.1  -4.4   48.6   9.7   0.9   46.4  16.3   7.6
 41.6  12.7  -2.2   38.3   0.9  -5.1   36.3   8.1   1.4   32.8   9.1  -1.6
 32.0   4.7  -4.0   30.0   3.1  -5.3   27.8 -10.2   5.9   25.6  -1.1   6.1
 23.9  -6.3   5.3   22.7  -9.8   9.8   20.5 -18.0   0.0   20.0 -19.0   0.0
 14.9 -31.8   2.8   14.4 -27.3   0.0   13.8 -26.1  -2.3   12.2 -44.1  -3.9
 11.7 -44.2   0.0   10.6 -39.5   7.0   10.0 -38.1   0.0    8.4 -36.0   0.0
  7.6 -42.0  -3.7    7.2 -36.9  -3.2

 99.9 -11.3 -11.3   90.0 -17.8 -13.1   80.0   0.5   0.4   70.0   6.0   1.6
 60.0   8.4   3.5   50.0  12.1  -4.4   45.0  15.3   4.8   40.0   7.0  -3.6
 35.0   8.5   0.3   30.0   3.1  -5.3   25.0  -2.9   5.8   22.5 -10.5   9.0
 20.0 -19.0   0.0   15.0 -31.5   2.7   12.0 -44.1  -2.3   10.0 -38.1   0.0
  8.0 -39.0  -1.8    7.0 -34.3  -3.0    6.0   0.0   0.0    5.0   0.0   0.0
  4.0   0.0   0.0

 29. 5.2023  12 Uhr

 99.9  -8.0  -2.1   97.8  -9.8   0.0   89.2 -21.0  -1.8   87.1 -15.7   2.8
 83.8  -4.7   6.7   79.8  -1.8   4.8   74.5   0.2   1.0   74.0  -0.0  -1.0
 70.0  -5.1  -3.5   69.3  -5.6  -2.6   68.2  -4.1   0.7   67.0  -5.1   0.0
 63.8  -0.4   1.0   63.4   1.0  -0.1   62.2   5.1  -3.5   59.6   8.3  -6.9
 58.1  12.6  -5.9   53.3   6.2  -8.8   51.7   7.6  -7.6   50.2   3.0  -6.5
 50.0   2.6  -5.6   47.3   9.6   1.7   44.7  16.3   7.6   40.5  14.4   3.9
 37.9   8.0   5.6   36.5   1.4   8.1   35.1   8.9   4.1   31.6   8.2  -0.7
 30.8   2.9   1.1   30.1  -1.7   3.7   30.0  -2.1   3.6   29.4  -0.9   5.1
 28.4  -5.3   7.6   27.1   4.4  12.1   25.7  -1.1   6.1   25.0  -3.2  -2.6
 23.7  -9.1   1.6   21.9 -17.9  -6.5   20.0 -22.0  -1.9   18.3 -27.2   2.4
 16.4 -32.9   0.0   13.8 -29.7   2.6   12.8 -41.0   3.6   12.3 -41.0   3.6
 11.3 -34.8  -3.0   10.0 -35.9  -3.1    9.0 -37.9  -3.3    6.7 -36.9  -3.2
  5.6 -13.1  -4.8

 99.9  -8.0  -2.1   90.0 -19.9  -1.7   80.0  -1.9   4.9   70.0  -5.1  -3.5
 60.0   7.8  -6.4   50.0   2.6  -5.6   45.0  15.5   6.9   40.0  13.2   4.2
 35.0   8.8   4.0   30.0  -2.1   3.6   25.0  -3.2  -2.6   22.5 -14.9  -3.8
 20.0 -22.0  -1.9   15.0 -31.3   1.4   12.0 -39.2   1.6   10.0 -35.9  -3.1
  8.0 -37.5  -3.3    7.0 -37.0  -3.2    6.0 -22.1  -4.2    5.0   0.0   0.0
  4.0   0.0   0.0

 30. 5.2023   0 Uhr

 99.9   0.0   4.1   98.8  -1.3   5.0   96.9  -3.9   1.4   93.2 -11.4  -3.1
 89.7 -16.9  -6.2   82.3  -6.0   7.1   80.3  -8.5   4.9   76.5  -4.4  -4.4
 74.9  -3.5  -5.1   70.0 -10.8   0.0   66.4  -1.7   3.7   65.0   2.5   1.8
 61.8   8.9  -2.4   58.8  16.0  -5.8   54.7   7.0  -1.9   53.3   6.5   6.5
 50.0  12.2  10.3   48.4  11.3  11.3   43.7  14.9   1.3   38.6  10.8   0.9
 35.7  12.6   5.9   33.2  15.4  -4.1   30.9   4.8  -1.8   30.0   2.9   2.9
 29.8   3.0   4.2   27.3   1.1   4.0   26.8  -3.1   0.3   26.2  -5.9  -4.1
 24.2  -6.8  -9.7   23.0 -12.8  -1.1   21.9 -22.0  -1.9   20.0 -23.1   2.0
 18.8 -27.7   2.4   14.6 -30.8  -8.3   13.4 -33.8   3.0   10.8 -32.8  -2.9
 10.0 -35.5  -6.3    9.8 -39.1   0.0    8.5 -35.0   0.0    7.1 -41.0  -3.6
  6.2 -27.8  -7.5

 99.9   0.0   4.1   90.0 -16.4  -5.9   80.0  -8.1   4.2   70.0 -10.8   0.0
 60.0  13.1  -4.4   50.0  12.2  10.3   45.0  13.8   4.1   40.0  11.9   1.0
 35.0  13.4   3.1   30.0   2.9   2.9   25.0  -6.4  -7.4   22.5 -17.0  -1.5
 20.0 -23.1   2.0   15.0 -30.5  -7.2   12.0 -33.3  -0.1   10.0 -35.5  -6.3
  8.0 -37.0  -1.2    7.0 -39.6  -4.0    6.0   0.0   0.0    5.0   0.0   0.0
  4.0   0.0   0.0

 30. 5.2023  12 Uhr

 99.9 -10.8  -0.9   92.7 -15.0  -5.5   88.1 -10.8   0.9   82.0 -14.4   3.9
 76.4  -6.5  -6.5   71.9  -6.2   0.0   70.1  -1.3   5.0   70.0  -0.9   5.1
 68.4   0.9   5.1   66.4   8.7   3.2   62.0  13.4   3.6   55.5   5.9  -4.1
 53.9   6.1   1.1   51.6  16.9   6.2   50.0  17.9   6.5   41.9  18.9  -6.9
 40.3  16.4  -4.4   37.5  11.1   4.0   35.3  14.4   3.9   31.7   4.7  -4.0
 31.3   3.0  -0.8   30.7   0.8   3.0   30.0   4.4   4.4   29.1   3.0   6.5
 28.5   5.1   5.1   26.0   0.9   0.5   25.8  -0.1  -1.0   24.9  -0.3  -3.1
 24.3  -5.1  -3.5   23.7 -12.1  -4.4   21.7 -21.9 -10.2   20.7 -26.1  -2.3
 20.0 -23.1  -2.0   17.0 -30.4   5.4   10.8 -37.9   3.3   10.2 -34.8   9.3
 10.0 -30.9  11.3    8.3 -30.7   2.7    6.8 -30.8   8.3

 99.9 -10.8  -0.9   90.0 -12.5  -1.7   80.0 -11.6   0.2   70.0  -0.9   5.1
 60.0  11.2   1.3   50.0  17.9   6.5   45.0  18.5  -1.5   40.0  15.8  -3.5
 35.0  13.6   3.2   30.0   4.4   4.4   25.0  -0.2  -2.8   22.5 -17.9  -7.8
 20.0 -23.1  -2.0   15.0 -32.6   4.8   12.0 -36.3   3.8   10.0 -30.9  11.3
  8.0 -30.8   3.7    7.0 -30.8   7.5    6.0   0.0   0.0    5.0   0.0   0.0
  4.0   0.0   0.0

 31. 5.2023   0 Uhr

 99.9 -22.7  -8.3   91.6 -24.8  -4.4   81.2 -12.6   5.9   75.8  -8.5  -4.9
 73.5  -9.3   0.0   70.2   2.8   7.7   70.0   3.9   8.4   66.2  17.9   6.5
 59.2  13.8  -1.2   56.6  11.7   2.1   54.7  17.7   3.1   50.0  17.0  -0.0
 49.3  14.7  -2.6   42.5  14.9  -1.3   40.5  15.4  -7.2   37.6  14.9  -1.3
 35.9  16.9  -6.2   32.9   0.7  -0.8   32.8   0.3  -1.0   32.6  -0.9   0.5
 32.2  -1.1   4.0   30.6   6.3   7.5   30.0   6.3   7.5   29.0   6.3  13.5
 27.6   1.9   7.0   26.7   1.7   1.2   26.2  -0.5  -3.0   25.3  -1.6  -6.0
 23.4 -11.1  -6.4   21.4 -22.1   0.0   20.0 -21.0   1.8   18.4 -20.1   0.0
 17.1 -25.8   4.6   15.9 -30.9   0.0   14.1 -28.7   2.5   14.0 -27.3   0.0
 13.5 -35.5  -6.3   11.0 -35.9   3.1   10.0 -31.8   8.5    7.8 -36.0   0.0
  7.3 -35.5   6.3

 99.9 -22.7  -8.3   90.0 -23.0  -2.9   80.0 -11.7   3.5   70.0   3.9   8.4
 60.0  14.3  -0.3   50.0  17.0  -0.0   45.0  14.8  -1.8   40.0  15.3  -6.2
 35.0  12.1  -4.6   30.0   6.3   7.5   25.0  -3.1  -6.0   22.5 -16.0  -3.6
 20.0 -21.0   1.8   15.0 -29.8   1.2   12.0 -35.7  -0.8   10.0 -31.8   8.5
  8.0 -35.6   0.8    7.0   0.0   0.0    6.0   0.0   0.0    5.0   0.0   0.0
  4.0   0.0   0.0


Monatsmittelwind fuer den  5 2023

Niveau Anzahl     U     V   DD FF
 [hPa]        [m/s] [m/s]     [kn]
  99.9     58 -11.7  -2.0   80 23
  90.0     58  -8.7  -1.5   80 17
  80.0     58  -1.6  -0.3   79  3
  70.0     58   5.9   0.3  267 12
  60.0     58  10.2  -1.1  276 20
  50.0     58  12.1  -0.4  272 24
  45.0     57  12.3   0.2  269 24
  40.0     57  13.2  -0.4  272 26
  35.0     57  12.5  -0.1  271 24
  30.0     57  10.9   0.1  270 21
  25.0     57   4.7  -0.1  271  9
  22.5     56  -2.7   0.3   95  5
  20.0     56 -13.2   0.1   90 26
  15.0     56 -27.2   0.4   91 53
  12.0     54 -30.1  -0.1   90 59
  10.0     53 -29.8  -0.0   90 58
   8.0     52 -32.3  -1.2   88 63
   7.0     48 -31.2  -1.3   88 61
   6.0     35 -28.8  -1.4   87 56
   5.0     22 -16.3   0.2   91 32
   4.0     11   8.3   0.5  266 16
