sing20160323.00
TTAA 73001 48698
99007 27625 33502 00093 26822 32005 92777 23842 29014
85514 19645 27521 70161 11280 35010 50589 04746 06010
40762 13556 12016 30974 28756 13021 25102 38321 15517
20251 51911 13015 15431 67156 10536 10667 78161 25514
88999
77999=
TTCC 73001 48698
70868 79561 28511 50063 75566 25516 30368 57983 18003
20630 50388 28036 10084 45789 07020
88822 82558 26039
77043 09094 409//=
TTDD 7300/ 48698
11822 82558 22727 81160 33637 73567 44593 73167 55461
77564 66432 71570 77410 70572 88383 72370 99368 65777
11330 62779 22279 55584 33265 55985 44259 52587 55203
49988 66170 51388 77116 47189 88104 48389 99043 31194
21212 11950 26528 22874 25036 33844 25540 44748 29020
55726 32014 66708 29013 77696 28510 88671 26008 99647
17511 11610 19513 22585 25518 33571 27524 44547 28019
55508 25016 66469 28010 77454 33004 88446 04010 99408
09028 11381 09027 22371 06525 33347 10025 44339 13021
55324 13510 66310 15001 77292 27012 88287 27515 99265
23522 11256 24030 22223 27531 33196 28537 44148 31534
55137 29512 66127 27023 77118 24512 88112 19006 99108
18510 11105 20010 22103 14507 33102 10011 44100 07020
55087 08553 66083 07054 77076 09562 88065 09560 99043
09094 11043 09092=
