sing20160330.12
TTAA 80121 48698
99009 30258 07010 00106 28857 05013 92794 22009 04016
85527 18837 21002 70176 11859 24501 50591 04970 32513
40763 12959 12524 30975 28958 10024 25103 38763 12017
20253 50963 30518 15433 65360 33023 10671 80148 26024
88999
77999=
TTCC 80121 48698
70869 81159 02533 50066 73566 20011 30374 57178 11020
20636 52379 28015 10086 47783 13019
88824 87337 19014 88505 73766 20011
77059 09088 414//=
TTDD 8012/ 48698
11824 87337 22767 81757 33715 80759 44691 81559 55619
75566 66599 69971 77570 69371 88505 73766 99457 70570
11421 72369 22406 67173 33379 70171 44369 64576 55277
55579 66272 55779 77256 51181 88215 50381 99187 53979
11140 51980 22133 46983 33117 52780 44101 47983 55090
37788 66084 35988 77077 39387 88073 39986 99064 39787
11053 32790
21212 11916 26023 22834 20017 33819 18512 44803 11003
55788 03510 66748 02031 77703 02533 88680 03020 99661
06510 11645 06513 22620 11011 33593 19513 44584 20517
55558 19528 66492 19510 77473 32501 88460 05010 99381
09055 11364 07049 22310 09021 33298 11020 44288 08518
55279 10511 66272 08510 77263 19003 88259 26010 99247
27030 11228 28518 22217 25014 33209 28516 44203 28516
55194 25014 66176 23517 77169 24515 88163 29011 99156
28516 11136 32512 22131 35514 33124 35012 44117 00510
55112 01508 66102 13011 77099 13021 88095 08535 99088
08553 11083 10578 22074 10582 33066 09574 44059 09088
55053 07584=
