sing20160330.00
TTAA 80001 48698
99012 27031 07004 00128 26232 03510 92813 21428 04017
85543 19061 32504 70184 09221 26505 50591 05160 01507
40763 13171 09027 30975 29757 10023 25103 38970 11019
20252 50567 27509 15433 65560 33526 10669 81950 30032
88999
77999=
TTCC 80007 48698
70867 79161 35020
88843 85546 22516
77999=
TTDD 8000/ 48698
11843 85546 22783 85549 33756 81758 44605 76566 55559
71370 66559 71370
21212 11942 29526 22832 21513 33819 21510 44793 29002
55760 34510 66747 00517 77732 00522 88702 35020 99677
01517 11659 05513 22640 04515 33559 20010=
