sing20160322.00
TTAA 72001 48698
99007 27421 04002 00088 26821 04006 92775 22816 36006
85511 18606 28511 70156 11470 02009 50589 03556 10515
40762 15161 12016 30974 28167 15013 25103 37331 18522
20252 50350 19023 15433 66736 18517 10667 82556 07024
88103 82550 06527
77999=
TTCC 72001 48698
70870 78161 24514 50063 74167 27015 30371 59379 25010
20627 55981 24526 10082 43790 07522
88758 81359 25022
77049 10565 418//=
TTDD 7200/ 48698
11925 76362 22758 81359 33680 76563 44583 78163 55504
73767 66430 74567 77386 64976 88354 62778 99283 56781
11257 59579 22154 51784 33150 52184 44116 42790 55106
44589 66096 40791 77091 42790 88077 36593 99070 37992
11053 30395 22047 31394
21212 11964 06529 22921 09011 33909 14507 44887 21510
55854 24015 66800 25029 77737 26023 88679 22519 99623
24012 11601 27510 22562 23010 33552 25013 44495 27515
55457 24510 66428 35002 77417 08510 88399 10031 99391
09039 11377 06529 22364 08529 33350 07519 44336 11010
55325 20002 66312 25010 77304 24011 88288 26505 99279
29515 11258 29532 22232 25528 33214 26026 44205 24528
55171 23526 66163 22010 77160 23505 88151 04510 99149
04512 11146 34515 22137 32524 33130 32020 44125 33019
55116 02018 66110 09510 77108 12012 88107 12513 99104
08016 11100 07521 22096 10538 33090 11547 44083 08546
55078 10051 66064 08537 77049 10565 88047 10562=
