sing20180109.12
TTAA 59121 48698
99007 26013 23003 00087 25417 25506 92773 21812 35014
85507 18225 35510 70145 08220 04011 50586 05357 07521
40758 15150 08528 30969 30556 10521 25096 40558 11538
20244 53561 12038 15422 69548 10049 10655 80359 10537
88120 79156 09563
77117 10067 413//=
TTCC 59121 48698
70859 76963 28013 50055 67573 36008 30366 60178 09547
20622 55581 08560 10084 45786 05508
88091 47585 03007
77149 10095 42646=
TTDD 5912/ 48698
11788 76364 22719 78562 33542 72368 44501 67573 55418
65575 66379 68173 77307 59578 88285 61177 99210 55580
11203 56380 22180 49784 33131 40189 44091 47585 55080
47186 66068 43188 77065 38391 88055 37991 99050 33794
11043 35393
21212 11973 11527 22923 06016 33867 06014 44843 34002
55760 28010 66727 23013 77718 23511 88701 27513 99667
29512 11651 27009 22645 25511 33623 25025 44557 28023
55530 27016 66518 28013 77510 30510 88492 04010 99474
06007 11453 12511 22443 13011 33430 07010 44416 09018
55385 08024 66361 06546 77336 08058 88310 10551 99290
09547 11211 07055 22191 09056 33149 10095 44140 11082
55116 09022 66112 10532 77107 12025 88103 10014 99100
05508 11097 01510 22091 03007 33090 01510 44087 36021
55081 01025 66076 03526 77073 06023 88070 03517 99069
04018 11066 09014 22065 10519 33062 11530 44060 08020
55058 08517 66055 10527 77053 11512 88052 12522 99051
11527 11048 10004 22045 11010 33044 09516 44043 11017=
