sing20180111.00
TTAA 61001 48698
99010 23800 35002 00107 23005 29006 92785 19600 28017
85512 15619 33023 70144 08006 35008 50586 05700 06513
40758 15532 08525 30969 30356 07534 25095 40939 07533
20243 54531 08043 15420 70339 08565 10650 82159 09062
88103 85556 09079
77110 09589 422//=
TTCC 61001 48698
70857 78561 27538 50054 69170 23515 30367 60377 07544
20622 53381 09558 10077 43587 10532
88702 78561 27539
77139 09079 41030=
TTDD 6100/ 48698
11908 72370 22832 71568 33702 78561 44629 75164 55600
76363 66547 69970 77429 64775 88280 59179 99252 61177
11203 52982 22179 56380 33169 52783 44150 51983 55117
40989 66096 44587 77049 30395 88047 30595
21212 11934 08029 22893 11010 33875 18003 44861 26510
55826 28529 66717 28043 77688 27031 88663 28022 99637
27021 11603 29513 22593 27018 33570 28518 44550 25016
55512 25517 66474 19513 77462 16510 88450 08505 99435
04510 11384 10547 22350 10051 33318 08040 44310 07040
55277 09543 66221 10046 77212 10549 88182 08059 99139
09079 11120 10052 22114 07040 33109 10034 44104 10029
55096 10537 66082 08028 77078 05522 88072 06013 99070
07035 11070 07516 22069 08019 33067 04514 44064 07011
55063 10512 66060 11026 77057 14013 88056 16518 99054
16024 11052 17019 22049 14523 33047 14529=
