sing20180102.12
TTAA 52121 48698
99005 26208 36002 00065 25614 35003 92747 20810 08011
85480 18222 22006 70127 11856 19503 50586 04127 27005
40759 14322 20003 30970 29725 15004 25098 40328 07508
20246 53150 36017 15424 69350 07524 10656 78362 10043
88110 84141 10053
77103 10559 425//=
TTCC 52127 48698
70858 71768 27522 50054 ///// /////
88999
77999=
TTDD 5212/ 48698
11830 81958 22756 80760 33702 71768 44592 74364
21212 11932 06017 22922 05015 33866 33010 44745 04010
55728 35002 66718 27510 77685 27028 88635 27530 99592
26026=
