sing20180114.12
TTAA 64121 48698
99008 24837 34003 00090 24041 34006 92768 19424 35022
85497 18050 32512 70135 08015 33510 50585 05907 23517
40756 16304 14025 30967 30728 05521 25094 40921 07041
20241 54341 07550 15419 69756 09066 10651 73568 12534
88109 82150 10087
77109 10087 415//=
TTCC 64127 48698
70858 76164 04508 50056 ///// /////
88999
77999=
TTDD 6412/ 48698
11737 76963 22629 70169 33523 70369
21212 11961 14016 22944 16011 33932 19509 44920 23512
55889 27018 66863 27525 77828 29019 88805 28014 99762
28506 11743 31510 22692 07010 33674 10010 44661 16006
55647 21510 66632 21013 77603 24526 88572 25033 99523
25021=
