sing20180126.00
TTAA 76001 48698
99005 25817 03002 00069 25424 34004 92754 22850 34508
85486 18024 28510 70125 10456 27006 50585 04950 14002
40757 15916 09019 30968 30334 13535 25095 40350 11541
20242 53947 13038 15420 69156 11058 10653 78963 10537
88111 82156 10581
77123 10590 43144=
TTCC 76001 48698
70855 74566 23510 50052 73567 29518 30360 61979 10063
20619 54383 09057 10073 44790 08027
88999
77150 08574 41620=
TTDD 7600/ 48698
11773 81760 22742 79962 33728 75365 44636 71768 55482
73967 66445 69573 77359 67176 88325 61180 99296 62379
11255 54983 22252 55183 33143 53784 44130 45190 55118
42790 66079 49188 77064 41991 88063 38192 99061 39192
11058 34593 22048 29795 33043 32594
21212 11966 11016 22950 12010 33929 18005 44885 26510
55835 26021 66771 27514 77761 26513 88743 21510 99714
24007 11700 23510 22685 20012 33654 22012 44641 24512
55626 24016 66610 27512 77549 29021 88532 27519 99478
32022 11471 33019 22460 02505 33434 12504 44420 08010
55384 10030 66353 09051 77299 09563 88266 08060 99191
09556 11150 08574 22129 08056 33114 10051 44096 07028
55084 14017 66083 15018 77078 13020 88075 09021 99072
08026 11066 03523 22063 06020 33061 03010 44054 11015
55054 11011 66052 33010 77050 02502 88048 10510 99045
10533 11043 10513=
