sing20180127.12
TTAA 77121 48698
99004 28838 20004 00057 28238 18508 92745 22813 00504
85480 18437 27514 70123 10442 27012 50585 05302 05012
40758 15135 04513 30969 30530 08517 25096 40547 09031
20244 52728 11539 15423 68545 12556 10655 81958 10057
88104 83556 09583
77105 09584 423//=
TTCC 77125 48698
70857 74166 31510 50053 74566 30517
88999
77999=
TTDD 7712/ 48698
11881 77762 22779 82359 33738 75963 44680 72967 55576
76564 66550 72168 77494 74166
21212 11940 10526 22914 08014 33876 32001 44836 29510
55804 32511 66782 32512 77746 01010 88701 31510 99685
26510 11642 24520 22618 26518 33573 25019 44555 29020
55542 29023 66494 30515=
