sing20180128.00
TTAA 78001 48698
99007 25819 35502 00083 25223 35003 92767 22649 31013
85498 18034 30019 70137 09857 29019 50585 06503 08012
40757 15157 07527 30968 30942 07021 25095 40942 10032
20242 53750 11536 15420 68550 11558 10653 81161 09054
88108 82359 10086
77110 10087 422//=
TTCC 78001 48698
70856 73767 32014 50053 69770 19023 30361 61778 09563
20618 54182 09564 10071 44188 09525
88999
77181 09578 41409=
TTDD 7800/ 48698
11904 77563 22773 79561 33729 76964 44716 73167 55670
73167 66615 76164 77514 68971 88451 72768 99278 57580
11212 53582 22161 54581 33143 49784 44098 43988 55089
46387 66078 46187 77054 31194 88053 31394
21212 11956 10525 22899 33501 33816 34010 44769 34510
55717 32014 66690 32012 77675 28014 88625 29024 99601
31015 11564 32017 22534 28512 33527 24008 44524 21010
55516 19516 66465 19525 77452 19020 88444 17510 99435
10504 11424 03010 22412 06013 33319 09066 44274 10557
55245 09055 66181 09578 77134 08569 88127 08557 99112
12048 11102 09028 22095 10023 33091 08518 44082 05525
55079 05023 66077 07023 77072 07024 88070 09020 99064
08022 11063 08510 22061 13001 33058 13510 44053 13023=
