sing20180124.00
TTAA 74001 48698
99005 25824 26502 00046 26438 23002 92748 21836 30018
85480 17422 30023 70119 09835 33514 50584 05935 07008
40756 15159 09009 30968 30157 07029 25095 40359 10035
20242 53537 12035 15421 68148 11552 10652 85349 09569
88101 85746 10073
77107 11082 428//=
TTCC 74001 48698
70855 72366 27525 50051 73366 22513 30359 63374 09056
20615 54777 10073 10070 44182 12506
88646 75764 28531
77141 09079 42038=
TTDD 7400/ 48698
11856 79760 22832 80360 33787 73366 44720 74965 55700
72366 66646 75764 77573 75963 88408 65972 99374 68371
11334 62974 22304 64173 33212 53177 44198 55177 55167
51578 66159 52578 77106 43782 88088 45381 99066 45182
11058 39984
21212 11950 07558 22864 09014 33853 09510 44835 12505
55795 25013 66765 28011 77730 25013 88698 27526 99653
28532 11531 27020 22492 21011 33473 23510 44458 19502
55448 13510 66434 15518 77408 10018 88388 11027 99360
08039 11330 09555 22272 08563 33224 09560 44206 10569
55191 09075 66184 08063 77157 07558 88141 09079 99134
08056 11126 07052 22114 08525 33103 13011 44099 12004
55090 33010 66086 32515 77083 34511 88078 34510 99072
28010 11070 28513 22066 21509 33063 24021 44062 23517
55061 21010 66059 27010 77058 27510 88058 30502=
