sing20180116.12
TTAA 66121 48698
99006 28456 04505 00074 27856 35007 92760 21413 35007
85489 16004 29512 70126 09656 29023 50584 05333 03510
40757 15336 11518 30967 31138 11027 25094 41941 11532
20241 54739 09539 15418 70350 11059 10654 73366 18002
88123 78158 11075
77126 11078 41964=
TTCC 66122 48698
70858 74166 17502 50053 72370 28510 30362 59979 09557
20616 57780 09068 10/// 37992 /////
88884 79361 36011
77169 08575 40612=
TTDD 6612/ 48698
11884 79361 22773 80761 33726 79762 44688 72767 55590
77762 66366 63777 77354 64576 88328 63977 99319 59181
11250 61578 22233 57981 33223 58580 44170 53183 55133
44588 66122 37992 77069 41591 88053 36193 99045 41591
11043 40791
21212 11986 00000 22893 35511 33874 01010 44833 26010
55813 26512 66784 30013 77762 01515 88753 02516 99734
03512 11725 05010 22698 20002 33677 28010 44656 28017
55604 30522 66582 30514 77565 25511 88531 24010 99517
28010 11501 28510 22457 34503 33446 07010 44427 07016
55400 11032 66383 11541 77377 10545 88362 08046 99301
09557 11259 08555 22209 10065 33180 08072 44169 08575
55139 10066 66130 06565 77118 05537 88/// ///// 99093
08019 11083 15016 22067 15529 33063 17022 44059 14524
55056 19017 66055 19010 77054 00000 88053 32510 99051
32023 11050 31521 22043 35512 33043 34009=
