  1. 1.2018   0 Uhr

 99.9 -15.7  -2.8   94.2  -7.5   2.0   92.2  -6.1   0.5   89.5  -5.6   1.0
 85.2  -8.8   6.2   82.9  -2.9  10.9   80.3  -2.9  10.9   76.0   2.5   9.4
 71.9   2.6   4.5   70.0   0.0   2.1   69.1  -0.3  -0.4   68.3   4.8  -1.8
 67.4   8.2  -3.0   66.1   8.5  -4.9   55.5  15.9   1.4   53.2  13.4   3.6
 50.6  12.8  -1.1   50.0  10.8  -0.0   49.4   9.7   0.9   47.8   9.2  -3.3
 46.5   6.5  -3.0   46.0   3.3  -3.9   42.9  -0.0  -0.0   41.8  -5.1   0.4
 39.9  -4.6  -3.2   36.9 -10.2   0.9   34.6 -18.9  -5.1   32.2 -26.1   2.3
 30.0 -30.2  -2.6   29.9 -30.7  -2.7   28.7 -26.1  -2.3   23.9 -30.9   5.4
 20.0 -37.4   3.3   18.0 -40.0   3.5   16.7 -37.6   0.0   16.3 -44.1   3.9
 14.6 -39.5   3.5   14.1 -27.7  -2.4   13.5 -19.5  -1.7   12.7 -13.9   0.0
 12.3 -19.3   3.4   11.7  -8.2  -0.7   11.4  -9.1   1.6   11.2  -5.1  -0.4
 10.8  -0.2  -1.0   10.6   5.1  -0.9   10.0  14.3  -1.3    9.4  20.6  -0.0
  8.2  11.3  -1.0    7.8  12.9  -3.5    7.3  10.2   0.9    6.9   9.2   0.8
  6.8   4.5   2.6    6.7   6.1   1.1    6.4   9.6  -1.7    6.0   8.2  -0.7
  5.9   7.1   1.3    5.7   9.3  -4.3    5.2  11.2  -5.2

 99.9 -15.7  -2.8   90.0  -5.7   0.9   80.0  -2.6  10.8   70.0   0.0   2.1
 60.0  12.6  -1.4   50.0  10.8  -0.0   45.0   2.3  -2.7   40.0  -4.7  -3.0
 35.0 -17.4  -4.0   30.0 -30.2  -2.6   25.0 -29.8   3.6   22.5 -33.1   4.7
 20.0 -37.4   3.3   15.0 -40.6   3.6   12.0 -13.8   1.4   10.0  14.3  -1.3
  8.0  12.1  -2.2    7.0   9.5   0.8    6.0   8.2  -0.7    5.0   0.0   0.0
  4.0   0.0   0.0

  1. 1.2018  12 Uhr

 99.9 -23.2   0.0   96.6 -12.8   1.1   92.3  -5.0   5.9   89.1  -6.9   8.3
 83.1   5.4   9.4   80.4   6.3   7.5   76.7   1.6   6.0   76.0   1.3   5.0
 72.6   1.5   1.5   70.0   3.7  -1.7   69.0   3.3  -3.9   65.7   6.7  -5.6


 99.9 -23.2   0.0   90.0  -6.4   7.6   80.0   5.8   7.3   70.0   3.7  -1.7
 60.0   0.0   0.0   50.0   0.0   0.0   45.0   0.0   0.0   40.0   0.0   0.0
 35.0   0.0   0.0   30.0   0.0   0.0   25.0   0.0   0.0   22.5   0.0   0.0
 20.0   0.0   0.0   15.0   0.0   0.0   12.0   0.0   0.0   10.0   0.0   0.0
  8.0   0.0   0.0    7.0   0.0   0.0    6.0   0.0   0.0    5.0   0.0   0.0
  4.0   0.0   0.0

  2. 1.2018   0 Uhr

 99.9 -26.1   2.3   95.0  -4.8   1.8   91.7  -0.3  -0.4   89.3   4.3  -3.6
 86.5   7.5  -3.5   83.0   7.7   0.7   81.4   6.7  -0.0   75.9  -0.2  -2.0
 73.4  -1.3  -5.0   71.9  -1.3  -5.0   70.0   0.3  -3.1   67.1   5.8  -2.1
 63.8   7.1  -1.3   62.2  12.2   2.1   57.3  19.5  -0.0   53.6  14.9  -4.0
 50.7   8.7   3.2   50.0   8.9   2.4   49.1   9.2   0.8   47.9   7.7   2.8
 47.0   5.1   0.9   46.0   0.4   0.9   41.5  -4.5  -2.6   40.9  -5.1  -3.5
 39.7  -5.8   2.1   39.2  -7.0   3.3   37.1 -15.7  -2.8   33.6 -29.2  -2.6
 30.1 -30.4   5.4   30.0 -29.9   5.3   20.0 -33.3  -2.9   18.6 -35.3  -9.5
 17.0 -40.0   3.5   15.9 -33.8   3.0   14.5 -38.5   6.8   12.9 -20.8   3.7
 12.0 -10.1   7.1   11.6 -17.3   8.0   11.2 -10.1   7.1   11.1  -7.3   7.3
 10.7  -1.7   9.6   10.0  -2.3   8.4    9.8   1.9   5.3    9.6   5.1   2.4
  9.3   7.0   1.9    9.0   5.5   5.5    8.7   5.1   4.3    8.5   6.1   0.5
  8.4   4.1  -0.0    7.8  11.3  -1.0    7.4   6.2  -0.0    7.2   0.7   1.9
  7.0  -4.7   2.2    6.9  -5.5   1.5    6.7  -3.3   3.9    6.0  -0.2   1.0
  5.0   0.0   1.5    4.9  -4.2   3.0    4.7 -11.4   9.6    4.6  -6.9   6.9
  4.4  -1.3   7.6

 99.9 -26.1   2.3   90.0   3.0  -2.7   80.0   5.0  -0.5   70.0   0.3  -3.1
 60.0  15.4   1.2   50.0   8.9   2.4   45.0  -0.6   0.2   40.0  -5.6   0.7
 35.0 -23.7  -2.6   30.0 -29.9   5.3   25.0 -31.5   1.5   22.5 -32.4  -0.6
 20.0 -33.3  -2.9   15.0 -36.8   5.4   12.0 -10.1   7.1   10.0  -2.3   8.4
  8.0   8.8  -0.7    7.0  -4.7   2.2    6.0  -0.2   1.0    5.0   0.0   1.5
  4.0   0.0   0.0

  2. 1.2018  12 Uhr

 99.9 -21.8   3.8   93.2  -7.6  -4.4   92.2  -5.9  -5.0   86.6   2.6  -4.5
 74.5  -3.3  -3.9   72.8   0.2  -1.0   71.8   5.1  -0.4   70.0  11.3  -1.0
 68.5  14.4  -0.0   63.5  15.4  -1.3   59.2  13.2   2.3

 99.9 -21.8   3.8   90.0  -2.6  -4.8   80.0  -0.6  -4.2   70.0  11.3  -1.0
 60.0  13.6   1.6   50.0   0.0   0.0   45.0   0.0   0.0   40.0   0.0   0.0
 35.0   0.0   0.0   30.0   0.0   0.0   25.0   0.0   0.0   22.5   0.0   0.0
 20.0   0.0   0.0   15.0   0.0   0.0   12.0   0.0   0.0   10.0   0.0   0.0
  8.0   0.0   0.0    7.0   0.0   0.0    6.0   0.0   0.0    5.0   0.0   0.0
  4.0   0.0   0.0

  3. 1.2018   0 Uhr

 99.9 -28.8   7.7   95.3 -18.4   4.9   86.5  -5.0  -1.3   85.5  -3.4  -2.4
 84.6  -2.6  -4.5   83.0  -2.4  -5.1   78.7  -4.7  -2.2   75.7  -5.3  -3.1
 73.8   1.3  -5.0   72.7   3.6  -6.2   70.0   3.5  -9.7   69.7   2.7  -9.9
 67.7  -0.6  -7.2   67.0   0.5  -5.6   65.7   4.2  -2.0   65.5   5.0  -1.3
 64.3   8.0   2.1   60.8  13.5   6.3   54.8   8.2   3.0   51.2   4.8  -1.8
 50.0   3.1  -1.8   45.5  -1.7  -1.2   43.3  -4.8  -1.8   42.4  -6.1  -2.8
 41.4  -7.2   0.0   38.5 -10.7  -5.0   35.6 -26.3   4.6   30.2 -30.8   8.3
 30.0 -30.9   5.4   26.0 -31.4  -5.5   20.0 -40.5   3.5   15.5 -44.6   3.9
 12.0 -21.8  -3.8   11.0 -17.4   1.5    8.8   6.5   6.5    8.7   5.3   6.3
  8.4  -0.4   5.1    8.0   0.9   3.5    7.9  -3.0   4.2    7.8  -8.5   4.9
  7.2 -21.3   3.8    6.9 -20.1   0.0    6.4  -8.3  -6.9    6.3  -3.1  -5.3
  6.2   3.3  -3.9    5.9   7.7  -0.0    5.8   5.0   1.3    5.7   0.1  -0.5
  5.6  -5.0  -1.3    5.5  -8.2  -0.7

 99.9 -28.8   7.7   90.0 -10.4   1.2   80.0  -4.0  -3.1   70.0   3.5  -9.7
 60.0  12.8   5.9   50.0   3.1  -1.8   45.0  -2.4  -1.3   40.0  -8.9  -2.4
 35.0 -26.8   5.0   30.0 -30.9   5.4   25.0 -32.8  -4.1   22.5 -36.5  -0.5
 20.0 -40.5   3.5   15.0 -41.6   2.9   12.0 -21.8  -3.8   10.0  -7.0   3.7
  8.0   0.9   3.5    7.0 -20.5   1.3    6.0   6.2  -1.3    5.0   0.0   0.0
  4.0   0.0   0.0

  3. 1.2018  12 Uhr

 99.9 -25.6   9.3   87.6 -14.9   1.3   81.7 -11.1  -4.0   76.9 -10.6  -3.9
 74.7  -8.2  -0.7   71.8  -3.3  -3.9   70.1  -3.6  -3.6   70.0  -3.3  -3.3
 67.8   0.6  -0.8   66.5   4.8   1.8   62.1  14.5   5.3   59.5  10.7   5.0
 53.0   9.1  -7.6   50.0   5.1  -8.9   49.9   5.1  -8.9   48.3   5.5  -5.5
 46.3   3.2  -8.7   44.3  -1.9  -0.7   41.8  -5.1   0.0   40.4  -7.6  -1.3
 38.7 -10.2   3.7   37.6 -11.4   3.1   34.3 -31.3   2.7   33.0 -30.3   8.1
 32.0 -32.8   2.9   30.0 -33.3   2.9   25.8 -34.8  -9.3   20.6 -37.9   3.3
 20.0 -37.9   3.3   15.4 -43.7   0.0   14.8 -36.0   6.3   13.3 -23.2   0.0
 12.8 -11.7  -5.4   12.4  -8.7  -8.7   12.0  -8.9  -2.4   11.6  -4.7  -4.7
 11.5  -3.6  -3.6   11.1  -0.4  -1.5   10.8   2.2  -4.7   10.5   3.3  -3.9
 10.1   5.1   0.9   10.0   6.1   1.1    9.6   9.7   3.5    8.8   2.5   6.8
  8.5  -3.5   7.5    8.1  -4.7   2.2    7.6  -0.1  -0.5    7.4  -5.1  -0.4
  7.3 -10.8   0.9    6.9 -17.7  -3.1    6.5 -16.9  -1.5    6.3  -6.0  -1.6
  6.2  -1.3  -2.2    6.1   5.0  -1.3    6.0   6.5   3.0    5.9   4.7   2.2
  5.8  -0.1   0.5    5.7  -5.1   0.9    5.6 -10.6   1.9    5.4 -10.2   3.7
  5.1 -15.4  -1.3    4.8 -25.3  -4.5    4.6 -17.9  -4.8

 99.9 -25.6   9.3   90.0 -17.0   2.9   80.0 -10.9  -4.0   70.0  -3.3  -3.3
 60.0  11.5   5.1   50.0   5.1  -8.9   45.0  -0.1  -3.5   40.0  -8.2  -0.2
 35.0 -26.9   2.8   30.0 -33.3   2.9   25.0 -35.2  -7.5   22.5 -36.7  -1.5
 20.0 -37.9   3.3   15.0 -38.6   4.2   12.0  -8.9  -2.4   10.0   6.1   1.1
  8.0  -3.8   1.6    7.0 -16.0  -2.1    6.0   6.5   3.0    5.0 -18.6  -2.4
  4.0   0.0   0.0

  4. 1.2018   0 Uhr

 99.9 -24.7   9.0   94.2 -35.8   9.6   86.4 -20.5  -1.8   83.6 -15.4  -1.3
 81.4  -5.6   1.0   78.7   0.2   2.0   77.5   4.8   1.8   72.1  13.1   6.1
 70.0  12.1   4.4   67.6  11.6   4.2   64.9  12.7  -2.2   61.9  12.8  -1.1
 60.5  10.4  -2.8   59.3  10.3  -4.8   55.7  15.9  -7.4   52.3  13.1  -4.8
 50.2   4.4  -7.6   50.0   4.1  -7.1   48.7   3.2  -4.6   43.2  -0.5  -0.1
 40.7  -7.1   1.3   39.4 -12.3  -1.1   37.4 -21.3   3.8   36.7 -21.4   5.7
 30.0 -35.0   0.0   29.5 -35.0   0.0   27.3 -35.8  -9.6   21.0 -39.5   7.0
 20.0 -38.9   3.4   14.3 -35.4  -3.1   12.8 -16.4   4.4   11.5 -11.8  -1.0
 11.1  -8.5   4.9   10.9  -4.8   1.8   10.4   0.3   0.4   10.0   3.3  -1.5
  9.7   4.7  -2.2    9.2  10.7  -6.2    8.8   6.7  -3.9    8.3   2.6  -5.6
  7.9  -5.1  -3.5    7.8  -6.2  -3.6    7.6  -3.1  -5.3    7.5  -2.9  -2.1
  7.4  -5.0  -1.3    7.1 -15.9   0.0    6.8  -5.1  -4.3    6.7  -3.0  -4.2
  6.6   0.1  -1.5    6.2  -0.2   0.5    5.6  -4.6  -5.5    5.5  -4.0 -11.1
  5.3  -7.6 -16.3    5.0  -2.1 -11.7    4.7  -6.3  -7.5    4.6   4.4 -16.4


 99.9 -24.7   9.0   90.0 -27.7   3.5   80.0  -2.6   1.5   70.0  12.1   4.4
 60.0  10.4  -3.6   50.0   4.1  -7.1   45.0   0.8  -1.6   40.0  -9.9   0.0
 35.0 -24.6   4.3   30.0 -35.0   0.0   25.0 -37.1  -3.9   22.5 -38.6   2.7
 20.0 -38.9   3.4   15.0 -35.9  -2.2   12.0 -13.6   1.1   10.0   3.3  -1.5
  8.0  -3.1  -4.1    7.0 -12.4  -1.4    6.0  -1.6  -1.5    5.0  -2.1 -11.7
  4.0   0.0   0.0

  4. 1.2018  12 Uhr

 99.9 -37.7  13.7   88.1 -11.8   1.0   86.7  -8.2   3.0   84.2  -3.1   5.3
 79.9  -1.5   5.5   77.3   0.0   5.7   76.4   0.9   5.1   75.0   4.6   3.2
 70.0  10.3   4.8   63.1   9.9  -2.7   57.0  16.7  -2.9   51.4   7.9  -6.6
 50.0   7.2  -5.0   49.3   5.5  -3.8   44.9  -0.6  -3.5   44.2  -2.2  -4.7
 42.5  -6.6  -1.2   40.9  -6.7   0.6   39.8  -8.1  -1.4   37.0 -16.4   6.0
 36.2 -19.3   3.4

 99.9 -37.7  13.7   90.0 -16.1   3.2   80.0  -1.5   5.5   70.0  10.3   4.8
 60.0  13.3  -2.8   50.0   7.2  -5.0   45.0  -0.5  -3.6   40.0  -7.8  -1.1
 35.0   0.0   0.0   30.0   0.0   0.0   25.0   0.0   0.0   22.5   0.0   0.0
 20.0   0.0   0.0   15.0   0.0   0.0   12.0   0.0   0.0   10.0   0.0   0.0
  8.0   0.0   0.0    7.0   0.0   0.0    6.0   0.0   0.0    5.0   0.0   0.0
  4.0   0.0   0.0

  5. 1.2018   0 Uhr

 99.9 -35.3   9.5   98.0 -36.8   9.9   93.7 -31.4   5.5   87.4 -12.9  -7.5
 83.1  -4.3  -3.6   82.5  -3.6  -3.6   80.9   0.7  -2.5   79.7   5.1  -0.4
 78.8   8.9   2.4   74.4  16.4   4.4   70.0  14.4  -0.0   62.7  15.2 -10.6
 57.1  10.7  -5.0   54.7   6.7  -5.6   50.0   3.0   0.5   48.2   1.0   1.8
 46.7   1.3   5.0   42.7  -3.0   4.2   41.3  -5.5   1.5   37.6 -22.9   6.1
 31.6 -31.4  -5.5   30.0 -32.9   0.0   26.3 -36.3   9.7   20.0 -37.4  -3.3
 17.5 -32.8   2.9   16.4 -40.5  -3.5   15.2 -37.0  -6.5   14.4 -47.1   4.1
 13.6 -30.2   2.6   12.1 -17.9  -6.5   10.8  -7.5   6.3   10.4  -5.5   4.6
 10.0   0.4   5.1    9.9   2.9   2.9    9.8   5.1   0.4    9.4   8.4  -3.9
  8.3  12.0 -12.0    8.0  16.6 -13.9    7.4   2.6  -4.5    7.2   8.4  -5.9
  6.8  16.2 -13.6    6.2  13.4  -3.6    5.6   7.6  -9.1    5.3  10.5  -7.4
  5.0   8.0  -5.6    4.9   4.1  -7.1    4.8   2.3  -6.3    4.7   0.4  -5.1
  4.4  -1.5   0.0    4.3  -1.3   5.0    4.0   3.0   0.5    3.9   2.6   4.5
  3.7   5.6  15.5

 99.9 -35.3   9.5   90.0 -20.7  -2.0   80.0   4.0  -1.0   70.0  14.4  -0.0
 60.0  13.1  -8.0   50.0   3.0   0.5   45.0  -0.5   4.7   40.0 -11.4   3.1
 35.0 -26.4   1.2   30.0 -32.9   0.0   25.0 -36.5   7.2   22.5 -36.9   2.2
 20.0 -37.4  -3.3   15.0 -39.5  -3.9   12.0 -17.1  -5.6   10.0   0.4   5.1
  8.0  16.6 -13.9    7.0  12.3  -9.7    6.0  11.5  -5.4    5.0   8.0  -5.6
  4.0   3.0   0.5

  5. 1.2018  12 Uhr

 99.9 -34.3   9.2   98.9 -34.3   9.2   93.1 -30.9   5.4   87.7 -18.4  -4.9
 84.2  -6.1   1.1   82.7   0.2   2.6   81.3   5.0   1.3   73.5  20.1  -0.0
 70.0  16.4  -1.4   69.9  15.9  -1.4   63.7   4.6  -5.5   62.1   7.3  -2.6
 59.6  11.4  -3.1   57.7  10.4  -2.8   51.2   5.1   4.3   50.0   5.1   3.5
 49.9   5.1   3.5   43.2   1.5  -2.1   41.3  -3.9  -3.3   38.7  -6.7  -5.6
 38.2  -8.4  -3.9   37.4 -11.8  -1.0   32.6 -28.9  -5.1   30.0 -30.4  -5.4
 28.9 -32.4   0.0   27.5 -32.4   0.0

 99.9 -34.3   9.2   90.0 -23.8  -0.5   80.0   7.4   1.1   70.0  16.4  -1.4
 60.0  10.8  -3.0   50.0   5.1   3.5   45.0   2.5  -0.5   40.0  -5.3  -4.5
 35.0 -20.1  -3.0   30.0 -30.4  -5.4   25.0   0.0   0.0   22.5   0.0   0.0
 20.0   0.0   0.0   15.0   0.0   0.0   12.0   0.0   0.0   10.0   0.0   0.0
  8.0   0.0   0.0    7.0   0.0   0.0    6.0   0.0   0.0    5.0   0.0   0.0
  4.0   0.0   0.0

  6. 1.2018   0 Uhr

 99.9 -35.5   6.3   99.3 -35.5   6.3   92.3 -28.4  -5.0   86.7  -7.5  -3.5
 86.0  -3.9  -3.3   85.1  -0.0  -3.1   83.6   4.2  -3.0   81.5   9.4  -2.5
 77.7  18.4  -4.9   70.0   8.0  -5.6   67.1   3.2  -4.6   66.1   2.9  -1.1
 65.4   5.0   1.3   63.8   9.3   4.3   62.2  13.7   2.4   60.8  13.4  -0.0
 52.2  11.3   1.0   50.0   8.4   3.9   49.5   7.5   3.5   45.2   5.1   0.9
 43.2  -0.3  -0.4   41.6  -5.1  -0.9   40.2  -8.2  -3.0   35.4 -28.2  -2.5
 32.6 -32.9   0.0   30.0 -30.9   0.0   28.0 -35.5   6.3   21.5 -36.9  -3.2
 20.0 -39.6   0.0   14.7 -44.1   7.8   13.2 -22.5   2.0   12.0 -13.3  -1.2
 11.2 -10.2   0.9   10.8 -12.1   4.4   10.5  -5.5   3.8   10.4   0.5   3.0
 10.2   4.7   2.2   10.0   9.1   1.6    9.6   8.7  -0.8    9.3   9.7   0.9
  8.4  16.4  -6.0    7.8  21.8  -7.9    7.4   6.1  -2.8    6.6  17.7  -8.3
  6.1  14.2 -11.9    5.9   4.7  -6.7    5.8  -1.5  -2.7    5.6   0.4  -5.1
  5.5   4.1  -7.1    5.4   7.4 -10.5    5.3   5.1  -4.3

 99.9 -35.5   6.3   90.0 -19.9  -4.4   80.0  12.9  -3.5   70.0   8.0  -5.6
 60.0  13.2   0.1   50.0   8.4   3.9   45.0   4.5   0.8   40.0  -9.0  -3.0
 35.0 -28.8  -2.1   30.0 -30.9   0.0   25.0 -36.1   2.1   22.5 -36.7  -1.6
 20.0 -39.6   0.0   15.0 -43.8   7.3   12.0 -13.3  -1.2   10.0   9.1   1.6
  8.0  19.9  -7.3    7.0  11.8  -5.5    6.0   9.5  -9.3    5.0   0.0   0.0
  4.0   0.0   0.0

  6. 1.2018  12 Uhr

 99.9   0.0   0.0   90.0   0.0   0.0   80.0   0.0   0.0   70.0   0.0   0.0
 60.0   0.0   0.0   50.0   0.0   0.0   45.0   0.0   0.0   40.0   0.0   0.0
 35.0   0.0   0.0   30.0   0.0   0.0   25.0   0.0   0.0   22.5   0.0   0.0
 20.0   0.0   0.0   15.0   0.0   0.0   12.0   0.0   0.0   10.0   0.0   0.0
  8.0   0.0   0.0    7.0   0.0   0.0    6.0   0.0   0.0    5.0   0.0   0.0
  4.0   0.0   0.0

  7. 1.2018   0 Uhr

 99.9 -25.3   4.5   94.6  -5.6   0.5   92.3  -0.0  -0.5   90.7   5.0  -1.3
 87.0   8.5  -4.9   82.0   3.0  -4.2   80.0   1.8  -1.8   74.6  -5.8  -5.8
 72.0  -4.3  -3.6   70.0  -4.1   0.4   69.1  -4.7   2.2   68.1  -3.1   5.3
 65.3   3.5   9.7   62.7   9.7   6.8   58.4  16.4   4.4   50.0  11.4   3.1
 48.9   8.4   2.3   46.7   4.0   4.0   46.2   3.6   3.6   43.5   0.6  -0.8
 42.0  -0.4  -5.1   40.4  -5.9  -4.1   39.7  -7.3  -2.6   39.4  -9.1  -1.6
 35.4 -29.4   5.2   31.5 -35.9   3.1   30.0 -31.9   0.0   29.3 -30.4   0.0
 20.0 -39.6   0.0   17.9 -42.5   3.7   16.1 -34.5   6.1   14.1 -40.5  -3.5
 12.7 -16.8  -7.8   11.3  -6.6  -7.9   11.2  -3.9  -6.7   11.0   0.6  -7.2
 10.8   4.7  -6.7   10.3   8.3  -9.9   10.0   7.3  -7.3    9.5   4.7  -4.7
  9.4   4.7  -2.2    9.2   7.7   0.7    8.8  18.2   3.2    8.5  15.5   5.6
  8.2  18.0  -0.0    7.2  16.9  -1.5    6.7   5.1  -0.9    6.6   3.6  -0.0
  6.0   6.7  -0.0    5.9   1.3   2.8    5.8  -2.6   4.5    5.7  -5.8   5.8
  5.5  -2.3   8.4    5.4   4.4   4.4    5.3   4.7   4.0    5.2   3.5   7.5
  5.0   4.6   9.8    4.9   5.8   5.8

 99.9 -25.3   4.5   90.0   5.6  -2.0   80.0   1.8  -1.8   70.0  -4.1   0.4
 60.0  13.9   5.3   50.0  11.4   3.1   45.0   2.3   1.7   40.0  -6.7  -3.3
 35.0 -30.0   5.0   30.0 -31.9   0.0   25.0 -34.3   0.0   22.5 -36.9   0.0
 20.0 -39.6   0.0   15.0 -37.7   0.9   12.0 -11.8  -7.9   10.0   7.3  -7.3
  8.0  17.8  -0.3    7.0  12.2  -1.2    6.0   6.7  -0.0    5.0   4.6   9.8
  4.0   0.0   0.0

  7. 1.2018  12 Uhr

 99.9 -18.4   6.7   95.0 -10.3   4.8   91.1  -1.8   4.8   89.3   1.5   3.3
 87.4   5.0   1.3   77.7   8.3   9.9   74.8   7.3   7.3   73.7   4.4   6.3
 72.4  -0.5   5.6   71.7  -2.6   5.6   70.7  -2.3   6.3   70.0  -1.3   7.1
 68.8   2.7   9.9   65.5   5.7   9.8   64.1   8.0   4.6   63.8   8.9   4.1
 61.2  15.7  -2.8   59.5  18.7  -3.3   51.0  15.9  -4.3   50.0  14.4  -3.9
 48.9  13.7  -2.4   46.8   9.3  -4.3   45.6   2.4  -5.1   44.8   1.1  -4.0
 42.0  -4.7  -4.7   41.5  -7.0  -3.3   40.8 -10.2   0.9   36.7 -25.8   4.6
 35.6 -25.8   6.9   30.0 -33.8  -3.0   29.3 -36.4  -3.2   20.0 -36.4  -3.2
 16.6 -39.0  -6.9   15.2 -42.2   0.0   13.3 -19.4   5.2   13.1 -16.0   5.8
 12.6 -11.0   9.3   11.7  -5.0   1.3   11.2  -0.8   0.7   10.8   3.2   4.6
 10.4  10.5   7.4   10.0   9.5   7.9    9.8   8.6  10.2    9.1  21.0   9.8
  7.5  12.7   2.2    7.1  16.7  -2.9    6.9  11.2  -5.2    6.6   9.3  -4.3
  6.4   2.6  -4.5    6.1  -0.0  -0.0    6.0   5.1   0.4    5.9   8.7   0.8
  5.6   7.6   1.3    5.5   5.0   1.3    5.4   0.7   2.5    5.3  -3.9   3.3
  5.1  -8.9   4.1    5.0  -3.6   3.6    4.9  -1.0   0.4    4.7  -2.9   2.9


 99.9 -18.4   6.7   90.0   0.2   3.9   80.0   7.5   7.8   70.0  -1.3   7.1
 60.0  17.8  -3.1   50.0  14.4  -3.9   45.0   1.4  -4.3   40.0 -13.2   1.6
 35.0 -26.7   5.9   30.0 -33.8  -3.0   25.0 -36.4  -3.2   22.5 -36.4  -3.2
 20.0 -36.4  -3.2   15.0 -39.9   0.5   12.0  -7.0   4.0   10.0   9.5   7.9
  8.0  15.4   4.7    7.0  14.0  -4.1    6.0   5.1   0.4    5.0  -3.6   3.6
  4.0   0.0   0.0

  8. 1.2018   0 Uhr

 99.9   0.0   0.0   90.0   0.0   0.0   80.0   0.0   0.0   70.0   0.0   0.0
 60.0   0.0   0.0   50.0   0.0   0.0   45.0   0.0   0.0   40.0   0.0   0.0
 35.0   0.0   0.0   30.0   0.0   0.0   25.0   0.0   0.0   22.5   0.0   0.0
 20.0   0.0   0.0   15.0   0.0   0.0   12.0   0.0   0.0   10.0   0.0   0.0
  8.0   0.0   0.0    7.0   0.0   0.0    6.0   0.0   0.0    5.0   0.0   0.0
  4.0   0.0   0.0

  8. 1.2018  12 Uhr

 99.9 -16.7   2.9   95.9  -5.0   1.3   93.6   0.4   1.5   92.2   5.1  -0.0
 90.2  10.2  -0.9   85.3   3.6   3.6   80.2   0.8   0.7   78.0   5.1  -0.4
 76.5   7.0   3.3   74.2   5.1   3.5   70.0   8.2   0.7   67.3   9.6  -1.7
 64.1  10.9  -2.9   60.7   3.1  -5.3   59.6   3.5  -3.0   58.2   6.1   1.1
 57.3   8.0   2.1   54.8   5.5  -1.5   53.1   8.2  -0.0   50.4   6.1  -0.5
 50.0   6.1  -1.1   48.7   6.7  -3.9   47.7   2.5  -6.8   45.8   2.5  -6.8
 43.7  -4.5  -1.2   43.5  -5.1  -0.4   42.6  -6.1   1.1   39.3 -11.7   2.1
 36.9 -24.1   2.1   30.7 -33.3  -2.9   30.0 -30.2  -2.6   28.9 -28.2   2.5
 22.9 -28.9   5.1   20.0 -31.3   2.7   17.7 -30.9   5.4   14.4 -49.2   4.3
 12.9 -27.9   4.9   11.8 -14.3  -1.3   11.1 -11.8   1.0   10.4  -3.3  -5.8
 10.1   0.4  -5.1   10.0   2.6  -4.5    9.0   6.1   0.5    8.6   3.0   4.2
  8.5   3.0   4.2    8.3   6.0   1.6    7.8  10.6   1.9    7.5   6.0   1.6
  7.3   5.1  -0.0    7.1  -0.4   1.0    6.4   0.9  -5.1    6.1  -5.6  -1.0
  6.0 -10.8   0.9    5.7  -5.8   2.1    5.4 -18.9   5.1    5.2 -11.1   4.0
  5.1  -6.7   0.6    5.0  -7.0   3.3    4.3 -13.4  -7.7

 99.9 -16.7   2.9   90.0  10.0  -0.7   80.0   1.2   0.6   70.0   8.2   0.7
 60.0   3.4  -3.8   50.0   6.1  -1.1   45.0  -0.2  -4.7   40.0 -10.4   1.8
 35.0 -26.8   0.6   30.0 -30.2  -2.6   25.0 -28.6   4.1   22.5 -29.2   4.8
 20.0 -31.3   2.7   15.0 -45.7   4.5   12.0 -16.9  -0.1   10.0   2.6  -4.5
  8.0   8.7   1.8    7.0  -0.2   0.1    6.0 -10.8   0.9    5.0  -7.0   3.3
  4.0   0.0   0.0

  9. 1.2018   0 Uhr

 99.9 -15.4   1.3   97.5  -7.7  -2.8   96.2  -4.0  -4.7   95.0  -1.6  -6.0
 90.8   1.6  -9.1   88.4   2.8  -7.7   85.7   3.9  -3.3   82.7   0.6  -0.8
 80.6   0.4  -5.1   78.8   1.7  -9.6   75.0   5.3  -1.9   71.0  11.7  -5.4
 70.0  10.2  -5.9   67.0   8.0  -4.6   62.8   8.2  -0.0   62.0  10.1   1.8
 59.7  14.0   6.5   56.9  10.4   2.8   54.8  13.4  -3.6   51.5  11.7  -2.1
 50.0   9.7  -3.5   48.8   6.7  -4.7   47.4   0.5  -6.1   46.8  -0.0  -5.1
 43.6  -2.9   1.1   38.7 -25.2   0.0   35.2 -30.2  -2.6   34.7 -29.7  -2.6
 30.0 -25.6   2.2   24.2 -30.8   8.3   20.6 -30.9  -5.4   20.0 -32.3  -2.8
 17.7 -35.5   0.0   14.3 -51.2   4.5   12.7 -20.5   1.8   11.8 -11.9   3.2
 11.6 -10.2   0.9   11.3  -7.1  -4.1   10.9  -3.5  -9.7   10.0   2.1  -8.0
  9.7   2.3  -6.3    9.2   1.9  -7.0    8.8   6.3  -7.5    8.7   4.4  -7.6
  8.4  -5.9  -8.4    8.2  -9.5  -7.9    8.0  -2.2 -12.7    7.8  -0.0 -15.9
  7.2  -5.7  -9.8    6.7  -2.3  -8.4    6.3 -12.3  -1.1    6.0  -6.7  -4.7
  5.9  -7.5  -6.3    5.5 -17.2   3.0    5.2  -8.3   6.9

 99.9 -15.4   1.3   90.0   2.0  -8.7   80.0   0.9  -6.6   70.0  10.2  -5.9
 60.0  13.5   5.9   50.0   9.7  -3.5   45.0  -1.6  -1.7   40.0 -19.1   0.3
 35.0 -30.0  -2.6   30.0 -25.6   2.2   25.0 -30.0   7.4   22.5 -30.9   2.0
 20.0 -32.3  -2.8   15.0 -47.8   3.5   12.0 -13.9   2.9   10.0   2.1  -8.0
  8.0  -2.2 -12.7    7.0  -4.3  -9.3    6.0  -6.7  -4.7    5.0   0.0   0.0
  4.0   0.0   0.0

  9. 1.2018  12 Uhr

 99.9 -18.4   4.9   97.3 -12.6   5.9   92.3  -7.1  -4.1   86.7  -6.2  -3.6
 84.3   0.4  -1.0   76.0   5.1  -0.9   72.7   5.1   4.3   71.8   4.6   3.2
 70.1   6.7  -0.6   70.0   6.6  -1.2   66.7   5.6  -2.6   65.1   4.6  -0.0
 64.5   5.5   1.5   62.3  12.1   4.4   55.7  11.7  -2.1   53.0   8.2  -0.0
 51.8   6.6  -1.2   51.0   4.2  -3.0   50.0  -0.0  -4.1   49.2  -3.3  -3.9
 47.4  -3.1  -1.8   45.3  -4.6   3.2   44.3  -4.3   3.6   43.0  -4.8  -1.8
 41.6  -9.3   0.0   38.5 -12.2  -2.1   36.1 -21.4 -10.0   33.6 -29.4  -5.2
 31.0 -25.3   6.8   30.0 -24.1   2.1   29.0 -24.1   2.1   21.1 -26.6  -9.7
 20.0 -30.7  -2.7   19.1 -28.8   0.0   14.9 -48.1   8.5   14.0 -39.6  14.4
 11.6 -11.3   0.0   11.2 -15.9   4.3   10.7 -11.1   6.4   10.3  -7.1   1.3
 10.0  -3.4  -2.4    9.7  -1.3  -5.0    9.1  -1.8  -3.1    9.0  -1.3  -5.0
  8.7  -0.0 -10.8    8.1  -2.2 -12.7    7.6  -7.7 -11.0    7.3 -10.2  -5.9
  7.0  -5.0  -7.2    6.9  -6.0  -7.1    6.6  -7.2   0.0    6.5  -9.4   2.5
  6.2 -14.0   6.5    6.0 -10.1  -1.8    5.8  -8.7  -0.8    5.5 -13.4   3.6
  5.3  -5.6   2.6    5.2  -9.3   6.5    5.1 -12.6   5.9    4.8  -2.0   0.4
  4.5  -4.8   1.8    4.4  -8.2   0.7    4.3  -8.2   3.0

 99.9 -18.4   4.9   90.0  -6.8  -3.9   80.0   2.8  -0.9   70.0   6.6  -1.2
 60.0  11.9   2.2   50.0  -0.0  -4.1   45.0  -4.5   3.4   40.0 -10.7  -1.1
 35.0 -24.9  -7.9   30.0 -24.1   2.1   25.0 -25.3  -3.5   22.5 -26.1  -7.4
 20.0 -30.7  -2.7   15.0 -47.6   8.3   12.0 -16.3   2.5   10.0  -3.4  -2.4
  8.0  -3.3 -12.3    7.0  -5.0  -7.2    6.0 -10.1  -1.8    5.0  -9.1   4.1
  4.0   0.0   0.0

 10. 1.2018   0 Uhr

 99.9 -15.4   0.0   97.2  -9.8  -4.6   96.0  -9.7  -6.8   91.4 -15.6  -9.0
 89.6 -13.1  -6.1   84.7  -3.6  -3.6   83.3   0.7  -1.9   80.6   4.7   2.2
 76.5   4.7   2.2   73.0  13.8   1.2   70.0   8.7  -0.0   69.9   8.2  -0.0
 68.2   7.0   1.9   65.9   9.8   4.6   60.5  11.3  -1.0   55.0  11.6  -4.2
 52.4  12.7  -2.2   51.1  11.8  -0.0   50.0   9.6   1.7   48.3   4.7   2.2
 45.8   0.4   5.1   44.4   2.6   4.5   43.4  -0.9   1.3   41.7  -4.2  -3.0
 39.4  -7.5  -3.5   36.3 -28.8   0.0   31.6 -24.2  11.3   30.0 -22.8   4.0
 28.1 -22.5   2.0   25.9 -26.9  -4.7   20.0 -26.3   4.6   13.6 -41.0   7.2
 12.4 -26.1  -2.3   11.3 -17.7 -12.4   10.6 -14.7  -2.6   10.0  -6.2  -6.2
  9.7  -5.0  -5.9    8.5  -6.8  -2.5    8.2  -6.6   1.2    8.0  -5.1   0.0
  7.5  -3.2   2.6    7.4  -2.1   5.8    6.8  -2.5   9.4

 99.9 -15.4   0.0   90.0 -13.6  -6.7   80.0   4.7   2.2   70.0   8.7  -0.0
 60.0  11.3  -1.3   50.0   9.6   1.7   45.0   1.7   4.7   40.0  -6.6  -3.3
 35.0 -27.6   3.0   30.0 -22.8   4.0   25.0 -26.8  -3.4   22.5 -26.6   0.5
 20.0 -26.3   4.6   15.0 -37.5   6.6   12.0 -23.1  -5.9   10.0  -6.2  -6.2
  8.0  -5.1   0.0    7.0  -2.4   8.2    6.0   0.0   0.0    5.0   0.0   0.0
  4.0   0.0   0.0

 10. 1.2018  12 Uhr

 99.9   0.0   0.0   90.0   0.0   0.0   80.0   0.0   0.0   70.0   0.0   0.0
 60.0   0.0   0.0   50.0   0.0   0.0   45.0   0.0   0.0   40.0   0.0   0.0
 35.0   0.0   0.0   30.0   0.0   0.0   25.0   0.0   0.0   22.5   0.0   0.0
 20.0   0.0   0.0   15.0   0.0   0.0   12.0   0.0   0.0   10.0   0.0   0.0
  8.0   0.0   0.0    7.0   0.0   0.0    6.0   0.0   0.0    5.0   0.0   0.0
  4.0   0.0   0.0

 11. 1.2018   0 Uhr

 99.9 -31.9   0.0   93.4 -14.7  -2.6   89.3  -4.8   1.8   87.5   0.0   1.5
 86.1   5.1   0.4   82.6  14.4  -3.9   71.7  21.8  -3.8   70.0  19.5  -1.7
 68.8  15.9  -0.0   66.3  11.1  -2.0   63.7  10.8  -0.0   60.3   6.1  -2.8
 59.3   9.3  -0.0   57.0   8.9  -2.4   55.0   7.7   2.8   51.2   8.4   2.3
 50.0   6.3   4.4   47.4   1.7   6.5   46.2  -1.3   5.0   45.0  -2.6  -0.2
 43.5  -3.6  -3.6   38.4 -23.4   6.3   35.0 -25.8   4.6   31.8 -20.3  -3.6
 31.0 -19.3  -7.0   30.0 -21.9  -5.9   27.7 -22.0   1.9   22.1 -23.3   4.1
 21.2 -24.3   6.5   20.0 -29.7   2.6   18.2 -29.9  -5.3   13.9 -40.6   0.0
 12.0 -26.3   4.6   11.4 -19.3  -7.0   10.9 -17.2   3.0   10.4 -14.7   2.6
 10.0 -15.9   4.3    9.6 -18.4   4.9    8.2 -14.2  -2.5    7.8  -9.3  -6.5
  7.2  -5.8  -3.3    7.0 -16.9  -6.2    6.9  -9.6  -1.7    6.7  -5.1  -5.1
  6.4  -5.3  -1.9    6.3  -6.0   1.6    6.0 -12.6   4.6    5.7  -4.3   5.1
  5.6  -2.4   8.9    5.4  -4.2  11.6    5.2  -1.7   9.6    4.9  -6.8   9.7
  4.7  -8.6  12.2

 99.9 -31.9   0.0   90.0  -6.5   1.0   80.0  16.1  -3.9   70.0  19.5  -1.7
 60.0   7.0  -2.0   50.0   6.3   4.4   45.0  -2.6  -0.2   40.0 -17.0   3.1
 35.0 -25.8   4.6   30.0 -21.9  -5.9   25.0 -22.6   2.9   22.5 -23.2   3.9
 20.0 -29.7   2.6   15.0 -37.7  -1.4   12.0 -26.3   4.6   10.0 -15.9   4.3
  8.0 -11.8  -4.5    7.0 -16.9  -6.2    6.0 -12.6   4.6    5.0  -5.1   9.7
  4.0   0.0   0.0

 11. 1.2018  12 Uhr

 99.9 -34.5   0.0   96.9 -19.4   5.2   94.8 -13.4   7.7   90.8   1.3   7.6
 89.4   5.6   6.7   84.1  14.4   3.9   76.7  13.3  -1.2

 99.9 -34.5   0.0   90.0   3.8   7.1   80.0  13.8   1.1   70.0   0.0   0.0
 60.0   0.0   0.0   50.0   0.0   0.0   45.0   0.0   0.0   40.0   0.0   0.0
 35.0   0.0   0.0   30.0   0.0   0.0   25.0   0.0   0.0   22.5   0.0   0.0
 20.0   0.0   0.0   15.0   0.0   0.0   12.0   0.0   0.0   10.0   0.0   0.0
  8.0   0.0   0.0    7.0   0.0   0.0    6.0   0.0   0.0    5.0   0.0   0.0
  4.0   0.0   0.0

 12. 1.2018   0 Uhr

 99.9 -17.3   8.0   97.3  -8.3   6.9   93.5   1.8   4.8   92.8   3.3   3.3
 91.9   5.0   1.3   90.6   6.1  -1.1   84.5  13.8  -1.2   78.9   9.7  -0.9
 70.0   9.3   6.5   69.3   9.1   7.6   64.1   5.1   4.3   61.7   8.9   5.1
 59.8  10.8  -0.0   57.4  10.3  -0.0   56.0   5.8   2.1   53.8  10.8   0.9
 50.4   7.5   2.0   50.0   7.5   2.0   48.9   5.1   0.4   42.1  -1.0   0.1
 40.8  -5.1   0.0   39.2 -12.6   5.9   37.6 -23.8   4.2   34.6 -26.1  -2.3
 32.0 -23.6  -2.1   30.0 -24.6   2.2   25.2 -33.3   2.9   20.0 -27.2   2.4
 19.9 -27.7   2.4   16.7 -39.6   0.0   14.4 -36.4  -3.2   12.1 -16.7  -2.9
 11.0 -16.0 -11.2   10.6 -16.9  -4.5   10.4 -11.1  -6.4   10.0 -10.5 -10.5
  9.1 -19.8  -3.5    8.7 -11.8  -1.0    8.2  -6.3   2.3    7.9  -6.5   1.7
  7.8  -5.1  -0.9    7.6  -8.4  -5.9    6.9  -5.0  -1.3    6.5 -13.8   1.2
  6.4 -10.6  -3.9    5.8  -5.1   3.5    5.5 -13.2   2.3    5.2  -5.5   5.5
  5.0  -6.0   7.1    4.8  -6.7   5.6

 99.9 -17.3   8.0   90.0   6.8  -1.1   80.0  10.6  -0.9   70.0   9.3   6.5
 60.0  10.6   0.5   50.0   7.5   2.0   45.0   1.7   0.2   40.0  -8.8   2.9
 35.0 -25.8  -1.4   30.0 -24.6   2.2   25.0 -33.1   2.9   22.5 -30.2   2.6
 20.0 -27.2   2.4   15.0 -37.3  -2.3   12.0 -16.7  -3.7   10.0 -10.5 -10.5
  8.0  -6.4   1.9    7.0  -5.5  -2.0    6.0  -7.0   1.0    5.0  -6.0   7.1
  4.0   0.0   0.0

 12. 1.2018  12 Uhr

 99.9 -22.9   6.1   93.1  -3.8   5.5   91.1   0.8   4.6   88.1   4.8   1.8
 85.4   7.2  -0.0   81.1  10.3   4.8   70.0  10.2   8.6   66.9   8.4   5.9


 99.9 -22.9   6.1   90.0   2.3   3.5   80.0  10.3   5.1   70.0  10.2   8.6
 60.0   0.0   0.0   50.0   0.0   0.0   45.0   0.0   0.0   40.0   0.0   0.0
 35.0   0.0   0.0   30.0   0.0   0.0   25.0   0.0   0.0   22.5   0.0   0.0
 20.0   0.0   0.0   15.0   0.0   0.0   12.0   0.0   0.0   10.0   0.0   0.0
  8.0   0.0   0.0    7.0   0.0   0.0    6.0   0.0   0.0    5.0   0.0   0.0
  4.0   0.0   0.0

 13. 1.2018   0 Uhr

 99.9 -11.7   2.1   96.0  -5.1   0.0   94.5   0.1  -0.5   92.8   5.1  -0.4
 87.3  13.9  -3.7   78.1   8.9   4.1   70.0   6.5  -1.7   69.3   4.8  -1.8
 62.3   0.1  -0.5   55.5   5.3  -1.9   53.0   5.1  -3.5   52.1   3.6  -3.6
 50.0   2.0  -2.4   44.4  -1.7   2.0   43.6  -5.0   1.3   43.1  -7.6   1.3
 41.9  -6.7   5.6   40.4  -8.7   7.3   38.4 -16.9  -1.5   37.7 -19.3  -3.4
 36.6 -17.9  -6.5   31.1 -21.9   5.9   30.0 -21.9   5.9   28.5 -26.6   2.3
 26.3 -23.6  -2.1   24.5 -27.7   2.4   22.6 -27.8   0.0   20.3 -41.7   0.0
 20.0 -39.6   0.0   19.1 -29.8  -8.0   18.3 -38.9  -3.4   17.6 -31.3  -8.4
 15.4 -31.3  -2.7   14.4 -43.6   3.8   12.8 -20.5  11.8   11.5 -16.9   4.5
 10.9 -25.3   4.5   10.3 -12.9   3.5   10.0 -11.8   0.0    9.9 -11.1  -2.0
  9.6 -12.3   0.0    9.2  -8.7  -3.2    7.4  -9.6  11.4    7.0 -10.6  12.6
  6.7  -6.5   9.3    6.6  -7.9   6.6    6.4  -6.5   9.3    6.2  -7.6   7.6
  5.7  -2.6   4.5    5.3  -2.5  -0.4    5.2  -3.9  -3.3    4.5 -10.6 -12.6


 99.9 -11.7   2.1   90.0   9.6  -2.1   80.0   9.9   2.5   70.0   6.5  -1.7
 60.0   1.8  -1.0   50.0   2.0  -2.4   45.0  -1.2   1.5   40.0 -10.3   5.5
 35.0 -19.0  -3.1   30.0 -21.9   5.9   25.0 -26.5   1.2   22.5 -28.4   0.0
 20.0 -39.6   0.0   15.0 -36.1  -0.2   12.0 -18.3   7.4   10.0 -11.8   0.0
  8.0  -9.3   6.3    7.0 -10.6  12.6    6.0  -5.6   6.4    5.0  -5.8  -5.9
  4.0   0.0   0.0

 13. 1.2018  12 Uhr

 99.9 -11.1   6.4   98.2  -6.7   4.7   97.4  -4.5   2.6   95.9  -0.4  -0.3
 93.5   3.3  -3.9   91.1   1.8  -4.8   87.7   5.6  -0.5   85.8   9.4   2.5
 82.7  12.6   4.6   79.0   8.5   4.9

 99.9 -11.1   6.4   90.0   3.0  -3.4   80.0   9.6   4.8   70.0   0.0   0.0
 60.0   0.0   0.0   50.0   0.0   0.0   45.0   0.0   0.0   40.0   0.0   0.0
 35.0   0.0   0.0   30.0   0.0   0.0   25.0   0.0   0.0   22.5   0.0   0.0
 20.0   0.0   0.0   15.0   0.0   0.0   12.0   0.0   0.0   10.0   0.0   0.0
  8.0   0.0   0.0    7.0   0.0   0.0    6.0   0.0   0.0    5.0   0.0   0.0
  4.0   0.0   0.0

 14. 1.2018   0 Uhr

 99.9  -6.3   5.3   98.6  -3.6   3.6   95.7   0.8   1.3   94.0   5.1  -0.4
 86.2  15.4  -1.3   80.3   7.2  -0.0   78.4   4.0  -1.1   74.3   1.4  -8.1
 71.2  -2.8 -10.4   70.0  -3.5  -9.7   67.2  -2.2  -4.7   63.9   2.0  -1.7
 62.5   5.1  -0.0   58.5  12.3  -0.0   53.9  10.7   5.0   51.0   8.2   3.0
 50.0   6.3   4.4   49.2   4.7   6.7   44.9   0.0   9.3   43.3  -3.3   5.8
 42.8  -5.0   5.9   41.0  -7.3   7.3   38.0 -17.2  -3.0   34.9 -22.4   6.0
 30.0 -29.9  -5.3   20.0 -38.5   6.8   19.4 -42.1   7.4   14.5 -44.6  -3.9
 13.4 -30.3  -8.1   13.1 -28.7  -2.5   12.7 -31.4   0.0   11.9 -17.0   0.0
 11.7 -12.9  -3.5   11.3 -12.5  -7.2   10.6  -8.4  -3.9   10.1  -6.2   0.0
 10.0  -6.2   0.0    9.9  -6.2   0.0    9.5  -9.4   2.5    9.3  -4.7   2.2
  9.0  -1.7   2.0    6.6   7.0  -1.9    6.4   7.5  -2.0    6.1   5.6  -1.0
  5.8   1.3   0.9    5.6   0.9   5.1    5.4   2.4   8.9    5.2  -4.4  12.1
  5.1  -3.5  12.9    4.8  -8.9  12.6    4.6  -6.3  13.5    4.3 -12.3   1.1


 99.9  -6.3   5.3   90.0  10.3  -0.9   80.0   6.7  -0.2   70.0  -3.5  -9.7
 60.0   9.6  -0.0   50.0   6.3   4.4   45.0   0.1   9.2   40.0 -10.5   3.9
 35.0 -22.2   5.7   30.0 -29.9  -5.3   25.0 -33.9   0.3   22.5 -36.1   3.4
 20.0 -38.5   6.8   15.0 -44.3  -2.6   12.0 -18.8   0.0   10.0  -6.2   0.0
  8.0   1.7   0.5    7.0   5.4  -1.2    6.0   4.2  -0.4    5.0  -5.2  12.8
  4.0   0.0   0.0

 14. 1.2018  12 Uhr

 99.9 -14.3  10.0   96.1  -5.3   6.3   94.4  -1.9   5.3   93.2   1.2   4.5
 92.0   5.1   3.5   88.9   9.3  -0.0   86.3  12.8  -1.1   82.8   9.2  -3.3
 80.5   7.1  -1.3   76.2   3.0  -0.8   74.3   3.6  -3.6   70.0  -2.9  -2.9
 69.2  -4.8  -1.8   67.4  -5.1   0.9   66.1  -1.1   2.9   64.7   3.0   4.2
 63.2   3.3   5.8   60.3  12.1   5.7   57.2  16.0   5.8   52.3  10.2   3.7


 99.9 -14.3  10.0   90.0   7.8   1.3   80.0   6.6  -1.2   70.0  -2.9  -2.9
 60.0  12.5   5.7   50.0   0.0   0.0   45.0   0.0   0.0   40.0   0.0   0.0
 35.0   0.0   0.0   30.0   0.0   0.0   25.0   0.0   0.0   22.5   0.0   0.0
 20.0   0.0   0.0   15.0   0.0   0.0   12.0   0.0   0.0   10.0   0.0   0.0
  8.0   0.0   0.0    7.0   0.0   0.0    6.0   0.0   0.0    5.0   0.0   0.0
  4.0   0.0   0.0

 15. 1.2018   0 Uhr

 99.9 -11.4   9.6   96.9  -4.1   8.9   94.1   1.6   6.0   93.5   3.1   5.3
 92.4   7.0   3.3   87.7  14.4  -3.9   76.5   8.5  -4.9   73.3   5.3  -3.1
 73.1   4.5  -2.6   72.3  -0.4  -1.5   71.3  -5.1  -0.9   70.0  -6.7   0.6
 68.3  -6.1   2.8   66.9  -1.8   4.8   63.1   5.9   4.1   60.0  14.4   3.9
 57.7  11.3  -0.0   51.1   5.1  -0.0   50.0   3.6   0.3   45.6  -1.0  -0.2


 99.9 -11.4   9.6   90.0  10.7  -0.3   80.0  10.4  -4.6   70.0  -6.7   0.6
 60.0  14.4   3.9   50.0   3.6   0.3   45.0  -1.7  -0.2   40.0   0.0   0.0
 35.0   0.0   0.0   30.0   0.0   0.0   25.0   0.0   0.0   22.5   0.0   0.0
 20.0   0.0   0.0   15.0   0.0   0.0   12.0   0.0   0.0   10.0   0.0   0.0
  8.0   0.0   0.0    7.0   0.0   0.0    6.0   0.0   0.0    5.0   0.0   0.0
  4.0   0.0   0.0

 15. 1.2018  12 Uhr

 99.9 -12.1   4.4   94.4  -0.9   5.1   91.9   1.3   2.2   89.9   5.1  -0.9
 87.0   8.7  -3.2   85.5   6.7  -3.9   83.3   3.3  -3.9   80.9   1.8  -1.0
 70.3  -3.0   4.2   70.0  -3.0   4.2   65.4   1.1   6.1   63.7   4.3   3.6
 63.1   6.1   2.8   59.9  12.4   3.3   55.2  11.2  -5.2   51.6  10.2  -3.7
 50.0   6.7  -5.6   48.7   4.3  -3.6   45.9  -0.0  -3.6   43.8  -4.7  -2.2
 41.2  -7.2  -5.0   40.7  -8.4  -3.9   39.0 -17.7   8.3   38.3 -19.2  11.1
 35.5 -20.6   0.0   33.1 -26.1  -2.3   30.9 -24.1  -2.1   30.0 -24.6   2.2
 27.3 -24.1   2.1   22.4 -28.8  -7.7   20.0 -34.8  -3.0   16.8 -40.3  10.8
 14.8 -41.0  -3.6   13.5 -31.4 -11.4   12.6 -25.3   6.8   11.4 -19.5   1.7
 10.9 -11.8   8.3   10.5 -11.7   5.4   10.1  -6.2   8.8   10.0  -5.6   8.0
  9.7  -4.3   5.1    9.6  -3.0   4.2    9.0  -0.0  -0.0    8.6   0.4  -5.1
  6.2  -5.0  -1.3    6.1  -5.1   0.4    5.1  -4.8   1.8    4.9  -5.6   0.5
  4.6  -7.5   2.0

 99.9 -12.1   4.4   90.0   4.9  -0.7   80.0   1.4  -0.6   70.0  -3.0   4.2
 60.0  12.2   3.3   50.0   6.7  -5.6   45.0  -2.0  -3.0   40.0 -12.2   1.1
 35.0 -21.7  -0.5   30.0 -24.6   2.2   25.0 -26.2  -2.3   22.5 -28.7  -7.5
 20.0 -34.8  -3.0   15.0 -40.9  -2.1   12.0 -22.5   4.3   10.0  -5.6   8.0
  8.0  -0.8  -4.3    7.0  -3.0  -2.7    6.0  -5.1   0.6    5.0  -5.2   1.1
  4.0   0.0   0.0

 16. 1.2018   0 Uhr

 99.9  -8.7   3.2   98.3  -5.8   2.1   94.1  -0.3  -1.0   91.1   2.2  -4.7
 89.6   1.4  -8.1   86.9   4.6  -8.0   83.3   6.3  -5.3   79.7   4.7  -4.0
 79.1   3.6  -3.6   74.6  -1.0  -0.1   71.4  -0.9   5.1   70.2   0.0   5.1
 70.0   0.4   4.6   68.2   5.1   0.4   56.6   8.0 -11.4   54.5   4.1  -8.9
 52.8   7.1  -4.1   51.3   5.1  -0.9   50.0   3.3   1.5   45.9   0.1  -1.5
 44.6  -3.9  -3.3   42.4  -4.0  -4.0   39.9 -15.9   0.0   38.1 -16.2   2.9
 37.0 -22.1   0.0   35.6 -21.4  -5.7   30.6 -28.9   5.1   30.0 -27.9   4.9
 27.3 -27.7  -2.4   20.2 -36.0   6.3   20.0 -37.0   6.5   16.5 -40.0  -7.1
 13.2 -40.0   7.1   12.4 -29.8   0.0   11.8 -29.3   7.9   11.1 -15.4   7.2
 10.9 -11.4   9.6   10.7  -9.3  11.0   10.1  -7.4  10.5   10.0  -8.9  10.6
  9.9  -8.6  10.2    9.3  -0.9   0.4    7.1  -6.8  -2.5    5.4   2.6  -4.5
  5.2  -0.1  -0.5

 99.9  -8.7   3.2   90.0   1.6  -7.2   80.0   4.9  -4.1   70.0   0.4   4.6
 60.0   7.1  -7.7   50.0   3.3   1.5   45.0  -2.7  -2.8   40.0 -15.5  -0.2
 35.0 -22.2  -4.5   30.0 -27.9   4.9   25.0 -30.2   0.2   22.5 -33.1   3.3
 20.0 -37.0   6.5   15.0 -40.0  -0.9   12.0 -29.5   5.2   10.0  -8.9  10.6
  8.0  -4.2  -1.2    7.0  -6.3  -2.6    6.0  -0.9  -3.7    5.0   0.0   0.0
  4.0   0.0   0.0

 16. 1.2018  12 Uhr

 99.9   0.0   1.0   98.6  -0.0  -0.0   89.3   0.5  -5.6   87.4  -0.9  -5.1
 83.3   5.1   0.9   81.3   6.1   0.5   78.4   5.8  -3.3   76.2  -2.0  -7.5
 75.3  -3.5  -7.5   73.4  -3.5  -5.1   72.5  -3.9  -3.3   70.0  -0.1   1.0
 69.8   0.4   1.0   67.7   5.1  -0.9   65.6   8.6  -1.5   60.4   9.3  -6.5
 58.2   5.9  -4.1   56.5   5.5   1.5   53.1   4.5   2.6   51.7   5.1  -0.9
 50.1   5.0  -1.3   50.0   5.0  -1.3   45.7   0.4  -1.5   44.6  -4.8  -1.8
 42.7  -7.7  -2.8   40.0 -15.5   5.6   38.3 -19.1   8.9   37.7 -22.4   6.0
 36.2 -23.3  -4.1   30.1 -29.2   2.6   30.0 -29.2   2.6   25.9 -28.2  -2.5
 20.9 -32.9   5.8   20.0 -35.0   0.0   18.0 -36.5  -6.4   16.9 -38.4  -3.4
 13.9 -33.4   5.9   13.0 -30.3 -14.1   11.8 -15.6 -10.9    9.3  -9.6  -1.7
  8.3  -4.1   7.1    6.7  -6.3  13.5    6.3  -2.0  11.1    5.9  -7.1  10.1
  5.6   1.5   8.6    5.5   0.9   5.1    5.4  -0.0  -0.0    5.3   3.0  -4.2
  5.1   7.6  -9.1    5.0   7.6  -7.6    4.3   0.5  -6.1

 99.9   0.0   1.0   90.0   0.5  -5.2   80.0   6.0  -1.2   70.0  -0.1   1.0
 60.0   8.7  -6.1   50.0   5.0  -1.3   45.0  -2.9  -1.7   40.0 -15.5   5.6
 35.0 -24.4  -2.9   30.0 -29.2   2.6   25.0 -29.0  -1.1   22.5 -31.3   3.0
 20.0 -35.0   0.0   15.0 -35.4   2.3   12.0 -18.1 -11.5   10.0 -11.4  -4.4
  8.0  -4.5   8.3    7.0  -5.9  12.2    6.0  -5.8  10.4    5.0   7.6  -7.6
  4.0   0.0   0.0

 17. 1.2018   0 Uhr

 99.9   3.8  -2.7   95.1  -1.1  -6.1   92.4  -0.5  -6.1   88.4  -2.2  -4.7
 85.8  -0.3  -0.4   76.7  -0.9   5.1   74.1   1.3   5.0   72.2   1.5   0.4
 71.1   5.0  -1.3   70.0   6.8  -2.5   66.7  11.0  -7.7   65.0   9.7  -6.8
 62.6   1.9  -5.3   61.0   2.4  -2.0   50.9  -0.0  -0.0   50.0  -2.0   0.4
 44.3  -6.1   1.1   42.9  -8.7   0.0   39.9 -13.4   3.6   37.6 -20.9  -5.6
 33.8 -26.1   9.5   30.0 -29.4   5.2   28.7 -33.8   3.0   27.3 -28.3   0.0
 20.0 -37.5  -6.6   17.5 -40.5  -7.1   13.9 -32.9   0.0   13.1 -26.1   9.5
 12.3 -29.4   5.2   11.9 -24.6  -2.2   11.4 -18.7   3.3   10.4 -11.1  -6.4
 10.2 -10.3  -4.8   10.0 -12.2  -2.1    9.7 -17.5   0.0    9.0 -13.2  -2.3
  8.7 -13.8   1.2    8.5  -7.2  -0.6    8.4  -6.1   0.5    7.9  -4.4   6.3
  7.5 -10.9   2.9    7.3  -7.0   1.9    7.0  -3.5  -5.1    6.7  -4.0  -4.0
  6.6  -7.6  -1.3    6.5  -5.1  -0.9    6.4  -0.0  -1.5    6.2   4.5  -2.6
  5.8   9.3  -4.3    5.5   8.3  -6.9    5.4   8.8  -6.2    5.3   6.8  -2.5
  5.1   1.8   4.8    4.8  -0.9   5.1    4.7  -0.0  -0.0    4.6   5.0  -1.3
  4.4   8.2  -0.7

 99.9   3.8  -2.7   90.0  -1.5  -5.3   80.0  -0.7   3.0   70.0   6.8  -2.5
 60.0   2.1  -1.8   50.0  -2.0   0.4   45.0  -5.6   1.0   40.0 -13.3   3.5
 35.0 -24.4   4.6   30.0 -29.4   5.2   25.0 -31.0  -1.9   22.5 -34.1  -4.2
 20.0 -37.5  -6.6   15.0 -35.4  -2.3   12.0 -25.8  -0.3   10.0 -12.2  -2.1
  8.0  -4.8   5.1    7.0  -3.5  -5.1    6.0   6.9  -3.4    5.0   0.9   4.9
  4.0   0.0   0.0

 17. 1.2018  12 Uhr

 99.9  -8.9  -2.4   94.9  -7.9  -3.7   90.5  -2.6  -7.3   86.0  -8.7  -7.3
 83.7  -6.1  -2.8   78.2  -0.2   2.6   72.2   2.1   8.0   70.5   5.6   1.0
 70.0   6.7  -0.0   67.0   8.7  -3.2   65.9   5.6  -2.6   63.3  -1.3  -5.0
 62.0  -3.2  -4.6   61.6  -3.3  -3.9   60.2   0.7  -1.4   59.0   5.1   0.9
 57.2   7.7   0.7   55.1   6.1   2.8   53.2   6.1   1.1   52.2   4.7   2.2
 51.2   3.4   2.4   50.0   4.7   2.2   49.4   4.7   2.2   46.1   3.0   4.2
 44.9   1.7   6.5   43.7  -5.6   6.7   41.9  -6.2   8.8   40.5  -7.3   7.3
 39.8  -9.7   3.5   39.3 -11.8   0.0   36.0 -23.7  -8.6   32.7 -23.7   0.0
 30.0 -29.4  -5.2   28.2 -33.8  -3.0   20.0 -36.4  -3.2   17.1 -41.5   7.3
 14.1 -37.9   3.3   13.1 -37.3  10.0   12.0 -26.1  -2.3   11.5 -20.6   0.0
 10.4  -6.9 -12.0   10.0 -10.5  -7.4    9.6  -3.6  -3.6    9.2  -1.2   1.7
  8.9   3.3   3.9    8.1   0.3   3.1

 99.9  -8.9  -2.4   90.0  -3.3  -7.3   80.0  -2.2   0.8   70.0   6.7  -0.0
 60.0   1.4  -1.0   50.0   4.7   2.2   45.0   1.8   6.3   40.0  -9.0   4.6
 35.0 -23.7  -6.1   30.0 -29.4  -5.2   25.0 -34.8  -3.0   22.5 -35.5  -3.1
 20.0 -36.4  -3.2   15.0 -39.1   4.6   12.0 -26.1  -2.3   10.0 -10.5  -7.4
  8.0  -0.1   3.0    7.0   0.0   0.0    6.0   0.0   0.0    5.0   0.0   0.0
  4.0   0.0   0.0

 18. 1.2018   0 Uhr

 99.9  -4.2  -2.0   93.5  -3.3  -5.8   87.7  -7.3  -2.6   81.3  -1.0  -5.6
 79.4  -0.9  -5.1   76.2   4.8  -1.8   71.7   6.3  -5.3   70.0   4.4  -6.3
 68.7   1.9  -5.3   67.5  -1.2  -1.0   64.6  -1.3   5.0   62.6   5.6   6.7
 60.4  14.0   5.1   54.6  10.7   6.2   50.3   8.0   2.1   50.0   7.7   2.8
 48.9   6.7   3.9   46.5   4.5   2.6   44.7   1.1   2.9   42.8  -7.2   0.0
 39.2 -14.5  -6.7   37.4 -21.4 -10.0   36.7 -26.3  -4.6   35.5 -25.8   4.6
 34.1 -24.1   2.1   30.0 -35.4   3.1   27.7 -38.0   6.7   23.0 -39.5  -3.5
 20.0 -37.4   3.3   14.2 -38.9   3.4   13.3 -30.4   0.0   12.9 -33.3   2.9
 12.0 -16.5   0.0   11.4 -20.3   7.4   10.7 -12.9   3.5   10.4  -7.7   0.0
 10.2  -3.9  -3.3   10.1  -0.3  -3.6   10.0   1.4  -3.9    9.5   7.0  -3.3
  9.1   5.3   1.9    8.5   2.5  -0.7    8.4   3.0  -4.2    7.9   1.3  -7.6
  7.5   5.5 -15.0    7.2  -1.8 -10.1    7.0   2.8  -7.7    6.6   3.3  -3.3


 99.9  -4.2  -2.0   90.0  -5.7  -3.9   80.0  -0.9  -5.2   70.0   4.4  -6.3
 60.0  13.8   5.2   50.0   7.7   2.8   45.0   1.6   2.8   40.0 -12.8  -5.2
 35.0 -25.2   3.7   30.0 -35.4   3.1   25.0 -38.8   1.0   22.5 -39.1  -2.4
 20.0 -37.4   3.3   15.0 -38.7   3.4   12.0 -16.5   0.0   10.0   1.4  -3.9
  8.0   1.7  -6.9    7.0   2.8  -7.7    6.0   0.0   0.0    5.0   0.0   0.0
  4.0   0.0   0.0

 18. 1.2018  12 Uhr

 99.9 -12.9  -3.5   94.5 -10.8   0.0   89.3  -8.8  -6.2   87.7  -8.0  -4.6
 82.8  -3.3   3.9   75.5  -0.2   1.0   70.0   4.2   2.0   68.1   3.3   3.9
 64.7   5.1   8.9   61.2  14.0   6.5   59.8  13.2   2.3   57.2   8.9   5.1
 54.1   9.2   0.8   51.2   6.7   0.6   50.0   6.5  -3.0   49.8   6.7  -3.9
 47.9   5.9  -5.0   45.4   0.9  -5.1   44.8  -1.5  -2.7   44.2  -4.8  -1.8
 42.8  -7.9  -3.7   41.5 -12.3  -1.1   39.2 -15.5  -5.6   36.3 -22.8   4.0
 30.0 -32.4   0.0   28.1 -35.9  -3.1   20.0 -31.3   2.7   19.7 -30.7   2.7
 14.3 -37.4   3.3   13.6 -27.7  -2.4   12.9 -25.3  -6.8   12.2 -27.9   4.9
 11.8 -22.2   8.1   10.8  -9.1   7.6   10.6  -7.1   4.1   10.4  -5.0   1.3
 10.2  -2.2  -1.3   10.0   0.4  -4.6    9.6   5.1  -3.5    9.4   4.7  -2.2
  8.8   5.0  -7.2    8.6   3.5  -7.5    8.3   2.6  -4.5    6.5  -0.2  -0.5
  6.3  -6.8  -2.5    6.2  -5.1  -2.4    6.0   3.9  -3.3    5.9   5.5  -1.5
  5.8   5.5  -1.5    5.7   3.6  -3.6    5.5   6.2  -6.2    5.3   4.3  -5.1
  4.9   4.7   2.2    4.6   5.3   3.1    4.5   5.5   1.5

 99.9 -12.9  -3.5   90.0  -9.1  -5.3   80.0  -2.1   2.8   70.0   4.2   2.0
 60.0  13.3   2.9   50.0   6.5  -3.0   45.0  -0.7  -3.5   40.0 -14.4  -4.0
 35.0 -24.7   3.2   30.0 -32.4   0.0   25.0 -34.2  -1.1   22.5 -32.8   0.8
 20.0 -31.3   2.7   15.0 -36.5   3.2   12.0 -25.1   6.5   10.0   0.4  -4.6
  8.0   2.1  -3.8    7.0   0.6  -1.7    6.0   3.9  -3.3    5.0   4.6   0.3
  4.0   0.0   0.0

 19. 1.2018   0 Uhr

 99.9 -19.5   1.7   94.0 -12.3   1.1   88.8 -15.9   1.4   86.3 -11.3   0.0
 84.7  -6.0   1.6   83.0  -0.7  -1.9   77.2   5.1  -0.9   74.9   8.2   0.7
 71.3  12.9  -0.0   70.0  10.8  -0.9   67.2   9.7  -0.9   63.8   8.7   3.2
 61.2   5.0  -1.3   58.0   5.8   3.3   56.1   6.2   6.2   51.3   6.7  -0.6
 50.0   4.3  -3.6   49.3   2.1  -5.8   46.1  -2.8  -4.9   44.0  -3.6   0.3
 42.3  -4.5   2.6   40.6  -7.1   4.1   38.7 -13.3  -1.2   36.5 -17.9   4.8
 30.0 -32.9   0.0   29.9 -33.4   0.0   27.1 -29.2   2.6   20.0 -32.8  -2.9
 14.3 -37.9  -3.3   12.0 -23.8 -11.1   11.7 -26.8  -7.2   11.3 -15.2  -2.7
 10.9 -13.5  -6.3   10.1  -6.3   4.4   10.0  -5.5   4.6    9.4  -5.1  -0.4
  9.1   0.3  -0.4    8.0   5.1   0.4    7.8   4.9   2.8    7.3   3.5   0.6


 99.9 -19.5   1.7   90.0 -15.0   1.3   80.0   2.2  -1.4   70.0  10.8  -0.9
 60.0   5.3   0.4   50.0   4.3  -3.6   45.0  -3.2  -2.2   40.0  -9.1   2.5
 35.0 -21.2   3.7   30.0 -32.9   0.0   25.0 -30.2   1.1   22.5 -31.4  -0.8
 20.0 -32.8  -2.9   15.0 -37.2  -3.3   12.0 -23.8 -11.1   10.0  -5.5   4.6
  8.0   5.1   0.4    7.0   0.0   0.0    6.0   0.0   0.0    5.0   0.0   0.0
  4.0   0.0   0.0

 19. 1.2018  12 Uhr

 99.9 -39.5   3.5   94.3 -20.1   0.0   91.1  -5.0  -1.3   89.9  -0.3  -1.5
 88.3   5.1  -0.4   86.1  12.3   1.1   82.1  14.0   5.1   78.1  18.2   3.2
 73.2  11.8  -0.0   70.0  10.2   0.9   67.6   9.2   0.8   64.6   6.5   6.5
 59.8   2.4   2.0   57.8   3.3   3.9   55.5   5.5   3.8   53.9   6.7  -0.6
 51.5  10.2  -3.7   50.0   7.5  -3.5   42.4  -0.0  -0.0   41.2  -5.1  -0.4
 39.7 -13.9  -3.7   38.8 -18.4  -1.6   36.8 -20.4   5.5   35.0 -24.1   2.1
 33.5 -23.1  -2.0   30.0 -26.8   0.0   28.4 -26.1   2.3   20.0 -32.9  -5.8
 19.6 -33.9  -6.0   15.7 -31.4   5.5   14.2 -38.4   3.4   12.5 -26.1  -2.3
 12.2 -28.2   2.5   11.8 -21.4   5.7   11.3 -14.7   2.6   10.8  -9.9   8.3
 10.5   0.0   7.2   10.2   2.4   3.4   10.0   4.0   2.3    9.5   5.6   2.6
  9.1   8.7   0.8    8.9   6.7   3.9    8.4  11.7   2.1    8.2  12.1   4.4
  8.0   7.9   6.6    7.5   7.7  -0.7    7.2   8.9  -4.1    6.6   5.9  -5.0
  6.4   8.0  -2.1    6.2   4.5  -2.6    6.0   7.0  -3.3    5.8   3.0  -4.2
  5.5  -5.1   0.4    5.4  -0.0  -0.0    4.7  -3.3   3.9    4.2  -7.7   2.8


 99.9 -39.5   3.5   90.0  -0.7  -1.5   80.0  16.2   4.1   70.0  10.2   0.9
 60.0   2.5   2.2   50.0   7.5  -3.5   45.0   2.7  -1.2   40.0 -12.1  -3.1
 35.0 -24.1   2.1   30.0 -26.8   0.0   25.0 -28.7  -0.8   22.5 -30.7  -3.2
 20.0 -32.9  -5.8   15.0 -34.6   4.5   12.0 -24.8   4.1   10.0   4.0   2.3
  8.0   7.9   6.6    7.0   7.9  -4.4    6.0   7.0  -3.3    5.0  -1.8   2.2
  4.0   0.0   0.0

 20. 1.2018   0 Uhr

 99.9 -22.1   0.0   91.1  -4.9  -2.8   89.9  -1.7  -3.7   83.9   6.1   0.5
 73.5  14.4  -0.0   71.1  11.1   2.0   70.0   9.7   0.9   69.6   9.3  -0.0
 64.4   6.7   3.9   62.6   6.7  -0.6   58.8   2.9  -2.1   58.3   5.1  -0.4
 56.2  11.7   2.1   53.0  12.9  -3.5   51.7  10.6  -1.9   50.0   7.7   2.8
 48.3   3.8   5.5   47.8   2.6   4.5   46.6   0.5  -0.0   43.1  -3.6  -3.6
 39.8 -16.2   2.9   37.5 -13.8   8.0   34.7 -17.2  -3.0   32.3 -28.2   2.5
 30.0 -28.3   0.0   26.7 -28.7   2.5   25.2 -25.6   2.2   21.8 -26.3  -4.6
 20.3 -32.9   0.0   20.0 -32.4   0.0   17.6 -28.7   2.5   15.5 -39.6   0.0
 12.7 -28.5  10.4   11.6 -27.7  -2.4   11.3 -29.7   2.6   10.0 -15.9   4.3
  9.7  -8.0   2.1    9.5  -4.5   2.6    8.9   0.4   0.4    8.7   3.6  -3.6
  7.0  10.9 -10.9    6.4   4.6  -5.5    6.2   6.6  -1.2    5.9   0.6  -0.8
  5.6   3.3  -3.9    5.5   7.7  -2.8    5.0   5.0  -1.3    4.9   5.1   0.4


 99.9 -22.1   0.0   90.0  -2.0  -3.7   80.0   9.2   0.3   70.0   9.7   0.9
 60.0   4.1  -1.6   50.0   7.7   2.8   45.0  -1.4  -1.7   40.0 -15.4   2.5
 35.0 -16.9  -1.8   30.0 -28.3   0.0   25.0 -25.7   1.9   22.5 -26.2  -3.2
 20.0 -32.4   0.0   15.0 -37.7   1.7   12.0 -28.0   2.3   10.0 -15.9   4.3
  8.0   6.5  -6.5    7.0  10.9 -10.9    6.0   2.6  -1.0    5.0   5.0  -1.3
  4.0   0.0   0.0

 20. 1.2018  12 Uhr

 99.9 -21.5  -1.9   92.8  -4.7  -2.2   91.1  -0.0  -0.0   89.0   5.1   0.4
 86.5   7.3   2.6   81.6  12.4   3.3   74.1  10.1   1.8   71.7   8.5   4.9
 70.0   9.4   2.5   68.3   8.1  -1.4   64.2   6.1  -0.5   62.1   3.9  -3.3
 59.9   2.2  -2.2   59.0   5.6   0.5   56.7  11.7  -2.1   50.6  11.7   5.4
 50.0  10.7   6.2   48.6   4.6   8.0   47.0   1.8   4.8   44.8   3.0   4.2
 43.3  -0.2   2.0   42.6  -3.3   3.9   39.1  -8.2   3.0   37.1 -13.1   4.8
 35.9 -19.5  -1.7   35.0 -19.4  -5.2   33.0 -21.1   0.0   30.8 -24.1  -2.1


 99.9 -21.5  -1.9   90.0   2.7   0.2   80.0  11.9   3.0   70.0   9.4   2.5
 60.0   2.3  -2.2   50.0  10.7   6.2   45.0   2.8   4.3   40.0  -6.9   3.2
 35.0 -19.4  -5.2   30.0 -25.2  -2.9   25.0   0.0   0.0   22.5   0.0   0.0
 20.0   0.0   0.0   15.0   0.0   0.0   12.0   0.0   0.0   10.0   0.0   0.0
  8.0   0.0   0.0    7.0   0.0   0.0    6.0   0.0   0.0    5.0   0.0   0.0
  4.0   0.0   0.0

 21. 1.2018   0 Uhr

 99.9 -23.8   4.2   96.5 -14.2   2.5   91.6  -4.8  -1.8   89.2   0.1  -0.5
 87.0   5.1  -0.4   82.8  10.8  -0.0   74.6   8.0  -2.1   71.9   8.3  -6.9
 70.5   5.6  -6.7   70.0   5.3  -6.3   68.8   5.1  -4.3   65.5   1.3   0.8
 64.2   2.2   4.7   61.1   8.6  10.2   55.4  12.9  -0.0   51.6  14.2   2.5
 50.0  11.3   1.0   48.5   9.7   0.9   46.6   7.3   7.3   44.3   5.3   6.3
 43.8   3.6   3.6   42.3   1.3  -2.2   40.8  -3.3  -3.9   39.6  -6.5  -3.0
 37.1 -16.8  -7.8   36.0 -22.0  -1.9   30.1 -29.9   5.3   30.0 -29.9   5.3
 24.8 -29.2  -2.6   21.5 -30.3   8.1   20.0 -35.4   3.1   18.4 -40.5  -3.5
 16.7 -34.8  -9.3   14.4 -36.5   0.0   13.6 -43.6   3.8   12.0 -18.7   3.3
 11.2 -19.0   1.7   10.8 -12.2  -2.1   10.1  -9.5  -7.9   10.0  -8.4  -8.4
  9.7  -8.0  -8.0    8.9   1.2  -6.6    8.6   1.5  -5.5    7.7   0.8   0.7
  7.3   0.9   5.1    7.1   1.9   7.0    6.7   0.0  11.3    6.3  -4.6   8.0
  6.0  -3.0   4.2    5.7   0.4   2.0    5.6   5.0   1.3    5.4  -3.6   3.6
  5.3  -9.8   4.6    5.1  -4.7   2.2    5.0   3.6  -3.6    4.9   3.0  -4.2
  4.8  -2.9  -1.1

 99.9 -23.8   4.2   90.0  -1.6  -0.9   80.0   9.9  -0.7   70.0   5.3  -6.3
 60.0   9.4   8.3   50.0  11.3   1.0   45.0   5.9   6.6   40.0  -5.4  -3.3
 35.0 -23.3  -0.8   30.0 -29.9   5.3   25.0 -29.2  -2.2   22.5 -30.0   4.8
 20.0 -35.4   3.1   15.0 -36.1  -2.5   12.0 -18.7   3.3   10.0  -8.4  -8.4
  8.0   1.0  -1.4    7.0   1.4   8.0    6.0  -3.0   4.2    5.0   3.6  -3.6
  4.0   0.0   0.0

 21. 1.2018  12 Uhr

 99.9 -18.2   3.2   95.2  -5.0   1.3   91.9  -0.4   0.9   90.3   4.8   1.8
 86.7  11.9   3.2   81.7   9.4   5.4   74.4   7.0  -3.3   70.7   5.8  -3.3
 70.0   5.3  -1.9   66.3   4.1   0.7   63.1   7.5   6.3   60.1   8.3   6.9
 54.9  15.4  -0.0   50.0   9.6  -1.7   49.6   9.2  -0.8   48.5   6.3  -2.3
 47.2   5.1  -0.0   47.0   5.1   0.4   46.1   2.1  -1.5   45.6   1.3  -5.0
 43.6  -0.0  -8.7   42.1  -7.2  -5.0   39.2 -12.3  -1.1   37.0 -15.5  -5.6
 34.1 -23.1   2.0   30.0 -30.4   5.4   29.7 -30.9   5.4   26.7 -29.2   2.6
 25.3 -30.7  -2.7   21.1 -32.9   5.8   20.0 -34.5   0.0   18.0 -29.4  -5.2
 16.4 -31.9   5.6   14.4 -39.5   3.5   13.3 -27.0 -12.6   12.4 -21.3  -3.8
 11.3 -19.5  -1.7   10.4  -4.8 -13.1   10.0  -3.9  -6.7    9.7  -0.5  -5.6
  9.5   2.9  -2.9    9.4   4.8  -1.8    9.1   5.9  -4.1    9.0   5.3  -1.9
  8.8   5.3   3.1    8.3  11.0   9.3    8.1   8.3   9.9    7.6   9.1   7.6
  7.4   4.9   8.5    7.0  -4.6   8.0    6.8  -5.0   7.2    6.7  -0.6   6.7
  6.5  -0.7   4.1    6.4  -2.2   4.7    6.3  -7.6   5.3    6.0 -13.5   9.4
  5.8 -11.2   5.2    5.7  -8.0   5.6

 99.9 -18.2   3.2   90.0   5.4   1.9   80.0   8.8   3.4   70.0   5.3  -1.9
 60.0   8.4   6.8   50.0   9.6  -1.7   45.0   0.9  -6.1   40.0 -10.9  -2.2
 35.0 -20.7  -0.4   30.0 -30.4   5.4   25.0 -30.9  -2.1   22.5 -32.2   2.8
 20.0 -34.5   0.0   15.0 -37.1   4.1   12.0 -20.6  -3.0   10.0  -3.9  -6.7
  8.0   8.4   9.4    7.0  -4.6   8.0    6.0 -13.5   9.4    5.0   0.0   0.0
  4.0   0.0   0.0

 22. 1.2018   0 Uhr

 99.9 -26.3   4.6   94.1  -9.7   0.9   92.6  -5.6  -0.5   91.1  -1.1  -2.3
 89.6   3.9  -3.3   85.3  12.8  -1.1   80.4   6.7  -5.6   72.6   5.6  -2.6
 70.7   7.6  -1.3   70.0   7.1  -1.3   68.2   7.9  -3.7   63.7   7.5   2.0
 60.0  13.7   2.4   51.9   7.6   5.3   50.0   5.1   0.4   49.8   5.1   0.4
 44.7   0.7  -1.9   43.5  -5.1  -0.4   41.6  -7.0   1.9   39.6 -10.9  -2.9
 38.1 -16.7  -2.9   36.0 -20.8   7.6   30.0 -30.7   2.7   29.6 -31.9   0.0
 23.2 -26.6   2.3   20.0 -29.3  -7.9   13.4 -40.6   0.0   12.6 -30.4   5.4
 11.1 -22.0  -1.9   10.7 -26.6   2.3   10.0 -19.0   0.0    9.3  -9.2  -3.3
  9.0  -7.7   0.0    8.8  -3.9   3.3    8.5  -1.9   0.7    8.2  -3.2   4.6
  7.8  -9.3   6.5    7.7  -9.7   3.5    7.4  -8.0  -2.1    7.2 -10.8   0.9
  6.9  -4.2  -3.0    6.5  -1.5  -3.3    6.4  -4.5  -2.6    6.2 -10.8   0.0
  6.1  -4.8  -1.8    6.0  -0.4   0.3    5.6   5.0   1.3    5.4   7.1   1.3
  5.3  -3.6   3.6    5.2  -5.1   5.1    5.1   2.5   6.8    5.0   4.6   8.0
  4.9  -0.4   4.6

 99.9 -26.3   4.6   90.0   2.6  -3.0   80.0   6.6  -5.5   70.0   7.1  -1.3
 60.0  13.7   2.4   50.0   5.1   0.4   45.0   1.0  -1.8   40.0 -10.1  -2.0
 35.0 -22.4   6.8   30.0 -30.7   2.7   25.0 -28.2   1.6   22.5 -27.2   0.2
 20.0 -29.3  -7.9   15.0 -37.6  -2.1   12.0 -27.1   2.5   10.0 -19.0   0.0
  8.0  -6.2   5.6    7.0  -6.4  -1.6    6.0  -0.4   0.3    5.0   4.6   8.0
  4.0   0.0   0.0

 22. 1.2018  12 Uhr

 99.9 -12.6   5.9   96.1  -2.4   5.1   95.8  -1.8   4.8   92.8   4.2   3.0
 89.3   5.7  -0.0   80.2   2.5   2.5   76.7   2.4   5.1

 99.9 -12.6   5.9   90.0   5.4   0.6   80.0   2.5   2.7   70.0   0.0   0.0
 60.0   0.0   0.0   50.0   0.0   0.0   45.0   0.0   0.0   40.0   0.0   0.0
 35.0   0.0   0.0   30.0   0.0   0.0   25.0   0.0   0.0   22.5   0.0   0.0
 20.0   0.0   0.0   15.0   0.0   0.0   12.0   0.0   0.0   10.0   0.0   0.0
  8.0   0.0   0.0    7.0   0.0   0.0    6.0   0.0   0.0    5.0   0.0   0.0
  4.0   0.0   0.0

 23. 1.2018   0 Uhr

 99.9 -19.3   3.4   95.5  -8.4   2.3   94.3  -4.8   1.8   93.0   0.3   0.4
 91.4   4.8  -1.8   90.1   5.9  -4.1   88.5   3.9  -3.3   79.2  -0.0  -0.0
 71.0   4.0  -4.7   70.0   4.3  -3.6   67.2   8.4  -2.3   62.2  12.1  -5.7
 58.8  11.6  -4.2   57.0  11.1   2.0   52.4   6.3  -4.4   50.4   6.7  -0.6
 50.0   6.1  -0.5   45.9   4.3  -5.1   45.5   2.2  -4.7   45.0  -1.8  -3.1
 44.4  -5.1   0.9   42.6  -5.0   5.9   41.6  -5.6   6.7   39.8 -10.2   3.7
 37.9 -13.5   6.3   35.2 -23.1  -2.0   31.8 -27.7   2.4   30.0 -27.2  -2.4
 26.6 -27.2  -2.4   25.0 -29.8   8.0   22.8 -28.2   2.5   20.0 -31.3   2.7
 16.6 -40.6   0.0   14.7 -34.3  -3.0   13.8 -42.7   0.0   11.8 -18.2  -3.2
 10.0  -5.1   0.4    9.9  -6.6   1.2    9.6  -6.1  -2.8    9.3  -2.5  -0.7
  7.5  -0.1  -1.0    7.1   4.5  -2.6    6.8   8.8  -6.2    6.3  -0.0  -3.1
  6.2   3.3  -3.9    6.0  13.9  -3.7    5.5  14.5  -5.3    5.3   9.2  -0.8
  5.2   7.6  -1.3    5.1   8.5  -4.9    5.0  11.6   6.7

 99.9 -19.3   3.4   90.0   5.8  -4.1   80.0   0.4  -0.3   70.0   4.3  -3.6
 60.0  11.8  -4.7   50.0   6.1  -0.5   45.0  -1.8  -3.1   40.0  -9.6   4.0
 35.0 -23.3  -1.8   30.0 -27.2  -2.4   25.0 -29.8   8.0   22.5 -28.5   2.5
 20.0 -31.3   2.7   15.0 -35.4  -2.5   12.0 -20.8  -2.9   10.0  -5.1   0.4
  8.0  -0.8  -0.9    7.0   5.9  -3.8    6.0  13.9  -3.7    5.0  11.6   6.7
  4.0   0.0   0.0

 23. 1.2018  12 Uhr

 99.9 -22.5   2.0   93.4  -6.2  -3.6   85.2  -7.1   1.3   83.6  -5.3   3.1
 80.7  -2.2   4.7   77.1  -1.2   6.6   70.0   2.7  -1.5   68.6   1.1  -1.1
 67.3   4.7  -2.2   65.8   8.6  -1.5   62.5   8.7  -3.2   59.1  16.4  -4.4
 53.0  15.7   2.8   51.0  11.8  -0.0   50.0   9.7   0.9   48.4   7.0   1.9
 43.3   5.5  -3.8   41.6  -1.1  -1.1   39.6  -4.2   3.0   37.9  -8.9   2.4
 35.6 -14.9   7.0   34.0 -19.5   0.0   31.3 -27.8   0.0   30.0 -28.4  -5.0
 27.6 -30.4   0.0   27.2 -29.8   0.0

 99.9 -22.5   2.0   90.0  -6.6  -1.6   80.0  -2.0   5.0   70.0   2.7  -1.5
 60.0  14.3  -4.1   50.0   9.7   0.9   45.0   6.0  -1.9   40.0  -3.6   2.1
 35.0 -16.6   4.4   30.0 -28.4  -5.0   25.0   0.0   0.0   22.5   0.0   0.0
 20.0   0.0   0.0   15.0   0.0   0.0   12.0   0.0   0.0   10.0   0.0   0.0
  8.0   0.0   0.0    7.0   0.0   0.0    6.0   0.0   0.0    5.0   0.0   0.0
  4.0   0.0   0.0

 24. 1.2018   0 Uhr

 99.9 -35.4   3.1   95.0 -28.8  -7.7   86.4  -7.2   0.0   85.3  -5.1   0.4
 83.5  -2.1   1.5   79.5   6.3   2.3   76.5   5.6  -1.0   73.0   6.3   2.3
 70.0  12.8  -1.1   69.8  13.3  -1.2   65.3  15.9  -4.3   53.1  10.3  -0.0
 50.0   4.7   4.7   49.2   2.8   4.9   47.3   4.2   3.0   45.8   0.3   1.0
 44.8  -3.6   3.6   43.4  -3.9   8.4   40.8  -9.1   1.6   38.8 -13.1   4.8
 36.0 -19.8  -3.5   33.0 -28.2   2.5   30.0 -28.8   0.0   27.2 -32.3  -2.8
 22.4 -30.7   2.7   20.6 -34.3   9.2   20.0 -37.0   6.5   19.1 -38.6   0.0
 18.4 -31.9  -5.6   15.7 -28.8  -7.7   14.1 -40.6   0.0   13.4 -28.4  -5.0
 12.6 -25.1  -9.1   11.4 -12.8  -1.1   10.3  -4.3   3.6   10.0  -2.5   1.8
  9.9  -1.8   1.0    9.0   2.6  -4.5    8.6   4.4  -6.3    8.3   1.5  -5.5
  7.8   1.3  -5.0    7.2   5.1  -0.9    7.0   6.5  -1.7    6.6   2.7   3.8
  6.3   9.4   5.4    6.2   7.2   5.0    6.1   2.6   4.5    5.9   5.1  -0.0
  5.8   5.1  -0.4

 99.9 -35.4   3.1   90.0 -16.4  -3.3   80.0   5.2   2.2   70.0  12.8  -1.1
 60.0  13.6  -2.5   50.0   4.7   4.7   45.0  -2.9   3.1   40.0 -10.7   2.9
 35.0 -22.5  -1.5   30.0 -28.8   0.0   25.0 -31.6  -0.4   22.5 -30.8   2.6
 20.0 -37.0   6.5   15.0 -33.9  -4.4   12.0 -19.1  -5.2   10.0  -2.5   1.8
  8.0   1.4  -5.2    7.0   6.5  -1.7    6.0   3.9   2.2    5.0   0.0   0.0
  4.0   0.0   0.0

 24. 1.2018  12 Uhr

 99.9 -33.3  -2.9   92.2  -7.7  -0.7   91.5  -5.1   0.0   90.0  -0.1   1.0
 88.4   3.3   3.9   86.3   5.1   8.9   83.5   9.7   6.8   76.0  14.0   6.5
 70.0   5.6   6.7   64.1   7.6  -1.3   63.9   7.6  -1.3

 99.9 -33.3  -2.9   90.0  -0.1   1.0   80.0  11.7   6.7   70.0   5.6   6.7
 60.0   0.0   0.0   50.0   0.0   0.0   45.0   0.0   0.0   40.0   0.0   0.0
 35.0   0.0   0.0   30.0   0.0   0.0   25.0   0.0   0.0   22.5   0.0   0.0
 20.0   0.0   0.0   15.0   0.0   0.0   12.0   0.0   0.0   10.0   0.0   0.0
  8.0   0.0   0.0    7.0   0.0   0.0    6.0   0.0   0.0    5.0   0.0   0.0
  4.0   0.0   0.0

 25. 1.2018   0 Uhr

 99.9 -28.8   0.0   96.3 -16.5   0.0   92.0  -4.5   2.6   89.7   0.3   0.4
 85.4   5.0   1.3   82.4   9.2   3.3   80.8   7.1   1.3   79.4   3.4  -1.2
 73.0   9.4  -5.4   72.8   9.4  -5.4   70.0   7.2  -5.0   67.0   4.6  -5.5
 66.5   4.2  -3.0   65.5   3.5   0.6   64.7   3.0   4.2   63.7   2.8   7.7
 61.5   9.8   4.6   59.4  10.5   7.4   56.6   8.4   8.4   50.5  13.3   1.2
 50.0  12.3  -0.0   49.4   9.1  -1.6   46.5  -1.1  -6.1   46.0  -3.3  -3.9
 45.1  -2.4   0.9   43.5  -4.8   1.8   42.1  -7.0  -3.3   40.3  -8.9  -4.1
 38.0 -19.8  -7.2   36.2 -28.3   0.0   35.4 -29.2   2.6   30.0 -32.8   2.9
 29.9 -32.8   2.9   25.7 -31.4   0.0   21.2 -36.5   6.4   20.0 -31.3   2.7
 17.9 -29.7  -2.6   16.5 -32.4  -5.7   15.4 -31.8   2.8   14.3 -40.0   7.1
 13.3 -27.7   2.4   11.7 -28.8   0.0   10.5 -14.4  -3.9   10.0  -8.3  -6.9
  9.4  -2.1  -5.8    9.2  -0.0  -5.7    9.1   2.6  -5.6    8.8   5.0  -7.2
  8.5   4.8 -10.3    8.2  -0.0  -9.8    7.9   3.6  -6.2    7.7   2.3  -6.3
  7.4   5.5  -3.8    6.8   3.0  -4.2    6.4  -0.7  -0.7    6.0   3.6  -3.6
  5.7  10.2  -3.7    5.4  14.5  -6.7    5.2  12.1  -4.4    5.1   5.6  -6.7
  5.0  -0.5  -6.1    4.9  -0.0  -6.7    4.8   3.3  -9.2    4.7  -4.6  -9.8


 99.9 -28.8   0.0   90.0  -0.3   0.7   80.0   5.0  -0.2   70.0   7.2  -5.0
 60.0  10.3   6.6   50.0  12.3  -0.0   45.0  -2.6   0.9   40.0 -10.3  -4.5
 35.0 -29.5   2.6   30.0 -32.8   2.9   25.0 -32.1   0.9   22.5 -34.9   4.5
 20.0 -31.3   2.7   15.0 -34.7   4.3   12.0 -28.6   0.5   10.0  -8.3  -6.9
  8.0   2.4  -7.4    7.0   3.8  -4.1    6.0   3.6  -3.6    5.0  -0.5  -6.1
  4.0   0.0   0.0

 25. 1.2018  12 Uhr

 99.9 -17.9   1.6   92.8  -3.3   9.2   91.1   0.9   9.7   86.8  12.6   5.9
 83.8  16.9   6.2   80.0  13.4   3.6   72.5   8.4   8.4

 99.9 -17.9   1.6   90.0   3.8   8.8   80.0  13.4   3.6   70.0   0.0   0.0
 60.0   0.0   0.0   50.0   0.0   0.0   45.0   0.0   0.0   40.0   0.0   0.0
 35.0   0.0   0.0   30.0   0.0   0.0   25.0   0.0   0.0   22.5   0.0   0.0
 20.0   0.0   0.0   15.0   0.0   0.0   12.0   0.0   0.0   10.0   0.0   0.0
  8.0   0.0   0.0    7.0   0.0   0.0    6.0   0.0   0.0    5.0   0.0   0.0
  4.0   0.0   0.0

 26. 1.2018   0 Uhr

 99.9 -18.4   4.9   96.6  -7.7   2.8   95.0  -4.5   2.6   92.9   0.0   2.6
 88.5   5.1   0.4   83.5  10.6   1.9   77.1   7.2  -0.6   76.1   6.7   0.6
 74.3   3.0   4.2   71.4   3.1   1.8   70.0   4.2   3.0   68.5   2.1   5.8
 65.4   4.0   4.7   64.1   5.6   2.6   62.6   7.1   4.1   61.0   6.1  -0.5
 54.9  10.2  -3.7   53.2   9.7  -0.9   50.0   8.4  -3.9   47.8   7.3  -8.7
 47.1   4.9  -8.5   46.0  -1.1  -2.3   43.4  -1.7   1.2   42.0  -5.1  -0.9
 38.4 -15.2   2.7   35.3 -26.2   0.0   30.0 -31.9   5.6   29.9 -32.3   2.8
 26.6 -30.4  -5.4   20.0 -29.3   0.0   19.1 -28.7   2.5   15.0 -37.9  -3.3
 12.9 -28.4  -5.0   11.4 -25.8   4.6   10.0 -13.7  -2.4    9.6 -13.5  -4.9
  8.4  -5.6   6.7    8.3  -4.6   8.0    7.8  -7.9   6.6    7.5 -10.8   0.0
  7.2 -13.2  -2.3    6.6  -6.8  -9.7    6.3  -8.9  -5.1    6.1  -2.6  -4.5
  5.4  -7.3   2.6    5.2   2.6  -4.5    5.0  -0.4  -0.9    4.8  -5.0   1.3
  4.5 -16.4   4.4    4.3  -6.5   1.7

 99.9 -18.4   4.9   90.0   3.4   1.2   80.0   8.8   0.5   70.0   4.2   3.0
 60.0   6.8  -1.0   50.0   8.4  -3.9   45.0  -1.3  -1.0   40.0 -10.6   1.1
 35.0 -26.5   0.3   30.0 -31.9   5.6   25.0 -30.2  -4.2   22.5 -29.8  -2.2
 20.0 -29.3   0.0   15.0 -37.9  -3.3   12.0 -26.9   0.6   10.0 -13.7  -2.4
  8.0  -6.6   7.2    7.0 -11.1  -4.7    6.0  -3.2  -3.5    5.0  -0.4  -0.9
  4.0   0.0   0.0

 26. 1.2018  12 Uhr

 99.9 -33.8   3.0   94.0 -12.8  -1.1   90.3  -6.1  -1.1   88.9  -3.2  -2.6
 88.0  -1.5  -5.5   81.5   4.7  -2.2   80.6   4.1   0.7   80.0   4.3   3.6
 78.1   4.8  10.3   76.3   4.9  13.5   72.4   1.9  10.6   70.4  -1.3   5.0
 70.0  -1.2   3.4   69.0  -0.5   0.0   65.5   4.2  -3.0   56.4  14.3 -10.0
 50.7   6.3  -5.3   50.0   5.5  -5.5   49.5   2.4  -5.1   48.9  -1.4  -3.9
 47.6  -4.5   2.6   44.7  -1.9   5.3   43.7  -3.1   1.8   43.1  -5.1   0.4
 37.6 -12.9   3.5   35.3 -25.1   2.2   34.1 -23.1  -2.0   30.0 -31.4   0.0
 29.9 -31.3  -2.7   23.9 -28.8   0.0   21.7 -25.8  -6.9   20.0 -28.7  -2.5
 15.8 -40.0   3.5   12.2 -27.2  -2.4   11.2 -25.2   0.0   10.7 -18.4   6.7
 10.0 -13.5   4.9    9.7 -12.1   4.4    8.8  -8.0   4.6    8.4  -8.4   2.3
  7.8  -6.6  -7.9    6.9  -4.4  -6.3    6.7  -9.4   2.5    6.5  -4.6   5.5


 99.9 -33.8   3.0   90.0  -5.5  -1.4   80.0   4.3   3.6   70.0  -1.2   3.4
 60.0  10.2  -7.1   50.0   5.5  -5.5   45.0  -2.2   5.0   40.0  -9.4   2.1
 35.0 -24.6   1.2   30.0 -31.4   0.0   25.0 -29.3  -0.5   22.5 -26.9  -4.4
 20.0 -28.7  -2.5   15.0 -37.3   2.3   12.0 -26.8  -1.9   10.0 -13.5   4.9
  8.0  -7.2  -4.4    7.0  -4.7  -6.5    6.0   0.0   0.0    5.0   0.0   0.0
  4.0   0.0   0.0

 27. 1.2018   0 Uhr

 99.9 -38.5   6.8   92.9 -15.2   2.7   90.0  -8.4  -2.3   89.0  -3.3  -3.9
 87.5   1.1  -4.0   85.1   3.9  -3.3   81.1   5.1  -2.4   77.6  -0.6  -0.8
 75.0  -4.2  -3.0   71.3  -2.1  -8.0   70.0  -1.0  -5.6   69.8  -1.3  -5.0
 67.6   4.7  -2.2   57.2  12.2  -2.1   52.7   7.7  -2.8   51.2   4.6  -3.2
 50.0   0.5  -2.0   49.4  -0.5  -0.2   48.0  -0.9   5.1   47.0  -1.3   7.1
 45.8   1.0   5.6   43.5  -1.5  -0.5   41.8  -4.2  -3.0   41.0  -6.6  -1.2
 36.7 -21.0  -1.8   35.5 -25.8  -6.9   30.6 -31.8  -2.8   30.0 -30.7  -2.7
 27.0 -27.8   0.0   20.0 -33.3   2.9   19.2 -34.3   3.0   16.5 -35.0   0.0
 15.6 -43.2   0.0   13.8 -39.5  -3.5   12.3 -24.3  -6.5   11.9 -26.6  -9.7
 11.0 -14.3  -1.3   10.4  -9.2  -3.3   10.0  -6.7  -4.7    9.9  -6.3  -5.3
  9.5  -6.7  -3.9    9.2  -5.1  -0.9    8.5  -2.0   0.4    8.1  -2.8  -4.9
  7.7  -4.1  -5.9    7.4  -7.2  -5.0    7.0  -7.7  -0.7    6.7  -6.0  -1.6
  6.6  -5.6  -0.5    6.3 -13.0  10.9    6.1  -9.6  11.4

 99.9 -38.5   6.8   90.0  -8.4  -2.3   80.0   3.4  -1.9   70.0  -1.0  -5.6
 60.0  10.1  -2.2   50.0   0.5  -2.0   45.0   0.1   3.5   40.0  -9.8  -1.3
 35.0 -26.4  -6.5   30.0 -30.7  -2.7   25.0 -29.2   0.8   22.5 -31.2   1.8
 20.0 -33.3   2.9   15.0 -42.0  -1.1   12.0 -26.0  -8.9   10.0  -6.7  -4.7
  8.0  -3.2  -5.1    7.0  -7.7  -0.7    6.0  -7.9  11.7    5.0   0.0   0.0
  4.0   0.0   0.0

 27. 1.2018  12 Uhr

 99.9 -28.9   5.1   94.0 -12.9   3.5   91.4  -7.1  -1.3   87.6   0.3  -0.4
 83.6   4.7  -2.2   80.4   3.2  -4.6   78.2   3.5  -5.1   74.6  -0.9  -5.1
 70.1   3.6  -3.6   70.0   3.6  -3.6   68.5   5.1   0.4   64.2   9.3   4.3
 61.8   9.2   0.8   57.3   9.2   3.3   55.5   9.7  -3.5   54.2  11.1  -4.0
 50.0   7.2  -5.0   49.4   6.3  -4.4

 99.9 -28.9   5.1   90.0  -4.4  -0.9   80.0   3.3  -4.7   70.0   3.6  -3.6
 60.0   9.2   1.8   50.0   7.2  -5.0   45.0   0.0   0.0   40.0   0.0   0.0
 35.0   0.0   0.0   30.0   0.0   0.0   25.0   0.0   0.0   22.5   0.0   0.0
 20.0   0.0   0.0   15.0   0.0   0.0   12.0   0.0   0.0   10.0   0.0   0.0
  8.0   0.0   0.0    7.0   0.0   0.0    6.0   0.0   0.0    5.0   0.0   0.0
  4.0   0.0   0.0

 28. 1.2018   0 Uhr

 99.9 -27.8   0.0   95.6 -12.4   3.3   89.9   0.2  -0.5   81.6   1.8  -4.8
 76.9   1.3  -5.0   71.7   4.6  -5.5   70.0   4.6  -5.5   69.0   4.0  -4.7
 67.5   7.1  -1.3   62.5  11.6  -4.2   60.1   5.9  -5.0   56.4   5.6  -6.7
 53.4   6.0  -1.6   52.7   3.6   2.1   52.4   2.6   4.5   51.6   2.1   8.0
 50.0   2.1  11.7   46.5   3.3  12.4   45.2   1.8  10.1   44.4  -0.4   5.1
 43.5  -2.0   0.5   42.4  -2.6  -4.5   41.2  -5.8  -3.3   31.9 -34.0   0.0
 30.0 -32.3   2.8   27.4 -28.3   7.6   24.5 -28.3   0.0   20.0 -32.8   2.9
 18.1 -40.0   3.5   13.4 -35.4  -3.1   12.7 -29.2  -2.6   11.2 -21.4  12.3
 10.2 -14.4   0.0   10.0 -12.8   1.1    9.5 -11.7   2.1    9.1  -9.2  -0.8
  8.2 -10.5  -7.4    7.9  -9.1  -7.6    7.7 -11.1  -4.0    7.2 -11.6  -4.2
  7.0 -10.3   0.0    6.4 -11.1  -2.0    6.3  -5.1  -0.4    6.1  -0.4   0.3
  5.8  -3.6   3.6    5.3  -9.1   7.6

 99.9 -27.8   0.0   90.0  -0.0  -0.4   80.0   1.6  -4.9   70.0   4.6  -5.5
 60.0   5.9  -5.0   50.0   2.1  11.7   45.0   1.2   8.9   40.0  -9.2  -2.9
 35.0 -24.0  -1.2   30.0 -32.3   2.8   25.0 -28.3   1.4   22.5 -30.2   1.2
 20.0 -32.8   2.9   15.0 -37.0  -0.7   12.0 -25.6   4.2   10.0 -12.8   1.1
  8.0  -9.6  -7.5    7.0 -10.3   0.0    6.0  -1.5   1.4    5.0   0.0   0.0
  4.0   0.0   0.0

 28. 1.2018  12 Uhr

 99.9 -28.9   5.1   91.3  -4.7   4.0   90.5  -3.0   4.2   88.0   2.0   2.4
 79.9   1.7  -2.0   74.7   3.0  -4.2   73.1   2.5  -6.8   71.4   4.1  -5.9
 70.0   6.0  -1.6   69.5   6.7  -0.0   66.1   7.6   1.3   62.8   9.7   0.9
 59.5   8.1  -1.4   58.0   5.6  -0.5   55.6   2.2   1.3   53.0   5.4   9.4
 50.0   6.9  12.0   46.6   4.4   7.6

 99.9 -28.9   5.1   90.0  -2.0   3.8   80.0   1.7  -1.9   70.0   6.0  -1.6
 60.0   8.4  -1.1   50.0   6.9  12.0   45.0   0.0   0.0   40.0   0.0   0.0
 35.0   0.0   0.0   30.0   0.0   0.0   25.0   0.0   0.0   22.5   0.0   0.0
 20.0   0.0   0.0   15.0   0.0   0.0   12.0   0.0   0.0   10.0   0.0   0.0
  8.0   0.0   0.0    7.0   0.0   0.0    6.0   0.0   0.0    5.0   0.0   0.0
  4.0   0.0   0.0

 29. 1.2018   0 Uhr

 99.9 -25.8   4.6   96.0 -14.2   2.5   93.4  -4.5   2.6   90.8   0.1   0.5
 88.0   4.2  -3.0   85.2   7.5  -6.3   84.0   6.2  -8.8   82.5   3.3  -9.2
 80.4   2.1  -5.8   78.8   4.6  -3.2   75.3   3.0  -4.2   72.5   0.9  -3.5
 70.0   8.7  -0.8   69.9   8.7  -0.0   68.2  11.3  -0.0   63.6   9.3  -0.0
 60.3   4.7   6.7   58.6   6.5   9.3   55.1   5.0   5.9   53.0   7.1   4.1
 50.0   4.7   4.7   49.4   3.6   3.6   47.8  -0.4   0.9   46.6  -3.0  -4.2
 45.7  -1.3  -7.1   44.6  -3.9 -10.6   43.2  -9.1  -7.6   41.1 -12.0  -6.9
 38.4 -20.6   0.0   35.6 -25.8   6.9   32.9 -25.6  -2.2   30.0 -28.2  -2.5
 27.7 -30.7  -2.7   20.0 -34.8  -3.0   15.0 -41.2   0.0   12.2 -24.7   0.0
 10.7 -16.0   9.3   10.1 -14.2   2.5   10.0 -13.7   2.4    9.3 -11.1   2.0
  8.9  -8.6  -1.5    8.3  -6.1  -2.8    8.0  -6.6  -1.2    7.8  -4.4   1.6
  7.7  -4.0   4.7    7.1  -2.8   7.7    6.8  -9.5   9.5    6.6  -4.9   8.5
  6.4   1.3   7.1    6.3   6.1   2.8    6.1   8.7  -0.0    5.9   9.2   0.8
  5.6  12.4  -3.3    5.3  14.0   5.1    5.2  12.9   3.5

 99.9 -25.8   4.6   90.0   1.3  -0.5   80.0   2.7  -5.2   70.0   8.7  -0.8
 60.0   5.0   7.2   50.0   4.7   4.7   45.0  -2.9  -9.3   40.0 -15.5  -4.2
 35.0 -25.8   4.9   30.0 -28.2  -2.5   25.0 -32.1  -2.8   22.5 -33.4  -2.9
 20.0 -34.8  -3.0   15.0 -41.2   0.0   12.0 -23.6   1.2   10.0 -13.7   2.4
  8.0  -6.6  -1.2    7.0  -5.0   8.3    6.0   9.0   0.4    5.0   0.0   0.0
  4.0   0.0   0.0

 29. 1.2018  12 Uhr

 99.9  -6.0   7.1   99.0  -3.3   5.8   97.4   2.2   4.7   94.3   8.1   1.4
 88.6   6.1   1.1   86.8   6.7  -0.6   83.4   1.2  -6.6   78.6  -4.5  -2.6
 75.6   0.1   1.0   71.6   1.3   5.0   70.0   1.2   3.4   66.8   5.1   0.4
 63.3   6.1  -0.5   61.3   5.1   4.3   59.5   5.5   5.5   56.3   7.0  -1.9
 51.0   6.8  -2.5   50.0   5.5  -3.8   48.0   1.9  -5.3   47.5   1.2  -6.6
 45.7   2.5  -9.4   41.9 -14.4   0.0   39.6 -12.6   5.9   33.7 -24.1  -2.1
 30.0 -26.2   0.0   29.0 -28.9  -5.1   20.9 -31.4   5.5   20.0 -30.7   2.7
 18.6 -30.7  -2.7   15.4 -37.4  -3.3   13.9 -36.0   6.3   12.9 -23.4   6.3
 12.2 -31.8   8.5   10.6 -30.4   5.4   10.0 -19.0   0.0    9.4 -11.6  -4.2
  9.0  -8.5  -4.9    8.3  -5.3  -1.9    8.1  -2.0  -0.4    7.8  -6.1   2.8
  7.5 -12.1   4.4    7.0 -10.2  -3.7

 99.9  -6.0   7.1   90.0   6.6   1.2   80.0  -2.8  -3.8   70.0   1.2   3.4
 60.0   5.4   5.1   50.0   5.5  -3.8   45.0  -0.5  -7.7   40.0 -12.9   4.8
 35.0 -21.4  -0.3   30.0 -26.2   0.0   25.0 -30.1  -0.2   22.5 -30.9   3.2
 20.0 -30.7   2.7   15.0 -37.0  -0.8   12.0 -31.6   8.1   10.0 -19.0   0.0
  8.0  -3.4   0.7    7.0 -10.2  -3.7    6.0   0.0   0.0    5.0   0.0   0.0
  4.0   0.0   0.0

 30. 1.2018   0 Uhr

 99.9  -8.2   3.0   95.7  -5.3   3.1   92.3  -0.7  -1.9   88.6   3.6  -3.6
 84.7   1.0 -11.3   81.9  -1.9  -5.3   77.1  -0.9   1.3   70.0   4.6  -3.2
 69.1   4.7  -2.2   63.8   3.5   5.1   62.1   4.6   5.5   61.4   1.8   4.8
 59.0   5.1  -2.4   58.1   6.3  -5.3   51.6   7.9  -3.7   50.1   8.3  -6.9
 50.0   8.3  -6.9   46.8   8.7  -3.2   44.5   6.7  -5.6   43.8   2.4  -5.1
 42.9  -2.3  -2.8   42.5  -5.1  -0.9   41.3  -4.3   3.6   40.6  -5.9   5.0
 38.2 -17.4  -1.5   31.6 -29.3   7.9   30.0 -28.7   2.5   26.1 -30.7  -2.7
 23.6 -30.4   5.4   20.0 -30.9   0.0   19.2 -30.4   0.0   14.3 -40.7  10.9
 13.5 -39.5   7.0   12.8 -25.8   4.6   11.8 -21.4 -10.0   11.5 -20.6 -14.5
 10.7 -25.3  -6.8   10.0 -15.4  -7.2    9.6 -11.2  -5.2    8.7  -9.4  -2.5
  7.7  -3.6  -3.6    7.5  -1.3  -5.0    7.3  -6.3  -4.4    7.2  -6.7  -4.7
  7.0  -2.4  -8.9    6.9  -3.7 -10.2    6.5  -5.1  -2.4    5.9   5.6   1.0
  5.5   6.2  -0.0    5.4   5.0  -1.3    5.2  -0.5  -0.9    5.1  -5.1  -0.4
  5.0  -4.3  -3.6

 99.9  -8.2   3.0   90.0   2.0  -3.0   80.0  -1.5  -2.7   70.0   4.6  -3.2
 60.0   3.7   0.6   50.0   8.3  -6.9   45.0   7.1  -5.1   40.0  -8.7   3.4
 35.0 -23.0   2.9   30.0 -28.7   2.5   25.0 -30.6   0.8   22.5 -30.5   3.8
 20.0 -30.9   0.0   15.0 -39.1   9.2   12.0 -22.3  -7.0   10.0 -15.4  -7.2
  8.0  -5.4  -3.3    7.0  -2.4  -8.9    6.0   3.7   0.4    5.0  -4.3  -3.6
  4.0   0.0   0.0

 30. 1.2018  12 Uhr

 99.9   3.4   1.2   92.0   5.6   0.5   83.1  -2.3  -8.4   82.4  -3.3  -7.0
 81.5  -3.0  -4.2   76.1  -0.0  -0.0   70.0   4.1  -0.4   59.0   0.5   0.1
 55.4   8.2  -3.0   53.8   5.1  -2.4   51.8   5.1   0.4   50.0   6.7  -0.0
 49.8   6.7  -0.0   48.2   4.9  -2.8   47.0   6.8  -2.5   45.6   3.2  -4.6
 44.8  -1.5  -2.1   44.2  -5.1   0.0   41.7  -4.6   8.0   40.7  -5.9   8.4
 39.0 -11.8   1.0   36.4 -18.2  -3.2   30.8 -25.1   2.2   30.0 -26.8   0.0
 29.3 -27.2  -2.4   28.0 -26.6   2.3   24.9 -31.4   0.0   23.6 -27.8   0.0
 20.0 -30.4   0.0   15.3 -38.1   0.0   12.8 -37.4   3.3   11.2 -21.9   5.9
 10.0 -20.4   5.5    9.5 -19.3   7.0    9.1 -16.4   1.4    8.9 -12.6  -5.9
  8.7  -5.3 -19.9    8.7 -14.4   3.9

 99.9   3.4   1.2   90.0   3.9  -1.5   80.0  -2.1  -3.1   70.0   4.1  -0.4
 60.0   0.8   0.1   50.0   6.7  -0.0   45.0  -0.3  -2.7   40.0  -8.3   5.4
 35.0 -19.9  -1.9   30.0 -26.8   0.0   25.0 -31.2   0.1   22.5 -28.5   0.0
 20.0 -30.4   0.0   15.0 -38.0   0.4   12.0 -29.8   4.5   10.0 -20.4   5.5
  8.0   0.0   0.0    7.0   0.0   0.0    6.0   0.0   0.0    5.0   0.0   0.0
  4.0   0.0   0.0

 31. 1.2018   0 Uhr

 99.9  -4.5   2.6   93.3  -0.4  -0.3   90.5   0.9  -5.1   83.4  -7.4 -10.5
 81.3  -5.5  -4.6   80.7  -4.5  -2.6   77.4  -0.0  -0.0   73.0   3.9  -3.3
 71.9   5.5  -4.6   70.4   4.7  -2.2   70.0   4.4  -1.6   66.5   4.2  -3.0
 59.3   5.1   0.9   58.5   4.6   0.4   57.7   6.5  -1.7   54.3  11.6  -4.2
 50.4   7.3  -8.7   50.0   6.2  -8.8   48.5   0.8  -9.2   46.4   1.6  -6.0
 45.6  -2.1  -1.5   44.7  -3.9   3.3   43.5  -2.6   7.3   42.5  -2.5   9.4
 40.1 -11.9   3.2   32.4 -27.3   0.0   31.4 -25.8  -4.6   30.0 -27.8   0.0
 29.1 -28.9   5.1   26.7 -28.9  -5.1   25.0 -32.4   0.0   23.9 -29.3   0.0
 20.0 -31.4   0.0   16.4 -35.5   6.3   13.4 -41.5  -3.6   11.6 -23.7  -8.6
 10.6 -23.2  -8.4   10.1 -17.7 -12.4   10.0 -17.3 -12.1    9.7 -17.3  -8.0
  8.6  -7.1  10.1    8.2 -10.5  10.5    7.7  -1.7   9.6    7.4  -8.3   9.9
  7.1  -4.6  12.6    6.8  -7.7  13.4    6.4  -0.8   8.7    5.8  -0.1   0.5


 99.9  -4.5   2.6   90.0   0.3  -5.4   80.0  -3.5  -2.0   70.0   4.4  -1.6
 60.0   5.0   0.5   50.0   6.2  -8.8   45.0  -3.3   1.7   40.0 -12.1   3.2
 35.0 -21.8   1.1   30.0 -27.8   0.0   25.0 -32.4   0.0   22.5 -30.0   0.0
 20.0 -31.4   0.0   15.0 -38.2   1.8   12.0 -27.8  -7.5   10.0 -17.3 -12.1
  8.0  -7.1  10.2    7.0  -5.6  12.8    6.0  -0.3   3.3    5.0   0.0   0.0
  4.0   0.0   0.0

 31. 1.2018  12 Uhr

 99.9   1.8   2.5   82.6  -5.3  -1.9   81.7  -6.7   0.0   79.6  -3.0   4.2
 75.6   0.9   5.1   74.1   1.0  -0.1   71.0   1.8  -4.8   70.0   3.6  -6.2
 65.6   4.0  -4.7   63.8   5.0  -1.3   62.3   5.1  -0.0   59.1   8.9  -4.1
 57.9   6.7  -4.7   55.5   6.1  -0.5   54.3   7.6  -1.3   52.9   8.4   2.3
 50.5   5.1  -0.4   50.0   3.5  -0.9   48.0  -0.0  -0.0   45.4  -0.4   5.1
 42.2   0.0  12.3   41.2  -4.1   8.9   40.0  -7.7   0.7   38.3  -9.6  -1.7
 36.1 -20.3  -3.6   30.1 -31.3  -2.7   30.0 -31.3  -2.7   24.6 -27.7   2.4
 20.9 -31.9   5.6   20.0 -28.7   2.5   15.4 -32.8  -2.9   13.3 -43.2   0.0
 12.4 -30.3  -8.1   11.8 -34.8  -3.0   10.0 -24.6   2.2    9.9 -23.1   2.0
  9.3 -29.8   8.0    8.6 -21.3   7.7    7.8 -11.4   3.1    7.2 -10.2  -3.7
  6.7  -4.5  -2.6    6.5  -2.2  -2.2    6.3   1.3  -5.0    6.1  -4.9  -2.8
  6.0  -7.6  -1.3    5.9  -5.5  -1.5    5.6   2.2  -4.7    5.2  -1.2  -6.6
  5.0  -3.0  -4.2    4.9  -6.0  -7.1

 99.9   1.8   2.5   90.0  -2.2   0.0   80.0  -3.7   3.4   70.0   3.6  -6.2
 60.0   7.8  -3.0   50.0   3.5  -0.9   45.0  -0.4   6.0   40.0  -7.7   0.7
 35.0 -22.2  -3.4   30.0 -31.3  -2.7   25.0 -28.0   2.0   22.5 -30.0   4.2
 20.0 -28.7   2.5   15.0 -34.7  -2.3   12.0 -33.3  -4.8   10.0 -24.6   2.2
  8.0 -14.0   4.3    7.0  -7.9  -3.3    6.0  -7.6  -1.3    5.0  -3.0  -4.2
  4.0   0.0   0.0


Monatsmittelwind fuer den  1 2018

Niveau Anzahl     U     V   DD FF
 [hPa]        [m/s] [m/s]     [kn]
  99.9     59 -20.0   3.5  100 39
  90.0     59  -2.3  -0.9   68  5
  80.0     59   4.2   0.2  268  8
  70.0     55   5.3  -0.7  278 10
  60.0     52   9.4   0.2  269 18
  50.0     50   6.4  -0.3  273 12
  45.0     48  -0.1  -0.1   56  0
  40.0     47 -10.3   0.4   92 20
  35.0     46 -23.8   0.3   91 46
  30.0     46 -29.2   0.6   91 57
  25.0     43 -30.9   0.1   90 60
  22.5     43 -31.7   0.4   91 62
  20.0     43 -33.8   0.5   91 66
  15.0     43 -38.6   1.1   92 75
  12.0     43 -21.3  -0.4   89 41
  10.0     43  -6.4  -0.7   83 13
   8.0     42   0.2  -0.9  346  2
   7.0     40  -2.2  -1.2   61  5
   6.0     36   0.2   0.3  222  1
   5.0     25  -1.1   0.9  129  3
   4.0      1   3.0   0.5  260  6
