sing20131216.00
TTAA  66001 48698
99006 25836 01502 00064 27241 00000 92751 23223 29510
85486 18012 27016 70129 10250 30519 50585 04136 01510
40758 14350 04007 30969 30341 10517 25096 39561 15020
20245 52758 13519 15424 67158 14030 10656 86158 10548
88999
77999=
TTCC  66001 48698
70860 701// 25022 50062 691// 25528 30376 619// 30539
20634 519// 15013 10086 439// 09048
88988 86557 10550
77115 09561 42213=
TTDD  6600/ 48698
11988 86557 22963 861// 33903 793// 44893 793// 55850
793// 66829 771// 77807 773// 88777 745// 99757 727//
11695 695// 22622 683// 33601 651// 44594 649// 55538
681// 66534 681// 77498 691// 88461 649// 99444 637//
11402 621// 22367 609// 33339 633// 44322 603// 55302
619// 66267 559// 77253 543// 88247 541// 99212 531//
11195 505// 22170 521// 33151 535// 44145 513// 55121
477// 66099 437// 77084 415// 88074 395// 99067 381//
11066 383// 22062 347//
21212 11983 10550 22908 09509 33878 07005 44864 10507
55837 01008 66823 34510 77795 32514 88742 26032 99695
25521 11640 23526 22545 25530 33460 28518 44438 31023
55408 28019 66395 27023 77382 26526 88363 25034 99338
27524 11326 30029 22315 31031 33304 31041 44278 29028
55224 26518 66208 33006 77198 14017 88181 14019 99174
17528 11158 16520 22155 17022 33149 12033 44135 07532
55128 10047 66115 09561 77104 08552 88099 09548 99092
11555 11078 09027 22077 10038 33075 07041 44072 09553
55068 08035 66067 07041 77063 09536 88062 09549=
