sing20131203.00
TTAA  53001 48698
99006 24231 30002 00065 24216 33005 92747 21604 03007
85479 18004 06505 70124 10217 16508 50585 04316 14516
40758 14523 14516 30971 28750 14511 25098 39150 11516
20247 52357 09525 15426 68539 09018 10658 86140 10552
88999
77999=
TTCC  53001 48698
70860 725// 09009 50063 643// 29022 30378 597// 29517
20638 527// 21515 10093 465// 07541
88976 86329 10538
77063 06062 44137=
TTDD  5300/ 48698
11985 86138 22976 86329 33960 849// 44906 801// 55900
799// 66845 795// 77756 783// 88747 771// 99737 759//
11700 725// 22660 695// 33606 699// 44598 695// 55583
657// 66561 649// 77543 641// 88470 631// 99463 627//
11436 637// 22404 653// 33370 627// 44361 609// 55348
597// 66319 597// 77274 557// 88254 523// 99180 509//
11164 523// 22157 537// 33141 461// 44125 449// 55120
437// 66101 463// 77087 409// 88065 377// 99057 351//
11055 331// 22053 311// 33050 199// 44049 191// 55046
121//
21212 11910 09503 22896 29005 33833 33013 44797 01013
55731 07507 66707 06507 77641 21003 88584 30508 99557
24007 11501 29022 22420 27025 33380 24526 44301 30018
55247 22035 66197 24012 77172 32527 88154 33508 99145
19513 11141 18525 22135 17524 33130 11519 44126 07018
55115 10039 66103 08539 77088 05533 88079 10037 99063
06062 11059 05520 22057 09543 33055 08028 44051 11061
55048 11567 66046 13053=
