sing20131214.00
TTAA  64001 48698
99006 26238 04502 00069 27032 00506 92755 23657 33013
85488 18647 31007 70131 09827 26004 50586 04722 05009
40758 13950 12012 30970 29549 10516 25097 39957 11522
20245 52757 11032 15424 68144 10041 10656 86150 11047
88999
77999=
TTCC  64001 48698
70859 723// 30017 50061 651// 25020 30377 569// 26046
20634 503// 13006 10091 441// 09055
88978 86756 11050
77066 11070 44522=
TTDD  6400/ 48698
11994 86356 22978 86756 33961 867// 44911 787// 55865
767// 66857 765// 77837 767// 88801 779// 99780 777//
11713 733// 22671 693// 33663 695// 44625 697// 55597
683// 66550 695// 77506 651// 88476 651// 99442 665//
11415 639// 22376 625// 33355 597// 44342 583// 55338
581// 66311 559// 77289 577// 88227 539// 99197 501//
11156 521// 22141 493// 33122 473// 44113 421// 55111
429// 66109 435// 77107 437// 88105 433// 99094 423//
11085 395// 22081 377// 33069 363// 44056 347//
21212 11957 10554 22894 06511 33875 34007 44839 27517
55785 27530 66727 30013 77669 29021 88598 32010 99570
29014 11543 26012 22511 24017 33496 26021 44457 24025
55427 29515 66406 32023 77351 26532 88314 25535 99299
26046 11262 25035 22210 19518 33203 14005 44196 09004
55193 11503 66187 03504 77181 31514 88177 31518 99150
07025 11132 12040 22088 07557 33085 07557 44082 08052
55079 09055 66075 08041 77073 07064 88071 08562 99069
10057 11068 10051 22066 11070 33062 10559 44057 09059
55056 08566=
