sing20190619.00
TTAA 69001 48698
99008 27615 02003 00095 26213 04505 92782 22400 14506
85513 18221 23006 70156 09636 28010 50588 05106 09509
40759 14742 08023 30971 29344 05538 25099 38956 04041
20248 52349 06044 15427 67556 09539 10663 81550 08532
88999
77126 14058 44141=
TTCC 69001 48698
70868 72569 31504 50070 66976 26031 30386 58783 31030
20644 50988 29526 10094 43190 09543
88967 83143 07531 88152 56386 09038
77065 08066 41239=
TTDD 6900/ 48698
11967 83143 22942 82756 33935 78759 44922 77559 55846
75763 66703 72769 77638 66177 88549 70372 99521 65978
11494 67176 22385 59783 33363 61581 44324 58184 55291
58984 66283 55586 77259 57785 88236 54786 99225 56186
11203 50988 22152 56386 33132 53987 44102 43190 55092
42990 66085 43790 77080 40191 88069 41391 99063 33594
11058 32394 22050 33993
21212 11902 05515 22875 02513 33853 02013 44836 35007
55812 33010 66788 34021 77763 36016 88732 31014 99710
32510 11698 30503 22686 24510 33655 25529 44597 27042
55559 26532 66533 24517 77528 24019 88504 25532 99465
29512 11453 26008 22449 24510 33414 26532 44360 27015
55331 28033 66320 29034 77290 31517 88287 31014 99271
25523 11229 27033 22214 26527 33201 29027 44197 30022
55190 30013 66189 30510 77185 02504 88181 10510 99177
12514 11164 08027 22148 10043 33144 11042 44118 10055
55100 09543 66065 08066 77061 07038 88057 09529 99052
07534 11050 09030=
