sing20190615.00
TTAA 65001 48698
99009 28221 30003 00102 27829 10002 92790 21806 17009
85523 19046 19516 70163 07800 20009 50589 03757 04514
40762 14559 05510 30974 29159 07527 25101 39556 07544
20250 52544 07541 15429 67350 07052 10666 77160 06037
88106 79157 08050
77117 07573 404//=
TTCC 65001 48698
70871 71170 09014 50072 66776 24512 30386 60380 26004
20646 52784 27528 10102 43190 10048
88999
77999=
TTDD 6500/ 48698
11920 79560 22890 75362 33819 78161 44618 66975 55516
68973 66481 64977 77442 66376 88429 64177 99384 65776
11352 60180 22315 61379 33291 59581 44270 53384 55245
54183 66220 50785 77191 53384 88170 52585 99162 47789
11145 49786 22077 41191 33076 41391
21212 11917 04516 22895 11503 33831 22010 44804 27012
55788 28010 66731 04502 77711 07510 88678 10010 99644
24010 11629 26517 22603 27525 33558 29510 44549 29007
55538 25512 66510 23514 77489 27010 88478 25514 99457
27523 11440 31011 22434 30007 33428 28010 44415 26515
55399 30011 66396 30510 77374 22010 88321 27518 99310
26514 11282 27002 22274 34510 33254 23510 44248 23017
55236 26033 66216 26035 77187 28511 88183 31507 99181
35010 11174 33523 22170 35018 33166 06013 44165 07515
55161 10025 66155 09035 77144 06532 88136 07526 99119
08038 11109 08027 22102 09049 33085 11028 44076 07028=
