sing20190620.00
TTAA 70001 48698
99008 28016 24004 00092 27422 11505 92780 23232 16011
85515 19856 22508 70162 10025 34516 50589 05900 35014
40761 15343 06514 30972 29557 09512 25100 39563 11525
20248 52164 10531 15428 66758 09041 10664 82756 04028
88999
77999=
TTCC 70001 48698
70869 68974 26523 50071 68975 25534 30388 57983 24520
20648 51987 29533 10093 46789 09065
88970 83750 05029 88507 69973 25531
77060 09585 429//=
TTDD 7000/ 48698
11970 83750 22939 82557 33916 77359 44865 78160 55795
77563 66770 73567 77678 67375 88645 69173 99577 64977
11507 69973 22443 68376 33429 63980 44375 60581 55360
54986 66295 58383 77258 56185 88231 50388 99161 56784
11150 53787 22132 57784 33095 44590 44080 41991 55078
42590 66062 39392 77057 33194
21212 11919 06542 22887 07535 33850 10018 44833 10510
55818 12003 66773 33002 77749 26010 88731 27512 99716
25011 11682 27031 22631 29526 33600 29023 44585 26028
55485 25536 66445 25023 77429 28514 88412 28512 99401
30010 11384 26524 22383 27025 33349 28521 44335 27022
55320 27017 66301 24520 77288 25018 88263 27541 99248
27525 11213 29039 22176 32014 33173 33010 44169 01007
55165 05510 66150 10043 77137 08045 88130 09048 99094
09071 11087 09560 22065 10564 33060 09585 44057 09078=
