sing20190623.12
TTAA 73121 48698
99006 30249 22505 00072 29250 15005 92763 23218 23511
85498 18418 25024 70146 10228 23514 50587 04716 21007
40760 13159 14009 30973 28957 05024 25100 39161 03526
20249 51757 04041 15429 66556 07062 10665 78158 08040
88101 79358 08044
77122 07069 40421=
TTCC 73121 48698
70871 77363 28519 50069 62181 21504 30388 57383 26040
20644 55585 25027 10095 40391 08571
88999
77058 10091 417//=
TTDD 7312/ 48698
11772 74964 22693 77563 33663 74966 44606 76166 55486
60182 66424 61580 77400 58382 88352 61580 99335 56784
11258 59582 22229 55785 33176 54386 44145 57184 55134
50388 66094 39192 77086 40791 88059 37192 99054 30795
21212 11927 06525 22897 07513 33858 05505 44820 33010
55771 28524 66744 27528 77708 27520 88683 30512 99677
29511 11665 26516 22641 27026 33617 27518 44598 29002
55509 00000 66487 26010 77475 27519 88453 34016 99442
35014 11425 31513 22420 32010 33413 30003 44407 23511
55376 26034 66354 27014 77349 24507 88344 23010 99318
25042 11306 26042 22269 26047 33239 25019 44225 24534
55186 24516 66182 25515 77172 32510 88167 01506 99163
06510 11156 08520 22133 08564 33127 09062 44123 08067
55119 07563 66111 08564 77082 08078 88074 08561 99060
10074 11058 10091 22054 11557=
