sing20190807.12
TTAA 57121 48698
99005 30257 21504 00068 29657 19504 92758 22414 16009
85490 18222 27510 70130 09656 30025 50586 05565 25021
40758 14166 12521 30970 30135 07516 25097 39742 04039
20245 52341 04034 15425 66957 06577 10663 75960 10012
88999
77127 07598 42562=
TTCC 57121 48698
70870 70371 17520 50073 66377 28531 30388 58582 28035
20646 53585 25026 10095 42990 08556
88944 78158 26506
77064 09074 416//=
TTDD 5712/ 48698
11944 78158 22889 78558 33655 67175 44535 64778 55475
67176 66324 57383 77252 61181 88227 50788 99196 54385
11161 52387 22142 54785 33113 51388 44109 44190 55103
42790 66072 37992 77059 41191
21212 11958 15001 22821 16010 33808 19010 44777 20513
55742 14517 66727 13522 77699 17520 88680 22019 99660
23024 11633 24014 22612 23521 33579 26515 44569 27519
55511 29529 66489 27534 77457 29023 88439 27017 99425
28517 11408 27513 22394 25023 33365 25521 44355 27019
55345 26024 66326 28532 77317 28538 88291 28035 99276
29031 11267 30024 22253 28013 33251 28011 44248 35003
55244 07510 66240 08510 77233 21510 88211 23531 99192
26514 11187 31506 22184 33010 33181 32016 44172 35016
55166 06517 66150 12031 77134 07536 88123 08551 99116
09040 11110 09552 22103 08562 33095 08058 44070 09555
55064 09074 66059 09065=
