sing20190825.12
TTAA 75121 48698
99007 30658 22005 00085 29057 20007 92774 22829 22008
85507 19059 22507 70150 09625 32508 50587 05109 11511
40759 14762 08515 30970 30561 08028 25098 40350 07028
20246 52157 06525 15426 66556 07069 10660 81945 08070
88105 81943 07088
77112 06604 413//=
TTCC 75121 48698
70871 68571 24509 50073 65376 31513 30388 60180 24513
20643 52187 09028 10099 44989 10050
88660 69771 20518
77057 08084 42611=
TTDD 7512/ 48698
11914 79359 22899 76963 33887 69769 44794 65774 55660
69771 66629 70171 77443 61779 88406 63777 99378 61579
11359 63377 22289 60779 33278 56582 44246 58780 55206
56982 66201 55185 77196 47388 88192 46987 99160 51185
11142 48387 22120 51385 33111 44390 44104 44189 55092
46588 66075 39791 77065 41991
21212 11919 09028 22899 08025 33878 05010 44868 35002
55854 25010 66816 24523 77732 32010 88716 29507 99697
24010 11672 21016 22645 22018 33627 22513 44587 22010
55561 26506 66552 29010 77509 32015 88487 28013 99471
27519 11452 29515 22417 28527 33385 28519 44357 34513
55341 25003 66325 27010 77320 27012 88313 23514 99306
24518 11301 25014 22296 23010 33284 18502 44277 26510
55269 24519 66251 24011 77249 25009 88242 29515 99232
32020 11222 31528 22216 33029 33212 34027 44205 03019
55198 10031 66196 11034 77182 16023 88176 16525 99168
11516 11159 06525 22147 06034 33139 07548 44124 09535
55109 11049 66077 09065 77062 08059 88057 08084 99051
08577=
