sing20190813.12
TTAA 63121 48698
99007 30856 21006 00084 29456 18012 92775 23014 16011
85510 19028 24008 70156 11666 02514 50589 05560 08523
40761 14766 05030 30972 29763 06029 25099 39963 09041
20247 52156 07559 15427 66359 08578 10663 82558 07060
88100 82557 07062
77141 08583 41431=
TTCC 63121 48698
70872 66375 27026 50075 65579 26515 30389 62780 25018
20646 55785 02514 10098 44590 09066
88999
77109 09074 41804=
TTDD 6312/ 48698
11954 78560 22915 80161 33837 68974 44835 68975 55753
70770 66723 65577 77627 68174 88580 65377 99521 68774
11470 62780 22434 65977 33390 61181 44320 65178 55295
62580 66276 56385 77251 55385 88207 56784 99178 52387
11138 51387 22132 51787 33122 46189 44107 47989 55066
36792 66058 37792 77056 33594 88051 31194 99050 31194
11045 33794
21212 11954 09042 22918 09035 33868 05519 44855 06011
55840 15001 66780 18510 77767 19010 88739 25515 99665
27033 11615 29526 22576 27529 33523 27026 44502 26516
55486 23511 66474 24506 77446 24020 88426 27524 99379
26534 11345 31010 22337 32505 33320 27021 44315 26017
55276 23515 66249 25016 77243 26512 88241 28011 99235
32015 11211 34026 22197 03514 33192 06021 44174 10532
55163 11022 66157 07528 77149 08044 88142 08538 99109
09074 11076 10061 22059 08573 33045 09039=
