sing20190829.00
TTAA 79001 48698
99008 27827 20506 00097 26830 17006 92783 21823 17522
85515 18650 24511 70158 09250 27019 50587 05138 24001
40759 15160 09016 30969 31730 07517 25095 41559 06018
20243 53738 06536 15421 68534 06578 10656 78358 08548
88102 81356 07562
77117 06099 421//=
TTCC 79001 48698
70867 69170 20013 50070 68573 30021 30382 56780 24513
20640 58579 33020 10083 49784 10068
88530 69571 28031
77057 09096 417//=
TTDD 7900/ 48698
11982 72562 22960 71163 33857 73164 44792 70967 55771
67171 66702 69170 77670 65374 88624 64774 99530 69571
11321 62177 22305 56980 33276 55181 44249 57180 55230
53581 66203 58378 77153 53981 88134 56980 99116 54981
11078 41789 22062 40789 33053 30995
21212 11939 13513 22919 18009 33908 21511 44851 24536
55806 25017 66775 22015 77747 19508 88684 19012 99670
21510 11660 23513 22628 26035 33545 27537 44470 31018
55461 29511 66446 25016 77439 24520 88416 23517 99377
27516 11372 29512 22358 01010 33343 30503 44334 25010
55321 24015 66293 25521 77286 25026 88267 23519 99252
24525 11241 28526 22224 27518 33206 30514 44195 34518
55182 10018 66168 16022 77164 16526 88146 06528 99136
06033 11130 08547 22110 09074 33100 10068 44087 08566
55079 08584 66075 08079 77057 09096 88053 09589=
