sing20190820.12
TTAA 70121 48698
99006 30258 22006 00080 28857 13512 92768 23057 14018
85500 17838 11005 70143 11062 08501 50587 05547 03001
40759 14962 02508 30970 30565 06515 25097 40140 36012
20245 52356 32513 15424 67756 36014 10661 76760 13516
88122 75556 07043
77999=
TTCC 70121 48698
70868 72367 10011 50071 62177 27533 30387 60578 26024
20641 54182 35528 10092 43388 08567
88481 63976 26541
77055 10103 411//=
TTDD 7012/ 48698
11958 75161 22900 77760 33651 70570 44640 70770 55521
60779 66481 63976 77423 64976 88400 60979 99305 59979
11272 62377 22243 56781 33217 57380 44200 54182 55175
57180 66165 52983 77148 54382 88139 50584 99118 49385
11107 43988 22089 42589 33084 43388 44056 36593 55050
28795 66048 29195
21212 11982 13514 22950 17012 33919 18510 44894 23515
55871 25012 66846 22012 77835 22510 88818 29501 99802
05010 11769 07523 22728 08512 33709 10510 44694 10510
55670 35501 66617 02510 77593 01520 88560 06034 99548
05526 11539 03012 22533 35008 33529 31010 44521 28020
55479 26541 66433 28541 77400 26526 88368 26027 99346
31020 11336 31015 22317 29011 33299 26024 44284 26028
55266 25017 66259 21508 77255 20510 88242 18526 99215
24013 11211 29009 22209 32012 33204 34521 44194 35537
55167 09549 66159 12043 77149 12536 88139 08545 99129
07055 11123 08067 22117 09562 33097 08072 44086 09084
55073 10068 66055 10103 77048 09056=
