sing20190821.00
TTAA 71001 48698
99008 28232 26004 00095 27431 13505 92781 21204 16014
85513 18456 14006 70153 10061 07507 50587 06158 14505
40759 15169 03015 30970 31160 07017 25096 39967 35518
20245 52959 35524 15424 67556 06527 10659 78558 08014
88119 77730 07035 88102 78757 08513
77999=
TTCC 71001 48698
70865 72168 13010 50072 60978 29536 30385 60579 24031
20640 57980 36023 10092 47587 08559
88999
77066 08578 406//=
TTDD 7100/ 48698
11939 76360 22883 78759 33754 76163 44693 72369 55597
58780 66504 60578 77452 65575 88390 61979 99331 64777
11301 60580 22255 60379 33232 58181 44225 54583 55193
59579 66165 50385 77156 51784 88128 46787 99094 48786
11084 43989 22067 43390 33066 40991
21212 11956 06010 22913 06502 33826 00505 44811 05010
55781 07028 66752 08525 77717 13012 88700 13010 99685
03002 11653 08510 22615 13012 33596 19512 44567 26521
55529 27035 66481 31039 77417 32514 88412 31511 99407
29008 11402 26012 22380 25031 33356 27023 44341 30015
55332 29512 66327 27009 77324 25010 88296 24032 99271
24522 11240 21526 22229 22510 33225 26004 44215 32513
55196 00522 66190 04520 77185 08532 88180 11043 99170
14029 11162 14039 22148 08542 33142 07543 44129 11056
55121 11065 66112 08557 77106 09053 88090 08557 99083
08576 11066 08578=
