sing20190820.00
TTAA 70001 48698
99008 28232 23504 00097 27432 16504 92784 23057 17016
85517 19458 23505 70164 09858 27502 50587 07315 08510
40758 15361 05015 30969 30970 01011 25096 40774 34515
20244 52566 01003 15423 68150 11012 10658 74764 16017
88113 80943 04526
77999=
TTCC 70001 48698
70866 68174 16014 50072 60181 28526 30387 63179 26519
20638 60381 14011 10087 47389 09566
88410 64777 27047
77062 08096 417//=
TTDD 7000/ 48698
11881 77760 22654 67774 33626 68174 44575 60781 55532
58982 66482 58782 77410 64777 88372 65577 99327 61181
11298 63179 22231 62979 33220 58184 44202 60981 55172
51787 66157 49988 77131 52786 88073 41591 99059 34593
11054 28995
21212 11973 17512 22954 22509 33947 25010 44887 27026
55827 32512 66816 35510 77805 03512 88772 07522 99763
08520 11729 10512 22699 16014 33680 18012 44633 09510
55619 07510 66610 00504 77591 36010 88586 36012 99573
33516 11548 35021 22531 31018 33506 28528 44418 27051
55374 27527 66305 26518 77285 27027 88266 25010 99255
23501 11231 13510 22225 13517 33218 17517 44211 19019
55204 17515 66201 15512 77198 12011 88197 09513 99188
03026 11183 02033 22172 06544 33166 08552 44156 11042
55143 10553 66128 08045 77116 09571 88097 09072 99089
08064 11069 08072 22062 08096 33054 08584=
