sing20190819.00
TTAA 69001 48698
99010 27837 23504 00112 26838 13006 92797 22056 15511
85527 17861 21008 70160 08860 05018 50587 06132 09023
40759 15363 09029 30970 31569 12520 25097 40375 09513
20245 51765 14016 15425 66756 06015 10660 74160 05023
88115 79748 06042
77999=
TTCC 69001 48698
70867 74166 24010 50071 60179 25508 30389 62579 28024
20641 54184 18030 10090 46789 09074
88308 63977 28527
77111 08580 42517=
TTDD 6900/ 48698
11761 77761 22666 70571 33614 69573 44577 61381 55535
59580 66464 58980 77369 59581 88308 63977 99293 61380
11248 62979 22240 60980 33229 62379 44201 54184 55155
57382 66129 48187 77120 49386 88100 46988 99094 42790
11072 42590 22063 36593 33058 37592
21212 11978 05511 22965 35003 33944 26011 44867 24537
55766 26021 66735 23514 77715 24514 88698 23510 99664
35001 11641 32010 22620 04511 33602 08018 44592 09516
55577 10011 66560 19002 77512 27010 88492 22507 99486
23010 11476 25519 22443 25033 33424 25030 44401 29019
55381 29014 66368 27025 77331 29035 88297 27523 99249
30021 11235 35513 22232 01512 33221 11014 44213 11517
55206 16524 66195 18532 77183 15521 88172 12030 99162
10014 11153 08531 22144 10554 33137 11047 44121 08566
55111 08580 66087 09063 77073 09565 88058 08075=
