  1. 8.2019   0 Uhr

 99.9 -10.5  -7.4   97.2  -6.7  -0.6   93.4   0.0   6.7   92.2   1.7   6.5
 90.8   1.8   4.8   88.0   0.2   2.6   85.9  -4.5   2.6   83.2  -9.1   7.6
 78.4  -6.2  10.7   76.8  -0.7   7.7   76.0   2.3   6.3   75.1   6.3   5.3
 71.3  15.9  -1.4   70.0  14.9  -1.3   67.3  12.3  -1.1   61.6  20.0   1.7
 55.3   7.7  -0.7   54.4   4.8   1.8   54.1   4.9   2.8   50.6  14.9   1.3
 50.0  14.3   1.3   48.4   9.1   1.6   46.2   1.3  -2.2   44.4   4.8  -1.8
 43.2   7.7   0.7   42.0   7.1  -1.3   40.4  11.3  -0.0   36.7  11.1  -4.0
 35.8   8.8  -6.2   34.1   3.6  -3.6   31.5   5.6   1.0   30.7   1.5   0.4
 30.0   6.7   3.9   29.9   7.9   3.7   28.3  18.4   6.7   26.2  21.0   1.8
 22.9  10.6  -1.9   21.9   5.8  -5.8   20.4  -5.5  -3.8   20.0  -6.2  -3.6
 19.6  -5.3  -3.1   18.5  -1.2   1.0   17.3  -8.4   5.9   16.0 -19.0  13.3
 13.8 -30.4  -5.4   11.1 -40.5   7.1   10.1 -35.9   3.1   10.0 -36.4   3.2
  7.9 -43.2   0.0    7.6 -41.7   0.0    7.1 -49.4   0.0    6.6 -43.2   0.0


 99.9 -10.5  -7.4   90.0   1.3   4.2   80.0  -7.2   9.6   70.0  14.9  -1.3
 60.0  17.0   1.2   50.0  14.3   1.3   45.0   3.6  -1.9   40.0  11.3  -0.4
 35.0   6.4  -5.0   30.0   6.7   3.9   25.0  17.4   0.5   22.5   8.7  -3.4
 20.0  -6.2  -3.6   15.0 -24.0   5.0   12.0 -37.0   2.8   10.0 -36.4   3.2
  8.0 -42.9   0.2    7.0 -48.2   0.0    6.0   0.0   0.0    5.0   0.0   0.0
  4.0   0.0   0.0

  1. 8.2019  12 Uhr

 99.9  -2.9  10.9   89.9   5.1   0.4   87.0   0.7   1.9   85.1   0.0   5.1
 83.1   3.7   7.9   80.8   5.9   8.4   79.6   5.0   7.2   78.6   1.8   4.8
 77.3   2.1   1.5   76.2   5.1  -0.4   71.9  12.5  -7.2   70.0  14.3  -8.2
 68.7  16.3  -7.6   58.9  13.9  -3.7   54.9   8.9  -4.1   51.4   5.1   2.4
 50.0  12.4   3.3   49.6  13.4   3.6   46.9   6.3   2.3   45.4   1.8   3.1
 43.6   2.6   4.5   42.7   7.6   4.4   40.5  13.7   2.4   38.6  11.8  -1.0
 34.9  12.9  -3.5   33.7   7.1  -6.0   31.1  14.9  -4.0   30.0  10.8  -0.0
 29.7  10.8  -0.0   27.4  20.0  -1.7   25.2   7.9  -3.7   23.2   7.7   0.7
 22.3   5.1  -0.0   21.8   3.4   1.2   21.1  -0.6   7.2   20.8  -2.8  10.4
 20.0   0.0  12.9   19.4   2.6  14.7   18.6   2.9  10.9   18.0   0.6   7.2
 17.9   0.0   6.7   17.2 -10.3   4.8   16.7 -17.5   0.0   16.0 -22.8  -4.0
 15.4 -22.4  -6.0   13.0 -34.8   3.0   10.0 -38.4  -3.4    8.0 -40.6 -14.8
  6.4 -42.7   0.0    6.1 -49.4   0.0    5.7 -42.2   0.0

 99.9  -2.9  10.9   90.0   5.0   0.6   80.0   5.3   7.6   70.0  14.3  -8.2
 60.0  14.2  -4.2   50.0  12.4   3.3   45.0   2.0   3.4   40.0  13.2   1.5
 35.0  12.9  -3.4   30.0  10.8  -0.0   25.0   7.9  -3.3   22.5   5.7   0.2
 20.0   0.0  12.9   15.0 -24.3  -4.6   12.0 -36.0   1.0   10.0 -38.4  -3.4
  8.0 -40.6 -14.8    7.0 -41.9  -5.8    6.0 -47.6   0.0    5.0   0.0   0.0
  4.0   0.0   0.0

  2. 8.2019   0 Uhr

 99.9   3.8   5.5   98.0   6.6   1.2   96.0   7.6  -1.3   93.1   5.1  -0.9
 90.9   1.5  -0.1   87.8   3.0   4.2   84.8   6.9   6.9   81.6   3.1   5.3
 80.9   3.5   3.0   80.2   6.1   1.1   73.4   5.1  -5.1   71.1  10.2  -3.7
 70.0  11.1  -4.0   64.9  15.9  -4.3   58.1  10.2  -5.9   52.8   4.8   1.8
 52.2   4.1   0.7   50.7   6.1  -2.8   50.0   4.3  -5.1   49.3   1.3  -7.1
 47.8  -2.1 -11.7   46.0  -1.3  -5.0   43.4  -0.0  -0.0   41.7   4.8  -1.8
 41.2   6.1  -2.8   38.4   0.5  -0.9   36.8   4.8   1.8   34.2  20.0   1.7
 32.4  12.4   3.3   30.0  23.3   4.1   29.5  24.3   4.3   26.3  15.0  -5.5
 25.6  16.4  -1.4   24.3   5.1   2.4   22.8  12.9   3.5   21.6   8.9   2.4
 21.2   4.6   5.5   20.9   2.8   7.7   20.0   7.9   9.5   19.9   7.9   9.5
 19.2   5.5   5.5   18.9   3.0   4.2   18.1   1.4  -0.7   17.5  -1.3  -5.0
 15.6 -13.2  -2.3   14.3 -28.3  -7.6   11.8 -37.9   3.3   10.0 -38.6   0.0
  8.9 -38.3 -10.3    7.9 -44.8   0.0    7.5 -42.0   3.7    5.9 -38.6   0.0
  5.2 -32.9   0.0

 99.9   3.8   5.5   90.0   1.9   1.1   80.0   6.1   0.9   70.0  11.1  -4.0
 60.0  11.9  -5.4   50.0   4.3  -5.1   45.0  -0.8  -3.1   40.0   3.7  -2.0
 35.0  15.2   1.8   30.0  23.3   4.1   25.0  11.2   0.3   22.5  11.9   3.2
 20.0   7.9   9.5   15.0 -20.0  -4.7   12.0 -37.1   2.4   10.0 -38.6   0.0
  8.0 -44.1  -1.1    7.0 -41.0   2.6    6.0 -38.8   0.2    5.0   0.0   0.0
  4.0   0.0   0.0

  2. 8.2019  12 Uhr

 99.9  -0.6   7.2   93.1   0.3   0.4   82.4   4.6   3.2   78.8   2.6   5.6
 78.1   2.8   4.9   76.4   7.7   0.7   72.1   9.1  -1.6   70.0   8.9  -5.1
 68.1   6.2  -6.2   63.5  14.0  -6.5   61.6  11.9  -3.2   59.1   4.7  -4.0
 58.3   4.5  -2.6   56.1   9.4   2.5   51.5   7.5   3.5   50.0   8.7   3.2
 49.1   5.0   1.3   48.1   0.5  -0.2   44.5   2.0  -7.5   43.8   1.3  -7.6
 42.7   4.7  -6.7   41.2   6.9  -8.3   39.1   4.2  -3.0   37.8   0.5  -0.9
 37.1   5.1   0.9   34.4  16.9   6.2   30.0  14.9   7.0   29.5  15.4   7.2
 28.4  18.4   6.7   27.1  16.2   2.9   25.8   8.8   6.2   24.9  12.9   3.5
 24.2   7.3   2.6   24.0   7.1   1.3   23.3   5.3  -3.1   23.0   5.3  -3.1
 21.9   7.0   3.3   20.8   8.7   7.3   20.2   3.9   8.4   20.0   3.7   7.9
 19.5   5.1   5.1   19.1   3.3   3.9   18.1   0.2  -2.0   17.3  -5.0  -1.3
 15.8 -17.4 -10.0   14.1 -24.7   0.0   11.7 -33.8  -3.0   10.0 -36.5   0.0
  6.8 -35.9  -3.1    6.3 -47.7  -4.2    5.2 -31.4   5.5

 99.9  -0.6   7.2   90.0   1.5   1.2   80.0   3.3   4.8   70.0   8.9  -5.1
 60.0   7.3  -3.7   50.0   8.7   3.2   45.0   1.8  -6.4   40.0   5.4  -5.3
 35.0  14.2   5.0   30.0  14.9   7.0   25.0  12.5   3.8   22.5   6.1  -0.2
 20.0   3.7   7.9   15.0 -20.7  -5.4   12.0 -32.6  -2.6   10.0 -36.5   0.0
  8.0 -36.1  -1.9    7.0 -35.9  -2.9    6.0 -43.4  -1.7    5.0   0.0   0.0
  4.0   0.0   0.0

  3. 8.2019   0 Uhr

 99.9  -4.2   3.0   97.7  -1.8   1.0   88.5   2.2  -4.7   85.0   4.0  -4.7
 82.9   2.8  -4.9   80.4   3.1  -0.0   76.8   9.7  -3.5   72.1   5.1  -2.4
 70.0   4.1  -0.0   68.7   2.3   1.1   67.3   5.1   0.9   64.8   4.5  -2.6
 62.2   6.3   2.3   59.8   4.7   2.2   56.8   5.1  -0.9   54.9   9.2  -3.3
 52.6   5.3  -1.9   51.9   2.1  -3.6   50.4  -4.0  -4.0   50.0  -5.9  -4.1
 48.5 -10.6  -3.9   46.4  -4.7   2.2   44.1  -5.3   1.9   42.9   0.0   3.1
 42.1   3.0   4.2   37.4  27.5  12.8   32.2  15.2   2.7   30.0  18.4  -4.9
 29.4  18.4  -6.7   28.3  16.3  -7.6   24.5   8.0  -2.1   23.4   4.7   2.2
 22.4   2.9   1.1   20.6   7.3   2.6   20.0   9.6   1.7   18.9   7.2  -0.6
 18.6   5.1   0.4   17.3  -0.1   1.5   16.9  -5.3   1.9   15.9 -18.2   3.2
 15.3 -17.9   6.5   14.0 -31.4   0.0   12.8 -29.3  -7.9   10.0 -36.4  -3.2
  8.1 -41.0   3.6    7.3 -31.9   0.0    6.7 -40.1   0.0

 99.9  -4.2   3.0   90.0   1.5  -3.7   80.0   3.8  -0.4   70.0   4.1  -0.0
 60.0   4.8   2.2   50.0  -5.9  -4.1   45.0  -5.1   2.0   40.0  13.7   8.0
 35.0  22.0   8.3   30.0  18.4  -4.9   25.0   9.1  -2.9   22.5   3.1   1.2
 20.0   9.6   1.7   15.0 -20.9   5.0   12.0 -31.2  -6.6   10.0 -36.4  -3.2
  8.0 -39.9   3.2    7.0 -35.9   0.0    6.0   0.0   0.0    5.0   0.0   0.0
  4.0   0.0   0.0

  3. 8.2019  12 Uhr

 99.9  -3.2  -8.7   95.7  -1.8  -4.8   89.4  -0.5   0.2   82.9  -6.1  -2.8
 79.0  -0.4   5.1   75.9  -0.4   5.1   74.4   1.1   4.0   72.3   5.1   4.3
 70.4   5.3   6.3   70.0   6.0   7.1   66.6  12.2   8.6   63.5   8.2   3.0
 60.7   4.4   4.4   55.7   7.7  -0.7   54.3   4.5  -2.6   50.4  -1.9  -0.7
 50.0  -2.6  -0.2   48.5  -1.8   4.8   46.7   5.3   1.9   45.8   8.2  -0.0
 44.1   3.5  -0.9   41.9  13.8   1.2   39.4  14.4   3.9   35.4  24.6   2.2
 33.8  22.0  -1.9   31.3  18.2   3.2   30.0  15.7  -2.8   28.2   7.0  -3.3
 27.6   4.0  -4.0   26.9   2.9  -2.1   25.7   7.5  -2.0   24.9   5.5  -1.5
 23.8   7.5   3.5   23.2   9.8   5.7   22.2  11.6   4.2   20.1   9.7  -3.5
 20.0   9.7  -3.5   19.6   8.2  -3.0   18.3   4.7   2.2   17.5  -2.3   2.8
 17.3  -5.1   0.0   17.0  -8.7  -3.2   16.0 -13.3   1.2   15.1 -21.9   5.9
 14.8 -26.3   4.6   13.0 -29.2   2.6   10.0 -32.3   2.8    7.6 -44.6  -3.9


 99.9  -3.2  -8.7   90.0  -0.6  -0.3   80.0  -1.9   3.1   70.0   6.0   7.1
 60.0   4.8   3.7   50.0  -2.6  -0.2   45.0   6.0  -0.4   40.0  14.3   3.2
 35.0  24.0   1.1   30.0  15.7  -2.8   25.0   5.7  -1.5   22.5  11.1   4.7
 20.0   9.7  -3.5   15.0 -23.4   5.5   12.0 -30.2   2.6   10.0 -32.3   2.8
  8.0 -42.4  -2.7    7.0   0.0   0.0    6.0   0.0   0.0    5.0   0.0   0.0
  4.0   0.0   0.0

  4. 8.2019   0 Uhr

 99.9   5.0 -10.7   90.1  -0.0 -10.8   83.5  -5.5  -3.8   74.1   0.4   2.0
 72.2   3.6   3.6   70.0  10.1   7.1   68.0  16.3   7.6   63.9   2.6   4.5
 62.6   0.9   2.4   60.3   4.2   3.0   59.5   8.2   0.7   58.5  10.2  -0.9
 56.2   6.8  -2.5   53.6   5.1  -0.4   51.1   0.5   0.0   50.0   3.3   3.3
 48.2  11.1   2.0   47.7  11.3  -0.0   46.7   9.7   0.9   45.3   7.1   4.1
 37.3  27.2  -2.4   30.0   9.7  -3.5   29.3   7.7  -2.8   28.8   5.1  -0.4
 28.2   0.8   1.3   27.6  -2.6   4.5   26.9  -1.6   6.0   25.5   7.1   6.0
 23.4  14.9   7.0   21.6   8.2   0.7   20.7   6.2  -6.2   20.0   2.6  -5.6
 19.0   0.6  -0.8   17.7  -6.5  -1.7   16.1 -14.4   3.9   14.5 -23.2   0.0
 13.5 -25.8  -6.9   11.1 -34.0   0.0   10.8 -30.2   2.6   10.0 -36.0   0.0
  6.2 -41.2   0.0    5.8 -31.4   5.5    5.5 -38.5   6.8    5.4 -36.9   3.2
  5.2 -22.5   2.0    4.9 -20.5   1.8

 99.9   5.0 -10.7   90.0  -0.1 -10.7   80.0  -3.4  -1.7   70.0  10.1   7.1
 60.0   5.7   2.1   50.0   3.3   3.3   45.0   7.8   3.9   40.0  20.1  -0.1
 35.0  21.9  -2.7   30.0   9.7  -3.5   25.0   8.9   6.2   22.5  11.6   3.9
 20.0   2.6  -5.6   15.0 -20.3   1.2   12.0 -30.8  -2.7   10.0 -36.0   0.0
  8.0 -38.5   0.0    7.0 -39.9   0.0    6.0 -36.3   2.7    5.0 -21.2   1.9
  4.0   0.0   0.0

  4. 8.2019  12 Uhr

 99.9 -13.1  -6.1   98.1  -9.7  -3.5   95.9  -5.1   0.9   94.4  -2.6   0.0
 92.4  -5.1   0.0   90.9  -4.7   2.2   87.2  -8.2   3.0   83.0  -1.6   6.0
 81.5  -1.3   7.1   79.8   3.9   6.7   78.8   6.2   6.2   74.3  14.3  10.0
 70.0  14.3   8.2   65.4  13.8   1.2   61.7   5.1  -0.0   60.5   1.7  -1.2
 58.1   7.2  -5.0   56.1   1.5  -8.6   53.6   5.1  -5.1   52.9   4.1  -5.9
 51.9  -0.6  -6.7   51.3  -1.3  -7.1   50.0   5.1  -4.3   49.9   6.2  -3.6
 48.2  13.7  -2.4   40.5  17.4   6.3   37.3  23.8   4.2   33.3  10.3   4.8
 31.5  10.6  -3.9   30.0   6.7  -0.0   29.3   5.6   1.0   28.7   3.5   0.9
 27.5   7.7  -0.7   23.6  11.6   4.2   22.8  13.7   2.4   21.6   8.4  -2.3
 20.2  -1.3  -7.6   20.0  -1.9  -7.0   19.8  -1.3  -5.0   19.2  -0.0  -0.0
 18.2  -3.0   4.2   17.7  -5.8   5.8   17.0  -4.9   8.5   16.4 -12.8   1.1
 15.4 -20.0  -1.7   14.3 -19.8  -7.2   11.8 -29.2  -2.6   11.3 -23.7   0.0
 10.0 -30.2  -2.6    9.3 -29.9  -5.3    7.9 -35.0   0.0    7.1 -29.7   2.6
  6.2 -40.0   3.5    5.6 -24.3   6.5    5.2 -30.9  11.3    5.0 -38.0   6.7
  4.8 -33.4   0.0

 99.9 -13.1  -6.1   90.0  -5.5   2.4   80.0   3.3   6.7   70.0  14.3   8.2
 60.0   2.8  -2.0   50.0   5.1  -4.3   45.0  15.2   1.1   40.0  18.4   6.0
 35.0  16.2   4.5   30.0   6.7  -0.0   25.0  10.1   2.4   22.5  12.4   1.3
 20.0  -1.9  -7.0   15.0 -19.9  -3.7   12.0 -28.4  -3.0   10.0 -30.2  -2.6
  8.0 -34.6  -0.4    7.0 -30.8   2.7    6.0 -34.9   4.5    5.0 -38.0   6.7
  4.0   0.0   0.0

  5. 8.2019   0 Uhr

 99.9  -9.3   6.5   96.9  -7.2   5.0   94.5  -8.2   0.7   91.8  -4.6   3.2
 91.0  -4.2   3.0   87.5  -0.2  -2.0   85.4   5.1  -0.9   80.6  14.4  -3.9
 74.5  16.5  -0.0   70.0  15.9  -4.3   68.8  14.9  -4.0   64.9  10.8  -0.0
 63.8   6.7   0.6   63.5   5.1   0.9   62.1  -0.0  -0.0   59.4  -1.8  -4.8
 55.0 -11.8   1.0   54.0  -8.9   2.4   52.9  -4.7   2.2   52.0  -0.1   1.5
 50.9   4.7   2.2   50.0   8.2   3.0   45.1  18.2   8.5   41.5  16.9   6.2
 38.0  18.4  -4.9   35.6   9.3  -4.3   34.6  11.8  -0.0   32.5   7.7  -0.7
 31.8   5.1   0.4   30.0   9.8   4.6   29.5  10.7   6.2   27.9  15.9   7.4
 23.8  10.6   1.9   22.6   6.7  -5.6   22.0   3.9  -3.3   21.6  -0.0  -2.6
 21.0  -4.5  -2.6   20.1  -6.5   3.0   20.0  -5.8   3.3   19.2  -3.0   4.2
 18.5  -4.2   3.0   17.5  -5.5   3.8   17.2  -6.5   1.7   16.9  -9.7  -0.9
 14.8 -19.8 -13.9   13.7 -27.3  -7.3   13.2 -25.2   0.0   11.3 -23.1   2.0
 10.0 -25.8   4.6    8.0 -27.9   4.9    7.3 -26.9  -4.7    6.6 -31.4   0.0
  6.3 -27.8   0.0    6.1 -36.9  -3.2    5.7 -23.6  -2.1

 99.9  -9.3   6.5   90.0  -3.1   1.5   80.0  14.6  -3.5   70.0  15.9  -4.3
 60.0  -1.4  -3.7   50.0   8.2   3.0   45.0  18.1   8.4   40.0  17.5   1.5
 35.0  10.8  -1.7   30.0   9.8   4.6   25.0  12.2   3.6   22.5   6.2  -5.2
 20.0  -5.8   3.3   15.0 -18.8 -12.6   12.0 -23.9   1.2   10.0 -25.8   4.6
  8.0 -27.9   4.9    7.0 -28.8  -2.7    6.0 -33.6  -2.9    5.0   0.0   0.0
  4.0   0.0   0.0

  5. 8.2019  12 Uhr

 99.9  -7.2   0.0   95.2  -8.2   0.0   91.2  -3.0   4.2   87.3  -0.6   0.8
 83.9   3.9  -3.3   82.5   8.0  -2.1   75.6  12.3  -0.0   70.0  16.4  -4.4
 69.8  16.0  -5.8   67.5  12.5  -7.2   64.6   2.8  -6.1   60.0  -5.5  -4.6
 58.3  -9.3  -6.5   56.9  -6.3  -4.4   54.6  -6.5   1.7   54.4  -4.5   2.6
 53.8  -0.3   3.6   53.4   3.3   3.9   52.7   8.4   3.9   50.0  21.0   1.8
 48.2  24.2  -0.0   40.5  13.8   1.2   38.8   8.5  -4.9   36.2   5.0   1.3
 35.6   6.1   1.1   34.2   4.2  -3.0   33.5  -0.7  -0.8   31.7   3.0   4.2
 30.0  10.6  12.6   29.2  12.7  12.7   25.9   9.1   7.6   24.9  10.9   2.9
 24.1  10.4   2.8   23.4   9.4  -2.5   21.7   7.9  -3.7   20.8   5.0   1.3
 20.0   0.5   3.0   19.7   4.5   2.6   18.7   5.1  -0.4   17.8   1.8  -1.0
 16.9  -2.3  -8.4   14.8 -25.6  -2.2   14.3 -22.8   4.0   12.9 -19.4   5.2
 10.4 -26.9  -4.7   10.0 -29.2  -2.6    9.2 -32.3  -2.8    8.3 -31.4   0.0


 99.9  -7.2   0.0   90.0  -2.2   3.2   80.0   9.5  -1.4   70.0  16.4  -4.4
 60.0  -5.5  -4.6   50.0  21.0   1.8   45.0  20.0   0.5   40.0  12.3  -0.6
 35.0   5.3  -0.6   30.0  10.6  12.6   25.0  10.7   3.4   22.5   8.6  -3.1
 20.0   0.5   3.0   15.0 -23.3  -2.9   12.0 -21.9   1.8   10.0 -29.2  -2.6
  8.0   0.0   0.0    7.0   0.0   0.0    6.0   0.0   0.0    5.0   0.0   0.0
  4.0   0.0   0.0

  6. 8.2019   0 Uhr

 99.9  -2.9  10.9   98.1  -1.0  11.8   94.9  -2.9  10.9   92.2   0.4   5.1
 91.0   1.0  -0.3   90.0   2.8  -4.9   85.7   9.9 -11.8   80.6  12.6 -10.6
 75.2  10.0 -17.4   70.0   5.9 -10.2   68.9   2.1  -8.0   64.2  -3.6   3.6
 63.9  -3.3   3.9   63.2  -4.0   4.7   61.4  -9.1   1.6   58.7  -5.5   3.8
 58.0  -3.3   5.8   57.1   4.1   7.1   55.3  11.1   6.4   50.0  13.7   2.4
 49.8  13.7   2.4   46.2  17.9   4.8   43.3  11.1   2.0   40.7  13.2   2.3
 38.2   9.1   7.6   36.4  16.2   2.9   34.2   8.2   3.0   32.7   1.7   3.7
 32.2   0.0   5.1   31.2   5.9   5.0   30.0  15.9   7.4   29.9  15.9   7.4
 28.8  11.1   4.0   27.9  16.9   1.5   23.5   7.7 -11.0   22.4   4.0  -4.0
 21.8   0.3   0.4   20.9   4.2   3.0   20.5   5.8   3.3   20.0   4.8   1.8
 19.7   5.0   1.3   19.1   4.5   2.6   17.6  -0.0  -0.0   17.2  -3.0  -4.2
 16.3 -10.4  -2.8   15.6 -17.5   0.0   14.9 -18.6   8.7   14.1 -20.9   5.6
 13.7 -17.3   8.0   12.8 -19.5   0.0   10.6 -27.0 -12.6   10.0 -30.0 -10.9
  9.7 -35.8  -9.6    9.0 -28.7  -2.5    5.7 -44.1  -3.9    5.3 -24.2   0.0
  5.1 -27.2   2.4

 99.9  -2.9  10.9   90.0   2.8  -4.9   80.0  12.3 -11.3   70.0   5.9 -10.2
 60.0  -7.2   2.8   50.0  13.7   2.4   45.0  15.1   3.6   40.0  12.0   3.8
 35.0  11.2   2.9   30.0  15.9   7.4   25.0  11.0  -6.5   22.5   4.3  -4.6
 20.0   4.8   1.8   15.0 -18.5   7.4   12.0 -22.2  -4.4   10.0 -30.0 -10.9
  8.0 -32.9  -2.9    7.0 -37.4  -3.3    6.0 -42.4  -3.7    5.0 -28.7   3.6
  4.0   0.0   0.0

  6. 8.2019  12 Uhr

 99.9   0.3   0.4   85.4   5.3  -7.6   85.2   5.3  -7.6   83.2   3.9  -6.7
 80.1  -2.8  -4.9   73.5   0.4  -0.9   70.3 -10.1  -7.1   70.0 -10.2  -5.9
 66.8  -5.1   0.4   65.4  -2.3   2.8   64.5   0.0   5.1   63.3  -5.0   5.9
 60.0   1.5   8.6   57.9   0.9   9.7   55.4  12.2  10.3   51.4  19.3   3.4
 50.0  20.5   1.8   48.6  23.1   2.0   45.4  17.0  -0.0   43.9   9.9  -2.7
 42.7   8.7  -0.0   41.0   9.9   2.7   37.8  13.1   6.1   35.6  13.2   2.3
 33.4   6.9   6.9   32.6   6.2   8.8   30.0  16.8   7.8   29.7  17.9   6.5
 27.6  14.3   1.3   26.4  11.4  -8.0   25.3  11.0  -9.3   24.8   9.6 -11.4
 23.9   2.0 -11.1   23.1   6.3  -7.5   22.5   2.6  -4.5   21.9   1.4  -0.7
 20.6   1.3   5.0   20.0   4.1   5.9   18.8   7.6   4.4   17.8   5.3   1.9
 16.7  -1.7  -1.2   16.2  -5.1   0.4   15.8  -6.8   2.5   15.1 -13.8   1.2
 14.9 -16.9   4.5   14.5 -14.9   7.0   13.7 -20.4  -5.5   13.0 -19.6 -11.3
 12.3 -25.8  -4.6   11.6 -21.8  -3.8   10.0 -35.4  -3.1    9.7 -36.5   0.0
  9.1 -34.0   0.0    7.8 -34.3  -3.0    5.7 -53.0   0.0    5.2 -31.9   0.0
  5.0 -28.2  -2.5

 99.9   0.3   0.4   90.0   3.6  -4.9   80.0  -2.8  -4.8   70.0 -10.2  -5.9
 60.0   1.5   8.6   50.0  20.5   1.8   45.0  15.1  -0.7   40.0  10.9   3.7
 35.0  11.5   3.6   30.0  16.8   7.8   25.0  10.2 -10.6   22.5   2.6  -4.5
 20.0   4.1   5.9   15.0 -15.4   2.9   12.0 -24.1  -4.3   10.0 -35.4  -3.1
  8.0 -34.3  -2.5    7.0 -41.0  -1.9    6.0 -50.1  -0.5    5.0 -28.2  -2.5
  4.0   0.0   0.0

  7. 8.2019   0 Uhr

 99.9   4.2   2.0   91.3   5.1   0.9   88.0   4.7  -2.2   86.4   2.6  -4.5
 83.2   0.2  -0.5   73.5  -6.0  -1.6   71.1 -10.2  -0.9   70.0  -7.7   0.0
 69.7  -5.7   0.0   68.7  -0.5   2.0   67.8   3.6   3.6   65.4  10.2   5.9
 62.3   4.2   3.0   57.6   5.5   5.5   56.1  13.1   4.8   53.2  15.4   1.3
 50.6  20.8   3.7   50.0  19.9   5.3   47.8  11.8  -0.0   35.9  17.4  -6.3
 32.6   8.0  -2.1   31.8  11.8  -0.0   30.0  11.9  -3.2   28.9  13.1  -4.8
 26.7   6.3  -5.3   26.2   3.6  -4.3   25.0  -3.0  -3.5   24.8  -4.5  -2.6
 23.7  -7.7  -2.8   22.5  -6.3   5.3   21.5   2.7   9.9   20.5  10.5  10.5
 20.0   8.6  10.2   19.0   0.9  10.8   17.7   2.6   5.6   17.3  -0.4   4.1
 16.6 -10.2   3.7   15.9 -17.2   3.0   15.1 -13.9   9.7   13.2 -19.8  -3.5
 12.4 -24.1   2.1   11.5 -22.6   0.0   10.5 -34.3   3.0   10.0 -30.7   2.7
  9.1 -27.2  -2.4    7.1 -33.3   8.9    6.4 -38.4   3.4    6.1 -31.3   2.7
  5.9 -37.0   0.0    5.6 -32.8  -2.9

 99.9   4.2   2.0   90.0   4.9  -0.3   80.0  -1.8  -0.8   70.0  -7.7   0.0
 60.0   4.8   4.2   50.0  19.9   5.3   45.0  13.0  -1.4   40.0  15.4  -4.0
 35.0  14.9  -5.2   30.0  11.9  -3.2   25.0  -3.0  -3.5   22.5  -6.3   5.3
 20.0   8.6  10.2   15.0 -14.2   9.1   12.0 -23.5   1.2   10.0 -30.7   2.7
  8.0 -30.4   3.6    7.0 -34.0   8.2    6.0 -34.1   1.4    5.0   0.0   0.0
  4.0   0.0   0.0

  7. 8.2019  12 Uhr

 99.9  -6.1   1.1   95.8  -0.3   0.4   82.1  -1.8   4.8   80.8   0.9   5.1
 77.7   2.8   6.1   74.2  -5.0   7.2   72.7  -8.0   8.0   70.0  -0.9  10.2
 69.9  -0.9  10.2   68.0   6.3   7.5   66.0   9.5   7.9   63.3   6.2   3.6
 61.2   8.8   6.2   57.9   7.7   0.7   56.9   9.7  -0.9   51.1  13.5  -6.3
 50.0  15.4  -4.1   48.9  17.4  -1.5   45.7  11.1  -4.0   43.9   8.7  -0.0
 42.5   8.4  -2.3   40.8   6.7  -0.6   39.4  11.1   4.0   36.5  10.4   2.8
 35.5   9.8  -0.0   34.5  12.2   2.1   32.6  15.9  -4.3   31.7  18.9  -5.1
 30.0  17.7  -3.1   29.1  17.7  -3.1   27.6  15.0  -5.5   26.7  10.7  -6.2
 25.3   6.6  -1.2   25.1   5.6  -1.0   24.8   0.3  -1.5   24.4  -5.0  -1.3
 24.0  -5.1  -0.4   23.3   3.0   4.2   21.1  13.1   9.1   20.0  12.6   4.6
 19.2   7.2   0.6   18.7   2.2  -2.2   18.4   2.6  -4.5   18.1   5.3  -6.3
 17.2   1.4  -8.1   16.6  -7.9  -3.7   15.0 -13.8   8.0   13.4 -17.9  -4.8
 12.3 -26.1  -2.3   11.6 -20.6   0.0   11.0 -26.6   2.3   10.3 -31.8  -2.8
 10.0 -28.7  -2.5    9.5 -29.4  -5.2    7.0 -28.2   2.5    6.4 -38.1   0.0
  5.9 -33.4   0.0

 99.9  -6.1   1.1   90.0  -0.9   2.2   80.0   1.4   5.3   70.0  -0.9  10.2
 60.0   8.4   4.2   50.0  15.4  -4.1   45.0  10.2  -2.5   40.0   9.2   2.0
 35.0  11.0   1.1   30.0  17.7  -3.1   25.0   3.8  -1.2   22.5   6.5   6.0
 20.0  12.6   4.6   15.0 -13.8   8.0   12.0 -23.8  -1.3   10.0 -28.7  -2.5
  8.0 -28.7  -0.8    7.0 -28.2   2.5    6.0 -34.4   0.0    5.0   0.0   0.0
  4.0   0.0   0.0

  8. 8.2019   0 Uhr

 99.9  -3.3   1.5   98.4   0.0   0.5   94.0   3.0  -4.2   92.2   2.1  -5.8
 91.2   1.8  -4.8   87.1   4.7   2.2   82.5  10.4   2.8   77.2   6.1  -1.1
 71.8   2.2   4.7   70.8   3.1   5.3   70.0   5.1   5.1   67.1   8.7  -0.0
 64.6  10.2   3.7   62.1   6.1  -1.1   58.9  13.7  -2.4   57.0  11.3  -1.0
 55.0   6.5  -3.0   53.8  11.3  -1.0   51.3  18.2  -3.2   50.0  16.9  -6.2
 48.3  12.6  -4.6   46.5   5.3  -6.3   45.8   5.1  -5.1   45.0   8.7  -3.2
 41.7   8.7  -0.0   39.0  13.7  -2.4   36.5   4.2  -2.0   32.2  13.7   2.4
 31.3  15.4  -0.0   30.0  11.8  -0.0   27.4  10.2   0.9   25.8   3.9   8.4
 24.9   2.5   9.4   24.2   9.8   9.8   20.2   9.5  -9.5   20.0   9.1  -9.1
 18.8   6.5  -6.5   18.2   4.4  -6.3   17.3  -4.9  -2.8   17.1  -5.0  -1.3
 16.5  -5.3   6.3   16.2  -3.7  10.2   15.5  -5.4   9.4   14.5 -14.3  -1.3
 12.8 -19.0  -1.7   11.8 -29.8   0.0   10.0 -27.7   2.4    9.6 -26.1   2.3
  7.7 -26.8  -7.2    6.1 -29.8   0.0    5.8 -37.0   0.0    5.5 -25.8   4.6
  5.1 -23.9   6.4

 99.9  -3.3   1.5   90.0   2.6  -2.8   80.0   8.4   1.0   70.0   5.1   5.1
 60.0  11.0  -1.9   50.0  16.9  -6.2   45.0   8.7  -3.2   40.0  11.8  -1.5
 35.0   7.4  -0.5   30.0  11.8  -0.0   25.0   2.7   9.3   22.5   9.7   1.9
 20.0   9.1  -9.1   15.0  -9.8   4.1   12.0 -27.6  -0.3   10.0 -27.7   2.4
  8.0 -26.7  -5.6    7.0 -28.1  -4.2    6.0 -32.2   0.0    5.0 -23.3   6.9
  4.0   0.0   0.0

  8. 8.2019  12 Uhr

 99.9 -11.1   2.0   91.1  -0.3   0.4   85.6   1.5   5.5   82.4   7.6   4.4
 80.5   6.1   2.8   78.6   5.1  -0.4   76.6   5.0  -1.3   71.4   2.4   0.9
 70.0   5.1  -0.4   65.8   4.1  -7.1   63.5   3.5  -9.7   61.7   0.6  -7.2
 60.2   4.6  -5.5   59.2   4.3  -5.1   58.3   0.9  -5.1   54.5   1.1  -2.3
 53.2   7.2  -0.0   50.7  16.5  -0.0   50.0  15.9   1.4   48.1   8.1  -1.4
 45.2   3.7   1.7   43.3  12.2   2.1   41.1  10.4   2.8   39.3  12.6   4.6
 36.7   7.1   4.1   35.0  17.2   3.0   30.6  12.1  -4.4   30.0  14.0  -5.1
 28.2  18.2  -8.5   25.4  15.4   7.2   24.6  19.6   9.1   21.5  16.8   7.8
 20.0  14.3   1.3   19.4  13.3  -1.2   18.3   6.3  -4.4   17.7   2.2  -4.7
 17.3  -0.0  -3.6   17.0  -5.1  -4.3   16.0  -5.1  -0.4   14.5 -16.4 -11.5
 13.2 -27.7  -2.4   12.7 -24.3   4.3   11.7 -28.3   7.6   10.4 -26.6   2.3
 10.0 -27.2  -2.4    9.1 -38.8 -10.4    7.1 -30.9  -5.4    5.8 -41.0  -7.2
  5.5 -29.4  -5.2

 99.9 -11.1   2.0   90.0   0.1   1.4   80.0   5.8   2.0   70.0   5.1  -0.4
 60.0   4.6  -5.4   50.0  15.9   1.4   45.0   4.6   1.8   40.0  11.7   3.9
 35.0  17.2   3.0   30.0  14.0  -5.1   25.0  17.5   8.1   22.5  17.7   8.3
 20.0  14.3   1.3   15.0 -12.6  -7.7   12.0 -27.1   6.6   10.0 -27.2  -2.4
  8.0 -34.6  -7.8    7.0 -31.6  -5.6    6.0 -39.4  -6.9    5.0   0.0   0.0
  4.0   0.0   0.0

  9. 8.2019   0 Uhr

 99.9 -17.2   3.0   95.0  -8.3   6.9   93.0  -4.2   3.0   91.3  -0.0  -0.0
 88.6   3.9  -3.3   83.8   6.9  -8.3   81.6   4.9  -8.5   79.2   4.0  -4.7
 70.2   1.3  -5.0   70.0   0.9  -5.1   68.5  -1.9  -5.3   68.2  -2.2  -4.7
 66.9   0.2  -2.6   64.7   6.1  -1.1   63.2  11.3  -0.0   60.3   5.5   3.8
 55.4  13.9  -0.0   53.3   4.8  -1.8   51.8   2.4  -0.9   50.7   4.5   2.6
 50.0   6.3   4.4   48.3   4.3   5.1   46.1  11.6   4.2   44.0   6.1   1.1
 42.6  10.2   3.7   37.2  10.2  -5.9   35.6  11.1  -2.0   34.3  15.0  -5.5
 33.3  11.8  -8.3   31.4   9.7  -0.9   30.0   9.3  -4.3   28.5   3.7  -7.9
 27.9   3.9  -6.7   27.1   5.0  -1.3   26.8   6.1   0.5   23.2  13.8   8.0
 21.9   9.8   4.6   20.6   7.1  -1.3   20.0   4.8  -1.8   19.9   4.8  -1.8
 19.2   0.3   0.4   18.7  -4.2   3.0   18.1  -2.8   6.1   17.6  -8.9   5.1
 16.8  -5.6   6.7   15.3 -10.2  -0.9   14.6 -20.3  -3.6   14.2 -25.1  -2.2
 13.4 -18.4   4.9   12.4 -22.3  -3.9   11.1 -26.9   4.7   10.6 -29.3   0.0
 10.0 -27.2  -2.4    9.3 -38.9   3.4    7.8 -35.0   0.0    6.2 -46.3   0.0
  5.6 -26.8  -7.2    5.3 -25.2   0.0

 99.9 -17.2   3.0   90.0   1.9  -1.6   80.0   4.3  -6.0   70.0   0.9  -5.1
 60.0   6.0   3.6   50.0   6.3   4.4   45.0   8.7   2.6   40.0  10.2  -0.8
 35.0  12.9  -3.6   30.0   9.3  -4.3   25.0   9.9   4.2   22.5  11.7   6.2
 20.0   4.8  -1.8   15.0 -14.5  -2.0   12.0 -23.7  -1.3   10.0 -27.2  -2.4
  8.0 -35.5   0.5    7.0 -40.4   0.0    6.0 -40.0  -2.3    5.0   0.0   0.0
  4.0   0.0   0.0

  9. 8.2019  12 Uhr

 99.9   0.0   0.0   90.0   0.0   0.0   80.0   0.0   0.0   70.0   0.0   0.0
 60.0   0.0   0.0   50.0   0.0   0.0   45.0   0.0   0.0   40.0   0.0   0.0
 35.0   0.0   0.0   30.0   0.0   0.0   25.0   0.0   0.0   22.5   0.0   0.0
 20.0   0.0   0.0   15.0   0.0   0.0   12.0   0.0   0.0   10.0   0.0   0.0
  8.0   0.0   0.0    7.0   0.0   0.0    6.0   0.0   0.0    5.0   0.0   0.0
  4.0   0.0   0.0

 10. 8.2019   0 Uhr

 99.9 -30.9   0.0   93.5  -6.6   1.2   92.6  -1.5   2.7   91.5   3.0   4.2
 90.1   7.1   4.1   84.1  10.9   2.9   81.0  12.4  -3.3   77.7   8.4  -3.9
 75.0   3.1  -5.3   72.5   5.3  -6.3   71.3   2.8  -6.1   70.0  -1.6  -6.0
 67.9  -6.8  -2.5   67.3  -5.1  -0.9   66.5  -0.3   0.4   65.4   5.0   1.3
 63.4  10.6   1.9   62.1  10.2   0.9   59.5  12.0   6.9   52.7  12.5   7.2
 50.3   5.1  -0.0   50.0   3.6  -0.0   49.6   2.6   0.2   48.8   4.7   2.2
 42.8  12.4  -3.3   41.3  18.4  -1.6   39.8  15.9  -4.3   37.6  14.6 -12.2
 34.4   4.9  -8.5   32.5   4.8  -1.8   31.9   5.3  -1.9   30.0   4.6   3.2
 29.6   4.3   3.6   28.3   6.0   7.1   26.1  17.7   8.3   24.9  17.4   6.3
 22.7   9.9  -8.3   21.4   8.6 -10.2   20.4   2.3  -6.3   20.0  -2.3  -2.8
 19.9  -2.8  -2.3   19.2  -5.1   0.9   18.6  -5.1   5.1   16.6  -7.1   6.0
 15.5 -10.3   0.0   14.8 -16.7  -2.9   14.1 -25.7   0.0   13.4 -22.5   2.0
 12.8 -22.7  -8.3   12.2 -29.2  -2.6   11.3 -31.4 -11.4   10.0 -41.5  -3.6
  9.1 -44.2   0.0    8.2 -33.4   0.0    6.8 -34.8  -3.0    5.9 -47.8   0.0
  5.3 -40.0  -3.5    5.0 -44.1  -3.9    4.8 -31.4  -5.5

 99.9 -30.9   0.0   90.0   7.2   4.1   80.0  11.2  -3.5   70.0  -1.6  -6.0
 60.0  11.7   5.8   50.0   3.6  -0.0   45.0   9.5  -1.3   40.0  16.2  -3.9
 35.0   6.8  -9.2   30.0   4.6   3.2   25.0  17.4   6.5   22.5   9.7  -8.6
 20.0  -2.3  -2.8   15.0 -14.9  -2.1   12.0 -29.7  -4.5   10.0 -41.5  -3.6
  8.0 -33.6  -0.4    7.0 -34.6  -2.6    6.0 -46.3  -0.4    5.0 -44.1  -3.9
  4.0   0.0   0.0

 10. 8.2019  12 Uhr

 99.9 -19.0   0.0   94.2 -12.2  -2.1   92.4  -5.6  -1.0   91.1  -0.0  -0.0
 89.1   5.0   1.3   85.9  10.2   3.7   80.7   7.7   2.8   75.5   6.5  -3.0
 75.1   4.6  -3.2   70.0  -1.4  -3.9   68.0  -0.7   1.9   67.1   3.9   3.3
 63.7  11.6   6.7   58.9  14.2   2.5   52.8   9.9  -2.7   50.5   6.6   1.2
 50.0   7.1   1.3   49.0   9.2   0.8   47.5   7.7  -2.8   39.2  15.4  -4.1
 36.1   3.5  -5.1   35.4   1.3  -5.0   33.7  -1.2   1.0   33.1   3.0   4.2
 32.3   8.8   6.2   30.0  12.0   6.9   28.1  15.1   8.7   26.7  12.2   8.6
 24.6  11.7  -5.4   22.0   5.9  -8.4   21.1  -2.8  -7.7   20.3  -8.0  -5.6
 20.0  -7.5  -2.0   19.3  -4.5   2.6   19.1  -3.9   3.3   17.6   0.0   8.7
 17.3   0.0   7.2   16.6  -5.6   2.6   16.3  -7.1   1.3   15.9  -9.4  -2.5
 14.7 -22.0   1.9   13.2 -25.3  -6.8   12.6 -29.8   0.0   10.0 -39.0   6.9
  9.7 -42.6   7.5    7.6 -34.3   3.0    5.7 -47.7   4.2    5.5 -42.0   3.7


 99.9 -19.0   0.0   90.0   2.7   0.7   80.0   7.6   2.0   70.0  -1.4  -3.9
 60.0  13.6   3.5   50.0   7.1   1.3   45.0   9.9  -3.2   40.0  14.6  -4.0
 35.0   0.7  -3.6   30.0  12.0   6.9   25.0  11.8  -2.7   22.5   7.0  -7.8
 20.0  -7.5  -2.0   15.0 -18.8   0.8   12.0 -31.8   1.5   10.0 -39.0   6.9
  8.0 -36.0   3.9    7.0 -38.3   3.3    6.0 -45.4   4.0    5.0   0.0   0.0
  4.0   0.0   0.0

 11. 8.2019   0 Uhr

 99.9 -24.3   6.5   92.7  -6.5   1.7   92.3  -5.1   0.9   90.8  -0.6  -0.8
 88.7   3.3  -3.9   82.5  -0.0  -5.1   78.8  -6.0   1.6   74.7 -10.8   0.9
 72.9  -7.3   2.6   72.3  -3.9   3.3   71.6   0.0   3.1   70.8   3.9   3.3
 70.0   7.9   3.7   68.6  11.6   4.2   62.8  14.2  -2.5   59.2  16.7  -2.9
 55.9  10.2  -3.7   52.1   9.7  -0.9   51.0   5.8  -3.3   50.0   7.3  -2.6
 48.9  10.4  -2.8   45.9  13.1  -4.8   43.7   6.7  -5.6   41.1   5.0  -1.3
 39.4  11.3   1.0   38.7   8.7   0.8   37.1   4.0   4.7   33.7  19.4   5.2
 31.5  22.3   3.9   30.0  18.4   4.9   29.1  17.7   3.1   27.2  16.0  -5.8
 25.4  14.0  -6.5   22.9   3.5  -9.7   22.2  -4.6  -8.0   21.6  -5.9  -5.0
 21.0  -5.3   1.9   20.5  -2.5   6.8   20.0   1.6   9.1   19.4   1.6   9.1
 18.4  -2.5   6.8   17.5  -7.1   1.3   16.4  -8.7   0.8   15.9 -11.8  -1.0
 14.9 -23.4   6.3   12.9 -30.4   0.0   10.2 -36.7  13.4   10.0 -39.3  10.5
  9.3 -43.7   0.0    7.1 -34.5   0.0    5.7 -44.6  -3.9    5.2 -32.9   0.0


 99.9 -24.3   6.5   90.0   0.9  -2.0   80.0  -4.0  -0.6   70.0   7.9   3.7
 60.0  16.1  -2.8   50.0   7.3  -2.6   45.0  10.5  -5.1   40.0   9.0   0.2
 35.0  13.4   5.0   30.0  18.4   4.9   25.0  12.4  -7.0   22.5  -1.1  -8.7
 20.0   1.6   9.1   15.0 -22.2   5.5   12.0 -32.4   4.2   10.0 -39.3  10.5
  8.0 -38.5   0.0    7.0 -35.1  -0.3    6.0 -42.3  -3.0    5.0   0.0   0.0
  4.0   0.0   0.0

 11. 8.2019  12 Uhr

 99.9 -22.6   0.0   90.3  -5.8  -5.8   89.3  -3.0  -4.2   88.2   0.7  -2.5
 86.7   5.1  -0.4   84.8   5.1  -0.9   82.1  -0.0  -0.0   77.2   2.2   4.7
 74.8   2.6   7.3   73.4   0.4   5.1   70.0   0.8   1.3   69.8   1.1   1.1
 68.3   5.1  -0.0   63.2  13.1  -6.1   57.5  15.7  -2.8   54.6  12.1  -4.4
 53.2   7.9  -6.6   50.0  10.6  -8.9   49.5  10.6  -8.9   47.3   6.9  -6.9
 45.9   4.5  -2.6   44.0   0.7  -2.5   43.0   3.9  -3.3   40.0   5.0   1.3
 38.9   4.7   2.2   37.4   3.3   1.5   35.3  14.9   1.3   30.3  21.1  -0.0
 30.0  21.1  -0.0   28.7  19.5  -0.0   25.3  13.1  -9.1   23.3   3.8  -5.5
 23.0   3.0  -4.2   22.4   1.4   0.7   21.8  -4.2   3.0   21.0 -11.1   6.4
 20.5  -8.0   5.6   20.0  -2.6   7.3   19.7   0.7   7.7   19.2   1.1   6.1
 18.5  -2.6   4.5   18.2  -2.8   1.3   17.9  -5.1  -0.9   17.4  -5.5  -3.8
 16.6  -7.1  -6.0   16.3  -8.4  -3.9   15.9 -14.3   1.3   14.5 -28.4  -5.0
 12.5 -33.9   6.0   10.5 -38.8  10.4   10.0 -39.6   0.0    9.0 -41.5  -7.3
  7.4 -33.3  -8.9    6.4 -34.5  -6.1    5.8 -43.6  -7.7    5.4 -34.0   0.0


 99.9 -22.6   0.0   90.0  -5.0  -5.3   80.0   0.9   2.0   70.0   0.8   1.3
 60.0  14.5  -4.3   50.0  10.6  -8.9   45.0   2.7  -2.5   40.0   5.0   1.3
 35.0  15.2   1.2   30.0  21.1  -0.0   25.0  11.7  -8.6   22.5   1.7  -0.2
 20.0  -2.6   7.3   15.0 -23.3  -2.7   12.0 -35.1   7.0   10.0 -39.6   0.0
  8.0 -36.5  -8.3    7.0 -33.7  -7.8    6.0 -40.5  -7.1    5.0   0.0   0.0
  4.0   0.0   0.0

 12. 8.2019   0 Uhr

 99.9 -24.3  -6.5   95.8 -25.3  -6.8   85.9 -10.5   7.4   79.9  -3.9   1.4
 75.9   0.0   8.7   75.7   0.0   8.7   74.7   0.0   6.2   73.5   2.8   2.3
 72.5   5.1   0.4   70.0   8.4  -2.3   68.0  12.1  -5.7   65.7  16.8  -7.8
 55.7  13.9  -9.7   52.1  -0.7  -8.2   50.6   3.3  -9.2   50.0   2.8 -10.4
 48.8   1.7  -9.6   47.3   2.5  -6.8   46.7   3.0  -4.2   45.7   2.6   0.2
 44.6   2.6   4.5   41.9  12.0   6.9   41.2  13.1   4.8   38.6   8.9   4.1
 37.4  15.4   1.3   32.4  19.9  -5.3   30.0  17.9  -4.8   27.2   9.4  -5.4
 25.5   5.5  -1.5   24.7   0.7   1.9   22.4  -3.9   3.3   20.9   3.7  10.2
 20.0   0.0   8.2   19.3   0.9   5.1   18.3  -1.5  -2.1   17.6  -4.2  -3.0
 17.2 -11.1  -2.0   16.5 -21.1   0.0   15.7 -20.8   3.7   11.3 -39.5   3.5
 10.8 -33.8  -3.0   10.0 -33.8 -12.3    8.7 -39.0  -6.9    8.3 -37.4  -3.3


 99.9 -24.3  -6.5   90.0 -16.8   1.4   80.0  -4.0   1.5   70.0   8.4  -2.3
 60.0  15.2  -8.9   50.0   2.8 -10.4   45.0   2.6   2.9   40.0  11.1   4.5
 35.0  17.5  -1.8   30.0  17.9  -4.8   25.0   2.5   0.7   22.5  -3.7   3.2
 20.0   0.0   8.2   15.0 -23.5   3.6   12.0 -36.2   3.5   10.0 -33.8 -12.3
  8.0   0.0   0.0    7.0   0.0   0.0    6.0   0.0   0.0    5.0   0.0   0.0
  4.0   0.0   0.0

 12. 8.2019  12 Uhr

 99.9 -30.7  -2.7   94.9 -27.7  -2.4   88.2 -10.1   7.1   84.9  -5.6   1.0
 83.8  -0.5   1.5   82.5   3.9   3.3   79.8   4.9   8.5   77.1   7.2  -0.6
 73.9   2.8  -7.7   72.2   0.8  -9.2   70.0   7.3  -7.3   69.7   7.6  -7.6
 66.8   9.8  -9.8   63.5   5.3  -6.3   61.6   7.6  -5.3   59.4   3.6  -3.6
 58.3   1.5  -3.3   56.8   6.1  -1.1   54.2  11.8  -1.0   52.4   5.1   0.9
 51.7   2.5   2.5   50.0   3.7   1.7   46.7   0.5   1.5   43.7   5.0   1.3
 42.7   6.3   4.4   33.6  21.4  -5.7   30.0  13.1  -4.8   29.7  11.6  -4.2
 28.6   3.9  -3.3   26.9  -0.9   0.4   26.4  -1.3   5.0   24.2   4.2  11.6
 23.2   2.3   8.4   22.5   4.7   6.7   21.6   3.2   4.6   20.3   1.2  -1.0
 20.0  -2.3  -4.0   19.9  -2.6  -4.5   18.8  -1.1 -12.3   17.9  -2.0 -11.1
 17.6  -4.6  -9.8   16.9 -10.6  -3.9   15.4 -14.4   3.9   12.8 -26.3  -4.6
 11.5 -34.8   3.0   10.1 -29.8   0.0   10.0 -29.8   0.0    8.4 -39.1   0.0
  6.5 -35.0   6.2    5.9 -48.2   4.2    5.1 -37.3  10.0

 99.9 -30.7  -2.7   90.0 -14.9   4.5   80.0   4.8   8.1   70.0   7.3  -7.3
 60.0   4.7  -4.1   50.0   3.7   1.7   45.0   3.0   1.4   40.0  10.5   1.6
 35.0  18.9  -4.0   30.0  13.1  -4.8   25.0   2.2   9.1   22.5   4.7   6.7
 20.0  -2.3  -4.0   15.0 -16.1   2.6   12.0 -31.5   0.0   10.0 -29.8   0.0
  8.0 -38.3   1.2    7.0 -36.1   4.4    6.0 -45.9   4.5    5.0 -35.8  10.8
  4.0   0.0   0.0

 13. 8.2019   0 Uhr

 99.9 -22.3  -3.9   91.5 -14.7  -2.6   90.1  -9.2  -3.3   89.3  -5.5  -5.5
 88.3  -1.6  -9.1   77.4   6.1  -1.1   75.1   5.5  -1.5   73.1   1.2   1.7
 71.7   3.6   3.6   70.0   8.5   4.9   68.0   5.6   1.0   66.4   7.0   3.3
 61.1  16.2   2.9   59.0  12.9  -0.0   50.0   6.5   6.5   48.7   3.0   4.2
 48.1   2.5   2.5   47.3   5.8   2.1   45.1  11.1   6.4   43.6  14.5   5.3
 38.0  18.7  -3.3   36.1  15.9  -7.4   33.0   8.0  -4.6   31.8   5.3  -7.6
 31.1   3.0  -4.2   30.1   1.9  -0.9   30.0   2.0  -0.4   29.1   4.5   2.6
 28.0   2.2   4.7   26.8   0.4   5.1   25.9   0.0   5.1   24.7   5.3   6.3
 23.7   6.2   6.2   22.5   4.2   3.0   20.0   1.2   1.7   19.6   1.0  -0.1
 18.6  -4.7  -2.2   17.3 -11.1   2.0   16.4 -12.4   3.3   15.4 -22.9  -6.1
 14.9 -28.3  -7.6   14.0 -25.1  -2.2   12.5 -34.0   0.0   11.9 -32.3   2.8
 10.0 -35.0   0.0    9.3 -37.6   0.0    7.2 -33.3  -8.9

 99.9 -22.3  -3.9   90.0  -8.7  -3.6   80.0   4.2  -3.1   70.0   8.5   4.9
 60.0  14.5   1.4   50.0   6.5   6.5   45.0  11.4   6.4   40.0  17.2  -0.1
 35.0  13.1  -6.4   30.0   2.0  -0.4   25.0   4.0   6.0   22.5   4.2   3.0
 20.0   1.2   1.7   15.0 -27.2  -7.3   12.0 -32.6   2.3   10.0 -35.0   0.0
  8.0 -35.0  -5.3    7.0 -32.8  -9.9    6.0   0.0   0.0    5.0   0.0   0.0
  4.0   0.0   0.0

 13. 8.2019  12 Uhr

 99.9 -29.0 -10.6   95.4 -21.6   0.0   91.8 -18.0   0.0   86.8  -8.0  -5.6
 85.5  -4.9  -2.8   84.0  -0.3   0.4   78.0   0.4   5.1   76.7   0.9   5.1
 73.9   7.5   2.0   70.0  13.4  -0.0   66.5  17.0  -0.0   61.5  12.1  -5.7
 57.6  14.9  -1.3   52.3  13.4  -0.0   50.2   8.2   0.7   50.0   7.7   0.7
 48.6   4.6   3.2   47.4   2.8   1.3   44.6   8.9   5.1   42.6  12.3  -1.1
 37.9  17.4   1.5   34.5   3.9  -3.3   33.7   1.5  -2.1   32.0  10.8  -0.0
 31.5   8.6   1.5   30.0   8.7   3.2   27.6   6.3   4.4   24.9   7.7   2.8
 24.3   6.1   0.5   24.1   5.6  -1.0   23.5   5.0  -5.9   21.1   4.6 -12.6
 20.0  -3.0  -6.5   19.7  -4.1  -5.9   19.2  -9.4  -5.4   17.4 -15.9   4.3
 16.3 -10.6   3.9   15.7 -13.9  -3.7   14.9 -22.3  -3.9   14.2 -19.5  -1.7
 10.9 -38.1   0.0   10.0 -34.0   0.0    7.6 -30.9   5.4    5.9 -37.4  -3.3
  4.5 -20.1   0.0

 99.9 -29.0 -10.6   90.0 -14.5  -2.0   80.0   0.2   3.5   70.0  13.4  -0.0
 60.0  13.2  -4.0   50.0   7.7   0.7   45.0   8.0   4.6   40.0  15.1   0.3
 35.0   6.0  -2.6   30.0   8.7   3.2   25.0   7.7   2.9   22.5   4.8  -8.6
 20.0  -3.0  -6.5   15.0 -21.2  -3.9   12.0 -31.5  -0.6   10.0 -34.0   0.0
  8.0 -31.5   4.5    7.0 -33.1   2.5    6.0 -37.0  -2.7    5.0 -26.7  -1.2
  4.0   0.0   0.0

 14. 8.2019   0 Uhr

 99.9 -32.2 -15.0   94.9 -20.8  -3.7   89.0 -14.3   1.3   87.0 -10.8  -0.9
 83.0  -2.8   4.9   80.8  -3.6   3.6   79.6  -0.5   3.0   78.6   3.0   4.2
 76.1   4.7   4.0   74.0   8.7  -0.0   71.0  10.9  -2.9   70.0  11.7  -2.1
 66.8  14.9  -1.3   61.5  11.3   1.0   59.4   6.5  -1.7   57.8   9.8  -0.0
 55.3   6.8  -2.5   52.5  10.1  -1.8   50.0   5.6  -2.6   49.2   4.5  -2.6
 47.3  11.1  -2.0   44.3  17.9  -6.5   41.1  14.7 -10.3   39.8  17.7  -8.3
 35.4   3.0   0.5   34.7   5.1  -0.0   34.1   4.8  -1.8   31.8   0.4   0.3
 30.0   3.8   2.7   29.8   4.2   3.0   28.4   5.8   5.8   26.6   5.6   1.0
 25.2   4.7  -4.0   23.1   3.6  -6.2   21.2  -9.7  -6.8   20.2  -9.8  -4.6
 20.0 -10.6  -3.9   19.5 -13.2   2.3   18.5  -4.8  10.3   17.0  -3.9  10.6
 16.6  -6.7   5.6   16.3  -8.7   3.2   15.8  -9.6  -1.7   14.2 -18.4  -1.6
 13.4 -30.4   5.4   12.6 -24.8   4.4   10.8 -37.0   0.0   10.0 -35.9   3.1
  9.0 -30.2   2.6    7.3 -34.8  -9.3    5.8 -40.5  -3.5    5.7 -38.9  -3.4


 99.9 -32.2 -15.0   90.0 -15.5   0.4   80.0  -1.6   3.2   70.0  11.7  -2.1
 60.0   7.8  -0.9   50.0   5.6  -2.6   45.0  16.3  -5.4   40.0  17.3  -8.6
 35.0   4.2   0.2   30.0   3.8   2.7   25.0   4.6  -4.2   22.5  -0.5  -6.4
 20.0 -10.6  -3.9   15.0 -14.0  -1.7   12.0 -28.7   3.0   10.0 -35.9   3.1
  8.0 -32.8  -4.2    7.0 -35.9  -8.2    6.0 -39.7  -4.4    5.0   0.0   0.0
  4.0   0.0   0.0

 14. 8.2019  12 Uhr

 99.9 -17.3  -8.0   94.6 -28.3  -7.6   90.1 -14.9  -4.0   86.9  -6.3   4.4
 84.8  -5.1   2.4   83.5  -0.0  -0.0   82.0   4.7  -2.2   79.4   5.8  -3.3
 77.3   6.7   0.6   70.0  14.9  -0.0   69.0  15.9  -1.4   64.1  10.7  -5.0
 58.0   6.2  -3.6   56.7   6.7  -0.0   55.6   5.6  -1.0   52.0   6.5  -3.0
 50.0  10.2  -0.9   49.4  10.8  -0.9   47.3   4.8  -1.8   46.5   1.9  -0.9
 45.8   5.1  -0.4   43.5  11.8  -1.0   41.9   3.6  -3.6   38.4   5.0  -1.3
 36.5  -0.0  -0.0   32.2   0.9   5.1   30.0   6.5   3.0   28.3   7.6  -1.3
 26.7   6.3  -7.5   25.5   0.7  -8.2   23.1  -4.0  -4.7   21.8  -5.1   2.4
 21.1   2.2   4.7   20.1   6.2   6.2   20.0   6.2   6.2   19.7   2.8   6.1
 19.4  -0.5   5.6   19.3  -1.1   6.1   18.7   5.1   8.9   18.1   3.2  11.9
 17.4   1.8  10.1   16.4  -5.1   0.0   16.0  -3.6  -2.1   15.3  -4.5  -2.6
 14.9  -6.6  -1.2   14.7 -10.6   1.9   13.6 -27.7   2.4   12.4 -23.8   4.2
 11.3 -26.3  -7.1   10.8 -33.8  -3.0   10.2 -30.2   2.6   10.0 -29.7   2.6
  7.8 -34.3  -3.0    7.5 -33.8  -3.0    5.7 -54.3  -4.8    5.5 -51.8  -4.5


 99.9 -17.3  -8.0   90.0 -14.6  -3.7   80.0   5.5  -3.1   70.0  14.9  -0.0
 60.0   7.7  -4.1   50.0  10.2  -0.9   45.0   7.4  -0.6   40.0   4.4  -2.4
 35.0   0.3   1.7   30.0   6.5   3.0   25.0  -0.2  -7.5   22.5  -4.5  -1.5
 20.0   6.2   6.2   15.0  -6.0  -1.5   12.0 -24.7   0.2   10.0 -29.7   2.6
  8.0 -33.9  -2.5    7.0 -39.1  -3.4    6.0 -50.6  -4.4    5.0   0.0   0.0
  4.0   0.0   0.0

 15. 8.2019   0 Uhr

 99.9 -16.7  -2.9   95.9 -11.2   5.2   91.6  -9.1   7.6   85.7  -7.0   3.3
 83.1  -4.3   3.6   81.8  -0.2  -0.5   80.3   3.3  -3.9   77.4   5.5  -5.5
 74.4   9.2   0.8   70.0  13.3   1.2   67.2  15.4  -1.3   55.9  13.5   6.3
 50.0   8.7   0.8   48.2   5.1   0.4   42.7  -2.8  -4.9   41.6  -4.7  -2.2
 37.8  -0.2   1.0   36.6  -2.6   4.5   35.7   2.8   6.1   35.0   5.6   6.7
 33.3   5.1   4.3   31.3   8.7  -3.2   30.0   9.9  -8.3   29.9   9.9  -8.3
 28.6  11.8  -9.9   25.6   4.1  -5.9   25.0   3.9  -3.3   24.5   1.7   1.2
 23.7   0.0   5.1   23.2   2.0   7.5   21.9  -2.5   9.4   20.8   4.4  12.1
 20.5   6.4  11.1   20.0   7.4  10.5   19.0   5.7   9.8   17.8   0.0   7.2
 17.1  -5.1   3.5   16.9  -5.1   0.0   16.8  -5.5  -1.5   16.0  -6.2  -6.2
 14.8 -17.9  -4.8   13.6 -33.3  -2.9   12.5 -30.7   2.7   11.5 -30.9  -5.4
 10.6 -35.4   3.1   10.0 -35.5   0.0    7.7 -42.1  -7.4    6.3 -34.3   3.0


 99.9 -16.7  -2.9   90.0  -8.5   6.4   80.0   3.5  -4.1   70.0  13.3   1.2
 60.0  14.2   3.4   50.0   8.7   0.8   45.0   0.6  -2.6   40.0  -2.8  -0.9
 35.0   5.6   6.7   30.0   9.9  -8.3   25.0   3.9  -3.3   22.5  -0.4   8.5
 20.0   7.4  10.5   15.0 -15.9  -5.0   12.0 -30.8  -1.3   10.0 -35.5   0.0
  8.0 -41.1  -6.4    7.0 -38.3  -2.4    6.0   0.0   0.0    5.0   0.0   0.0
  4.0   0.0   0.0

 15. 8.2019  12 Uhr

 99.9 -10.4   2.8   96.4  -9.6  11.4   92.1  -8.7   8.7   88.9  -8.9   2.4
 85.3  -5.8  -5.8   82.8   2.2  -4.7   82.1   3.5  -3.0   81.0   6.1   0.5
 80.0   8.4   2.3   75.3  15.9   1.4   70.0  12.7  -2.2   69.0  10.9  -2.9
 61.1  10.1  -1.8   57.2   6.8   2.5   50.0   8.7   0.8   44.3   5.5  -1.5
 43.8   4.7  -2.2   41.5  -3.9  -3.3   40.0  -4.8   1.8   38.3  -1.5   0.4
 35.2   5.9   5.0   30.7  10.6  -1.9   30.0   9.2  -3.3   29.3   8.5  -4.9
 27.4   0.9  -5.1   25.9   3.3  -1.5   25.1   4.0   4.7   21.8  12.4  12.4
 20.0   6.9   6.9   18.9   4.0   4.0   18.8   3.6   3.6   17.8   0.8  -1.3
 17.2  -3.6  -3.6   16.6  -6.2 -10.7   14.0 -30.2   2.6   12.9 -25.1   2.2
 12.1 -26.8  -7.2   11.5 -33.4  -5.9   10.0 -35.0  -6.2    7.3 -42.7   0.0
  6.7 -31.8   8.5    5.9 -33.8   3.0    5.6 -46.3   0.0    5.2 -19.8   3.5
  5.0 -22.5   2.0

 99.9 -10.4   2.8   90.0  -8.9   4.6   80.0   8.4   2.3   70.0  12.7  -2.2
 60.0   9.2  -0.6   50.0   8.7   0.8   45.0   5.9  -1.2   40.0  -4.8   1.8
 35.0   6.1   4.7   30.0   9.2  -3.3   25.0   4.2   4.9   22.5  10.5  10.7
 20.0   6.9   6.9   15.0 -20.6  -2.7   12.0 -27.9  -7.0   10.0 -35.0  -6.2
  8.0 -40.5  -1.7    7.0 -37.3   4.2    6.0 -33.6   3.7    5.0 -22.5   2.0
  4.0   0.0   0.0

 16. 8.2019   0 Uhr

 99.9  -7.1   4.1   94.7  -8.2  -0.7   91.4  -5.8  -5.8   89.4  -7.1  -6.0
 87.8  -4.2  -3.0   86.6   0.1  -1.5   82.7   4.9  -2.8   79.4  11.3   1.0
 77.2  14.7   2.6   70.0   8.1   1.4   54.6   9.2   0.8   52.8   7.5   3.5
 50.0   7.6   4.4   48.7   7.9   3.7   46.4   7.1   1.3   45.3   5.0  -1.3
 43.5  -3.6  -3.6   42.0  -5.1   0.0   40.6   4.2   3.0   39.8   3.6   3.6
 38.5   0.0   2.1   36.0   7.6  -5.3   35.0   8.0  -8.0   31.4   3.8  -5.5
 30.6   2.2  -4.7   30.0  -0.6  -3.5   28.5  -7.5  -2.0   27.1 -10.3   0.0
 26.2  -3.0   4.2   25.9   0.3   3.6   25.6   3.3   3.9   25.1   8.0   4.6
 24.2  11.8   9.9   23.1  15.6   9.0   20.5  10.2   5.9   20.0  10.9   2.9
 18.8   6.7   0.6   18.4   2.6  -3.2   18.2   0.4  -5.1   15.9 -23.9  -6.4
 15.5 -23.2   0.0   14.8 -18.9   6.9   12.4 -25.1  -2.2   11.9 -33.3   2.9
 11.5 -31.4   5.5   10.0 -35.5   0.0    8.1 -36.0   0.0    7.3 -26.1   2.3
  6.4 -26.8  -7.2    6.0 -43.6  -3.8    5.4 -20.1   0.0    5.2 -20.0  -9.3
  5.0 -17.7  -3.1    4.9 -20.3  -7.4

 99.9  -7.1   4.1   90.0  -6.7  -5.9   80.0  10.1   0.3   70.0   8.1   1.4
 60.0   8.8   1.0   50.0   7.6   4.4   45.0   3.6  -1.7   40.0   3.8   3.5
 35.0   8.0  -8.0   30.0  -0.6  -3.5   25.0   8.4   5.2   22.5  14.4   8.3
 20.0  10.9   2.9   15.0 -20.1   4.9   12.0 -31.7   1.9   10.0 -35.5   0.0
  8.0 -34.8   0.3    7.0 -26.4  -0.8    6.0 -43.6  -3.8    5.0 -17.7  -3.1
  4.0   0.0   0.0

 16. 8.2019  12 Uhr

 99.9  -7.9  -6.6   96.4  -7.5 -12.9   93.3 -10.6 -12.6   91.0  -9.5  -7.9
 86.7  -5.1  -0.9   85.3  -0.6   0.8   83.4   3.9   3.3   76.8  17.4   4.7
 70.0   9.7   3.5   69.0   8.2   3.0   66.5   6.1  -0.5   65.5   5.1   0.4
 64.8   5.5   1.5   59.5  14.3   1.3

 99.9  -7.9  -6.6   90.0  -8.5  -6.3   80.0  10.8   4.0   70.0   9.7   3.5
 60.0  13.5   1.3   50.0   0.0   0.0   45.0   0.0   0.0   40.0   0.0   0.0
 35.0   0.0   0.0   30.0   0.0   0.0   25.0   0.0   0.0   22.5   0.0   0.0
 20.0   0.0   0.0   15.0   0.0   0.0   12.0   0.0   0.0   10.0   0.0   0.0
  8.0   0.0   0.0    7.0   0.0   0.0    6.0   0.0   0.0    5.0   0.0   0.0
  4.0   0.0   0.0

 17. 8.2019   0 Uhr

 99.9  -8.2  -3.0   98.6  -7.9  -6.6   97.2 -10.5  -7.4   94.6  -5.7   0.0
 93.3  -2.4   3.4   92.3  -0.9   5.1   89.2   6.2   6.2   81.2  20.8   7.6
 76.4  17.9   4.8   72.5  12.5   7.2   70.1  11.2   5.2   70.0  10.7   5.0
 67.5  11.4   3.1   64.7  12.7  -2.2   62.8  14.9  -1.3   56.4   7.1  -6.0
 52.6  -2.2  -4.7   50.0  -2.6  -4.5   45.2  -7.9  -3.7   44.7  -4.5  -2.6
 41.9   5.1  -0.0   39.6  -0.0  -0.0   38.5   5.1  -0.0   37.3   9.6  -1.7
 35.2   4.7  -4.0   34.8   3.9  -3.3   33.6   0.2   1.0   32.3  -3.0   4.2
 31.1   2.5   6.8   30.5   3.3   9.2   30.0   1.8  10.1   29.4  -2.9  10.9
 27.8   8.3  11.8   24.9  17.2   3.0   20.1   9.4 -13.5   20.0   9.4 -13.5
 19.3   5.7  -9.8   18.1  -2.3  -8.4   17.7  -4.6  -5.5   17.2 -13.2  -2.3
 16.9 -16.9   1.5   16.3 -11.8   1.0   16.0  -8.9   4.1   15.8  -8.4   5.9
 15.0 -10.2   5.9   14.3 -17.4  -1.5   13.8 -16.9  -4.5   12.6 -35.0   0.0
 11.8 -26.9   4.7   10.0 -32.8  -2.9    9.3 -29.9  -5.3    7.9 -38.9  -3.4
  7.4 -31.8  -2.8    6.9 -40.0  -7.1    6.4 -38.9  -3.4

 99.9  -8.2  -3.0   90.0   4.3   5.9   80.0  20.1   6.9   70.0  10.7   5.0
 60.0  11.5  -3.3   50.0  -2.6  -4.5   45.0  -6.5  -3.2   40.0   0.9  -0.0
 35.0   4.3  -3.6   30.0   1.8  10.1   25.0  16.9   3.4   22.5  13.5  -4.9
 20.0   9.4 -13.5   15.0 -10.2   5.9   12.0 -28.9   3.5   10.0 -32.8  -2.9
  8.0 -38.3  -3.5    7.0 -38.3  -6.2    6.0   0.0   0.0    5.0   0.0   0.0
  4.0   0.0   0.0

 17. 8.2019  12 Uhr

 99.9 -13.5  -6.3   98.3 -16.9  -4.5   95.1  -5.0  -1.3   93.4   0.3  -1.5
 90.9   5.1   0.9   84.5  17.2   3.0   77.6  14.5  -5.3   74.8  10.1  -1.8
 73.2   8.6   1.5   72.4   9.2   3.3   70.0  11.3   1.0   67.0  12.2  -2.1
 65.3  10.7  -5.0   61.2   8.9  -5.1   55.6  -0.0  -7.7   53.7  -6.3  -5.3
 50.0  -9.8  -4.6   49.2  -9.2  -3.3   46.6  -8.2  -3.0   45.0 -11.7  -2.1
 43.9  -6.0   1.6   43.1  -0.7   2.5   42.1   3.9   3.3   40.0   8.2   3.0
 38.3   6.9   6.9   36.6  14.0   5.1   34.2   3.3   3.9   30.5   7.9   9.5
 30.0   9.5   9.5   28.8  17.8  10.3   24.3  14.9  -0.0   20.3   2.2 -12.7
 20.0  -1.0 -11.3   19.6  -8.3 -11.8   18.1  -9.8  -4.6   17.3 -17.9  -4.8
 15.7  -8.0   5.6   15.4  -7.3   7.3   14.5 -13.1   6.1   13.9 -13.7  -2.4
 12.8 -27.9   4.9   12.0 -24.8   6.7   11.2 -28.4  -5.0   10.1 -36.0  -6.3
 10.0 -35.0  -6.2    8.4 -39.1   0.0    7.6 -31.4   5.5    6.7 -39.0   6.9
  6.1 -26.3  15.2    5.7 -45.1   3.9    5.6 -44.1   3.9

 99.9 -13.5  -6.3   90.0   6.7   1.2   80.0  15.5  -2.3   70.0  11.3   1.0
 60.0   7.1  -5.7   50.0  -9.8  -4.6   45.0 -11.7  -2.1   40.0   8.2   3.0
 35.0   6.9   4.3   30.0   9.5   9.5   25.0  15.4   1.7   22.5   9.4  -5.5
 20.0  -1.0 -11.3   15.0  -9.8   6.8   12.0 -24.8   6.7   10.0 -35.0  -6.2
  8.0 -35.3   2.7    7.0 -36.4   6.4    6.0 -30.9  12.4    5.0   0.0   0.0
  4.0   0.0   0.0

 18. 8.2019   0 Uhr

 99.9 -15.6 -15.6   97.3 -13.9  -9.7   95.6  -6.3  -7.5   92.2   4.7  -4.7
 91.3   6.8  -2.5   89.2  11.3  -0.0   84.7  19.0   1.7   77.6  12.3  -0.0
 72.7   7.6   4.4   70.0   3.0  -0.5   67.3   0.4  -1.5   66.1   5.1  -0.4
 64.7   9.2   0.8   61.8   6.5  -1.7   61.4   4.8  -1.8   60.1  -0.2  -2.0
 58.7  -4.7  -2.2   56.6  -9.7  -0.9   55.1 -13.8  -1.2   50.3  -5.5   4.6
 50.0  -5.1   4.3   47.7  -5.1   3.5   47.0  -0.6   3.5   46.3   2.6   4.5
 44.3  10.2   3.7   42.5  12.0   6.9   40.1  17.2   3.0   36.3   6.8  -2.5
 34.9   0.4  -1.0   33.6   6.5   1.7   31.3  12.1   4.4   30.0  14.2   2.5
 24.0  17.9  -4.8   21.7  13.5  -9.4   20.5   2.4  -5.1   20.2  -1.2  -3.4
 20.0  -6.1  -1.1   18.7 -16.4  11.5   18.2  -8.5  14.7   16.9  -9.5   7.9
 16.4 -10.2   8.6   15.0 -15.4  -7.2   13.7 -31.9  -5.6   12.3 -26.1   2.3
 10.4 -36.9   3.2   10.0 -33.9   6.0    8.6 -37.9   3.3    7.7 -31.3  -2.7
  6.8 -42.5  -3.7    6.4 -38.0  -6.7

 99.9 -15.6 -15.6   90.0   9.6  -0.9   80.0  14.6   0.6   70.0   3.0  -0.5
 60.0  -0.5  -2.1   50.0  -5.1   4.3   45.0   7.5   4.0   40.0  17.0   2.9
 35.0   0.8  -1.1   30.0  14.2   2.5   25.0  17.2  -3.5   22.5  15.1  -7.8
 20.0  -6.1  -1.1   15.0 -15.4  -7.2   12.0 -27.8   2.4   10.0 -33.9   6.0
  8.0 -33.5  -0.7    7.0 -39.9  -3.5    6.0   0.0   0.0    5.0   0.0   0.0
  4.0   0.0   0.0

 18. 8.2019  12 Uhr

 99.9 -16.0  -9.3   97.6  -7.6  -4.4   96.9  -4.3  -3.6   95.9  -0.3  -3.1
 94.7   3.9  -3.3   89.3  14.9  -1.3   82.4   6.7  -4.7   79.4   5.6  -0.5
 75.5   1.0  -0.3   71.7   4.7   2.2   70.0   2.0   2.4   62.4   4.5   2.6
 60.8  -0.2   2.0   59.6  -4.7   2.2   55.4 -11.3   1.0   53.7  -4.7   2.2
 50.6  -1.3   1.6   50.0  -1.9   0.7   47.1  -4.9   2.8   45.6   2.2   4.7
 43.8   9.2   3.3   41.9  14.0   5.1   37.8  12.8  -1.1   36.0   6.8   2.5
 35.4   8.9   5.1   31.3  18.3  10.5   30.0  14.3   8.2   29.0  16.9   6.2
 26.9  14.2  -2.5   24.4  11.7  -5.4   23.3   7.5 -12.9   22.8   4.2 -11.6
 21.7   1.3  -5.0   21.1  -0.5  -0.2   20.7  -3.6   3.6   20.3  -6.6   7.9
 20.0  -3.3   9.2   19.8  -1.8  10.1   19.2   1.8  10.1   18.2  -1.0   5.6
 18.1  -1.5   5.5   17.1  -6.8  -2.5   16.0 -10.3 -12.2   15.3 -12.7 -18.1
 14.1 -28.4  -5.0   12.5 -26.1   2.3   11.5 -29.7  -2.6   10.0 -30.2   2.6
  6.8 -41.5   7.3    5.8 -44.8   0.0    5.7 -44.8   0.0

 99.9 -16.0  -9.3   90.0  13.4  -1.6   80.0   5.9  -1.3   70.0   2.0   2.4
 60.0  -3.2   2.1   50.0  -1.9   0.7   45.0   4.5   4.2   40.0  13.5   2.3
 35.0   9.8   5.7   30.0  14.3   8.2   25.0  12.3  -4.7   22.5   3.4  -9.8
 20.0  -3.3   9.2   15.0 -16.5 -14.9   12.0 -27.9  -0.1   10.0 -30.2   2.6
  8.0 -36.9   5.4    7.0 -40.7   7.0    6.0 -44.1   1.5    5.0   0.0   0.0
  4.0   0.0   0.0

 19. 8.2019   0 Uhr

 99.9  -9.1  -7.6   97.8  -4.6  -3.2   96.5   0.3  -1.5   94.4   5.6   1.0
 86.7  17.3   8.0   76.6  10.6   1.9   73.5   5.9   4.1   71.5   6.5   3.0
 70.0   4.5   2.6   69.8   4.2   3.0   66.4   0.1  -0.5   64.1   3.3  -3.9
 62.0  -4.0  -4.0   60.2  -9.1  -1.6   59.2  -8.2   0.7   57.7  -5.6   1.0
 56.0   0.2   1.0   51.2   5.1  -0.0   50.0   4.0   1.1   49.2   2.5   2.5
 48.6   3.9   3.3   47.6   9.4   2.5   44.3  16.0   5.8   42.4  14.5   5.3
 40.1   9.2  -3.3   38.1   6.8  -2.5   36.8  12.9  -0.0   33.1  16.9  -6.2
 30.0  12.2  -2.1   29.7  11.8  -1.0   24.9   9.4  -5.4   23.5   0.6  -6.7
 23.2  -1.6  -6.0   22.1  -6.8   2.5   21.3  -7.9   3.7   20.6  -3.2  11.9
 20.0   0.0  15.4   19.5   1.4  16.4   18.3  -4.6   9.8   17.2 -13.4   7.7
 16.2  -7.1   1.3   15.3 -15.9  -1.4   14.4 -26.8   7.2   13.7 -22.7   8.3
 12.1 -33.8  -3.0   11.1 -41.0  -3.6   10.0 -38.1   0.0    8.7 -32.4   0.0
  7.3 -33.3   2.9    5.8 -38.0  -6.7

 99.9  -9.1  -7.6   90.0  12.2   5.0   80.0  12.9   4.0   70.0   4.5   2.6
 60.0  -8.9  -1.1   50.0   4.0   1.1   45.0  14.5   5.1   40.0   9.1  -3.3
 35.0  14.8  -2.9   30.0  12.2  -2.1   25.0   9.4  -5.3   22.5  -4.9  -0.6
 20.0   0.0  15.4   15.0 -19.5   1.4   12.0 -34.5  -3.0   10.0 -38.1   0.0
  8.0 -32.8   1.4    7.0 -34.2   1.1    6.0 -37.3  -5.3    5.0   0.0   0.0
  4.0   0.0   0.0

 19. 8.2019  12 Uhr

 99.9  -9.9   2.7   96.0  -5.7   0.0   94.0  -0.4  -1.0   91.9   4.8  -1.8
 88.7  13.8  -1.2   83.9  10.9  -2.9   82.4   5.9  -5.0   80.7  -1.5  -5.5
 79.7  -3.1  -5.3   78.5  -1.8  -4.8   75.4  -1.5  -2.1   70.0  -7.2   0.6
 68.0  -9.3   4.3   66.5 -10.7   5.0   63.6  -3.8   5.5   61.3  -5.3   1.9
 60.1  -8.4   3.9   57.0   0.0   5.7   56.7  -0.4   5.1   54.4  -1.5  -3.3
 53.0   2.2  -4.7   50.1   2.6  -4.5   50.0   2.6  -4.5   49.4   3.6  -2.1
 49.0   5.5  -1.5   43.8  20.1  -0.0   38.7   8.2  -0.7   37.6  11.4   3.1
 34.9  20.0   1.7   32.2  11.7   2.1   30.9  12.9   3.5   30.2  14.3   1.3
 30.0  13.9  -0.0   28.2   9.3  -6.5   26.5  10.2  -8.6   24.4  -0.0  -5.1
 23.9  -4.2  -3.0   23.3  -5.6  -0.5   22.7  -1.8   3.1   22.2   0.9   5.1
 21.7   3.6   6.2   20.8   4.2  11.6   20.0   2.0  11.1   17.7  -6.7  -3.9
 17.6  -5.9  -5.0   16.6  -5.6  -8.0   16.1 -14.3  -8.2   15.2 -23.6  -2.1
 14.7 -21.0   1.8   12.2 -25.1  -2.2   11.4 -34.5   0.0   10.5 -39.1   0.0
 10.0 -35.9   3.1    9.1 -31.4   0.0    7.6 -32.3   8.7    5.6 -40.0  -3.5
  5.3 -52.5   0.0    5.1 -48.9   0.0

 99.9  -9.9   2.7   90.0  10.2  -1.4   80.0  -2.6  -5.4   70.0  -7.2   0.6
 60.0  -8.1   4.0   50.0   2.6  -4.5   45.0  16.6  -0.3   40.0  11.3  -0.5
 35.0  19.7   1.8   30.0  13.9  -0.0   25.0   3.0  -6.2   22.5  -0.7   3.9
 20.0   2.0  11.1   15.0 -22.6  -0.5   12.0 -27.4  -1.7   10.0 -35.9   3.1
  8.0 -32.0   6.2    7.0 -34.4   5.3    6.0 -38.3  -0.8    5.0 -47.0   0.0
  4.0   0.0   0.0

 20. 8.2019   0 Uhr

 99.9  -3.0   8.2   97.3  -0.5   6.1   95.4   3.3   3.3   94.7   4.8   1.8
 88.7  13.4  -0.0   82.7   3.5  -5.1   81.6   0.4  -5.1   80.5  -3.5  -5.1
 77.2 -10.9  -2.9   76.3 -10.2  -0.9   72.9  -6.0   1.6   70.0  -2.5   6.8
 69.9  -2.5   6.8   68.0   0.0   6.2   63.3  -5.1   0.4   61.9  -5.0  -1.3
 61.0  -0.2  -2.0   59.1  -0.0  -5.1   58.6  -0.0  -6.2   57.3   3.5  -7.5
 54.8   1.9 -10.6   53.1   7.1  -6.0   50.6  13.9  -3.7   50.0  12.9  -3.5
 41.8  26.2  -0.0   37.4  13.8  -1.2   30.5   9.2   0.8   30.0   9.7   0.9
 28.5  13.9  -0.0   26.6   4.8   1.8   25.5   0.4   0.3   23.1  -3.6   3.6
 22.5  -6.2   6.2   21.8  -0.8   8.7   21.1   1.7   9.6   20.4  -0.7   7.7
 20.1  -2.6   5.6   20.0  -3.6   4.3   19.8  -4.9   2.8   19.7  -6.7   0.6
 18.8  -6.7 -11.6   18.3  -5.8 -16.0   17.2 -20.5  -9.6   16.6 -26.6  -2.3
 15.6 -20.3   7.4   14.3 -26.3   7.1   12.8 -22.8  -4.0   11.6 -36.4   3.2
 10.0 -33.8   3.0    9.7 -37.0   0.0    8.9 -32.4  -5.7    6.9 -36.5  -6.4
  6.2 -48.6  -8.6    5.4 -43.0  -3.8

 99.9  -3.0   8.2   90.0  11.5   0.4   80.0  -4.6  -4.7   70.0  -2.5   6.8
 60.0  -0.1  -3.7   50.0  12.9  -3.5   45.0  20.8  -1.4   40.0  21.3  -0.5
 35.0  12.3  -0.5   30.0   9.7   0.9   25.0  -0.4   1.0   22.5  -6.2   6.2
 20.0  -3.6   4.3   15.0 -23.0   7.2   12.0 -31.8   0.7   10.0 -33.8   3.0
  8.0 -34.2  -6.0    7.0 -36.3  -6.4    6.0 -47.3  -7.4    5.0   0.0   0.0
  4.0   0.0   0.0

 20. 8.2019  12 Uhr

 99.9  -5.8   5.8   98.2  -5.1   5.1   95.0  -1.1   6.1   91.9   0.4   5.1
 89.4   6.3   4.4   87.1   5.8   2.1   84.6   4.0   4.7   83.5   3.6   3.6
 81.8   0.5  -0.2   80.2  -3.9  -3.3   76.9 -11.4  -3.1   72.8  -6.1  -0.5
 70.9  -5.0   1.3   70.0  -5.6   1.0   69.4  -5.0   1.3   67.0   0.0  -0.5
 61.7  -2.2  -4.7   59.3  -2.7  -9.9   56.0 -15.1  -8.7   54.8 -11.0  -7.7
 53.9  -3.1  -5.3   53.3   0.7  -4.1   52.9   3.9  -3.3   52.1  10.1  -1.8
 50.0  16.9  -1.5   47.9  21.0   1.8   43.3  20.4  -5.5   40.0  13.3   1.2
 36.8  13.7   2.4   34.6   7.9  -6.6   33.6   5.9  -5.0   31.7   5.3  -1.9
 30.0  12.2   2.1   29.9  12.2   2.1   28.4  14.2   2.5   26.6   8.2   3.0
 25.9   2.4   3.4   25.5   2.2   4.7   24.2   1.2  13.3   21.5   5.8   3.3
 21.1   4.4  -1.6   20.9   4.0  -4.7   20.4   2.8 -10.4   20.0   1.3 -14.3
 19.4   1.7 -19.0   16.7 -25.1   2.2   15.9 -19.2  11.1   14.9 -15.2  10.6
 13.9 -23.1  -2.0   12.9 -26.6  -9.7   12.3 -33.9  -6.0   11.7 -31.8   2.8
 10.0 -34.3  -3.0    9.7 -36.5  -6.4    8.6 -43.2   0.0    7.3 -34.5   6.1
  5.5 -52.2   9.2    4.8 -28.8   0.0

 99.9  -5.8   5.8   90.0   4.9   4.6   80.0  -4.4  -3.3   70.0  -5.6   1.0
 60.0  -2.5  -8.4   50.0  16.9  -1.5   45.0  20.6  -2.7   40.0  13.3   1.2
 35.0   9.0  -4.9   30.0  12.2   2.1   25.0   1.8   8.0   22.5   4.0   7.1
 20.0   1.3 -14.3   15.0 -15.6  10.7   12.0 -32.9  -1.6   10.0 -34.3  -3.0
  8.0 -39.3   2.7    7.0 -37.2   6.6    6.0 -46.9   8.3    5.0 -35.7   2.7
  4.0   0.0   0.0

 21. 8.2019   0 Uhr

 99.9  -7.1  -1.3   95.6  -4.5  -2.6   91.3  -0.9  -0.4   82.6  -0.2  -2.6
 81.1  -3.9  -3.3   78.1 -13.5  -4.9   75.2 -12.8  -1.1   71.7  -4.7   4.0
 70.0  -3.9   3.3   68.5  -0.5  -0.9   65.3  -5.1  -0.4   61.5  -4.7   4.0
 59.6   1.6   6.0   56.7  10.8   0.9   52.9  18.0  -0.0   50.0  16.8  -7.8
 48.1  15.4 -12.9   41.7   4.1  -5.9   41.2   4.0  -4.0   40.7   3.9  -1.4
 40.2   6.1   1.1   38.0  15.0   5.5   35.6  11.8  -0.0   34.1   6.7  -3.9
 33.2   5.6  -2.6   32.7   4.6  -0.0   32.4   4.8   1.8   30.0  13.8   8.0
 29.6  14.3   8.2   27.1  10.3   4.8   24.0   7.7  11.0   22.9   3.6   3.6
 22.5   2.0   0.4   21.5   3.8  -5.5   20.0  -0.0 -11.8   19.6  -1.0 -11.3
 19.0  -7.3  -7.3   18.5 -16.4  -1.4   18.0 -20.8   7.6   17.0  -9.6  11.4
 16.2 -12.9  15.4   14.8 -21.5  -1.9   14.2 -21.4  -5.7   12.9 -27.1   9.9
 12.1 -31.4  11.4   11.2 -29.2  -2.6   10.6 -27.3   0.0   10.0 -30.2  -2.6
  9.0 -29.2  -2.6    8.3 -38.9  -3.4    6.6 -40.0  -3.5

 99.9  -7.1  -1.3   90.0  -0.8  -0.7   80.0  -7.4  -3.9   70.0  -3.9   3.3
 60.0   0.3   5.5   50.0  16.8  -7.8   45.0  10.1  -9.6   40.0   6.9   1.5
 35.0   9.8  -1.5   30.0  13.8   8.0   25.0   8.5   8.9   22.5   2.0   0.4
 20.0  -0.0 -11.8   15.0 -20.3   0.7   12.0 -31.2   9.9   10.0 -30.2  -2.6
  8.0 -39.1  -3.4    7.0 -39.7  -3.5    6.0   0.0   0.0    5.0   0.0   0.0
  4.0   0.0   0.0

 21. 8.2019  12 Uhr

 99.9 -11.4  -3.1   91.8  -8.7  -7.3   89.2  -9.2  -3.3   86.3  -9.8  -4.6
 83.2  -7.1   1.3   78.8 -15.2   2.7   75.6  -5.6   0.5   74.2  -0.0  -0.0
 72.3   5.0  -1.3   70.1   9.2  -3.3   70.0   9.7  -3.5   68.7  10.2  -3.7
 64.4   1.9  -5.3   60.7   2.6  -3.2   59.6   5.6  -0.5   57.3   5.1  -0.0
 55.1   8.4  -3.9   50.4  13.5  -9.4   50.0  13.5  -9.4   48.3  11.1  -6.4
 46.2   5.1   0.4   45.5   1.9   0.9   43.4   9.2   3.3   42.5   6.1   2.8
 41.6   4.1   0.4   39.4   8.9   2.4   37.8  13.8   1.2   36.7   7.6   5.3
 33.2  14.9   7.0   30.5  14.9   1.3   30.0  14.7   2.6   26.7  13.4   3.6
 24.8  11.0   7.7   23.9   8.4   3.9   23.3   7.9  -3.7   21.2   8.0  -8.0
 20.1  -0.6  -7.2   20.0  -0.6  -6.7   19.8  -2.6  -5.6   19.6  -8.0  -4.6
 19.3 -11.9  -3.2   19.0  -9.3   0.0   18.4  -3.9   6.7   17.3  -2.7   9.9
 16.9  -7.2   5.0   16.6 -11.3   1.0   15.9 -19.8  -3.5   15.2 -16.4  -6.0
 12.8 -25.8  -4.6   11.5 -29.8 -13.9   10.7 -36.0  -6.3   10.0 -34.0   0.0
  9.9 -33.4   0.0    7.9 -42.2   0.0    5.5 -38.0   6.7

 99.9 -11.4  -3.1   90.0  -9.0  -4.6   80.0 -13.0   2.3   70.0   9.7  -3.5
 60.0   4.5  -1.5   50.0  13.5  -9.4   45.0   3.6   1.5   40.0   7.6   1.8
 35.0  11.1   6.1   30.0  14.7   2.6   25.0  11.2   7.2   22.5   8.0  -5.3
 20.0  -0.6  -6.7   15.0 -17.2  -5.9   12.0 -28.3 -10.2   10.0 -34.0   0.0
  8.0 -41.7   0.0    7.0 -40.7   2.3    6.0 -39.0   5.2    5.0   0.0   0.0
  4.0   0.0   0.0

 22. 8.2019   0 Uhr

 99.9 -10.4  -2.8   96.4 -12.0  -6.9   91.7 -15.6  -9.0   83.0 -18.0   0.0
 79.6  -4.7   2.2   78.3   0.4   1.5   76.9   5.1   0.9   75.4   7.7  -0.0
 70.7   3.0  -4.2   70.0   2.3  -4.0   68.3  -0.0  -0.0   61.7   4.7   2.2
 56.7   6.7   0.6   53.8  10.6   1.9   52.0   9.3  -0.0   50.4   8.7   0.8
 50.0   8.1   1.4   48.2   5.5   5.5   45.8  14.0   5.1   43.5   5.8   2.1
 39.9  14.9  -0.0   37.9  10.1   1.8   37.1   6.1  -0.5   33.9  12.7   2.2
 31.1  13.4  -3.6   30.0  12.9  -3.5   26.6  12.7  -2.2   22.5   6.7 -11.6
 21.7   3.7  -7.9   21.4   1.1  -6.1   21.2  -2.6  -4.5   21.0  -4.6  -3.2
 20.0 -16.9   1.5   19.6 -16.9   4.5   18.2  -5.9  10.2   17.4  -7.5  12.9
 16.6  -9.8   5.7   16.3  -8.7   0.8   16.1  -9.6  -1.7   14.7  -5.9  -8.4
 14.0 -22.4  -6.0   12.8 -30.9   0.0   10.6 -26.6   2.3   10.0 -27.9  -4.9
  9.4 -30.8  -8.3    8.5 -41.5  -7.3    6.8 -31.9   0.0

 99.9 -10.4  -2.8   90.0 -16.1  -7.3   80.0  -6.3   1.9   70.0   2.3  -4.0
 60.0   5.3   1.6   50.0   8.1   1.4   45.0  11.2   4.1   40.0  14.7   0.1
 35.0  10.4   1.3   30.0  12.9  -3.5   25.0  10.4  -5.8   22.5   6.7 -11.6
 20.0 -16.9   1.5   15.0  -6.7  -6.9   12.0 -29.4   0.8   10.0 -27.9  -4.9
  8.0 -38.9  -5.3    7.0 -33.1  -0.9    6.0   0.0   0.0    5.0   0.0   0.0
  4.0   0.0   0.0

 22. 8.2019  12 Uhr

 99.9 -18.7  -3.3   93.8 -20.9  -5.6   82.5  -4.8   1.8   78.2   0.0   1.0
 76.1   5.1  -0.0   72.9   5.3  -6.3   70.0   1.0  -5.6   69.5   0.4  -5.1
 65.2  -1.0   1.2   63.2   2.6   4.5   62.2   3.3   5.8   60.5   7.6   5.3


 99.9 -18.7  -3.3   90.0 -15.6  -3.2   80.0  -2.0   1.3   70.0   1.0  -5.6
 60.0   8.8   5.2   50.0   0.0   0.0   45.0   0.0   0.0   40.0   0.0   0.0
 35.0   0.0   0.0   30.0   0.0   0.0   25.0   0.0   0.0   22.5   0.0   0.0
 20.0   0.0   0.0   15.0   0.0   0.0   12.0   0.0   0.0   10.0   0.0   0.0
  8.0   0.0   0.0    7.0   0.0   0.0    6.0   0.0   0.0    5.0   0.0   0.0
  4.0   0.0   0.0

 23. 8.2019   0 Uhr

 99.9 -17.3  -8.0   93.8 -16.9  -1.5   88.7  -7.9   6.6   81.8  -5.3   3.1
 78.4   3.0   4.2   76.8   3.6   3.6   73.6  -0.1   0.5   70.0  -2.1   3.6
 68.7   1.3   5.0   67.3   6.3   4.4   63.0   9.7  -0.9   59.0   5.8   2.1
 55.5  12.4   3.3   52.2   6.3   4.4   50.0   3.7   1.7   48.1   3.0  -0.5
 46.4   8.6  -1.5   43.0  15.1  -8.7   36.9   8.4  -5.9   35.2  10.3  -0.0
 30.9   7.3  -8.7   30.0   8.3  -6.9   28.7   9.4  -5.4   27.0  -0.9 -10.2
 24.6  -4.7  -4.0   22.5 -16.9   1.5   22.3 -16.9   4.5   21.5  -9.7   6.8
 21.1  -3.0   8.2   20.8  -0.8   9.2   20.1   2.0  11.1   20.0   2.1  11.7
 19.3   1.0  11.8   18.3 -12.6   8.9   17.7 -11.8  -1.0   17.1  -7.6  -1.3
 17.0  -7.5  -2.0   16.6  -8.4  -5.9   14.9 -20.4   5.5   14.4 -25.6   9.3
 13.8 -27.9  -4.9   13.4 -30.9   0.0   13.0 -27.4   4.8   10.2 -27.7  -2.4
 10.0 -29.8   0.0    9.2 -33.4  -5.9    8.1 -40.0  -3.5    6.8 -34.5  -6.1
  6.2 -48.2  -4.2

 99.9 -17.3  -8.0   90.0 -10.2   4.5   80.0  -1.0   3.7   70.0  -2.1   3.6
 60.0   6.8   1.4   50.0   3.7   1.7   45.0  11.3  -4.4   40.0  11.9  -7.4
 35.0  10.2  -0.4   30.0   8.3  -6.9   25.0  -4.1  -5.0   22.5 -16.9   1.5
 20.0   2.1  11.7   15.0 -19.6   4.8   12.0 -27.5   2.4   10.0 -29.8   0.0
  8.0 -39.6  -3.7    7.0 -35.3  -5.7    6.0   0.0   0.0    5.0   0.0   0.0
  4.0   0.0   0.0

 23. 8.2019  12 Uhr

 99.9 -16.6 -13.9   91.2 -15.9  -4.3   86.6 -10.9   2.9   83.2 -12.8  -1.1
 81.7  -9.2   0.8   80.4  -4.7   4.0   79.1  -3.0   4.2   74.7  -0.0  -0.0
 71.3  -7.6   1.3   70.3  -5.5   1.5   70.0  -4.8   1.8   68.4   0.5   5.6
 66.4   5.9   5.0   63.9   8.2  -0.0   61.7   6.0  -1.6   57.7   9.6   1.7
 53.4  13.8   1.2   50.9   8.9   2.4   50.0   7.7   0.7   49.2   6.5  -1.7
 48.5   8.7  -3.2   43.6  16.0 -11.2   40.5   9.5  -9.5   36.3  12.9  -0.0
 33.9  14.9  -0.0   31.5   8.5  -4.9   30.8   2.8  -6.1   30.2   3.1  -5.3
 30.0   3.5  -5.1   29.3   8.2  -3.0   28.0  13.4  -3.6   26.8   6.7  -4.7
 26.6   3.6  -3.6   26.1  -0.9  -1.3   25.7  -4.8   1.8   24.3  -8.7   7.3
 23.3   1.0  11.3   22.8   4.9  13.5   21.0   0.0  16.5   20.0  -0.8   8.7
 19.8  -1.1   6.1   19.7  -0.9   5.1   19.5  -2.2   2.2   19.2  -5.1   0.0
 18.0 -11.3 -11.3   17.2  -5.8 -16.0   16.8  -4.3 -15.9   15.6 -16.7  -2.9
 15.2 -14.4   0.0   14.7 -17.7   3.1   13.6 -24.7  -9.0   11.6 -33.9  -6.0
 10.0 -34.8  -3.0    7.7 -43.0  -3.8

 99.9 -16.6 -13.9   90.0 -14.6  -2.4   80.0  -4.2   4.0   70.0  -4.8   1.8
 60.0   7.5  -0.2   50.0   7.7   0.7   45.0  13.9  -8.9   40.0   9.8  -8.4
 35.0  14.0  -0.0   30.0   3.5  -5.1   25.0  -6.7   4.5   22.5   4.1  14.0
 20.0  -0.8   8.7   15.0 -15.7   1.2   12.0 -32.0  -6.6   10.0 -34.8  -3.0
  8.0 -41.9  -3.7    7.0   0.0   0.0    6.0   0.0   0.0    5.0   0.0   0.0
  4.0   0.0   0.0

 24. 8.2019   0 Uhr

 99.9 -25.6  -9.3   95.8 -19.0  -1.7   90.9 -22.3  -3.9   85.8  -8.7   0.0
 85.1  -7.6   1.3   74.8   1.4   3.9   72.8   0.0   5.1   70.5   8.4   3.9
 70.0   9.7   3.5   66.4  10.9   2.9   64.4  13.7  -2.4   59.7  13.9  -3.7
 56.5   9.4  -5.4   52.3   8.9  -4.1   50.0  16.4  -6.0   48.9  18.4  -6.7
 44.3   7.1  -6.0   43.4   3.1  -5.3   43.0   1.3  -5.0   41.8  -0.5   0.2
 40.1   5.1   0.9   38.7   7.6  -1.3   36.7  12.9  -0.0   33.6  11.7  -2.1
 31.7   5.1   0.4   30.3   5.1  -0.4   30.0   7.0  -1.9   28.8   3.5  -5.1
 28.4   1.3  -5.0   27.5  -1.5   0.3   26.9  -1.3   5.0   26.2   0.0   9.8
 24.2  -8.8   6.2   23.3  -3.2   8.7   22.0   1.0  11.8   21.3   0.0   8.2
 20.1  -5.6   1.0   20.0  -5.7   0.0   19.8  -5.3  -1.9   19.1  -0.0  -6.7
 18.8   0.7  -7.7   17.8  -4.1  -8.9   17.0 -17.5   0.0   16.8 -18.4   4.9
 16.1 -12.2  10.3   15.6 -12.6   8.9   14.5 -26.1   2.3   13.7 -23.1  -2.0
 10.0 -37.6   0.0    9.7 -38.4  -3.4    8.1 -31.3  -2.7    7.9 -32.8   2.9
  7.8 -31.4   0.0

 99.9 -25.6  -9.3   90.0 -19.9  -3.2   80.0  -3.2   2.6   70.0   9.7   3.5
 60.0  13.9  -3.6   50.0  16.4  -6.0   45.0   8.9  -6.1   40.0   5.2   0.7
 35.0  12.2  -1.1   30.0   7.0  -1.9   25.0  -5.2   7.7   22.5  -0.6  10.6
 20.0  -5.7   0.0   15.0 -19.9   5.3   12.0 -29.3  -1.1   10.0 -37.6   0.0
  8.0 -32.0   0.1    7.0   0.0   0.0    6.0   0.0   0.0    5.0   0.0   0.0
  4.0   0.0   0.0

 24. 8.2019  12 Uhr

 99.9 -23.1  -2.0   96.0 -16.0   9.3   90.6 -14.7   8.5   84.2  -2.0   0.2
 77.4  -0.0  -5.1   75.9   4.0  -4.0   74.0   4.0  -4.0   72.5   5.6   1.0
 70.0  10.8   0.9   69.6  11.3   1.0   63.8   7.1  -1.3   62.0   4.0  -4.0
 54.5   3.1   0.3   50.0  16.8  -7.8   49.3  16.0  -9.3   47.3  10.1  -7.1
 44.4   2.2  -4.7   41.2   0.4   0.3   39.8   2.6   4.5   38.2   7.3   8.7
 34.9  11.1   2.0   32.8  12.3  -0.0   31.0   6.3   2.3   30.0   7.1  -1.3
 29.6   4.7  -2.2   28.8   1.0  -0.4   28.4   3.3   3.9   27.5   8.0  11.4
 26.7   6.8   9.7   25.6   0.5   6.1   24.7   3.3   5.8   22.5   1.8   4.8
 21.7  -0.4   0.3   21.2  -1.8  -4.8   20.5  -1.9 -10.6   20.0  -0.0 -12.3
 19.1  -0.0 -16.5   17.5 -17.7  -8.3   16.1 -12.1   4.4   15.6 -10.1   7.1
 15.3  -9.8   4.6   13.6 -18.5   0.0   10.0 -36.5   0.0    9.8 -36.9   3.2
  8.9 -37.4  -3.3    7.5 -42.1   7.4    6.8 -30.8   8.3    5.3 -40.0  -7.1
  5.1 -31.4  -5.5

 99.9 -23.1  -2.0   90.0 -13.5   7.7   80.0  -0.8  -3.1   70.0  10.8   0.9
 60.0   3.8  -2.9   50.0  16.8  -7.8   45.0   3.8  -5.2   40.0   2.3   3.8
 35.0  11.0   2.2   30.0   7.1  -1.3   25.0   2.4   5.9   22.5   1.8   4.8
 20.0  -0.0 -12.3   15.0 -11.3   3.8   12.0 -26.0   0.0   10.0 -36.5   0.0
  8.0 -40.3   3.4    7.0 -34.1   8.0    6.0 -35.5   0.4    5.0 -27.0  -4.8
  4.0   0.0   0.0

 25. 8.2019   0 Uhr

 99.9 -22.7 -13.1   93.2 -20.0  -1.7   86.0 -15.4  -4.1   83.0  -5.1  -0.4
 81.5  -0.4   0.9   79.3   4.7   2.2   77.1   6.8   2.5   75.3   6.3   7.5
 73.3  10.2   8.6   70.8   8.0   5.6   70.0   7.2   5.0   66.3   0.9   2.4
 62.7   3.0   4.2   59.9   6.8   2.5   56.7   9.6   1.7   54.7  13.7  -2.4
 50.0  12.2  -2.1   47.8   4.7  -2.2   47.1   3.6  -0.3   46.5   4.7   2.2
 44.9   4.7   4.7   42.5   8.3   6.9   41.0  13.1   4.8   37.0   5.6  -2.6
 35.9   5.8  -5.8   33.4   5.1  -4.3   32.7   7.2  -0.6   31.5   5.3  -3.1
 30.0  -4.3  -5.1   29.8  -5.5  -4.6   29.3  -4.3  -3.6   27.2   2.4  -2.0
 26.5   5.5   1.5   25.5   5.9   4.1   23.5   3.6  -3.6   22.3   1.6  -4.4
 21.1   2.4  -8.9   20.3  -1.1 -12.8   20.0  -4.4 -12.1   18.9 -20.8  -3.7
 18.5 -17.9   1.6   17.3  -6.8   9.7   16.9  -6.8   9.7   15.9 -17.9   4.8
 15.0 -22.0   1.9   13.8 -16.7  -2.9   11.1 -25.2  11.7   10.0 -29.3   7.9
  9.0 -35.5   0.0    7.6 -27.4   4.8    6.8 -22.0  -1.9    6.3 -21.4 -10.0
  6.1 -26.3  -7.1

 99.9 -22.7 -13.1   90.0 -18.0  -2.8   80.0   3.0   1.8   70.0   7.2   5.0
 60.0   6.6   2.5   50.0  12.2  -2.1   45.0   4.7   4.6   40.0  11.2   3.0
 35.0   5.6  -5.3   30.0  -4.3  -5.1   25.0   5.3   2.2   22.5   1.9  -4.2
 20.0  -4.4 -12.1   15.0 -22.0   1.9   12.0 -22.2   6.6   10.0 -29.3   7.9
  8.0 -29.8   3.4    7.0 -23.4  -0.2    6.0 -28.8  -5.6    5.0   0.0   0.0
  4.0   0.0   0.0

 25. 8.2019  12 Uhr

 99.9 -35.5  -6.3   91.9 -14.4   0.0   89.9 -12.7  -2.2   87.8  -3.9  -3.3
 86.8   0.2  -1.0   85.4   4.8   1.8   81.6  10.7   5.0   73.2   3.3  -3.9
 71.6   3.3  -1.5   70.0   4.2   2.0   69.7   4.5   2.6   67.2   4.1   7.1
 64.5   6.0   7.1   62.7   4.7   4.7   58.7   3.3   3.9   56.1   3.1   0.3
 55.2   4.8  -1.8   50.9   5.0  -5.9   50.0   4.7  -4.7   48.7   6.6  -1.2
 47.1   9.7  -0.9   45.2   7.0  -3.3   41.7  13.4  -3.6   38.5   9.4  -2.5
 35.7   1.7  -6.5   34.1   1.5   0.5   32.5   5.1  -0.0   32.0   6.2  -0.0
 31.3   5.9   4.1   30.6   8.4   3.9   30.1   6.8   2.5   30.0   6.1   2.8
 29.6   3.9   3.3   28.4   0.1   1.0   27.7   5.1   0.4   26.9   8.9   4.1
 25.1   4.9   2.8   24.9   4.4   1.6   24.2   7.0  -3.3   23.2   6.6  -7.9
 22.2  10.2 -10.2   21.6   7.5 -12.9   21.2   4.8 -13.1   20.5  -4.9  -8.5
 20.0 -14.4   0.0   19.8 -15.7   2.8   19.6 -16.4   6.0   18.2  -4.0  11.1
 17.6  -3.3  12.4   16.8  -7.5   3.5   15.9 -11.7  -5.4   14.7 -15.1  -8.7
 13.9 -23.9  -6.4   12.4 -17.9   1.6   10.9 -23.7   8.6   10.0 -25.3   4.5
  7.7 -33.4   0.0    6.2 -29.9  -5.3    5.7 -42.6  -7.5    5.1 -39.5  -3.5


 99.9 -35.5  -6.3   90.0 -12.8  -2.1   80.0   9.4   3.3   70.0   4.2   2.0
 60.0   3.8   4.2   50.0   4.7  -4.7   45.0   7.4  -3.3   40.0  11.3  -3.0
 35.0   1.6  -3.4   30.0   6.1   2.8   25.0   4.6   2.2   22.5   9.1  -9.5
 20.0 -14.4   0.0   15.0 -14.3  -7.9   12.0 -19.4   3.4   10.0 -25.3   4.5
  8.0 -32.3   0.6    7.0 -31.9  -2.4    6.0 -34.9  -6.1    5.0 -38.9  -2.7
  4.0   0.0   0.0

 26. 8.2019   0 Uhr

 99.9 -25.6  -2.2   93.5  -7.6  -5.3   92.7  -3.9  -3.3   90.8   0.5  -2.0
 89.2   5.0  -1.3   82.3   8.9   2.4   77.4   7.6   4.4   74.3   5.3   1.9
 72.4   3.0   3.5   70.0   8.0   5.6   67.2  11.6   6.7   65.0   8.0   5.6
 62.8   9.6   1.7   60.7   1.0   0.2   58.5   3.6   3.6   56.1   5.1   0.9
 51.9   3.9   3.3   50.0   8.2   3.0   47.8   8.9  -2.4   45.5   9.7  -6.8
 43.0   7.0  -3.3   39.8   4.6  -8.0   38.5   7.9  -3.7   36.9   4.2  -3.0
 36.2   2.2  -2.2   35.6   6.2  -0.0   34.8   9.3  -0.0   33.7   9.7  -3.5
 30.7  10.3  -4.8   30.0   8.5  -4.9   29.2   4.7  -2.2   28.7   1.2  -1.0
 28.2   3.6  -3.6   26.7   6.8  -2.5   24.0   6.2 -10.7   23.1  -2.0 -11.1
 22.6  -7.6  -7.6   22.1 -14.2  -2.5   21.3 -18.4   6.7   20.0 -11.9  14.2
 19.0  -3.2  18.2   18.3   0.0  20.6   17.4  -3.0  17.2   15.9  -7.1   1.3
 15.7  -8.2  -0.7   15.1  -9.3  -4.3   14.7 -14.0  -6.5   14.0 -22.5  -2.0
 13.4 -19.5   1.7   11.9 -28.7   2.5   11.3 -23.9   6.4   10.2 -23.2   0.0
 10.0 -23.6   2.1    8.8 -29.2  -2.6    7.3 -33.3   2.9    6.9 -26.6   2.3
  5.8 -42.5  -3.7

 99.9 -25.6  -2.2   90.0   2.7  -1.7   80.0   8.3   3.3   70.0   8.0   5.6
 60.0   1.8   1.3   50.0   8.2   3.0   45.0   9.2  -6.1   40.0   4.8  -7.7
 35.0   8.5  -0.0   30.0   8.5  -4.9   25.0   6.4  -7.6   22.5  -8.9  -6.6
 20.0 -11.9  14.2   15.0 -10.5  -4.9   12.0 -28.1   2.5   10.0 -23.6   2.1
  8.0 -31.3   0.3    7.0 -28.3   2.5    6.0 -39.5  -2.6    5.0   0.0   0.0
  4.0   0.0   0.0

 26. 8.2019  12 Uhr

 99.9 -24.3   6.5   90.2  -6.0  -1.6   86.5  -0.0  -2.1   84.8   3.9  -3.3
 81.3   6.6  -1.2   78.8   5.8  -2.1   75.8   2.6  -4.5   73.2   7.5  -2.0
 70.8  11.7   2.1   70.0  12.8   1.1   69.0  13.4  -0.0   64.3   9.4  -5.4
 61.6   6.1  -0.5   59.0   2.5   0.4   54.4  10.8  -0.0   52.1   6.6  -1.2
 50.6   6.0   1.6   50.0   7.5   2.0   45.6   9.2  -0.8   43.8   6.0  -7.1
 41.1   5.0  -1.3   38.8  -3.2  -4.6   36.1   6.5  -1.7   33.3   2.7  -1.5
 30.5   7.7  11.0   30.0   5.0  10.7   29.6   2.3   8.4   28.9   6.7   4.7
 27.1   8.0   8.0   25.5   8.0  -2.1   24.0   7.2  -5.0   23.5   3.3  -3.9
 23.2   0.3  -3.6   22.9  -3.3  -3.9   22.3  -4.8  -1.8   21.6  -5.1   5.1
 20.8   0.0  13.4   20.0   2.7  15.2   19.4   6.7  18.4   18.1   2.2  12.7
 16.8  -9.7   0.9   16.7  -9.8   0.0   15.7  -5.9  -8.4   14.9 -13.1 -13.1
 13.9 -17.7  -3.1   11.7 -24.7   0.0   10.5 -26.6 -12.4   10.0 -30.0 -10.9
  9.2 -34.8  -9.3    7.0 -30.2   2.6    6.4 -32.4   0.0    5.5 -49.4   0.0
  4.9 -44.2   0.0

 99.9 -24.3   6.5   90.0  -5.6  -1.6   80.0   6.2  -1.7   70.0  12.8   1.1
 60.0   3.9   0.1   50.0   7.5   2.0   45.0   8.1  -2.9   40.0   1.1  -2.9
 35.0   5.0  -1.7   30.0   5.0  10.7   25.0   7.7  -3.1   22.5  -4.3  -2.5
 20.0   2.7  15.2   15.0 -12.2 -12.5   12.0 -23.7  -0.4   10.0 -30.0 -10.9
  8.0 -32.4  -3.1    7.0 -30.2   2.6    6.0 -39.7   0.0    5.0 -45.1   0.0
  4.0   0.0   0.0

 27. 8.2019   0 Uhr

 99.9 -17.7  -3.1   95.3 -17.4  -4.7   88.9 -11.9  -3.2   86.1  -5.1  -0.4
 84.6  -0.0   0.5   83.2   5.1  -0.0   79.1  11.1   2.0   76.6  10.6   3.9
 72.5  14.2   2.5   71.3  13.3   1.2   70.0  11.4  -3.1   65.9   3.3  -9.2
 63.6   3.0  -4.2   62.0   1.7  -1.2   60.5   5.1   0.9   57.7  11.1   2.0
 54.8   9.6  -1.7   52.5   6.0  -1.6   50.2  10.2   0.9   50.0  10.8   0.9
 47.2   6.5  -3.0   45.2   0.6  -6.7   43.8   3.5  -5.1   42.2  -1.9  -7.0
 41.3  -4.7  -2.2   40.4  -1.3   1.6   39.5   1.3   5.0   37.5   7.1   4.1
 35.6   8.9   5.1   35.0   9.3   4.3   32.2   5.1  -0.4   31.5   2.3  -1.1
 30.8   5.1   0.4   30.0   6.2   3.6   29.6   6.7   4.7   25.0  12.6  -4.6
 24.1   5.8  -3.3   23.4   0.8   0.7   21.8   0.0   5.1   20.0   7.3   8.7
 19.9   7.3   8.7   19.6   4.6   8.0   18.6  -5.6   1.0   18.3  -5.6  -1.0
 17.4 -10.6  -1.9   16.6  -7.3  -8.7   16.2  -6.7 -11.6   14.9 -25.1  -2.2
 14.3 -18.3  10.5   13.2 -25.6   2.2   12.4 -30.3   8.1   11.5 -27.9   4.9
 10.2 -30.9   0.0   10.0 -37.0   0.0    9.8 -39.6   0.0    8.1 -42.0  -3.7
  7.1 -38.1   0.0

 99.9 -17.7  -3.1   90.0 -12.9  -3.5   80.0   9.8   1.5   70.0  11.4  -3.1
 60.0   6.1   1.1   50.0  10.8   0.9   45.0   1.0  -6.4   40.0  -0.1   3.1
 35.0   9.3   4.3   30.0   6.2   3.6   25.0  12.6  -4.6   22.5   0.3   3.2
 20.0   7.3   8.7   15.0 -23.7  -2.9   12.0 -29.2   6.7   10.0 -37.0   0.0
  8.0 -41.6  -3.3    7.0 -37.7   0.4    6.0   0.0   0.0    5.0   0.0   0.0
  4.0   0.0   0.0

 27. 8.2019  12 Uhr

 99.9 -27.2   2.4   90.9 -18.6  -8.7   87.9  -5.5  -3.8   86.6  -0.4  -4.1
 85.7   3.0  -4.2   84.2   7.6  -5.3   78.5  13.2  -2.3   70.0  10.2  -3.7
 69.3   8.9  -4.1   62.1  -4.4  -6.3   61.1  -5.8  -5.8   59.9  -4.5  -2.6
 58.7   0.4  -1.0   57.7   5.1   0.9   55.1   6.7  -0.0   53.3   7.5   2.0
 50.0  11.9  -3.2   47.1   4.7  -2.2   44.4   0.8  -0.6   41.7   4.5   2.6
 39.6  -1.1   2.9   39.1   0.4   5.1   37.8   7.6   9.1   37.0  10.6   8.9
 34.5  11.4   3.1   32.7   5.8   5.8   31.3   8.0   8.0   30.0  11.7   2.1
 29.4  12.3  -1.1   27.7  13.5  -4.9   25.5  14.9  -1.3   24.3  14.9  -4.0
 23.2  10.6  -3.9   22.7   7.5  -2.0   22.0   6.0   1.6   20.1   5.3   3.1
 20.0   5.1   3.5   19.8   3.6   3.6   19.5  -0.8   0.7   19.2  -3.0  -4.2
 18.3  -0.0 -12.3   15.9 -10.0 -14.3   14.7 -23.9   6.4   13.8 -18.7  10.8
 13.0 -22.0   1.9   10.0 -35.5  -6.3    9.7 -42.0  -3.7    6.9 -44.7  12.0
  6.5 -40.0   7.1    6.2 -47.2  12.6    5.8 -41.2  11.1

 99.9 -27.2   2.4   90.0 -14.7  -7.3   80.0  11.7  -3.1   70.0  10.2  -3.7
 60.0  -4.6  -2.8   50.0  11.9  -3.2   45.0   1.7  -0.9   40.0   0.0   2.8
 35.0  11.3   4.3   30.0  11.7   2.1   25.0  14.9  -2.4   22.5   7.0  -1.0
 20.0   5.1   3.5   15.0 -20.3   1.1   12.0 -26.2  -0.6   10.0 -35.5  -6.3
  8.0 -43.6   5.4    7.0 -44.6  11.4    6.0 -44.3  11.9    5.0   0.0   0.0
  4.0   0.0   0.0

 28. 8.2019   0 Uhr

 99.9 -22.4   6.0   95.0  -5.6   1.0   92.1   0.3   0.4   89.8   4.8  -1.8
 80.6  17.7  -3.1   75.0  10.1  -1.8   70.3   2.6  -4.5   70.0   2.0  -4.2
 67.3  -1.8  -1.0   65.5  -4.7   2.2   63.7  -6.5   1.7   63.2  -4.7   2.2
 61.1   4.7   2.2   57.7   6.6  -1.2   57.0   6.7  -0.0   56.1   8.9   4.1
 53.4  13.8  11.6   50.6  10.1   7.1   50.0  10.7   5.0   47.8  11.3   1.0
 44.2   9.7   3.5   43.0   5.1   5.1   40.6   7.5   6.3   39.0  14.9   1.3
 35.8  15.4  -4.1   32.4   6.2  -0.0   31.3  11.8  -0.0   30.2   8.5   4.9
 30.0   8.5   4.9   26.9  12.9  -3.5   25.0  10.2  -3.7   23.2   8.2   0.7
 22.6   4.3   3.6   20.4   3.0   4.2   20.0   1.1   2.9   19.5   0.5  -0.2
 18.9  -0.4  -5.1   18.2  -1.7  -9.6   17.3 -15.6 -10.9   16.7 -23.2  -8.4
 15.0 -14.3  10.0   13.5 -20.9  -5.6   12.0 -35.0   0.0   10.0 -37.9   3.3
  9.5 -40.0   3.5    9.0 -35.5   6.3    8.0 -43.6   3.8    7.5 -33.9   6.0
  7.0 -41.0  -3.6    6.6 -31.8  -2.8    6.1 -43.1  -7.6    5.9 -30.0 -10.9
  5.6 -28.8  -7.7    5.3 -37.8 -10.1    4.6 -39.1   0.0

 99.9 -22.4   6.0   90.0   4.4  -1.6   80.0  16.9  -3.0   70.0   2.0  -4.2
 60.0   5.3   1.1   50.0  10.7   5.0   45.0  10.0   2.9   40.0  10.2   4.4
 35.0  13.3  -3.2   30.0   8.5   4.9   25.0  10.2  -3.7   22.5   4.3   3.7
 20.0   1.1   2.9   15.0 -14.3  10.0   12.0 -35.0   0.0   10.0 -37.9   3.3
  8.0 -43.6   3.8    7.0 -41.0  -3.6    6.0 -36.6  -9.2    5.0 -38.3  -5.9
  4.0   0.0   0.0

 28. 8.2019  12 Uhr

 99.9 -12.3  -1.1   92.8  -5.8  -2.1   90.8  -0.2   0.5   88.6   4.8   1.8
 83.6  11.4  -3.1   78.7   7.0  -1.9   70.2   4.5   2.6   70.0   4.5   2.6
 67.5   0.0   2.6   66.0  -0.4   5.1   62.6   0.0   9.3   60.3   7.9   9.5
 58.7   9.7   3.5   56.6   8.4   2.3   55.6   7.1  -1.3   54.4   7.5  -3.5
 50.0  13.7  -2.4   49.2  14.2  -2.5   46.8  11.3  -1.0   45.7   6.8   2.5
 44.0   7.9   6.6   42.0   9.5   9.5   40.6  13.8   8.0   39.1  14.2   2.5
 35.1  13.7  -2.4   33.0  13.9   3.7   30.0  11.8  -0.0   29.9  11.3  -0.0
 28.1   8.9  -4.1   27.0  11.7  -2.1   26.2   6.7  -3.9   24.5  10.2   0.9
 22.9  11.6   4.2   21.8   4.0   4.7   20.9   6.0   7.1   20.0   1.5   5.5
 19.9   1.3   5.0   19.5  -0.0  -0.0   19.0  -0.4  -5.1   18.6  -2.1  -8.0
 17.4 -20.0  -1.7   17.2 -19.8   3.5   15.8 -11.4   9.6   14.8 -18.9  -5.1
 14.1 -19.2 -11.1   10.0 -37.9  -3.3    9.8 -38.4  -3.4    9.0 -28.4   5.0
  8.0 -39.5  -3.5    7.4 -34.0   0.0    6.6 -40.6   0.0    6.3 -32.8   2.9
  5.8 -40.1   0.0    5.2 -38.9  -3.4

 99.9 -12.3  -1.1   90.0   1.6   0.9   80.0   8.2  -2.2   70.0   4.5   2.6
 60.0   8.3   8.4   50.0  13.7  -2.4   45.0   7.2   4.2   40.0  14.0   5.8
 35.0  13.7  -2.1   30.0  11.8  -0.0   25.0   9.2  -0.5   22.5   8.9   4.4
 20.0   1.5   5.5   15.0 -17.4  -2.1   12.0 -28.2  -7.3   10.0 -37.9  -3.3
  8.0 -39.5  -3.5    7.0 -37.2   0.0    6.0 -37.1   1.2    5.0   0.0   0.0
  4.0   0.0   0.0

 29. 8.2019   0 Uhr

 99.9 -24.6  -2.2   93.9  -4.7   4.7   91.9   0.0   4.6   90.8   3.2   4.6
 85.1  16.8   7.8   80.6   8.2   3.0   77.5   5.0   5.9   74.7   1.1   4.0
 70.0   2.3   6.3   68.4   1.1   6.1   67.0   3.0   4.2   66.0   5.5   3.8
 62.8  17.7   3.1   54.5  19.0  -1.7   50.0   9.4  -5.4   47.0   7.1  -6.0
 46.1   5.1  -2.4   44.6   7.7   2.8   43.9   9.3   4.3   41.6   7.2   5.0
 37.7   8.2  -0.7   37.2   5.6  -2.6   35.8  -0.9  -5.1   34.3   1.3  -0.9
 33.4   4.8   1.8   32.1   6.7   3.9   30.0   6.1   2.8   29.3  10.4   2.8
 28.6  12.6   4.6   26.7   8.0   5.6   25.2  11.7   5.4   24.1  12.9  -3.5
 22.4   9.2  -0.8   20.6   5.9  -4.1   20.0   5.1  -8.9   19.5   2.4  -8.9
 18.2  -9.1   1.6   16.8  -3.9  10.6   16.4  -3.5  12.9   14.6 -13.1  -6.1
 13.6 -14.7  -8.5   13.0 -24.1  -2.1   11.0 -38.1   0.0   10.0 -34.5   6.1
  8.7 -33.8  -3.0    7.9 -43.0  -3.8    7.5 -40.0  -7.1    5.7 -49.4   0.0
  5.3 -45.6   4.0

 99.9 -24.6  -2.2   90.0   5.1   5.1   80.0   7.6   3.6   70.0   2.3   6.3
 60.0  18.1   1.6   50.0   9.4  -5.4   45.0   7.0   1.4   40.0   7.6   2.7
 35.0   0.2  -2.9   30.0   6.1   2.8   25.0  11.9   3.8   22.5   9.4  -1.0
 20.0   5.1  -8.9   15.0 -10.9  -1.7   12.0 -30.9  -1.1   10.0 -34.5   6.1
  8.0 -41.9  -3.7    7.0 -42.4  -5.2    6.0 -47.7  -1.3    5.0   0.0   0.0
  4.0   0.0   0.0

 29. 8.2019  12 Uhr

 99.9 -18.9  -6.9   97.1 -11.4  -3.1   93.7  -5.3   3.1   91.8   0.5   3.0
 90.3   3.6   3.6   82.9  14.9   1.3   78.8   5.1  -2.4   72.4   3.9   1.4
 70.8   5.5   5.5   70.0   5.3   6.3   68.1   6.5   9.3   64.5   7.3   7.3
 58.5  17.4  -1.5   51.0   4.5  -2.6   50.0   4.1   0.7   46.7   0.9  -1.3
 45.5   4.8   1.8   43.1   8.4   2.3   39.4   8.4  -3.9   38.3   4.7  -4.0
 37.5  -4.0  -4.0   37.2  -4.5  -2.6   36.7  -0.1  -0.5   36.2   5.1   0.9
 33.8   9.2   3.3   32.9  11.1   2.0   31.6  11.3  -1.0   30.0  11.3  -1.0
 28.1  11.3  -1.0   26.9  10.7  -5.0   24.1  12.9  -3.5   22.6   8.4  -5.9
 21.9   8.1  -1.4   20.2   4.7  -2.2   20.0   2.7  -1.5   19.8  -0.0  -1.0
 19.3  -5.0   1.3   18.6  -1.2   6.6   17.9   3.2  11.9   17.1  -3.9   8.4
 14.6  -5.9 -10.2   14.3  -6.2 -10.7   13.9 -11.0  -7.7   13.5 -17.4  -4.7
 12.6 -30.2  -2.6   11.6 -34.3   3.0   10.6 -29.5  10.7   10.0 -32.3   2.8
  8.6 -36.0  -6.3    7.4 -37.8 -10.1    6.5 -43.6  -3.8    5.8 -43.1   7.6


 99.9 -18.9  -6.9   90.0   4.1   3.5   80.0   8.0  -1.3   70.0   5.3   6.3
 60.0  14.8   0.7   50.0   4.1   0.7   45.0   5.6   1.9   40.0   8.4  -2.9
 35.0   7.1   2.1   30.0  11.3  -1.0   25.0  12.2  -4.0   22.5   8.4  -5.3
 20.0   2.7  -1.5   15.0  -5.6  -7.1   12.0 -32.7   0.7   10.0 -32.3   2.8
  8.0 -36.8  -8.2    7.0 -40.3  -7.4    6.0 -43.2   4.2    5.0   0.0   0.0
  4.0   0.0   0.0

 30. 8.2019   0 Uhr

 99.9 -22.8  -4.0   95.8  -7.2   0.6   93.8  -5.6   1.0   93.2  -5.0   1.3
 90.0   0.0   2.1   87.3   5.1  -0.0   85.6   5.5  -1.5   81.0  12.9  -0.0
 75.1  14.2   2.5   70.0  13.4   3.6   66.8   9.6   1.7   60.1  17.9  -4.8
 58.6  14.5  -5.3   54.5   7.0  -3.3   53.1   3.6  -0.3   50.0   4.6   3.2
 49.9   4.3   3.6   47.4   0.6   0.8   45.4   8.4   2.3   43.7   5.1  -2.4
 42.6   6.5  -3.0   39.9   1.3  -5.0   38.9  -1.5  -0.5   37.8   0.9   5.1
 37.4   4.1   5.9   36.3   7.9   6.6   34.6   8.9   5.1   32.3   6.9  -6.9
 30.9   5.3  -7.6   30.0   9.7  -6.8   29.7  10.7  -6.2   28.8   6.5  -6.5
 27.9   9.8  -4.6   26.9  10.6  -8.9   24.6  10.4  -2.8   23.2   4.2  -3.0
 22.7   1.5   0.4   21.7   4.7   2.2   20.8   5.5   1.5   20.0  -2.7   3.8
 19.6  -5.6   6.7   18.4  -0.6   7.2   18.0  -2.3   8.4   17.2  -7.1   1.3
 16.8  -7.2  -0.6   16.6  -7.6  -1.3   16.0  -5.9  -8.4   15.6  -3.7 -13.9
 14.8 -12.6  -8.9   14.3 -22.0  -1.9   13.8 -27.7   2.4   13.2 -27.8   7.5
 11.8 -33.9   6.0   10.0 -35.5   0.0    9.0 -36.8  -9.9    5.6 -42.7   0.0


 99.9 -22.8  -4.0   90.0   0.0   2.1   80.0  13.1   0.4   70.0  13.4   3.6
 60.0  17.7  -4.8   50.0   4.6   3.2   45.0   7.7   1.2   40.0   1.5  -4.9
 35.0   8.7   5.5   30.0   9.7  -6.8   25.0  10.5  -3.9   22.5   2.1   0.7
 20.0  -2.7   3.8   15.0 -10.4 -10.1   12.0 -33.0   6.2   10.0 -35.5   0.0
  8.0 -38.3  -7.3    7.0 -40.0  -4.5    6.0 -41.9  -1.4    5.0   0.0   0.0
  4.0   0.0   0.0

 30. 8.2019  12 Uhr

 99.9 -27.5 -12.8   90.5  -4.0  -4.7   90.2  -3.0  -4.2   89.0   1.2  -1.7
 87.8   5.6  -0.5   84.2  14.9   1.3   80.3  11.4  -3.1   74.9  10.4  -2.8
 70.0  10.7  -5.0   67.9  13.2  -2.3

 99.9 -27.5 -12.8   90.0  -2.3  -3.8   80.0  11.4  -3.0   70.0  10.7  -5.0
 60.0   0.0   0.0   50.0   0.0   0.0   45.0   0.0   0.0   40.0   0.0   0.0
 35.0   0.0   0.0   30.0   0.0   0.0   25.0   0.0   0.0   22.5   0.0   0.0
 20.0   0.0   0.0   15.0   0.0   0.0   12.0   0.0   0.0   10.0   0.0   0.0
  8.0   0.0   0.0    7.0   0.0   0.0    6.0   0.0   0.0    5.0   0.0   0.0
  4.0   0.0   0.0

 31. 8.2019   0 Uhr

 99.9 -22.8  10.7   96.6 -19.4  13.6   93.1  -9.1   1.6   91.7  -5.0   1.3
 89.5  -0.3   1.0   82.4   4.2  -3.0   80.5   7.3  -7.3   70.0  13.3  -1.2
 68.2  13.9  -0.0   63.0   8.7  -3.2   60.5   3.1  -0.3   58.5   4.6   3.2
 55.2   6.5   1.7   52.9   4.6   3.2   50.0   7.1  -1.3   49.9   7.6  -1.3
 48.0   5.3  -1.9   46.3   6.2  -6.2   44.4   7.2  -5.0   43.0   6.9  -6.9
 42.2   4.7  -6.7   40.6   5.1  -0.9   39.7   2.6  -0.0   37.9   5.8   3.3
 36.2  13.9   3.7   34.7  13.9  -3.7   31.5   8.4   2.3   30.0  12.8   1.1
 28.0  10.8   0.9   26.1   5.9   4.1   24.5   9.9   8.3   22.8  13.5   4.9
 20.8  11.2   5.2   20.0   5.5   5.5   19.6   1.0   5.6   19.4  -0.5   6.1
 18.7   0.0  10.8   18.0  -3.5   9.7   17.3  -8.9  -2.4   16.8  -8.4  -8.4
 16.3  -6.8  -9.7   15.6 -13.1  -4.8   15.0 -12.9  -3.5   14.8 -13.8  -1.2
 14.0 -20.5   9.6   13.4 -26.6   9.7   11.8 -32.9   0.0   10.0 -36.9  -3.2
  8.8 -44.1   3.9    8.3 -38.9   3.4    6.5 -47.3   0.0    6.2 -42.7   0.0


 99.9 -22.8  10.7   90.0  -1.3   1.1   80.0   7.6  -7.0   70.0  13.3  -1.2
 60.0   3.5   0.6   50.0   7.1  -1.3   45.0   6.9  -5.4   40.0   3.4  -0.3
 35.0  13.9  -2.2   30.0  12.8   1.1   25.0   8.6   7.0   22.5  13.2   5.0
 20.0   5.5   5.5   15.0 -12.9  -3.5   12.0 -32.1   1.3   10.0 -36.9  -3.2
  8.0 -40.2   2.9    7.0 -44.9   1.0    6.0   0.0   0.0    5.0   0.0   0.0
  4.0   0.0   0.0

 31. 8.2019  12 Uhr

 99.9 -14.3   8.2   97.0 -15.9   7.4   94.8 -11.1   4.0   90.7  -0.9  -3.5
 88.9   1.3  -5.0   87.0   5.3  -7.6   84.2   7.7 -11.0   78.3   6.5  -6.5
 73.7  10.6  -1.9   70.0   8.7  -3.2   65.2   4.5  -2.6   59.6  -0.0  -0.0
 55.9   4.5   2.6   55.0   6.8   2.5   52.1   6.1  -0.5   50.6   7.0   1.9
 50.0   7.6   1.3   47.4   9.1  -1.6   46.2   5.3  -3.1   43.9   2.9  -2.1
 43.3   4.7  -2.2   39.7   9.3   6.5   34.0  14.7  -2.6   32.9  11.8  -1.0
 31.9  10.6   3.9   30.0  11.9   3.2   29.6  10.2   3.7   28.1   7.2  -0.6
 26.4   6.9   6.9   24.1   7.2   5.0   22.7   8.2   0.7   21.5   8.0   8.0
 21.0   9.1   9.1   20.0   6.7   3.9   19.8   6.2   3.6   19.3   7.2   0.6
 18.2   5.6  -0.5   17.5   1.5  -2.1   17.2   0.4  -5.1   16.6   1.7  -9.6
 15.9  -8.7  -7.3   15.5  -8.1  -1.4   15.2  -6.1  -0.5   14.7  -8.5   4.9
 14.0 -14.9   7.0   13.1 -28.4  -5.0   11.7 -32.4 -11.8   10.7 -29.4  -5.2
 10.0 -36.0  -6.3    9.8 -37.5  -6.6    9.4 -36.4  -3.2    8.6 -36.9   3.2
  6.8 -37.4  -3.3    6.4 -44.1  -3.9    5.8 -36.4   3.2

 99.9 -14.3   8.2   90.0  -0.1  -4.1   80.0   6.9  -7.8   70.0   8.7  -3.2
 60.0   0.3  -0.2   50.0   7.6   1.3   45.0   4.1  -2.6   40.0   8.9   5.7
 35.0  13.7  -0.9   30.0  11.9   3.2   25.0   7.1   5.8   22.5   8.2   1.9
 20.0   6.7   3.9   15.0  -7.1   1.6   12.0 -31.5 -10.3   10.0 -36.0  -6.3
  8.0 -37.1   1.2    7.0 -37.4  -2.5    6.0 -39.0   0.8    5.0   0.0   0.0
  4.0   0.0   0.0


Monatsmittelwind fuer den  8 2019

Niveau Anzahl     U     V   DD FF
 [hPa]        [m/s] [m/s]     [kn]
  99.9     61 -14.8  -1.8   83 29
  90.0     61  -2.8  -0.5   80  6
  80.0     61   4.4   0.2  267  8
  70.0     61   6.2   0.2  268 12
  60.0     60   6.5  -0.2  272 13
  50.0     58   8.3  -0.8  275 16
  45.0     58   7.7  -0.6  275 15
  40.0     58   9.7   0.3  268 19
  35.0     58  10.7  -0.1  271 21
  30.0     58  10.5   1.0  265 21
  25.0     58   8.0   0.4  267 15
  22.5     58   4.8   0.2  268  9
  20.0     58   1.1   1.7  214  4
  15.0     58 -17.0  -0.5   88 33
  12.0     58 -29.3   0.2   90 57
  10.0     58 -33.6  -0.5   89 65
   8.0     56 -36.6  -1.1   88 71
   7.0     53 -36.3  -0.5   89 71
   6.0     42 -40.1  -0.4   89 78
   5.0     16 -32.4   0.6   91 63
   4.0      0   0.0   0.0    0  0
