USSR01 WSSS 070000
TTAA  57001 48698
99006 27031 26502 00084 26623 21508 92767 22024 25023
85501 19434 25529 70153 10225 30506 50588 04500 01506
40761 14928 32508 30973 28522 02504 25102 38525 10002
20251 51736 09004 15431 67932 06516 10662 85528 07037
88999
77999
31313 73508 82333=



UKSR01 WSSS 070000
TTBB  57008 48698
00006 27031 11936 22208 22910 21434 33895 22656 44774 16041
55593 01801 66510 03500 77399 15131 88330 23523 99285 31122
11181 57539 22114 81123 33100 85528
21212 00006 26502 11987 23010 22955 25019 33843 26027 44760
25518 55749 24516 66711 27508 77699 31006 88683 26506 99674
29008 11649 32506 22637 29012 33605 31504 44598 36004 55588
34506 66580 00508 77550 01510 88542 04510 99535 01008 11528
02508 22504 01506 33478 05508 44471 03506 55464 06006 66458
03008 77447 01006 88442 05006 99436 03508 11407 02506 22399
32506 33393 02004 44388 02504 55383 08004 66366 03510 77346
04006 88336 01508 99325 03508 11316 02508 22310 05506 33298
03004 44296 07502 55294 13502 66292 15002 77285 05502 88280
06002 99271 13502 11266 10502 22265 12502 33264 18002 44263
19502 55249 08502 66246 10504 77240 12002 88237 21502 99232
17504 11228 10502 22221 04502 33217 11002 44215 21002 55213
20502 66211 17002 77206 17002 88202 09004 99188 08004 11184
10004 22163 10512 33142 05527 44122 07533 55100 07037
31313 73508 82333
41414 38478=



ULSR01 WSSS 070000
TTCC  57001 48698
70866 71756 28527 50067 67119 27525 30383 58916 25035
20638 56715 35504 10093 44162 09053
88989 86127 06539 88293 59513 24535
77086 09578 42518
31313 73508 82333=



UESR01 WSSS 070000
TTDD  5700/ 48698
11989 86127 22910 86326 33879 83146 44853 76558 55790 71157
66762 72538 77719 74136 88702 71756 99654 71150 11613 70721
22591 72318 33571 70723 44566 70924 55561 67950 66558 65956
77535 66322 88475 68517 99423 67916 11410 66733 22399 66125
33393 62950 44374 58547 55358 57528 66347 57742 77342 57326
88323 56142 99293 59513 11278 59535 22267 59527 33262 60136
44258 60130 55257 59922 66253 58745 77252 58556 88242 56732
99236 56927 11234 56721 22231 57334 33230 57549 44227 57928
55215 55923 66213 56126 77200 56715 88179 54756 99170 50950
11154 50556 22144 51556 33139 51550 44136 48557 55100 44162
66091 40364 77048 32776 88042 29180 99039 25185
21212 11900 06058 22877 07054 33813 10502 44812 12002 55810
20002 66809 23002 77797 26014 88735 26023 99700 28527 11613
27529 22535 28537 33501 27525 44470 30019 55436 27518 66387
19527 77368 25527 88345 28533 99295 24535 11266 26539 22224
21016 33217 26012 44203 21002 55202 23502 66201 32502 77200
35504 88186 05529 99172 10047 11155 08049 22114 10064 33102
08551 44086 09578 55080 10578 66073 10060 77066 10553 88058
10062 99053 11056 11048 09551 22047 10053 33044 11023 44043
12514 55042 18012 66041 19514 77039 28023
31313 73508 82333=
