USSR01 WSSS 271200
TTAA  77111 48698
99006 29649 21504 00081 28835 17512 92777 22803 23508
85511 18602 25512 70152 10441 27514 50588 02760 31019
40761 17320 28535 30972 29328 30004 25100 39142 03521
20249 51544 05033 15429 66757 07060 10667 79756 18516
88999
77148 07564 42737
31313 73508 81041=



UKSR01 WSSS 271200
TTBB  77118 48698
00006 29649 11942 24203 22867 19630 33857 19002 44798 14608
55691 10241 66655 07450 77623 04609 88563 00515 99555 01256
11488 03761 22415 15526 33395 17919 44380 18125 55336 23524
66254 38144 77176 58746 88143 67360 99125 72958 11116 72959
22100 79756
21212 00006 21504 11959 19008 22922 24010 33887 24010 44856
26512 55846 24514 66817 24516 77800 26018 88789 25514 99747
28018 11735 26514 22718 28512 33706 27014 44694 29010 55686
26514 66677 29514 77636 26514 88620 27516 99605 26010 11596
30012 22589 28512 33538 32519 44487 30027 55475 31033 66464
29529 77393 29035 88381 27531 99344 29018 11326 27516 22293
32008 33288 29508 44250 03521 55243 03021 66212 06025 77181
05045 88165 06056 99148 07564 11136 09045 22119 07523 33116
12014 44111 15016 55100 18516
31313 73508 81041
41414 28438=



ULSR01 WSSS 271200
TTCC  77111 48698
70872 75157 28543 50069 65360 26521 30384 60171 25523
20642 54385 08531 10104 42988 09562
88906 84550 22512 88647 76957 30031
77066 08578 41222
31313 73508 81041=



UESR01 WSSS 271200
TTDD  7711/ 48698
11906 84550 22862 82356 33838 77758 44826 72562 55816 70562
66729 74957 77647 76957 88599 75358 99516 65361 11327 62168
22270 58373 33264 55976 44202 54381 55189 49786 66124 43788
77079 41589 88071 41389 99059 34591
21212 11977 18514 22939 22014 33901 22510 44885 19004 55867
27502 66862 06002 77830 12004 88828 15502 99826 22504 11821
25510 22745 27537 33709 28545 44630 30523 55610 34010 66586
30004 77575 23506 88564 22508 99555 17006 11550 16510 22512
25516 33465 29523 44448 29519 55430 26023 66396 25535 77339
27023 88293 25527 99278 30014 11265 31012 22255 06512 33247
10519 44230 09525 55217 10537 66185 08037 77179 09039 88155
07049 99138 08549 11120 08564 22104 09556 33066 08578 44059
07060
31313 73508 81041=
