USSR01 WSSS 040000
TTAA  54001 48698
99007 27632 01501 00091 27426 28504 92778 23423 08008
85518 19026 03004 70161 10024 25506 50590 03959 14010
40763 14159 09010 30974 28365 10510 25103 38367 13510
20252 51158 11010 15432 66960 11512 10665 85356 07035
88999
77999
31313 73508 82335=



UKSR01 WSSS 040000
TTBB  54008 48698
00007 27632 11848 18820 22807 17250 33743 12819 44673 08647
55645 06222 66580 02458 77548 00549 88542 00756 99537 01337
11524 02157 22520 02550 33509 03158 44504 03556 55497 04163
66473 06558 77436 10361 88426 11356 99417 12159 11409 13350
22400 14159 33391 15361 44384 16159 55311 26365 66286 30969
77250 38367 88231 43358 99221 45957 11217 46957 22214 47761
33212 48364 44203 50758 55195 52756 66169 60556 77143 69162
88100 85356
21212 00007 01501 11998 29004 22992 34502 33977 03506 44946
08006 55926 08008 66906 04506 77893 09002 88869 04002 99862
34002 11848 04002 22819 08002 33813 14502 44801 22502 55790
22002 66783 27002 77766 24508 88749 25006 99723 22508 11700
25506 22695 21504 33677 20008 44667 24008 55660 20506 66652
21504 77646 13504 88645 14002 99641 22004 11636 22504 22631
17502 33622 13504 44597 06002 55594 09502 66591 11004 77573
10004 88565 14506 99557 11510 11548 14006 22542 13502 33528
16004 44514 11504 55506 14010 66484 12508 77475 15506 88467
11508 99454 11008 11441 14008 22433 10510 33425 11508 44387
08512 55362 12008 66349 11014 77333 12012 88318 10010 99306
11510 11293 08508 22277 09512 33267 12510 44250 13510 55241
13008 66236 14506 77206 13510 88201 11510 99146 11512 11136
08018 22100 07035
31313 73508 82335
41414 49432=



ULSR01 WSSS 040000
TTCC  54001 48698
70866 75567 36006 50066 67982 29516 30380 58984 25519
20639 55985 07008 10095 46587 09547
88930 88156 08033 
77999
31313 73508 82335=



UESR01 WSSS 040000
TTDD  5400/ 48698
11930 88156 22897 87757 33861 80961 44808 80759 55778 75564
66716 77164 77687 72970 88646 69977 99566 70381 11521 69781
22461 62783 33413 60584 44367 63983 55321 62183 66296 57784
77256 56185 88242 53185 99224 52186 11192 57384 22182 55185
33179 55185 44175 50386 55171 46987 66143 47587 77131 45388
88109 46587 99084 45588 11071 40789
21212 11899 08529 22869 09045 33793 08506 44787 35504 55784
33508 66771 31512 77697 35504 88691 27504 99688 26006 11651
22014 22629 22516 33612 25012 44529 27019 55500 29516 66458
28010 77444 24512 88419 22523 99402 24525 11317 22531 22299
25518 33287 30012 44274 33023 55253 33023 66243 30516 77234
36012 88223 04010 99213 11008 11206 11012 22197 06008 33178
11533 44174 11025 55165 07041 66113 09049 77089 09543 88084
10039 99077 08554 11071 08043
31313 73508 82335=
