USSR01 WSSS 201200
TTAA  70111 48698
99006 30858 28502 00087 30057 14502 92785 24237 21508
85519 19228 31004 70164 10029 31508 50589 03959 20510
40762 15542 18510 30974 28746 10510 25101 39724 07516
20250 52135 05519 15429 68150 06039 10667 77362 15519
88999
77999
31313 73508 81048=



UKSR01 WSSS 201200
TTBB  70118 48698
00006 30858 11934 24628 22760 13650 33738 11820 44635 05430
55628 04808 66591 02456 77557 00056 88548 00740 99525 01959
11515 02758 22486 05359 33401 15343 44374 17349 55321 25157
66305 28138 77263 36556 88252 39327 99225 45156 11189 55533
22150 68150 33130 72158 44114 72164 55100 77362
21212 00006 28502 11987 18004 22972 17004 33954 22006 44944
20504 55915 22504 66893 21504 77885 29504 88872 25506 99848
31506 11838 29506 22822 29506 33804 32512 44783 30512 55768
32516 66743 30516 77710 32510 88698 31008 99676 32508 11666
30506 22648 31506 33637 25004 44618 32002 55613 15002 66599
19504 77588 15006 88581 20506 99572 17002 11567 24502 22563
21004 33543 24006 44523 18512 55504 20508 66495 19510 77486
21012 88443 17016 99429 18510 11419 16014 22394 20510 33381
19012 44373 14508 55368 15008 66360 12010 77348 11018 88305
13014 99302 11508 11265 05512 22238 09018 33196 05021 44139
07047 55120 07541 66118 07543 77112 08519 88100 15519
31313 73508 81048
41414 18438=



ULSR01 WSSS 201200
TTCC  70111 48698
70869 77161 30010 50070 63773 28041 30385 60584 30029
20642 53385 10025 10100 38789 10551
88930 80561 19521
77069 08064 41310
31313 73508 81048=



UESR01 WSSS 201200
TTDD  7011/ 48698
11930 80561 22797 81759 33706 78160 44638 72964 55612 67368
66567 69167 77548 64572 88509 62973 99463 66575 11370 62983
22347 59184 33302 60384 44284 60184 55265 55585 66221 56385
77192 54385 88180 49786 99163 50586 11119 45388 22105 39589
33089 39789 44077 38390 55067 33191 66065 31791 77058 34391
88054 33191 99050 31392 11047 28592 22045 26993 33044 23394
44042 23994 55041 23994 66036 32191
21212 11907 20014 22873 26512 33838 27010 44827 25510 55802
25506 66789 28506 77671 31514 88628 29514 99601 22518 11559
23521 22490 29039 33426 26029 44372 28031 55326 27535 66313
30035 77267 28516 88250 33502 99248 17502 11242 19508 22238
11504 33230 13010 44207 09533 55200 10025 66192 11541 77183
07033 88162 10053 99148 09049 11131 11060 22107 10551 33093
10556 44082 09053 55069 08064 66059 07060 77049 13023 88048
12529 99046 18512 11045 12012 22044 22006 33043 25014 44041
25537 55040 26549 66036 27556
31313 73508 81048=
