USSR01 WSSS 080000
TTAA  58001 48698
99005 29257 23003 00080 29057 19012 92773 23833 23018
85507 19028 22519 70156 09823 24527 50588 04918 19008
40761 15117 22008 30973 28358 17504 25101 38958 19008
20250 51926 05512 15430 66742 07039 10662 85742 05543
88999
77999
31313 73508 82334=



UKSR01 WSSS 080000
TTBB  58008 48698
00005 29257 11889 21019 22832 17421 33819 17845 44796 16419
55777 15849 66677 07814 77640 06426 88586 01200 99501 04719
11464 06958 22462 06958 33456 06570 44447 07973 55435 09566
66428 10957 77416 12732 88407 13949 99401 14919 11391 16314
22383 17523 33376 17760 44368 18162 55360 18956 66345 20159
77264 35363 88242 41157 99229 43958 11208 49750 22198 52521
33188 55317 44181 57337 55139 70932 66122 77756 77100 85742
21212 00005 23003 11989 20512 22981 22010 33940 21516 44907
24514 55895 22516 66884 23516 77867 22021 88814 25029 99741
24537 11649 23521 22635 24518 33620 23010 44601 24008 55592
22006 66581 31002 77579 29002 88578 23502 99577 20502 11572
19508 22554 25008 33548 20006 44538 22006 55532 17504 66524
22004 77515 18010 88506 19510 99488 20504 11481 17008 22475
19008 33469 17502 44468 19002 55460 02502 66459 01002 77451
05508 88438 04002 99435 19502 11423 19506 22413 24010 33400
22008 44386 30506 55369 26502 66367 18502 77365 14504 88353
15508 99341 23504 11332 25504 22313 18508 33309 19506 44296
17008 55288 19508 66269 20010 77260 18508 88239 19004 99237
24002 11235 35002 22234 02002 33211 06010 44201 05512 55191
08016 66100 05543
31313 73508 82334
41414 18432=



ULSR01 WSSS 080000
TTCC  58001 48698
70865 73168 29018 50065 66982 25019 30381 61183 24039
20640 54185 12508 10098 43788 09054
88987 86343 05543 
77899 07064 42492
31313 73508 82334=



UESR01 WSSS 080000
TTDD  5800/ 48698
11987 86343 22969 85356 33929 86150 44897 83956 55879 78761
66783 77562 77765 74764 88712 74766 99682 71171 11512 69381
22473 64383 33458 64982 44424 59384 55333 63183 66313 63583
77288 59184 88273 60384 99257 54985 11227 50986 22199 54385
33178 53985 44145 46387 55125 42588 66102 43988 77057 34191
21212 11911 06560 22899 07064 33874 06533 44817 04504 55810
30504 66808 29006 77757 26029 88692 29514 99619 27537 11592
28527 22510 24521 33494 25023 44466 28523 55441 27523 66405
24039 77344 27027 88315 24041 99276 25525 11267 27519 22244
24012 33227 32504 44226 30502 55225 24502 66224 22504 77205
18008 88199 11508 99192 09021 11176 09543 22165 07551 33145
09556 44136 09068 55125 09054 66115 09060 77057 08062
31313 73508 82334=
