USSR01 WSSS 120000
TTAA  62001 48698
99009 28638 07503 00109 28024 10506 92797 24658 09008
85532 19656 35518 70183 10656 35516 50591 03565 36010
40764 14166 09021 30976 28574 08506 25104 39374 11516
20252 50774 11016 15433 66567 13016 10667 80759 08033
88101 81358 08037
77999
31313 73508 82333=



UKSR01 WSSS 120000
TTBB  62008 48698
00009 28638 11940 24233 22931 24858 33907 22841 44830 19058
55794 16450 66736 13460 77725 12249 88691 09447 99662 08863
11630 06665 22612 05260 33599 04865 44580 02860 55558 01467
66542 00062 77530 00571 88488 05163 99444 11922 11436 10958
22418 12557 33414 12363 44332 24763 55306 27374 66206 49174
77163 61973 88122 76359 99101 81358 11100 80759
21212 00009 07503 11942 12008 22855 35516 33822 00516 44794
35016 55783 00514 66767 35514 77755 02512 88747 01016 99737
01512 11707 34514 22700 35516 33682 34512 44653 01019 55624
00516 66599 34510 77591 36014 88580 34512 99566 35514 11551
33012 22535 33014 33526 35019 44516 35016 55509 00516 66485
01014 77465 04516 88453 03012 99430 08518 11423 07518 22387
10016 33319 04016 44313 07010 55290 11004 66284 10006 77270
13504 88265 12010 99237 09018 11218 09019 22181 13512 33154
13516 44125 08525 55100 08033
31313 73508 82333
41414 21432=



ULSR01 WSSS 120000
TTCC  62001 48698
70868 79364 21508 50066 64383 27533 30382 58384 27525
20638 51186 08027 10095 38789 08551
88999
77139 09062 41806 
31313 73508 82333=



UESR01 WSSS 120000
TTDD  6200/ 48698
11827 82762 22768 82961 33743 79364 44679 80563 55601 74770
66577 71177 77567 67181 88410 61383 99342 62583 11289 57584
22264 60184 33236 58976 44207 54385 55203 51567 66202 51186
77201 51186 88200 51186 99199 51180 11198 51160 22197 50786
33196 50510 44195 50757 55194 50986 66193 50943 77192 51110
88191 51186 99190 51327 11189 51756 22188 51747 33187 51986
44186 51910 55185 52156 66184 52586 77183 52786 88182 52586
99181 52710 11180 52764 22179 53185 33160 54985 44156 54385
55153 52386 66150 51986 77148 50786 88147 50186 99146 48987
11145 48587 22144 47787 33143 47387 44142 47187 55141 47387
66140 47387 77139 46987 88138 46931 99137 47387 11107 41389
22101 38989 33072 36790
21212 11957 07518 22875 35514 33823 00523 44748 34010 55731
29002 66722 19504 77664 27502 88660 08502 99641 11008 11624
09006 22608 13006 33595 07508 44578 11502 55574 25502 66570
27504 77553 26514 88530 28521 99435 27039 11400 26541 22370
24033 33341 24531 44271 30035 55230 28510 66216 31010 77203
06519 88189 11043 99181 11547 11164 08541 22147 10551 33139
09062 44124 09062 55117 09054 66094 08562 77072 09056
31313 73508 82333=
