USSR01 WSSS 131200
TTAA  63111 48698
99006 32461 31002 00085 31058 08006 92781 24634 09510
85517 18811 02506 70165 12063 36023 50591 03558 11016
40763 14332 11019 30976 27758 09518 25104 36769 08012
20255 49564 10012 15436 65961 03002 10671 84542 11519
88999
77999
31313 73508 81041=



UKSR01 WSSS 131200
TTBB  63118 48698
00006 32461 11921 24230 22849 18811 33775 16060 44751 13859
55731 14061 66670 10660 77629 06856 88536 00566 99527 01366
11520 01758 22517 02156 33512 02560 44475 06539 55453 08749
66448 08957 77445 09359 88444 09361 99441 09950 11436 10726
22419 12707 33400 14332 44375 18107 55345 20934 66288 30158
77276 31766 88235 40174 99193 51762 11183 54771 22161 61771
33140 69157 44100 84542
21212 00006 31002 11984 09510 22932 10512 33892 05508 44873
05004 55863 07004 66833 33508 77817 33512 88804 00516 99680
00519 11661 31006 22637 34508 33608 33002 44603 01502 55599
11002 66593 13506 77584 13504 88580 10002 99561 03006 11536
03512 22522 07508 33513 08012 44504 11016 55478 11019 66471
12519 77421 09519 88370 11514 99352 10021 11323 11025 22293
09518 33263 11014 44249 08012 55237 10014 66215 11510 77196
10512 88192 08510 99165 08002 11158 01002 22148 02504 33142
35002 44138 08502 55134 11006 66118 12014 77100 11519
31313 73508 81041
41414 11532=



ULSR01 WSSS 131200
TTCC  63111 48698
70872 75161 14002 50072 66177 29033 30388 59384 30529
20647 50586 08539 10105 42988 09562
88926 86148 08523 88334 61383 27531
77069 07588 42319
31313 73508 81041=



UESR01 WSSS 131200
TTDD  6311/ 48698
11926 86148 22830 85349 33794 78560 44719 74161 55665 74562
66648 68968 77546 70373 88533 70374 99517 65779 11460 67782
22426 65382 33388 57184 44334 61383 55237 52186 66207 51586
77180 46387 88142 50186 99130 49786 11092 40389 22086 37790
33060 36990
21212 11844 04031 22822 05037 33768 10002 44764 19502 55762
21002 66736 21510 77704 17004 88696 11004 99692 09504 11658
09502 22657 07002 33655 32502 44647 29012 55637 27521 66601
29519 77494 29533 88445 26529 99431 28025 11409 26021 22370
26025 33308 30029 44289 30021 55267 24512 66251 24027 77240
21518 88229 24510 99221 36008 11208 06521 22199 08539 33189
06041 44182 08543 55155 10549 66139 07553 77129 09062 88094
09570 99089 10056 11082 07558 22069 07588 33063 08588 44060
09088
31313 73508 81041=
