USSR01 WSSS 310000
TTAA  81001 48698
99008 28841 22503 00100 28027 19504 92790 24039 23014
85528 19442 21510 70172 09632 24014 50589 06347 11502
40761 14761 11021 30973 29758 13516 25101 40918 13008
20248 52748 11008 15428 64360 06547 10664 82550 07047
88999
77999
31313 73508 82331=



UKSR01 WSSS 310000
TTBB  81008 48698
00008 28841 11972 26020 22960 26050 33785 16038 44724 11026
55686 09856 66580 01027 77558 00257 88534 02162 99516 04362
11493 06923 22468 08722 33463 08948 44446 10934 55436 11758
66427 12944 77412 13760 88404 14758 99386 16766 11339 22772
22325 24960 33317 26164 44290 31756 55247 41512 66236 44322
77232 45150 88191 55343 99180 57958 11152 65158 22138 67750
33100 82550
21212 00008 22503 11993 19506 22952 18512 33920 23514 44874
21012 55767 23012 66756 24514 77723 23512 88698 24014 99679
27510 11658 29506 22651 27506 33618 25508 44611 23510 55589
22008 66576 27504 77565 27512 88557 32006 99541 33004 11531
03504 22512 35502 33502 11002 44487 12006 55481 08006 66456
09510 77447 12008 88437 09012 99417 10514 11408 09518 22389
13019 33350 12027 44325 15519 55298 12514 66275 12508 77266
14006 88245 12506 99237 16008 11219 18506 22215 14006 33210
11504 44160 07041 55152 07047 66136 05029 77120 07531 88100
07047
31313 73508 82331
41414 11432=



ULSR01 WSSS 310000
TTCC  81001 48698
70865 73963 20518 50066 62983 27033 30383 59184 22019
20640 53385 09541 10094 43988 10564
88975 83148 07049
77135 08070 41008
31313 73508 82331=



UESR01 WSSS 310000
TTDD  8100/ 48698
11975 83148 22917 83550 33891 80358 44821 82556 55790 83157
66738 78760 77722 74763 88668 69767 99626 71373 11541 67982
22512 63583 33466 64383 44440 59584 55343 61983 66325 58784
77258 57184 88236 59184 99222 57584 11215 54785 22140 47987
33120 48387 44096 41789 55073 39789
21212 11916 08049 22812 11527 33758 06019 44735 09018 55702
20016 66662 25037 77592 27527 88566 26023 99547 26035 11493
28029 22425 27529 33405 29533 44376 27529 55359 29035 66329
32002 77328 34502 88326 12002 99322 16508 11306 22019 22290
20529 33276 19514 44267 23504 55262 01006 66253 01512 77234
06025 88214 09043 99184 09039 11171 10051 22159 09060 33141
09556 44140 09053 55135 08070 66110 09570 77078 09070 88073
10070
31313 73508 82331=
