sing20210828.00
TTAA  78001 48698
99007 27634 33006 00092 27231 31002 92780 22434 15014
85516 18037 19510 70153 09448 21506 50587 06331 07014
40758 15361 07019 30969 30367 08531 25096 40568 08031
20244 53361 06543 15423 67164 09029 10658 78158 27014
88112 79957 16014
77999=
TTCC  78001 48698
70866 67782 31510 50070 65582 25512 30385 59784 08543
20643 54185 08568 10099 43188 05518
88999
77197 08572 41319=
TTDD  7800/ 48698
11987 75960 22904 77559 33754 72970 44710 67782 55656 65182
66614 67182 77496 65782 88479 63383 99429 65782 11285 58984
22243 53985 33206 55385 44185 52386 55167 53385 66137 44188
77117 46587 88110 46987 99102 43388 11078 41589 22060 34990
21212 11925 27035 22802 27019 33744 24014 44724 26012 55683
34010 66662 35008 77632 30010 88591 32504 99562 25510 11510
26014 22486 23012 33443 26516 44414 26008 55401 17006 66397
15510 77364 15021 88334 07533 99308 08543 11286 07547 22197
08572 33193 09072 44160 09568 55126 10535 66104 08535 77099
04514 88095 32504 99094 29004 11093 28004 22090 32512 33083
34525 44072 34018 55070 02514 66068 03012 77067 00508 88065
28012 99062 21510 11060 21516=
