sing20210806.12
TTAA  56121 48698
99008 27441 04007 00105 26833 13004 92793 23645 16016
85525 19241 26012 70172 09631 26506 50590 05750 13502
40762 16336 14519 30972 31140 06516 25099 41734 08025
20246 54145 08041 15426 64561 08058 10662 81756 06045
88102 81556 06043
77169 07572 43323=
TTCC  56123 48698
70871 71366 26521 50074 65370 28516 30389 58370 08543
88999
77999=
TTDD  5612/ 48698
11959 80556 22926 71161 33907 68561 44793 71966 55718 72165
66650 67568 77473 66769 88426 61771 99369 62569 11298 58170
21212 11883 09004 22873 20002 33862 23506 44784 26529 55662
27516 66632 26521 77562 30519 88531 30512 99507 28012 11461
35502 22459 08502 33456 14002 44447 15006 55431 21010 66423
19508 77413 13006 88405 11510 99385 17010 11346 09021 22319
07533 33298 08543=
