sing20210830.12
TTAA 80121 48698
99006 27628 29505 00081 26631 15506 92765 21418 17513
85498 19041 19011 70145 10648 18506 50587 05115 04008
40759 14713 12509 30971 29956 11027 25098 40540 10037
20246 52957 09036 15424 69346 08044 10661 76558 24518
88999
77999=
TTCC 80122 48698
70869 71367 33508 50072 62575 26523 30386 59977 08048
20643 56179 08573
88964 77957 25518
77219 09078 415//=
TTDD 8012/ 48698
11964 77957 22895 72363 33726 74963 44707 71366 55567
67572 66554 64175 77519 62375 88403 65374 99267 58778
11255 54980 22191 55979
21212 11908 26021 22868 27519 33827 30517 44776 29510
55716 25502 66666 35014 77651 33513 88636 35513 99605
30015 11582 34511 22560 35010 33547 27002 44529 23010
55495 27025 66467 28525 77449 26028 88415 23020 99398
23503 11377 22013 22360 14504 33349 11010 44342 09516
55320 10035 66310 08040 77294 08049 88282 08042 99272
07044 11253 08564 22219 09078 33191 09071=
