sing20210804.00
TTAA  54001 48698
99011 24413 31006 00129 23414 29508 92811 22435 20004
85542 17613 22002 70183 10032 27504 50591 05322 12504
40762 15930 11508 30973 31958 34506 25099 41332 08527
20247 53740 08058 15426 64762 08072 10662 80150 12021
88107 81157 13018
77169 06588 42929=
TTCC  54007 48698
70871 70356 25529
88999
77999=
TTDD  5400/ 48698
11985 77957 22932 78542 33898 73958 44845 73157 55811 69561
66739 67960 77707 69556 88595 69550 99559 69358
21212 11906 10027 22824 13012 33816 15008 44796 24008 55710
25529 66664 24527 77559 28025=
