sing20170714.00
TTAA 64001 48698
99009 26018 25003 00098 25217 22007 92783 21821 21006
85515 17620 20009 70151 08200 19008 50587 05718 13005
40759 14750 08010 30970 30545 07528 25097 40941 06543
20244 54150 06544 15422 68957 07066 10658 74561 25006
88121 78941 06075
77123 06077 41283=
TTCC 64001 48698
70868 68770 25541 50071 63176 29521 30386 59379 08039
20641 56580 09555 10093 43788 09067
88339 63975 10522
77065 09081 42155=
TTDD 6400/ 48698
11917 71565 22866 73564 33846 70966 44779 73765 55747
71768 66737 67971 77653 66972 88603 68571 99412 59778
11339 63975 22300 59379 33285 61377 44257 58379 55127
50983 66125 51183 77117 45787 88111 45586 99104 47385
11083 36792 22074 39191 33050 27796
21212 11916 24531 22854 25021 33795 27017 44770 25515
55720 25036 66691 26043 77651 28529 88620 27033 99573
31517 11558 29024 22540 30530 33471 28022 44454 31513
55445 30514 66432 26513 77416 25518 88401 29512 99385
31014 11374 33510 22367 03005 33359 09510 44350 12014
55327 08033 66294 07540 77273 09542 88249 07552 99227
09062 11200 09555 22181 08570 33127 09054 44103 08570
55078 10057 66065 09081 77060 08041 88054 08516 99053
12010 11052 12508 22050 07520=
