sing20170705.00
TTAA 55001 48698
99009 28227 11501 00103 27431 16504 92791 23046 17011
85525 18456 15006 70162 08213 14507 50588 04560 11512
40760 15159 01006 30971 31146 08536 25097 41545 07046
20244 53558 07557 15423 68157 07562 10659 77957 05506
88110 78756 04031
77163 07068 41237=
TTCC 55001 48698
70868 73166 29011 50072 66973 27026 30385 63176 10035
20641 56581 09059 10095 44387 09059
88555 67372 27021
77074 10084 41826 77140 08579 40915=
TTDD 5500/ 48698
11961 77160 22936 69767 33847 73964 44768 69969 55684
73566 66653 64776 77634 63176 88555 67372 99450 67573
11386 60978 22347 62376 33337 59979 44303 63576 55269
56581 66236 54582 77214 57579 88173 50584 99149 51983
11125 46386 22077 43588 33068 39191 44063 41390 55051
35793
21212 11936 27511 22907 28017 33859 27025 44825 25516
55804 27507 66789 29510 77714 28010 88693 29511 99673
28001 11664 25010 22635 27033 33562 27520 44528 25530
55473 27035 66441 25028 77392 25512 88387 27010 99382
30508 11375 35513 22366 02519 33349 04525 44338 07534
55314 09040 66300 10035 77291 09038 88267 10063 99252
10555 11228 07552 22200 09059 33140 08579 44101 09058
55088 10063 66074 10084 77069 09560 88065 09558 99061
09576 11054 12045 22051 13049=
