sing20170716.00
TTAA 66001 48698
99008 27636 21504 00092 26836 20012 92777 21212 19026
85508 18456 23025 70148 08435 27519 50586 04727 31010
40758 14750 07518 30969 30348 10028 25096 40956 08034
20243 53956 07552 15422 67359 05564 10658 71566 30018
88111 80949 09044
77142 06067 40337=
TTCC 66001 48698
70868 70170 28022 50070 64176 25530 30385 58579 07046
20644 54981 08562 10095 49185 09552
88999
77077 08599 45120 77119 09569 42624 77211 08063 41517=
TTDD 6600/ 48698
11867 75362 22772 70369 33732 71967 44715 69770 55637
71768 66598 66575 77529 67174 88517 64176 99443 62777
11404 65175 22326 58979 33225 53782 44199 54981 55168
49784 66135 51983 77105 47985 88093 49385 99082 45587
11073 46786 22063 41990 33061 36593
21212 11951 30016 22850 25522 33822 29519 44802 30515
55792 29012 66780 27017 77731 27536 88701 28023 99669
25015 11631 23512 22608 25023 33589 23532 44569 24521
55532 21011 66519 24518 77501 25530 88423 31533 99402
32028 11382 02513 22377 05015 33352 05519 44331 08532
55300 07045 66275 09057 77259 09546 88211 08063 99143
10543 11119 09569 22095 09541 33086 07549 44077 08599
55065 07575 66061 08083=
