sing20170706.00
TTAA 56001 48698
99009 26828 16001 00099 26835 14005 92785 23256 14519
85520 19250 19010 70162 09056 20007 50588 06312 32005
40759 15914 06009 30970 30726 08034 25096 41335 09532
20244 54548 09536 15421 68750 06568 10659 72563 27520
88120 75759 04527
77152 06569 44030=
TTCC 56001 48698
70869 66372 28013 50071 64575 27529 30385 58378 09056
20642 54381 09562 10096 49784 08566
88999
77062 08591 41653=
TTDD 5600/ 48698
11881 74562 22697 66373 33590 70969 44479 62976 55447
65374 66315 60978 77307 57580 88288 59778 99259 56180
11234 58579 22174 49184 33146 47185 44103 49984 55089
44587 66063 41190 77061 38992 88060 34393 99052 28995
11047 29195
21212 11970 27022 22906 29523 33880 31018 44842 00518
55796 04513 66784 06010 77771 17501 88723 34510 99706
29011 11689 27517 22593 27045 33558 26028 44525 26036
55471 31023 66439 30033 77412 30015 88395 28021 99382
30016 11377 32010 22372 00507 33367 05510 44359 08521
55343 10042 66304 09055 77268 10555 88247 07058 99216
09565 11157 09574 22126 09560 33106 08569 44072 09584
55067 09074 66062 08591 77057 07543 88052 08029 99048
12026 11047 10027=
