sing20170715.12
TTAA 65121 48698
99007 28647 20004 00085 27844 19009 92772 22419 22018
85505 19058 28024 70146 08413 21513 50586 04919 34508
40758 15525 08519 30970 29557 08031 25097 39762 09036
20246 52768 07548 15425 68141 06561 10659 71963 30506
88109 81343 11549
77131 07071 41449=
TTCC 65121 48698
70869 70568 28034 50070 64975 22514 30384 60377 07539
20643 52581 08562 10104 40587 10551
88851 75361 26021
77079 08570 42421 77194 09065 41203=
TTDD 6512/ 48698
11851 75361 22742 68570 33686 70968 44614 67971 55569
71369 66546 67772 77517 69771 88500 64975 99418 62975
11410 63575 22306 61776 33262 54980 44244 55779 55182
50182 66170 50781 77142 44185 88092 40387 99087 43985
11080 44985 22070 37789 33059 44385 44051 38788
21212 11976 28019 22920 29024 33820 25014 44791 28013
55779 28008 66719 27029 77699 28034 88662 31515 99634
31506 11613 25515 22590 24522 33569 26027 44532 30010
55520 01501 66503 21010 77495 23520 88472 25030 99434
25027 11423 23515 22402 31010 33381 32015 44366 03008
55361 04510 66333 05032 77310 08036 88246 09064 99224
09052 11194 09065 22149 09547 33144 08557 44135 08549
55129 09064 66124 09549 77117 09053 88108 12044 99086
10042 11079 08570 22070 07061 33067 07555 44058 07069
55052 07547 66051 07549=
