sing20170704.12
TTAA 54121 48698
99006 30858 19005 00076 29857 20004 92766 23641 17506
85502 19456 21008 70148 10450 16511 50588 04561 06503
40760 14958 11512 30971 30757 07529 25097 40759 08044
20245 52561 07062 15425 66162 09041 10662 78757 04508
88999
77174 06571 41038=
TTCC 54121 48698
70869 70969 23522 50069 64577 27016 30383 60378 09044
20642 51983 08052 10098 44389 08055
88936 80350 35007
77059 08085 411// 77124 09572 41015=
TTDD 5412/ 48698
11936 80350 22844 72167 33801 74565 44746 70969 55656
71769 66537 71171 77496 64376 88459 66774 99385 61978
11353 64776 22335 63378 33323 57581 44292 60978 55257
54383 66179 48386 77149 50384 88124 45189 99090 43190
11084 44989 22069 37992 33061 39991 44055 37992
21212 11944 01510 22870 05513 33859 05010 44845 35004
55820 30010 66719 24023 77685 23022 88657 25512 99649
29007 11641 29010 22629 27018 33614 27527 44587 28017
55557 26529 66511 27518 77496 27015 88468 23517 99417
26027 11401 26517 22391 25014 33375 25012 44373 25010
55358 32002 66346 03010 77341 06014 88330 08528 99323
08539 11280 08553 22260 10562 33249 11553 44225 09044
55216 08046 66175 08570 77135 09058 88124 09572 99114
09553 11110 09063 22099 08052 33094 08564 44083 08554
55073 08585 66067 08572 77059 08085 88055 08059=
