sing20170730.12
TTAA 80121 48698
99006 30856 20504 00075 29850 13005 92766 23003 17011
85501 19241 19510 70147 11258 24005 50588 05159 12015
40760 13964 10019 30972 31359 12029 25098 40362 08523
20246 52958 08535 15426 65143 07069 10663 75961 11529
88114 77758 07581
77117 07584 420//=
TTCC 80121 48698
70871 72367 27028 50072 67373 28022 30384 59979 10054
20643 51983 09065 10098 47586 09058
88999
77061 08582 433// 77274 09068 42706=
TTDD 8012/ 48698
11928 75562 22886 71965 33793 75962 44717 74765 55647
68572 66615 69970 77526 66174 88473 67973 99433 61778
11372 65175 22325 64376 33288 57780 44272 59379 55252
54982 66172 48585 77156 49385 88099 47586 99066 40991
11055 41591 22053 38792
21212 11955 14016 22938 18510 33922 24015 44904 26525
55862 27035 66751 26030 77633 27519 88599 32515 99589
32013 11576 28512 22566 29009 33547 27518 44513 28025
55467 29514 66454 27515 77407 28010 88397 26005 99361
12508 11358 11011 22322 08541 33314 09551 44304 10053
55274 09068 66188 10052 77163 07548 88143 08561 99118
10048 11107 09063 22095 08553 33082 09565 44075 11563
55067 09081 66061 08582 77053 08567=
