sing20170703.00
TTAA 53001 48698
99009 26424 32506 00104 25231 30512 92788 21602 31505
85519 16800 04003 70155 07600 14006 50587 05156 13018
40759 14764 14016 30970 31161 10022 25097 41558 09019
20244 53928 07043 15423 68357 08543 10658 72563 05006
88115 79746 06024
77999=
TTCC 53001 48698
70868 70369 25534 50072 67972 29034 30384 57579 08548
20640 53382 10061 10095 39990 08073
88490 68372 29529
77119 09081 41909 77066 09080 42862=
TTDD 5300/ 48698
11924 76160 22912 72763 33879 71566 44841 72565 55810
68969 66674 71168 77629 68572 88617 63177 99608 62777
11490 68372 22403 67573 33371 61778 44339 62976 55328
61978 66317 56781 77268 60378 88206 53182 99166 54581
11089 37591 22071 43188 33062 32194 44055 35793 55044
28795
21212 11952 28510 22914 31513 33891 30015 44877 29012
55830 33503 66764 32011 77730 27022 88703 25535 99667
28021 11642 25520 22621 25518 33537 27041 44480 30524
55392 25005 66382 24010 77373 23011 88364 17011 99346
13015 11317 09047 22275 08060 33262 08051 44246 06557
55213 09069 66204 10062 77174 09559 88146 09581 99128
10062 11119 09081 22102 08577 33090 08049 44073 08056
55066 09080 66059 10533 77057 13023 88055 17514 99054
17513 11053 14018 22051 12534 33050 14526 44048 12519
55047 13518 66046 11025 77045 10547 88044 11034=
