USSR01 WSSS 030000
TTAA  53001 48698
99005 24821 03003 00076 24824 32006 92756 22240 28012
85490 18238 27519 70132 10050 26006 50585 05114 21006
40757 15333 13002 30968 30561 04510 25095 40564 07516
20243 53350 08523 15421 69157 07041
88999
77999
31313 73508 82337=



UKSR01 WSSS 030000
TTBB  53008 48698
00005 24821 11984 25044 22804 15227 33705 10450 44570 00004
55496 05315 66437 11705 77424 11930 88377 18129 99370 18950
11351 21924 22309 28956 33302 30161 44260 38359 55251 40563
66237 43963 77222 47956 88175 60938 99159 65956 11102 87750
21212 00005 03003 11988 31010 22930 27514 33920 29012 44831
26018 55759 26518 66746 24516 77719 25014 88707 27006 99688
26508 11677 23010 22661 23008 33653 25012 44639 24008 55628
27008 66623 24008 77605 19010 88595 22508 99573 25004 11568
23008 22550 24512 33526 23508 44514 24504 55507 22004 66494
21006 77482 18008 88475 21010 99460 24008 11452 21008 22446
23506 33433 21510 44416 29504 55410 22002 66407 05502 77404
01502 88400 13002 99392 10004 11388 18502 22382 18502 33378
27502 44372 34002 55366 08502 66355 13004 77349 11506 88337
13004 99331 07502 11318 04008 22289 04010 33266 10010 44258
10012 55249 07018 66227 09521 77131 06539 88102 07547
31313 73508 82337
41414 28478=



ULSR01 WSSS 030000
TTCC  5300/ 48698
88999
77999
31313 73508 82337=



UESR01 WSSS 030000
TTDD  5300/ 48698
31313 73508 82337=
