USSR01 WSSS 110000
TTAA  61001 48698
99007 26024 03504 00090 25416 35504 92774 21213 10006
85506 16601 12508 70139 08211 12010 50586 04144 15521
40758 14159 14523 30970 29965 13518 25097 40564 11016
20245 52959 11023 15424 68957 10533 10655 86746 11556
88999
77999
31313 73508 82353=



UKSR01 WSSS 110000
TTBB  61008 48698
00007 26024 11894 18602 22614 03004 33552 01122 44549 00958
55536 00962 66520 02562 77519 02564 88516 02758 99501 04150
11497 04157 22491 05133 33469 07156 44439 10536 55399 14159
66360 19759 77345 21965 88287 31568 99228 45168 11198 53759
22100 86746
21212 00007 03504 11985 35508 22955 08006 33944 05506 44927
10006 55901 09006 66888 11008 77825 16010 88800 12514 99782
12014 11769 15008 22748 13506 33742 18502 44734 11004 55732
10506 66718 15008 77689 09512 88657 14014 99607 15529 11532
14529 22523 16027 33496 15023 44489 16523 55463 15023 66428
16023 77400 14523 88383 15021 99376 13518 11357 14018 22333
11019 33291 15016 44251 11516 55232 13010 66193 10023 77167
11529 88135 10047 99100 11556
31313 73508 82353
41414 38432=



ULSR01 WSSS 110000
TTCC  61001 48698
70857 73367 30523 50061 61583 27525 30380 54985 29521
20638 56185 24523 10088 47987 26031
88946 88542 11558 
77914 10562 40893
31313 73508 82353=



UESR01 WSSS 110000
TTDD  6100/ 48698
11946 88542 22924 88543 33912 86157 44879 86948 55870 86750
66852 81160 77841 76963 88804 71365 99684 73767 11655 72569
22645 69372 33615 69572 44584 63580 55535 60784 66466 63183
77387 62183 88365 58184 99273 53585 11211 58784 22197 54785
33174 50586 44160 51786 55154 49386 66122 53185 77108 51586
88105 49586 99094 48187 11087 48387 22081 46387 33072 44188
44064 45787 55047 34797
21212 11914 10562 22874 10053 33846 12521 44827 18006 55820
27006 66807 29521 77767 29031 88664 32525 99636 30012 11615
30010 22581 22021 33566 21527 44497 28027 55476 28025 66419
23025 77397 27019 88350 24519 99318 29021 11268 30523 22248
26518 33225 24016 44197 24525 55183 27523 66147 25023 77092
26529 88083 23531 99079 15018 11071 18023 22070 20021 33069
19519 44065 15531 55061 11539 66057 10025 77056 11021 88049
09574 99047 09072
31313 73508 82353=
