USSR01 WSSS 281200
TTAA  78111 48698
99009 27658 06509 00113 26857 01514 92794 20813 34512
85528 17617 29012 70168 09014 28523 50589 06164 35010
40760 16328 36016 30971 30542 10029 25098 41136 10539
20245 53557 12551 15423 69157 13062 10655 76959 10041
88113 82356 10593
77111 10101 44895
31313 73508 81042=



UKSR01 WSSS 281200
TTBB  78118 48698
00009 27658 11942 21632 22814 16230 33772 12207 44734 10218
55722 10821 66688 08009 77652 07244 88580 01450 99555 00760
11548 01561 22543 01956 33530 03356 44523 04156 55517 04366
66488 06959 77455 09962 88410 15724 99391 16737 11309 28750
22273 36319 33254 40328 44243 42948 55238 43960 66234 44764
77221 48163 88214 49757 99176 60550 11164 64557 22113 82356
33100 76959
21212 00009 06509 11993 36014 22953 01014 33922 35012 44900
31512 55885 26508 66851 28512 77823 26518 88792 27518 99780
26516 11752 28016 22741 27018 33726 29021 44700 28523 55669
31018 66618 28516 77607 30012 88597 28512 99554 30010 11547
29008 22538 32008 33522 34512 44493 34508 55480 01508 66463
00518 77428 02018 88402 35516 99396 02016 11373 04506 22361
10508 33324 09525 44221 11054 55157 12066 66146 13058 77138
13058 88111 10101 99100 10041
31313 73508 81042
41414 38432=



ULSR01 WSSS 281200
TTCC  78111 48698
70864 70569 25531 50062 68575 30523 30375 61383 27512
20632 53585 28541 10089 44788 01014
88628 74768 25523 
77999
31313 73508 81042=



UESR01 WSSS 281200
TTDD  7811/ 48698
11865 76961 22844 73165 33749 73166 44739 69170 55628 74768
66600 71171 77576 72769 88390 61783 99309 61983 11276 57984
22238 58784 33189 53585 44177 49986 55151 47187 66141 48387
77123 46987 88113 43388 99093 47987 11078 49586 22075 47587
33074 45587 44070 45787 55067 45987 66064 42188 77062 39989
88055 40789
21212 11957 09019 22925 02519 33839 03006 44829 31006 55823
28510 66789 25523 77729 23531 88707 25531 99656 26035 11615
24512 22572 25004 33568 17004 44553 11508 55544 03504 66530
33512 77496 30025 88439 28519 99411 25514 11310 25518 22299
27512 33291 30018 44277 30533 55265 31031 66251 28539 77190
27533 88175 27545 99154 26547 11140 27533 22129 26045 33124
24035 44110 28508 55109 24502 66108 14004 77106 11006 88105
07010 99101 00518 11100 01014 22088 32506 33086 18502 44082
17512 55076 10033 66070 05041 77068 06543 88065 08560 99064
09572 11055 11556
31313 73508 81042=
