USSR01 WSSS 021200
TTAA  52111 48698
99003 26839 03502 00062 26635 02004 92747 21809 32008
85478 18026 29510 70116 10441 32006 50584 04512 29506
40757 14322 28004 30969 29333 00000 25096 40341 03506
20245 52758 07016 15424 68558 10035 10654 84556 09031
88999
77999
31313 73508 81044=



UKSR01 WSSS 021200
TTBB  52118 48698
00003 26839 11932 22009 22873 19436 33749 12212 44718 11442
55585 01214 66489 05312 77396 14723 88290 31136 99258 38335
11223 46160 22188 56156 33170 61560 44121 79550 55112 83547
66100 84556
21212 00003 03502 11988 30506 22963 30008 33913 33510 44831
27512 55797 29012 66785 28014 77741 29510 88732 28510 99722
24006 11714 30004 22703 32006 33689 32010 44679 28504 55673
34504 66659 33502 77654 30004 88633 31006 99628 33506 11611
35008 22603 31506 33597 34008 44589 31008 55583 32008 66579
30008 77561 28004 88558 32004 99546 23504 11538 31008 22532
25508 33527 27510 44501 29006 55489 26504 66482 31006 77473
28002 88450 28004 99437 25510 11425 26508 22414 24006 33397
28504 44390 19506 55382 22008 66374 21006 77365 25504 88360
21504 99337 24504 11330 22004 22318 26502 33310 25002 44307
22002 55304 33502 66301 33502 77298 11002 88291 05502 99287
08002 11283 02002 22275 03504 33270 35504 44263 01006 55254
07004 66248 03006 77241 13004 88229 06504 99206 06018 11184
11516 22107 08553 33100 09031
31313 73508 81044
41414 12478=



ULSR01 WSSS 021200
TTCC  5211/ 48698
88999
77999
31313 73508 81044=



UESR01 WSSS 021200
TTDD  5211/ 48698
11956 85943
21212 11980 10029 22956 08527
31313 73508 81044=
