USSR01 WSSS 091200
TTAA  59111 48698
99004 27450 02004 00069 27048 01004 92756 21202 27512
85486 16409 28010 70123 10444 21516 50585 05315 21012
40757 14328 13010 30969 29344 13514 25097 39939 08516
20245 53334 09016 15423 69549 09025 10654 86539 10062
88999
77999
31313 73508 81040=



UKSR01 WSSS 091200
TTBB  59118 48698
00004 27450 11956 23216 22853 16803 33748 11617 44710 11256
55626 04413 66572 00207 77547 00037 88511 04318 99422 11928
11352 20727 22287 31548 33204 51933 44141 72756 55100 86539
21212 00004 02004 11990 32506 22973 32504 33935 27510 44891
30012 55877 28008 66859 30510 77852 28510 88805 27012 99792
28516 11780 26516 22733 25512 33701 21516 44688 22514 55673
20010 66634 24504 77626 33004 88609 26508 99589 20508 11581
21510 22574 17510 33564 17010 44551 22010 55541 19510 66499
21014 77484 20012 88471 16514 99457 17012 11441 23010 22418
17512 33410 12512 44382 14010 55378 11508 66372 13512 77351
11516 88329 13016 99316 12014 11301 14014 22295 10014 33273
10516 44265 09016 55144 08527 66119 09556 77100 10062
31313 73508 81040
41414 48478=



ULSR01 WSSS 091200
TTCC  59111 48698
70859 68964 23525 50061 61772 29008 30378 57769 29018
20636 53970 23029 10087 48787 30547
88984 87138 10064
77990 10064 40859
31313 73508 81040=



UESR01 WSSS 091200
TTDD  5911/ 48698
11984 87138 22922 86739 33913 86536 44902 82157 55896 78558
66811 76757 77720 71362 88710 68564 99618 70567 11570 70368
22530 63572 33512 61572 44464 63371 55320 56971 66254 57169
77221 53571 88193 54170 99149 47974 11132 49974 22100 48787
33078 43588 44067 43188
21212 11990 10064 22905 08554 33870 09021 44810 17504 55805
28002 66800 30506 77756 28006 88725 21504 99698 23525 11600
26018 22555 25012 33544 23510 44520 23010 55501 29008 66478
30010 77465 28014 88422 29525 99391 28527 11349 30027 22318
28019 33306 29019 44255 22016 55224 25525 66197 23027 77187
25521 88170 24023 99154 26025 11142 25033 22123 24516 33121
30016 44117 31519 55100 30547 66091 31539 77083 29019 88079
25516 99077 25510 11076 22008 22075 21504 33074 32006 44072
02514 55067 11521
31313 73508 81040=
