USSR01 WSSS 031200
TTAA  53111 48698
99003 28856 31003 00060 28456 26010 92751 22843 27514
85484 18638 27021 70120 09842 25519 50585 05509 20012
40758 14148 22012 30969 29756 07014 25097 40128 12016
20245 52742 08523 15424 68159 05029
88999
77999
31313 73508 81046=



UKSR01 WSSS 031200
TTBB  53118 48698
00003 28856 11935 23235 22757 12630 33650 07250 44538 02113
55408 13340 66351 21720 77339 22757 88322 25761 99277 34333
11223 46756 22197 53734 33158 65359 44112 83556
21212 00003 31003 11983 26506 22955 28010 33824 27019 44804
24516 55788 26518 66772 24016 77763 25518 88746 24525 99708
26521 11694 25018 22681 26019 33657 24018 44646 26019 55636
24521 66621 26014 77553 23510 88540 24510 99527 21008 11504
20012 22485 22516 33474 21016 44442 24018 55417 23514 66398
21510 77381 22012 88351 17008 99342 22504 11341 21504 22338
14004 33331 13504 44315 09008 55290 05512 66256 12014 77187
08523 88171 05027 99154 05027 11130 07539 22119 07547 33112
07545
31313 73508 81046
41414 11478=



ULSR01 WSSS 031200
TTCC  5311/ 48698
88999
77999
31313 73508 81046=



UESR01 WSSS 031200
TTDD  5311/ 48698
31313 73508 81046=
