sing20130708.00
TTAA  58001 48698
99007 28856 21502 00076 28642 14003 92765 22413 15014
85497 19056 18014 70135 08457 18507 50585 04759 10008
40757 15357 08518 30968 30563 09519 25095 40961 09524
20243 53361 11021 15422 67761 07513 10655 82360 07042
88999
77999=
TTCC  58001 48698
70861 685// 04523 50068 581// 26025 30393 519// 26037
20653 523// 25529 10109 439// 31527
88947 83959 07051
77999=
TTDD  5800/ 48698
11964 83559 22947 83959 33904 803// 44841 721// 55738
689// 66664 641// 77603 661// 88562 637// 99542 605//
11516 603// 22510 593// 33500 581// 44465 597// 55447
575// 66363 535// 77298 519// 88268 539// 99248 557//
11215 539// 22210 531// 33195 517// 44141 487// 55132
461// 66111 431// 77086 447// 88067 471// 99059 417//
21212 11938 07052 22835 12529 33739 03517 44673 09509
55640 24508 66591 24518 77572 28013 88512 24515 99489
26527 11459 31018 22443 25516 33422 26510 44403 22009
55353 27527 66320 26036 77260 26550 88183 24027 99164
26011 11130 25531 22119 28537 33115 30026 44107 30533
55098 34018 66096 01515 77085 14512 88082 22012 99078
24007 11077 27510 22066 02505 33064 08010 44063 05012
55059 14007=
