sing20130715.12
TTAA  65121 48698
99006 29850 29003 00068 29658 27501 92757 23857 26011
85493 19859 25019 70135 08236 27011 50584 06115 18023
40756 16323 23515 30966 30923 09534 25092 41727 08029
20240 53537 05551 15418 68542 05069 10653 737// 07571
88114 79747 08082
77122 06584 42419=
TTCC  65121 48698
70865 701// 22503 50070 569// 25017 30391 541// 26524
20656 497// 28511 10112 489// 27007
88999
77999=
TTDD  6512/ 48698
11946 659// 22937 657// 33859 689// 44846 697// 55831
703// 66758 711// 77680 699// 88596 671// 99576 649//
11563 641// 22556 633// 33550 621// 44448 599// 55443
603// 66410 609// 77407 605// 88397 593// 99355 569//
11351 567// 22321 567// 33309 549// 44305 545// 55298
539// 66258 489// 77240 495// 88232 499// 99171 513//
11157 477// 22153 461// 33114 477// 44103 489// 55088
517// 66075 499// 77074 489// 88073 479// 99069 475//
11062 451// 22057 395// 33053 407// 44049 407//
21212 11957 09032 22858 21508 33840 24513 44754 11503
55740 03506 66684 25510 77643 20504 88633 13507 99603
14515 11559 08010 22464 30021 33375 22530 44292 27529
55262 23515 66192 30010 77141 26516 88108 17013 99098
30515 11083 34528 22077 32508 33073 03516 44069 10512
55059 08012 66049 06052=
