sing20130721.00
TTAA  71001 48698
99005 28447 19003 00060 28438 19501 92749 23030 19507
85483 18425 27518 70124 10064 28030 50585 05150 24008
40757 15950 05511 30967 31750 07528 25094 41150 05538
20241 53957 06042 15420 67559 10548 10653 723// 06524
88105 83357 08530
77999=
TTCC  71001 48698
70865 701// 22007 50070 593// 30522 30394 525// 25535
20655 511// 26527 10112 471// 29026
88999
77999=
TTDD  7100/ 48698
11985 725// 22898 709// 33861 689// 44756 705// 55719
695// 66669 711// 77653 693// 88600 627// 99490 579//
11434 577// 22416 569// 33337 545// 44320 531// 55271
557// 66257 545// 77220 513// 88193 487// 99150 475//
11088 457// 22074 409// 33061 383// 44058 393//
21212 11972 05023 22943 01517 33901 33520 44871 31007
55818 25507 66791 23504 77779 26004 88731 25012 99696
21006 11621 31023 22592 32530 33555 33018 44498 30022
55475 28517 66453 27025 77439 28018 88413 28536 99368
27024 11291 25536 22267 27540 33199 26025 44195 24532
55167 23040 66140 26038 77128 28036 88104 28026 99089
32031 11081 33522 22080 36016 33078 34010 44077 04519
55075 30012 66073 31014 77069 ///// 88068 06022 99067
07028 11064 09014 22063 08008 33062 15508 44061 11004
55060 17511 66058 12014=
