sing20130723.12
TTAA  73121 48698
99005 31257 18006 00056 31859 20502 92749 24250 18511
85485 18826 21011 70126 11065 27520 50585 05558 13515
40757 14959 10526 30968 28963 06537 25096 39560 04538
20244 51761 06056 15424 67960 06060 10657 803// 07542
88105 82959 06044
77181 06065 41505=
TTCC  73121 48698
70865 725// 31508 50068 595// 26019 30392 529// 26032
20656 509// 28544 10111 457// 28015
88999
77999=
TTDD  7312/ 48698
11970 771// 22958 767// 33921 757// 44847 739// 55825
729// 66765 715// 77737 727// 88635 713// 99627 695//
11612 695// 22553 629// 33534 611// 44528 609// 55497
593// 66475 605// 77449 589// 88390 553// 99382 543//
11359 559// 22346 543// 33334 529// 44323 539// 55318
533// 66312 523// 77283 535// 88254 489// 99248 477//
11245 477// 22230 501// 33188 517// 44178 507// 55162
479// 66150 493// 77132 483// 88111 473// 99098 451//
11072 407// 22058 435// 33057 437// 44053 407// 55052
409//
21212 11928 11027 22860 17001 33830 05511 44816 06017
55789 29006 66682 32508 77659 11505 88615 04017 99562
12512 11546 18516 22520 19508 33481 26532 44342 28518
55332 26529 66222 28038 77162 26038 88112 29525 99097
27022 11081 31516 22076 04013 33058 10032 44057 11039
55055 09519 66053 11014 77052 09520=
