sing20130716.00
TTAA  66001 48698
99007 27050 36001 00073 27440 00000 92761 22425 14509
85493 18657 19005 70141 10457 26511 50586 05915 18522
40757 16313 07519 30967 31336 07024 25094 41726 05032
20241 54726 05046 15419 69120 07060 10653 687// 07532
88115 79907 08073
77105 06581 41399=
TTCC  66001 48698
70865 705// 14510 50072 581// 23016 30396 559// 30526
20656 503// 24010 10112 501// 24008
88999
77999=
TTDD  6600/ 48698
11990 673// 22858 699// 33811 723// 44802 727// 55776
707// 66768 713// 77757 717// 88748 721// 99654 697//
11629 687// 22608 667// 33586 607// 44571 591// 55533
555// 66470 577// 77443 587// 88427 575// 99421 573//
11398 561// 22371 541// 33321 537// 44305 553// 55302
557// 66239 531// 77224 519// 88213 507// 99194 497//
11154 471// 22143 451// 33130 471// 44121 489// 55112
501// 66081 393// 77079 381// 88075 409// 99071 427//
11061 409// 22056 283// 33055 279//
21212 11946 00000 22925 26009 33869 24528 44759 20509
55712 12512 66680 17009 77582 01506 88556 16508 99492
23014 11383 26020 22371 29021 33337 26019 44316 30019
55251 20515 66213 24509 77171 24505 88163 20505 99158
28506 11133 21513 22124 27515 33111 20504 44096 26012
55082 20517 66069 23519 77064 32506 88059 02012 99058
35011 11057 03024 22055 06530=
