sing20130702.00
TTAA  52001 48698
99005 28256 25002 00061 28437 25503 92750 22817 24509
85484 18848 28012 70124 09250 27506 50585 05344 30003
40757 13958 12508 30969 30557 11018 25096 40757 09538
20243 53748 08047 15422 68539 06555 10656 81944 04530
88999
77145 06060 40733=
TTCC  52001 48698
70861 701// 08044 50069 619// 24525 30389 525// 24527
20653 463// 29531 10109 453// 27016
88968 82747 05033
77999=
TTDD  5200/ 48698
11968 82747 22925 825// 33895 781// 44883 781// 55830
755// 66819 747// 77771 737// 88711 717// 99679 661//
11644 593// 22594 605// 33587 611// 44564 617// 55501
619// 66478 587// 77437 603// 88415 617// 99408 615//
11386 601// 22328 579// 33321 559// 44305 539// 55294
515// 66224 503// 77208 491// 88200 463// 99179 499//
11128 487// 22119 469// 33110 459// 44095 443// 55086
403// 66079 369// 77074 397// 88070 413// 99059 423//
11055 387// 22052 371// 33051 371//
21212 11930 06038 22857 09022 33760 07533 44717 08546
55635 08505 66625 31002 77616 27508 88569 25022 99430
29527 11365 25029 22280 26542 33271 28542 44205 30034
55175 27522 66169 27535 77140 30518 88128 26514 99111
29019 11098 26007 22095 30014 33086 33011 44081 24021
55074 07501 66073 07508 77072 22006 88069 26518 99067
25524 11061 31518 22059 28027 33056 31513 44055 34514
55053 01018 66051 04012=
