sing20130703.00
TTAA  53001 48698
99006 26850 30002 00068 26426 25504 92754 21813 25009
85487 19032 27514 70129 09440 29507 50585 05530 12009
40757 15536 07517 30968 29957 09024 25095 40160 08027
20243 52956 06025 15422 68947 06536 10654 84159 05038
88999
77999=
TTCC  53001 48698
70862 599// 14520 50070 637// 28531 30390 557// 26533
20653 499// 28032 10110 439// 30510
88969 85559 06037
77797 07563 42568=
TTDD  5300/ 48698
11986 84760 22969 85559 33951 855// 44933 835// 55892
791// 66847 759// 77826 753// 88765 693// 99757 687//
11753 683// 22719 597// 33644 633// 44615 615// 55528
633// 66472 653// 77460 645// 88423 595// 99398 577//
11362 547// 22288 547// 33277 537// 44273 533// 55263
533// 66232 507// 77215 485// 88193 511// 99182 501//
11167 489// 22156 477// 33146 461// 44129 475// 55098
433// 66086 423// 77080 401// 88072 439// 99070 449//
11061 395// 22057 411// 33050 337// 44047 351//
21212 11900 08540 22797 07563 33704 14519 44624 24020
55499 28531 66453 32022 77439 00506 88432 00505 99418
29015 11391 28531 22379 29031 33192 30026 44157 26018
55131 28033 66126 28530 77115 30523 88097 28507 99093
12007 11091 23008 22083 17508 33082 26514 44078 21035
55072 25034 66069 21506 77067 33011 88064 28010 99062
31511 11058 04522 22052 07034 33048 09034 44047 10538=
