sing20160226.00
TTAA 76001 48698
99011 26231 06505 00120 25430 03012 92804 20618 04525
85531 16428 03023 70172 09844 21001 50590 04159 22001
40763 15142 10506 30974 29166 11021 25102 38969 24504
20251 51567 26522 15431 65558 29040 10667 81550 20021
88999
77999=
TTCC 76001 48698
70866 80960 13015 50062 71969 18520 30374 54383 23023
20636 52984 25038 10083 46389 10554
88921 83350 07510
77071 08572 41814=
TTDD 7600/ 48698
11921 83350 22847 83956 33713 81958 44673 75764 55588
73567 66572 73966 77443 70971 88425 64977 99386 64577
11385 64577 22374 65376 33281 51585 44266 53583 55238
50386 66158 57382 77142 51186 88117 53584 99101 45989
11092 48387 22075 47189 33073 41191 44067 39392 55065
39991 66052 32994
21212 11958 16512 22906 03512 33884 00515 44850 34021
55725 08503 66701 13015 77679 19018 88669 19516 99651
17512 11576 18025 22560 16020 33539 19516 44501 18520
55469 13526 66449 12519 77437 07513 88399 04015 99380
07014 11373 06014 22364 01511 33358 01010 44327 29504
55322 25010 66313 23021 77282 24534 88255 23535 99235
26037 11203 25038 22191 24541 33169 23535 44155 26532
55147 25520 66143 29018 77135 28010 88133 33002 99130
03510 11122 01026 22119 02028 33109 07525 44106 07033
55096 11560 66093 11557 77086 08551 88071 08572 99060
08060 11052 09560=
