sing20160223.12
TTAA 73121 48698
99008 28856 07007 00097 27650 03513 92784 21610 01514
85516 17816 00508 70158 10012 34009 50589 04359 05508
40762 14158 14509 30974 29560 12517 25101 39566 11524
20250 51963 10528 15431 65358 29023 10666 80757 13011
88999
77999=
TTCC 73121 48698
70868 79561 20513 50065 71768 33520 30375 63176 22013
20630 53381 31007 10086 42987 06029
88903 83356 15518 88302 63375 22014
77999=
TTDD 7312/ 48698
11903 83356 22756 77162 33694 79561 44671 73565 55642
71568 66569 74166 77468 72169 88426 67173 99404 68372
11348 58779 22302 63375 33286 59978 44267 61577 55195
51382 66168 53381 77139 50183 88136 45186 99122 47184
11107 42787 22073 39389 33072 39589
21212 11872 15518 22849 16524 33798 19512 44780 17508
55763 19510 66750 21517 77733 21520 88689 19510 99677
25001 11666 31010 22650 32022 33573 31035 44525 30025
55483 35016 66471 03010 77465 05011 88436 06020 99414
09029 11399 08525 22382 05531 33371 05523 44365 07514
55360 12510 66354 18012 77350 20515 88318 23013 99295
21514 11287 24518 22262 26022 33258 25023 44230 24015
55218 27012 66211 26010 77204 27006 88195 31510 99184
33010 11163 31519 22157 30517 33148 32017 44140 30512
55135 20010 66123 03505 77120 05510 88116 11014 99111
15014 11110 14514 22108 10019 33099 05529 44093 06036
55091 07040 66084 10531 77072 10548 88072 10548=
