sing20160224.12
TTAA 74121 48698
99010 26221 07003 00108 25219 04007 92790 21020 03519
85523 18221 02016 70165 09001 01514 50588 05105 04507
40761 14320 23002 30973 29128 11508 25100 39310 15514
20249 50960 19523 15430 65933 22524 10665 78960 17525
88102 79959 19529
77999=
TTCC 74125 48698
70868 80360 32017 50062 72768 23507 30372 ///// /////
88999
77999=
TTDD 7412/ 48698
11910 80759 22805 78162 33642 79762 44619 74565 55518
72168 66505 72968 77466 67574 88414 69373 99316 62180
11314 62180
21212 11922 15014 22853 07015 33840 07010 44825 01004
55805 30510 66673 31522 77642 31517 88542 26510 99489
22007 11475 17510 22464 14512 33432 12520 44400 13526
55384 11024 66354 14513 77346 16510 88337 20502 99329
28010 11314 32020=
