sing20160225.12
TTAA 75121 48698
99010 28857 06010 00112 27856 02014 92798 21631 02530
85527 16835 02024 70161 08407 05003 50590 03550 04504
40762 14550 11012 30974 28162 11517 25102 38367 19509
20251 51764 28516 15432 66158 28538 10667 80950 18031
88999
77999=
TTCC 75121 48698
70868 82757 04513 50063 72168 21026 30373 59377 35507
20633 47982 26537 10086 49582 08034
88920 83156 15008 88768 82358 35517
77045 09075 430// 77070 09572 42224=
TTDD 7512/ 48698
11920 83156 22839 77962 33768 82358 44697 82758 55674
81560 66661 76563 77617 74765 88491 71369 99460 72568
11386 65175 22374 61177 33341 63375 44322 62976 55311
59178 66235 54779 77233 54979 88207 47983 99179 46983
11157 51381 22129 52380 33122 49582 44097 48383 55094
48783 66090 44185 77073 41186 88068 35790 99062 34590
11049 36789 22044 31592
21212 11923 15010 22898 00000 33883 01010 44865 02518
55848 03018 66779 35519 77765 36015 88746 03513 99715
03015 11687 07010 22640 08001 33609 20511 44558 22530
55473 19022 66457 19522 77440 16513 88435 13509 99432
11510 11408 11019 22387 09514 33378 11513 44369 09511
55360 10512 66327 00510 77317 03010 88292 29002 99272
26010 11200 26537 22172 25046 33153 25035 44138 23525
55128 18020 66125 14015 77123 12516 88117 11026 99111
12524 11104 08533 22101 07533 33094 10543 44082 08054
55073 10066 66070 09572 77065 08552 88056 08073 99053
06564 11049 07559 22045 09075 33044 08570=
