sing20160212.12
TTAA 62121 48698
99007 24839 04004 00086 24848 01013 92774 25860 26006
85511 19656 25008 70155 10456 30011 50588 04906 04515
40761 13949 07519 30973 29159 09022 25101 38968 13520
20250 52161 12539 15429 67360 11544 10662 82756 10572
88101 84350 10575
77102 10076 414//=
TTCC 62125 48698
70869 71767 28540 50064 75365 29516=
TTDD 6212/ 48698
11946 80959 22912 75163 33852 77563 44834 73965 55785
72367 66731 69969 77639 75164 88554 76763 99500 75365
11473 70570 22454 72169
21212 11939 10048 22904 11528 33862 14020 44833 12017
55803 14015 66795 15510 77778 23004 88764 26510 99733
27535 11693 28541 22646 28535 33631 27030 44569 25042
55542 26030 66519 29524 77498 29515 88481 20002 99454=
