sing20160218.00
TTAA 68001 48698
99011 26233 02003 00116 25430 01005 92798 20821 05016
85528 18060 07014 70168 09656 09021 50590 04160 11017
40762 14764 08520 30974 29367 08517 25101 39570 09015
20250 52164 07019 15429 68150 09533 10666 78161 04006
88999
77999=
TTCC 68001 48698
70868 76963 24019 50063 71170 27524 30374 59378 25023
20630 51382 28026 10082 49183 05562
88839 82958 28506 88117 53380 12011
77084 09576 43714=
TTDD 6800/ 48698
11839 82958 22759 79762 33743 76564 44708 77563 55406
67973 66389 64776 77364 65975 88318 59778 99256 58179
11249 55580 22225 56979 33213 56779 44186 52781 55148
46784 66117 53380 77059 38589
21212 11974 15501 22921 24511 33878 27015 44854 28010
55830 29005 66804 33515 77779 35025 88756 00514 99750
36010 11735 31006 22722 25510 33709 24017 44660 27025
55609 25528 66524 27530 77498 27524 88452 24517 99432
24011 11400 30008 22395 32010 33371 32018 44362 32510
55356 29505 66351 23511 77335 22030 88313 22026 99296
26024 11269 26522 22210 26524 33170 31035 44162 31530
55155 30020 66152 27512 77151 25010 88149 21514 99140
21519 11127 13021 22116 12011 33110 07530 44104 05555
55097 06567 66084 09576 77079 09560 88059 09566=
