  1. 2.2016   0 Uhr

 92.3  -5.0  -1.3   89.7  -0.2  -1.0   87.6   4.8  -1.8   85.0   8.9  -2.4
 80.8   3.0  -4.2   76.9  -1.0  -0.1   70.0  -2.0   1.7   68.4  -2.2   4.7
 67.0   0.5   6.1   64.9   0.9   9.7   50.9  -0.7   1.9   50.0  -3.9   1.4
 49.4  -5.5   1.5   46.9 -10.1   1.8   45.5  -4.4   4.4   45.1  -3.3   3.9
 43.4  -0.5  -0.1   41.4  -2.6  -4.5   40.0  -5.0  -7.2   39.2  -5.1  -3.5
 38.2  -2.5   2.5   37.5   0.4   5.1   36.9   2.6   7.3   35.6   3.3   9.2
 34.2   6.5   6.5   33.1  11.3   1.0   31.8  13.3   1.2   30.0   4.2  -2.0
 29.8   4.2  -2.0   28.7   5.5  -5.5   24.9   5.6  -2.6   24.3   4.9   2.8
 22.8   7.1  10.1   20.8   4.9   8.5   20.0   7.3   2.6   19.7   8.7   0.0
 18.3  12.5  -7.2   17.2  10.7  -5.0   16.4   5.9  -5.0   16.2   5.3  -3.1
 15.7   9.7  -3.5   15.3   9.8  -4.6   15.0   6.3  -5.3   14.8   3.3  -3.9
 14.6  -1.1  -2.3   14.4  -5.1   0.0   13.9  -8.9   5.1   13.7  -7.5   6.3
 12.8  -4.9   8.5   12.3  -9.8   0.0   11.7  -6.5  -1.7   10.3 -19.5  -1.7
 10.0 -17.5   0.0    9.3 -21.5   1.9    8.0 -22.9  -6.1    6.7 -30.7  -2.7
  5.3 -34.3   9.2    5.1 -45.2  12.1    5.0 -45.1   8.0

 99.9   0.0   0.0   90.0  -0.7  -1.1   80.0   2.1  -3.4   70.0  -2.0   1.7
 60.0   0.3   7.2   50.0  -3.9   1.4   45.0  -3.1   3.7   40.0  -5.0  -7.2
 35.0   4.7   8.1   30.0   4.2  -2.0   25.0   5.6  -2.7   22.5   6.8   9.9
 20.0   7.3   2.6   15.0   6.3  -5.3   12.0  -8.1  -0.9   10.0 -17.5   0.0
  8.0 -22.9  -6.1    7.0 -28.8  -3.5    6.0 -32.4   3.0    5.0 -45.1   8.0
  4.0   0.0   0.0
 
  1. 2.2016  12 Uhr

 99.9  -4.3   3.6   98.3  -4.0   4.7   96.2   1.7   6.5   88.6   5.9  12.6
 83.8   5.1   2.4   78.1   1.3   0.8   75.5   0.4   5.1   74.1   2.3   6.3
 72.5   0.9   5.1   70.0  -1.8   1.8   65.8  -0.1  -0.5   60.5   0.5  -5.6
 56.3   5.0  -7.2   53.7   5.9  -4.1   52.3   3.9  -3.3   50.0   4.0   1.1
 45.5  -3.6   3.6   44.8  -4.0   4.0   43.6  -0.9   5.1   42.4   0.5   0.1
 40.6  -3.3  -3.9   38.9  -8.4  -5.9   37.9  -5.0  -1.3   37.2  -1.2   1.7
 36.4   2.6   4.5   35.2   3.6   6.2

 99.9  -4.3   3.6   90.0   5.1  11.4   80.0   2.6   1.3   70.0  -1.8   1.8
 60.0   1.0  -5.8   50.0   4.0   1.1   45.0  -3.9   3.9   40.0  -5.1  -4.6
 35.0   3.8   6.5   30.0   0.0   0.0   25.0   0.0   0.0   22.5   0.0   0.0
 20.0   0.0   0.0   15.0   0.0   0.0   12.0   0.0   0.0   10.0   0.0   0.0
  8.0   0.0   0.0    7.0   0.0   0.0    6.0   0.0   0.0    5.0   0.0   0.0
  4.0   0.0   0.0
 
  2. 2.2016   0 Uhr

 99.9 -19.5  -1.7   93.8 -11.7  -2.1   88.3  -5.1  -0.9   82.5   0.5   0.9
 77.3  -0.9   5.1   75.1  -0.7   8.2   73.4   0.5   5.6   71.3  -0.5   0.1
 70.0  -2.0  -2.4   65.6  -1.8  -4.8   65.2  -2.2  -4.7   60.5   5.6   1.0
 58.9   7.6   4.4   52.3   8.0   4.6   50.0   9.7   0.9   48.0  10.4  -2.8
 46.5   8.9  -2.4   45.6   4.7  -2.2   45.1   2.4  -3.4   44.6   0.9  -5.1
 41.9   0.8  -9.2   40.8  -2.4  -8.9   39.8  -9.3  -4.3   39.1 -12.4  -3.3
 37.5  -5.1   0.4   37.0  -3.3   1.5   33.2   4.7   2.2   31.7   4.7   2.2
 30.5   1.9  -0.9   30.0   3.3   1.5   29.0   2.2   4.7   28.0  -2.2   4.7
 26.7   4.1   7.1   24.0   7.6   9.1   22.9   6.9   6.9   22.2   9.2   0.8
 21.8   8.6  -1.5   21.4  11.6  -4.2   20.0  19.8  -7.2   19.7  20.3  -7.4
 17.5  14.0  -5.1   15.8   8.8  -6.2   14.8   0.6  -6.7   14.6  -0.9  -5.1
 14.3  -0.5   0.1   14.0  -0.4   5.1   13.2   1.1  12.8   12.5  -3.3  12.4
 11.9  -9.7  -0.9   11.8  -9.2  -3.3   11.2  -8.3  -9.9   10.4 -13.3  -1.2
 10.0 -19.5   1.7    8.7 -30.4   5.4    8.4 -28.2   2.5    7.8 -34.3   9.2
  7.2 -44.1   3.9    6.9 -39.6   0.0    6.2 -49.1   8.7

 99.9 -19.5  -1.7   90.0  -7.1  -1.3   80.0  -0.2   2.9   70.0  -2.0  -2.4
 60.0   6.2   2.0   50.0   9.7   0.9   45.0   2.1  -3.7   40.0  -7.9  -5.3
 35.0   0.8   1.9   30.0   3.3   1.5   25.0   6.3   8.3   22.5   8.2   3.4
 20.0  19.8  -7.2   15.0   2.3  -6.6   12.0  -8.7   1.4   10.0 -19.5   1.7
  8.0 -32.2   6.9    7.0 -41.1   1.3    6.0   0.0   0.0    5.0   0.0   0.0
  4.0   0.0   0.0
 
  2. 2.2016  12 Uhr

 99.9 -19.5  -1.7   97.9 -12.3   1.1   95.0  -5.3   7.6   93.6  -2.3   8.4
 84.7   3.2  11.9   75.8  -4.3   5.1   71.8  -4.8  -1.8   70.0  -2.3  -1.1
 69.1  -0.5  -1.5   65.0   5.0  -1.3   59.8   9.2  -0.8   56.7  12.7  -2.2
 54.5   7.1  -4.1   50.0   4.6   5.5   49.6   3.6   6.2   47.2   4.0   4.7
 45.2   0.0   0.0   39.5  -4.1   0.0   38.2 -11.3   1.0

 99.9 -19.5  -1.7   90.0  -0.1   9.8   80.0  -0.7   8.4   70.0  -2.3  -1.1
 60.0   9.1  -0.8   50.0   4.6   5.5   45.0  -0.1   0.0   40.0  -3.7   0.0
 35.0   0.0   0.0   30.0   0.0   0.0   25.0   0.0   0.0   22.5   0.0   0.0
 20.0   0.0   0.0   15.0   0.0   0.0   12.0   0.0   0.0   10.0   0.0   0.0
  8.0   0.0   0.0    7.0   0.0   0.0    6.0   0.0   0.0    5.0   0.0   0.0
  4.0   0.0   0.0
 
  3. 2.2016   0 Uhr

 99.9   0.0   0.0   90.0   0.0   0.0   80.0   0.0   0.0   70.0   0.0   0.0
 60.0   0.0   0.0   50.0   0.0   0.0   45.0   0.0   0.0   40.0   0.0   0.0
 35.0   0.0   0.0   30.0   0.0   0.0   25.0   0.0   0.0   22.5   0.0   0.0
 20.0   0.0   0.0   15.0   0.0   0.0   12.0   0.0   0.0   10.0   0.0   0.0
  8.0   0.0   0.0    7.0   0.0   0.0    6.0   0.0   0.0    5.0   0.0   0.0
  4.0   0.0   0.0
 
  3. 2.2016  12 Uhr

 99.9  -1.9   0.9   99.2   0.2   0.5   95.3   5.3   1.9   93.8   6.7   3.9
 90.9   4.7   2.2   81.0   1.3   5.0   74.1   0.6   7.2   71.4   0.0   1.0
 70.0  -1.3   2.8   68.3  -0.9   5.1   65.7   7.3   7.3   63.2  11.9   3.2
 59.6   8.7   0.8   57.0   5.3   3.1   56.3   3.3   3.9   55.5   0.0   4.1
 54.9  -2.6   4.5   50.8  -1.5   8.6   50.0  -3.0   8.2   48.8  -2.8  10.4
 47.2  -8.0   4.6   46.1  -8.0   2.1   44.8  -9.3   4.3   43.0  -8.0  -2.1
 41.0  -9.3   4.3   40.3  -9.3   4.3   39.2 -11.3  -1.0   36.9  -4.1  -8.9
 36.1  -2.8  -7.7   34.7   1.1  -6.1   33.9   3.3  -3.9   32.6   8.2   0.7
 30.0  15.9   1.4   28.2  22.8  -4.0   25.2  24.2  -8.8   21.1  14.4  -3.9
 20.0   6.9  -8.3   19.4   6.7  -4.7   19.2   6.8  -2.5   18.9   7.2   0.0
 17.6  12.3   0.0   16.8   6.3   4.4   16.2   4.9   2.8   15.6   0.5   3.0
 15.3  -1.8   4.8   14.6  -4.6   9.8   13.5 -18.0   0.0   12.7 -10.2 -10.2
 12.3 -13.5  -9.4   11.7 -18.7   3.3   11.3 -21.8   7.9   10.5 -23.7   0.0
 10.0 -34.3   3.0    9.5 -39.0   6.9    8.3 -33.3  -2.9    6.0 -37.3 -10.0
  5.4 -41.0   3.6    5.3 -39.5   7.0

 99.9  -1.9   0.9   90.0   4.4   2.4   80.0   1.2   5.3   70.0  -1.3   2.8
 60.0   9.1   1.0   50.0  -3.0   8.2   45.0  -9.1   4.0   40.0  -9.9   2.9
 35.0   0.2  -6.4   30.0  15.9   1.4   25.0  23.7  -8.6   22.5  17.9  -5.6
 20.0   6.9  -8.3   15.0  -3.0   6.9   12.0 -16.1  -3.1   10.0 -34.3   3.0
  8.0 -33.8  -3.8    7.0 -35.4  -6.7    6.0 -37.3 -10.0    5.0   0.0   0.0
  4.0   0.0   0.0
 
  4. 2.2016   0 Uhr

 99.9  -0.2   0.5   96.1   5.6  -0.5   93.7   8.2  -3.0   90.7  11.3  -1.0
 86.2   7.2   0.6   84.1   5.1   0.4   80.4  -0.7  -0.7   76.2  -4.5   2.6
 74.7  -5.6   2.6   72.6  -2.5   9.4   71.2  -2.1  11.7   70.0  -1.1  12.3
 69.3   0.0  11.8   65.0   6.7   4.7   62.5  10.5   7.4   56.6   2.8   7.7
 55.1  -1.3   5.0   54.8  -1.6   4.4   52.9   0.6   6.7   52.0  -0.9   9.7
 50.0  -1.4   8.1   49.8  -1.5   8.6   47.3  -6.0  -1.6   46.0  -8.2   0.0
 44.2  -7.1  -4.1   43.1  -8.7  -3.2   41.8  -7.7   2.8   41.1  -8.7   3.2
 39.3  -5.5  -5.5   37.2  -3.0  -6.5   36.7   0.8  -4.6   36.4   4.7  -4.0
 35.8   9.2  -3.3   32.9  21.5  -1.9   30.0  22.3  -3.9   29.8  22.3  -3.9
 25.0  15.7  -2.8   21.4  15.5   5.6   20.0  10.2  10.2   19.4   8.0  13.8
 18.7  12.2  10.3   18.0   9.8   5.7   17.5   5.3   7.6   16.5   2.2   4.7
 15.6   0.0   0.0   15.2  -2.6  -4.5   14.1 -10.5  -7.4   13.3 -14.2 -14.2
 13.0 -20.5 -11.8   11.9 -22.4   6.0   11.2 -22.4  10.4   10.3 -26.1  -2.3
 10.0 -32.8  -2.9    9.2 -40.0  -3.5    8.1 -34.5  -6.1    7.0 -35.9  -3.1
  6.5 -44.6   7.9    4.7 -38.8 -10.4    3.8 -36.5  -6.4

 99.9  -0.2   0.5   90.0  10.6  -0.7   80.0  -1.1  -0.4   70.0  -1.1  12.3
 60.0   7.3   7.5   50.0  -1.4   8.1   45.0  -7.6  -2.3   40.0  -6.7  -2.1
 35.0  12.5  -2.9   30.0  22.3  -3.9   25.0  15.7  -2.8   22.5  15.5   3.0
 20.0  10.2  10.2   15.0  -4.0  -5.0   12.0 -22.2   4.3   10.0 -32.8  -2.9
  8.0 -34.6  -5.8    7.0 -35.9  -3.1    6.0 -43.1   3.2    5.0 -39.8  -7.0
  4.0 -37.0  -7.4
 
  4. 2.2016  12 Uhr

 99.9   0.0   3.1   93.0   2.4   5.1   80.5  -4.4   6.3   77.9  -6.9   8.3
 75.1  -5.1   5.1   73.9  -2.2   4.7   73.6  -1.8   4.8   72.1   5.0   7.2
 70.3   9.7   6.8   70.0  10.2   5.9   65.0  13.7   2.4   59.8  11.6   4.2
 53.7   3.5   7.5   50.8  -1.3   5.0   50.0  -4.4   4.4   48.8  -7.1  -1.3
 47.5  -6.3  -5.3   44.2  -6.5  -3.0   42.9  -6.1   1.1   42.0  -6.1   1.1
 40.7  -6.3  -5.3   39.5  -4.4  -6.3   39.0  -4.4  -4.4   37.8  -4.3   3.6
 37.0   1.5   3.3   36.5   4.8   1.8   34.2  12.1  -4.4

 99.9   0.0   3.1   90.0   0.8   5.4   80.0  -4.9   6.7   70.0  10.2   5.9
 60.0  11.7   4.2   50.0  -4.4   4.4   45.0  -6.5  -3.6   40.0  -5.2  -5.9
 35.0   9.5  -2.2   30.0   0.0   0.0   25.0   0.0   0.0   22.5   0.0   0.0
 20.0   0.0   0.0   15.0   0.0   0.0   12.0   0.0   0.0   10.0   0.0   0.0
  8.0   0.0   0.0    7.0   0.0   0.0    6.0   0.0   0.0    5.0   0.0   0.0
  4.0   0.0   0.0
 
  5. 2.2016   0 Uhr

 99.9  -4.6   0.4   90.6  -0.8  -0.7   86.1   0.4  -5.1   80.9  -4.6  -3.2
 79.3  -2.8   2.3   78.0   2.4   5.1   77.1   7.1   6.0   74.6  15.1   8.7
 70.0  14.9   7.0   66.0  15.1   8.7   58.6  12.5   7.2   56.1   9.9  11.8
 53.5   3.2   4.6   53.2   2.6   4.5   51.9  -0.4   0.3   50.8  -1.3  -5.0
 50.0  -1.7  -9.6   47.3  -2.7 -15.2   46.0  -4.4 -12.1   43.4   0.0  -8.7
 41.9  -4.0  -4.0   37.6   1.0   0.2   36.8   0.4   5.1   36.2   1.7   6.5
 35.3   8.0   2.1   34.6   5.0  -1.3   33.9   3.4  -1.2   33.1   9.4   2.5
 32.3  16.9   4.5   30.0  20.0   1.7   29.0  21.0   1.8   25.9  15.5   5.6
 24.9  13.9   3.7   24.2  14.9   1.3   22.0  16.3   7.6   20.9  16.9   4.5
 20.0  12.9   7.5   19.6  11.4   9.6   18.5   8.9   4.1   17.4   2.6  -0.2
 16.2   5.8   3.3   16.0   5.3   1.9   15.5   3.6  -3.6   14.7   3.6  -3.6
 14.2   0.4  -4.6   13.8  -9.8  -4.6   13.1 -18.9   6.9   12.3 -13.4   7.7
 11.4 -25.7   0.0   10.8 -22.8 -10.7   10.0 -27.9  -4.9    9.5 -31.9   0.0
  7.3 -31.4  -5.5    5.5 -26.1   9.5    4.7 -36.8   9.9    4.5 -33.1  15.4


 99.9  -4.6   0.4   90.0  -0.6  -1.2   80.0  -3.6  -0.1   70.0  14.9   7.0
 60.0  13.0   7.5   50.0  -1.7  -9.6   45.0  -2.7 -10.8   40.0  -1.8  -2.2
 35.0   6.7   0.7   30.0  20.0   1.7   25.0  14.1   3.9   22.5  16.0   6.1
 20.0  12.9   7.5   15.0   3.6  -3.6   12.0 -17.4   5.2   10.0 -27.9  -4.9
  8.0 -31.6  -3.7    7.0 -30.6  -3.2    6.0 -27.7   5.0    5.0 -32.6   9.7
  4.0   0.0   0.0
 
  5. 2.2016  12 Uhr

 99.9 -11.6   4.2   95.9  -4.6   3.2   89.9  -5.1   0.4   78.4  -4.8  -1.8
 76.6  -4.2  -3.0   75.8  -4.2  -3.0   72.9  -0.4   0.9   71.6   4.7   2.2
 70.0   8.9   5.1   65.3  17.4   4.7   64.8  16.9   4.5

 99.9 -11.6   4.2   90.0  -5.1   0.5   80.0  -4.9  -1.4   70.0   8.9   5.1
 60.0   0.0   0.0   50.0   0.0   0.0   45.0   0.0   0.0   40.0   0.0   0.0
 35.0   0.0   0.0   30.0   0.0   0.0   25.0   0.0   0.0   22.5   0.0   0.0
 20.0   0.0   0.0   15.0   0.0   0.0   12.0   0.0   0.0   10.0   0.0   0.0
  8.0   0.0   0.0    7.0   0.0   0.0    6.0   0.0   0.0    5.0   0.0   0.0
  4.0   0.0   0.0
 
  6. 2.2016   0 Uhr

 99.9 -11.8   1.0   96.6  -6.7   3.9   92.8  -4.2   3.0   89.0  -1.5   0.4
 86.9  -2.2  -4.7   85.9  -1.7  -6.5   82.3  -0.9  -5.1   77.0   0.0   0.0
 75.3   5.1  -0.9   70.0  21.1   0.0   68.4  22.0   1.9   64.5  18.4   4.9
 61.0  14.2  -2.5   57.6   7.2 -12.5   53.1   2.9 -16.2   50.0  -7.9  -3.7
 48.6  -6.2   0.0   47.5  -4.7   4.0   46.1  -3.0   4.2   45.4  -1.1   6.1
 43.4   0.5   5.6   43.1   0.0   5.1   42.1  -4.5   2.6   41.4  -5.0   1.3
 40.3  -1.0   1.2   39.5   1.3   5.0   37.6   8.0  13.8   34.7  11.8   9.9
 32.4  19.0  -1.7   31.1  22.5   2.0   30.0  21.8   3.8   28.5  16.4   4.4
 24.9   9.7  -0.9   24.4   9.1   1.6   24.0   8.5   4.9   22.7  10.8   0.9
 21.8  10.6   3.9   20.5  11.3   1.0   20.0  11.9   3.2   19.5  12.1   5.7
 18.7  12.1   4.4   17.8  11.6  -4.2   16.9  13.8  -8.0   16.3   8.9 -10.6
 14.4   3.6  -6.2   13.8  -5.1  -0.9   13.4  -7.6   1.3   12.7  -2.0  -0.4
 11.6 -11.0  -9.3   11.1 -13.1 -13.1   10.4 -19.3   3.4   10.0 -23.4   6.3
  8.7 -34.0   0.0    7.5 -28.7   2.5    6.3 -31.4   5.5    6.0 -38.9   3.4
  5.5 -32.8  -2.9    4.9 -45.1  -3.9    4.6 -42.7 -11.5

 99.9 -11.8   1.0   90.0  -2.2   1.1   80.0  -0.5  -2.9   70.0  21.1   0.0
 60.0  12.2  -5.4   50.0  -7.9  -3.7   45.0  -0.8   6.0   40.0  -0.1   2.6
 35.0  11.4  10.3   30.0  21.8   3.8   25.0   9.9  -0.7   22.5  10.7   1.6
 20.0  11.9   3.2   15.0   5.3  -7.7   12.0  -7.7  -6.0   10.0 -23.4   6.3
  8.0 -31.0   1.4    7.0 -29.8   3.7    6.0 -38.9   3.4    5.0 -43.0  -3.8
  4.0   0.0   0.0
 
  6. 2.2016  12 Uhr

 99.9 -16.0   5.8   96.1 -17.7   3.1   91.6 -10.2   3.7   87.6  -5.8  -3.3
 85.3  -4.2  -3.0   83.7   0.0  -1.0   80.5   5.0  -1.3   78.3  10.3   0.0
 71.8  22.5   2.0   70.0  21.0   1.8   65.6  16.4   1.4   63.8  13.9   0.0
 62.5   9.3  -4.3   57.2   7.9  -9.5   53.4   1.4 -15.9   52.7  -1.3 -14.9
 51.2  -4.6  -5.5   50.2  -5.1  -0.4   50.0  -4.6   0.0   49.1  -2.0   1.7
 47.0   3.3   3.9   43.3   3.0   4.2   41.9   0.0  -0.5   39.1   3.3   3.9
 38.5   2.8   7.7   36.8   0.9   9.7   35.5   9.8   9.8   30.8  18.7   3.3
 30.0  15.9   1.4   28.0  11.4  -3.1   27.3   8.7   0.0   26.2   7.7  -0.7
 25.5   7.1   1.3   23.9   7.9   6.6   21.7  11.3   1.0   20.0  11.8   0.0
 19.1  13.9   0.0   18.0  12.9  -7.5   16.5  14.7 -10.3   14.4   4.0  -4.0
 14.2   4.2  -3.0   12.8   1.1   2.3   12.1  -5.0   1.3   11.6  -3.5  -7.5
 11.3  -4.3  -9.3   10.9 -14.3  -8.2   10.4 -13.9   0.0   10.0 -20.5  -1.8
  9.1 -33.4  -5.9    7.4 -32.9   5.8    7.0 -29.7   2.6    6.1 -41.0   7.2
  5.8 -39.5   7.0    4.2 -53.7   9.5

 99.9 -16.0   5.8   90.0  -8.4   0.9   80.0   6.2  -1.0   70.0  21.0   1.8
 60.0   8.7  -6.7   50.0  -4.6   0.0   45.0   3.1   4.1   40.0   2.2   2.5
 35.0  10.7   9.2   30.0  15.9   1.4   25.0   7.3   2.9   22.5  10.0   3.1
 20.0  11.8   0.0   15.0   7.2  -5.9   12.0  -4.7  -0.4   10.0 -20.5  -1.8
  8.0 -33.1   1.5    7.0 -29.7   2.6    6.0 -40.5   7.1    5.0 -46.2   8.1
  4.0   0.0   0.0
 
  7. 2.2016   0 Uhr

 99.9 -19.5   1.7   96.6 -16.5   0.0   91.9  -4.7   2.2   89.0  -0.8  -0.7
 86.9   4.7  -2.2   77.3  20.6   0.0   70.0  10.4  -2.8   63.0   6.3  -2.3
 60.5   7.1   1.3   59.3   5.6   1.0   58.2   3.4  -2.4   57.5   1.8  -4.8
 55.1  -3.3  -9.2   52.0  -7.5   3.5   50.0  -2.5   6.8   49.5  -1.4   8.1
 47.1   0.0  12.3   45.9  -1.4   8.1   44.7   2.6   5.6   43.2   3.2   4.6
 41.2   2.6   0.0   40.6   4.5  -2.6   39.7   8.4  -3.9   38.8   5.1  -0.4
 37.7   3.1   0.0   35.4  15.9   1.4   32.4  16.7  -2.9   31.3  12.1  -4.4
 30.0  12.8   1.1   29.5  12.2   2.1   26.1  12.1  -5.7   23.9  11.6  -6.7
 20.3  11.3   0.0   20.0  12.3  -1.1   18.0  11.3  -1.0   17.7   9.7  -3.5
 16.6   8.0 -11.4   15.9   2.9 -10.9   15.5   0.0  -5.1   15.2  -1.0  -0.2
 14.5  -0.9   5.1   14.0   2.3   6.3   13.6   0.5   5.6   13.3   3.5   5.1
 13.1   2.8   4.9   12.7  -4.2   3.0   12.1  -7.6  -5.3   11.4 -13.1  -9.1
 10.4 -13.1   9.1   10.0 -15.1   8.7    9.6 -18.4   1.6    8.9 -35.4  -3.1
  7.8 -39.5   7.0    7.2 -35.4   3.1    5.6 -44.1   7.8    5.0 -40.0   7.1
  4.7 -50.2   8.8    4.4 -45.7  12.2

 99.9 -19.5   1.7   90.0  -2.1   0.3   80.0  16.0  -0.6   70.0  10.4  -2.8
 60.0   6.5   1.1   50.0  -2.5   6.8   45.0   1.6   6.2   40.0   7.1  -3.5
 35.0  16.0   0.8   30.0  12.8   1.1   25.0  11.9  -6.2   22.5  11.5  -4.2
 20.0  12.3  -1.1   15.0  -1.0   1.3   12.0  -8.4  -5.8   10.0 -15.1   8.7
  8.0 -38.7   5.1    7.0 -36.4   3.6    6.0 -41.7   6.5    5.0 -40.0   7.1
  4.0   0.0   0.0
 
  7. 2.2016  12 Uhr

 99.9 -17.9   4.8   95.0  -4.4   4.4   94.3  -3.0   4.2   93.0   0.9   2.4
 91.6   4.7   2.2   89.2  10.2  -0.9   83.0  20.3  -3.6   70.7   9.9   2.7
 70.0   9.6   1.7   68.7   9.1   1.6   66.9   7.0  -1.9   64.3   7.1  -1.3


 99.9 -17.9   4.8   90.0   8.4   0.1   80.0  17.9  -2.1   70.0   9.6   1.7
 60.0   0.0   0.0   50.0   0.0   0.0   45.0   0.0   0.0   40.0   0.0   0.0
 35.0   0.0   0.0   30.0   0.0   0.0   25.0   0.0   0.0   22.5   0.0   0.0
 20.0   0.0   0.0   15.0   0.0   0.0   12.0   0.0   0.0   10.0   0.0   0.0
  8.0   0.0   0.0    7.0   0.0   0.0    6.0   0.0   0.0    5.0   0.0   0.0
  4.0   0.0   0.0
 
  8. 2.2016   0 Uhr

 99.9   0.0   0.0   90.0   0.0   0.0   80.0   0.0   0.0   70.0   0.0   0.0
 60.0   0.0   0.0   50.0   0.0   0.0   45.0   0.0   0.0   40.0   0.0   0.0
 35.0   0.0   0.0   30.0   0.0   0.0   25.0   0.0   0.0   22.5   0.0   0.0
 20.0   0.0   0.0   15.0   0.0   0.0   12.0   0.0   0.0   10.0   0.0   0.0
  8.0   0.0   0.0    7.0   0.0   0.0    6.0   0.0   0.0    5.0   0.0   0.0
  4.0   0.0   0.0
 
  8. 2.2016  12 Uhr

 99.9 -10.4   2.8   96.9  -5.3   3.1   94.2  -0.7   4.1   89.8   6.6   1.2
 87.5  10.9  -2.9   80.6   9.8  -4.6   76.6  13.8   1.2   71.8   8.4   3.9


 99.9 -10.4   2.8   90.0   6.2   1.3   80.0  10.4  -3.7   70.0   6.3   5.0
 60.0   0.0   0.0   50.0   0.0   0.0   45.0   0.0   0.0   40.0   0.0   0.0
 35.0   0.0   0.0   30.0   0.0   0.0   25.0   0.0   0.0   22.5   0.0   0.0
 20.0   0.0   0.0   15.0   0.0   0.0   12.0   0.0   0.0   10.0   0.0   0.0
  8.0   0.0   0.0    7.0   0.0   0.0    6.0   0.0   0.0    5.0   0.0   0.0
  4.0   0.0   0.0
 
  9. 2.2016   0 Uhr

 99.9   0.0   0.0   90.0   0.0   0.0   80.0   0.0   0.0   70.0   0.0   0.0
 60.0   0.0   0.0   50.0   0.0   0.0   45.0   0.0   0.0   40.0   0.0   0.0
 35.0   0.0   0.0   30.0   0.0   0.0   25.0   0.0   0.0   22.5   0.0   0.0
 20.0   0.0   0.0   15.0   0.0   0.0   12.0   0.0   0.0   10.0   0.0   0.0
  8.0   0.0   0.0    7.0   0.0   0.0    6.0   0.0   0.0    5.0   0.0   0.0
  4.0   0.0   0.0
 
  9. 2.2016  12 Uhr

 99.9  -5.5   5.5   98.1  -2.6   4.5   95.6   0.0   2.6   93.9   4.2   3.0
 88.9   7.5   3.5   84.3   5.6   0.5   82.3   6.3   2.3   76.4   7.0   1.9
 70.8   2.1   2.9

 99.9  -5.5   5.5   90.0   6.7   3.4   80.0   6.5   2.1   70.0   1.3   3.1
 60.0   0.0   0.0   50.0   0.0   0.0   45.0   0.0   0.0   40.0   0.0   0.0
 35.0   0.0   0.0   30.0   0.0   0.0   25.0   0.0   0.0   22.5   0.0   0.0
 20.0   0.0   0.0   15.0   0.0   0.0   12.0   0.0   0.0   10.0   0.0   0.0
  8.0   0.0   0.0    7.0   0.0   0.0    6.0   0.0   0.0    5.0   0.0   0.0
  4.0   0.0   0.0
 
 10. 2.2016   0 Uhr

 99.9   0.0   0.0   90.0   0.0   0.0   80.0   0.0   0.0   70.0   0.0   0.0
 60.0   0.0   0.0   50.0   0.0   0.0   45.0   0.0   0.0   40.0   0.0   0.0
 35.0   0.0   0.0   30.0   0.0   0.0   25.0   0.0   0.0   22.5   0.0   0.0
 20.0   0.0   0.0   15.0   0.0   0.0   12.0   0.0   0.0   10.0   0.0   0.0
  8.0   0.0   0.0    7.0   0.0   0.0    6.0   0.0   0.0    5.0   0.0   0.0
  4.0   0.0   0.0
 
 10. 2.2016  12 Uhr

 99.9   0.0   0.0   90.0   0.0   0.0   80.0   0.0   0.0   70.0   0.0   0.0
 60.0   0.0   0.0   50.0   0.0   0.0   45.0   0.0   0.0   40.0   0.0   0.0
 35.0   0.0   0.0   30.0   0.0   0.0   25.0   0.0   0.0   22.5   0.0   0.0
 20.0   0.0   0.0   15.0   0.0   0.0   12.0   0.0   0.0   10.0   0.0   0.0
  8.0   0.0   0.0    7.0   0.0   0.0    6.0   0.0   0.0    5.0   0.0   0.0
  4.0   0.0   0.0
 
 11. 2.2016   0 Uhr

 99.9  -6.8  -2.5   97.7  -2.8  -6.1   89.9 -13.0 -10.9   85.5 -11.6  -4.2
 76.6  -9.1  -1.6   73.1  -5.1  -0.9   70.0  -1.3   2.2   69.7  -1.8   1.8
 64.0   7.3  -2.6   51.5  17.4 -10.0   50.0  15.9  -7.4   47.2   5.9  -8.4
 44.7   4.1  -5.9   44.2   3.3  -3.9   43.5   1.5   0.4   43.0   0.4   5.1
 40.6   3.3  12.4   38.9  -3.1  11.4   37.3  -3.2   8.7   32.9   0.4  -0.3
 30.4  -0.4  -5.1   30.0  -1.3  -7.1   29.3  -2.7  -9.9   28.2   0.0  -5.1
 26.1   0.0  -6.7   25.4   1.5  -8.6   24.3  -0.8  -9.2   23.5   5.0  -7.2
 22.9   4.7  -6.7   21.7   9.9  -2.7   20.8  13.8   1.2   20.0  13.8   1.2
 19.6  15.9  -1.4   18.6  11.4   3.1   17.4   9.1   1.6   16.9   3.9   3.3
 16.4   2.3   4.0   14.0   2.0  11.1   13.3  -9.7   6.8   13.0 -14.4   3.9
 11.7  -7.9  -9.5   11.0  -8.5 -18.2   10.1 -17.2  -3.0   10.0 -16.9  -1.5
  9.7 -15.9   0.0    8.5 -23.7  -8.6    7.9 -21.5   1.9    7.5 -29.7   2.6
  6.9 -25.2   0.0    6.3 -35.0   6.2    5.5 -31.9   5.6    5.1 -42.0   3.7
  4.8 -33.8  -3.0    4.7 -38.1   0.0

 99.9  -6.8  -2.5   90.0 -12.9 -10.8   80.0 -10.1  -2.6   70.0  -1.3   2.2
 60.0  10.3  -4.9   50.0  15.9  -7.4   45.0   4.3  -6.2   40.0   1.1  12.1
 35.0  -1.3   4.1   30.0  -1.3  -7.1   25.0   0.7  -8.8   22.5   6.4  -5.4
 20.0  13.8   1.2   15.0   2.1   8.1   12.0  -9.5  -6.3   10.0 -16.9  -1.5
  8.0 -21.9   0.1    7.0 -26.0   0.4    6.0 -33.9   6.0    5.0 -39.3   1.5
  4.0   0.0   0.0
 
 11. 2.2016  12 Uhr

 99.9 -17.4   6.3   93.9  -9.8   0.0   87.6 -12.2  -2.1   84.7 -13.7   2.4
 81.3  -8.8   6.2   76.7  -6.0   7.1   72.9   1.6   9.1   71.4   3.0   8.2
 70.0   1.3   7.1   69.3   0.4   5.1   68.3   1.4   0.7   67.3   4.5  -2.6
 61.8  17.4  -6.3   54.8  19.5   0.0   52.0  22.3  -3.9   50.0  20.9  -5.6
 48.1  16.8  -7.8   45.6   8.3  -9.9   43.3   3.3  -3.9   42.2   0.0   0.0
 41.4  -2.2   4.7   40.6  -1.8  10.1   38.9  -8.7   7.3   37.9 -11.0   7.7
 35.8  -6.2  -6.2   34.2  -6.2  -8.8

 99.9 -17.4   6.3   90.0 -11.2  -1.3   80.0  -8.0   6.4   70.0   1.3   7.1
 60.0  17.9  -4.8   50.0  20.9  -5.6   45.0   7.0  -8.3   40.0  -4.2   9.1
 35.0  -6.2  -7.5   30.0   0.0   0.0   25.0   0.0   0.0   22.5   0.0   0.0
 20.0   0.0   0.0   15.0   0.0   0.0   12.0   0.0   0.0   10.0   0.0   0.0
  8.0   0.0   0.0    7.0   0.0   0.0    6.0   0.0   0.0    5.0   0.0   0.0
  4.0   0.0   0.0
 
 12. 2.2016   0 Uhr

 99.9 -29.4   5.2   92.7 -26.8   0.0   79.4  -4.4   7.6   77.4  -2.7   9.9
 75.5  -2.6   7.3   74.8  -0.9   5.1   74.1   2.2   2.2   73.4   5.1  -0.4
 70.2  15.9  -4.3   70.0  16.2  -2.9   63.9  19.9  -5.3   59.7  17.7  -3.1
 57.7  17.7   3.1   52.2  15.4  -1.3   50.7  13.2  -2.3   50.0  12.2  -2.1
 47.1   7.1   1.3   46.6   4.7   2.2   45.3  -0.3   3.1   41.0  -3.3  18.7
 40.3  -7.2  15.4   39.0 -11.6   4.2   36.4  -5.6  -1.0   33.5  -4.0  -4.0
 32.9  -3.2  -4.6   32.3  -3.6  -3.6   31.6   0.5  -1.5   31.0   5.1   0.0
 30.1   6.5   3.0   30.0   6.5   3.0   26.2   4.7  -2.2   25.5   1.9   0.9
 25.1   3.0   4.2   24.6   5.9   5.0   24.0   6.5   6.5   23.2  10.9   2.9
 20.8  19.3   7.0   20.0  18.2   8.5   15.3  11.8   8.3   14.1   5.0   5.9
 13.9   2.6   4.5   13.8  -1.3   1.6   13.5  -4.7  -2.2   12.9  -9.4  -5.4
 12.1  -5.1 -14.0   11.6  -9.9 -11.8   10.7 -16.9   6.2   10.0 -15.4   7.2
  9.7 -18.2   8.5    9.0 -20.0   1.7    8.2 -25.8   6.9    7.3 -33.3   2.9
  7.0 -27.2  -2.4    5.4 -47.7   4.2    5.3 -46.1   4.0

 99.9 -29.4   5.2   90.0 -22.4   1.5   80.0  -5.4   7.2   70.0  16.2  -2.9
 60.0  17.9  -3.3   50.0  12.2  -2.1   45.0  -0.5   4.1   40.0  -8.2  12.8
 35.0  -4.8  -2.4   30.0   6.5   3.0   25.0   3.5   4.4   22.5  13.3   4.1
 20.0  18.2   8.5   15.0  10.1   7.7   12.0  -6.1 -13.6   10.0 -15.4   7.2
  8.0 -27.4   6.1    7.0 -27.2  -2.4    6.0 -39.5   1.6    5.0   0.0   0.0
  4.0   0.0   0.0
 
 12. 2.2016  12 Uhr

 99.9   0.0   0.0   90.0   0.0   0.0   80.0   0.0   0.0   70.0   0.0   0.0
 60.0   0.0   0.0   50.0   0.0   0.0   45.0   0.0   0.0   40.0   0.0   0.0
 35.0   0.0   0.0   30.0   0.0   0.0   25.0   0.0   0.0   22.5   0.0   0.0
 20.0   0.0   0.0   15.0   0.0   0.0   12.0   0.0   0.0   10.0   0.0   0.0
  8.0   0.0   0.0    7.0   0.0   0.0    6.0   0.0   0.0    5.0   0.0   0.0
  4.0   0.0   0.0
 
 13. 2.2016   0 Uhr

 99.9 -32.3   8.7   91.7 -11.2  -5.2   87.6  -7.7  -2.8   85.4  -2.8  -6.1
 83.0  -3.3  -3.9   81.6   0.1  -1.5   80.1   4.8  -1.8   71.5  15.2   2.7
 70.0  13.9   3.7   66.4   9.9   2.7   63.1  16.4   4.4   62.4  14.9   4.0


 99.9 -32.3   8.7   90.0  -9.8  -4.2   80.0   5.0  -1.7   70.0  13.9   3.7
 60.0   0.0   0.0   50.0   0.0   0.0   45.0   0.0   0.0   40.0   0.0   0.0
 35.0   0.0   0.0   30.0   0.0   0.0   25.0   0.0   0.0   22.5   0.0   0.0
 20.0   0.0   0.0   15.0   0.0   0.0   12.0   0.0   0.0   10.0   0.0   0.0
  8.0   0.0   0.0    7.0   0.0   0.0    6.0   0.0   0.0    5.0   0.0   0.0
  4.0   0.0   0.0
 
 13. 2.2016  12 Uhr

 99.9 -25.3   6.8   94.6 -11.8   1.0   92.1  -5.0  -1.3   90.1  -0.1  -1.5
 88.0   5.1  -0.9   84.9   9.7  -0.9   79.1   4.6  -0.4   75.3  15.9  -1.4
 70.0  17.7   3.1   69.6  18.2   3.2   66.8  14.0   5.1   63.0  13.9   3.7
 60.1  13.1  -4.8   56.4  11.4  -9.6   52.3   5.8  -3.3   51.2   5.1  -0.9
 50.1   2.9   1.1   50.0   2.8   1.3   49.5   3.3   3.9   48.5   2.1   2.9


 99.9 -25.3   6.8   90.0   0.1  -1.5   80.0   5.4  -0.5   70.0  17.7   3.1
 60.0  13.0  -4.9   50.0   2.8   1.3   45.0   0.0   0.0   40.0   0.0   0.0
 35.0   0.0   0.0   30.0   0.0   0.0   25.0   0.0   0.0   22.5   0.0   0.0
 20.0   0.0   0.0   15.0   0.0   0.0   12.0   0.0   0.0   10.0   0.0   0.0
  8.0   0.0   0.0    7.0   0.0   0.0    6.0   0.0   0.0    5.0   0.0   0.0
  4.0   0.0   0.0
 
 14. 2.2016   0 Uhr

 99.9 -11.3   0.0   98.3  -5.1  -0.4   96.0  -0.1  -0.5   93.7   5.1  -0.4
 87.1   9.9  -8.3   83.4   5.9  -5.0   81.8   5.8  -3.3   78.7  16.9  -4.5
 74.2  19.5  -1.7   70.0  18.4  -1.6   63.9  13.9  -3.7   58.1  17.5   0.0
 51.0   4.3   5.1   50.0   5.5   3.8   49.2   5.3   1.9   48.2   3.3  -1.5
 46.1   0.9  -5.1   44.8  -1.3  -7.1   40.6  -5.9 -10.2   37.0  -4.1   8.9
 35.4  -2.7   9.9   33.9   4.0  14.9   33.3   5.9  12.6   30.0   6.6   7.9
 26.7   7.1   4.1   26.0   5.1  -0.4   25.6   6.1  -2.8   23.1  17.4 -10.0
 20.0  19.8  -3.5   18.6  21.8  -3.8   16.4  11.6  -6.7   15.3   9.8   0.0
 14.6   5.1  -0.9   13.5  -0.6  -0.8   13.2  -4.8   1.8   12.4  -8.3  11.8
 11.8  -9.0  15.6   11.1 -21.5   1.9   10.8 -23.6  -2.1   10.1 -15.4 -12.9
 10.0 -15.4 -12.9    9.7 -16.0  -9.3    9.2 -19.8  -3.5    8.4 -26.2   0.0
  7.9 -19.8  -7.2    7.1 -15.5   5.6    7.0 -15.9   7.4    6.6 -34.8  12.7
  5.8 -32.8   2.9    5.4 -21.5  -1.9    5.1 -31.4   0.0    4.8 -22.9  -6.1


 99.9 -11.3   0.0   90.0   7.7  -4.8   80.0  12.2  -4.0   70.0  18.4  -1.6
 60.0  16.3  -1.2   50.0   5.5   3.8   45.0  -0.9  -6.8   40.0  -5.6  -7.1
 35.0  -0.9  11.2   30.0   6.6   7.9   25.0   8.7  -4.5   22.5  17.8  -8.8
 20.0  19.8  -3.5   15.0   7.8  -0.4   12.0  -8.8  14.3   10.0 -15.4 -12.9
  8.0 -21.1  -5.7    7.0 -15.9   7.4    6.0 -33.3   5.4    5.0 -28.6  -2.0
  4.0   0.0   0.0
 
 14. 2.2016  12 Uhr

 99.9   0.0   0.0   90.0   0.0   0.0   80.0   0.0   0.0   70.0   0.0   0.0
 60.0   0.0   0.0   50.0   0.0   0.0   45.0   0.0   0.0   40.0   0.0   0.0
 35.0   0.0   0.0   30.0   0.0   0.0   25.0   0.0   0.0   22.5   0.0   0.0
 20.0   0.0   0.0   15.0   0.0   0.0   12.0   0.0   0.0   10.0   0.0   0.0
  8.0   0.0   0.0    7.0   0.0   0.0    6.0   0.0   0.0    5.0   0.0   0.0
  4.0   0.0   0.0
 
 15. 2.2016   0 Uhr

 99.9  -2.5  -2.5   95.6   5.5  -3.8   90.2  10.7  -5.0   86.2   5.1  -5.1
 76.0  15.2   2.7   70.0  10.4  -2.8   66.6   8.7  -3.2   62.9  11.7  -2.1
 59.2  10.3  -4.8   57.2   8.2   0.7   54.1   5.6  -2.6   51.5   4.7   2.2
 50.0   2.8   2.3   48.1   3.9   3.3   46.4   0.0   0.0   43.4  -4.5  -2.6
 42.3  -7.6  -4.4   40.2  -6.0   7.1   38.1  -5.0  10.7   36.4  -4.2   3.0
 35.2  -0.2  -0.5   34.6   3.9  -3.3   31.8  15.6  -9.0   30.0  16.3  -7.6
 26.2  22.4  -6.0   23.1  12.7  -2.2   20.5  20.0   1.7   20.0  18.5   0.0
 18.2  13.1  -6.1   17.8  11.9  -3.2   17.0   8.4   8.4   14.7   1.9   5.3
 14.0  -4.6   5.5   13.3  -6.3   2.3   13.0  -5.8   2.1   12.4 -15.4   4.1
 12.0 -23.8  -4.2   11.7 -21.8  -7.9   10.8 -11.8  -8.3   10.4 -12.3   0.0
 10.1 -14.4   3.9   10.0 -15.5   5.6    9.1 -30.2   2.6    8.6 -20.3  -3.6
  7.9 -15.4   0.0    7.3 -20.0  -1.7    6.9 -32.8   2.9    5.9 -33.3   8.9
  5.2 -35.4   3.1    5.1 -31.9   0.0

 99.9  -2.5  -2.5   90.0  10.4  -5.0   80.0  11.1  -0.5   70.0  10.4  -2.8
 60.0  10.6  -4.2   50.0   2.8   2.3   45.0  -2.1  -1.2   40.0  -5.9   7.4
 35.0   1.2  -1.4   30.0  16.3  -7.6   25.0  18.7  -4.6   22.5  14.3  -1.3
 20.0  18.5   0.0   15.0   2.8   5.7   12.0 -23.8  -4.2   10.0 -15.5   5.6
  8.0 -16.1  -0.5    7.0 -29.5   1.7    6.0 -33.2   8.3    5.0 -28.4  -3.1
  4.0   0.0   0.0
 
 15. 2.2016  12 Uhr

 99.9  -3.5   0.6   95.8  -0.5  -0.2   84.8   0.4  -0.3   80.6   8.0   2.1
 76.3   9.8   4.6   73.1   6.5   3.0   71.3   5.0   1.3   70.0   4.5   1.2
 66.9   2.0  -7.5   65.3   0.6  -7.2   64.6   0.4  -5.1   60.3   5.1  -0.9
 58.9   4.5  -2.6   57.2   1.0  -1.8   53.0   0.9   5.1   51.6   3.5   7.5
 50.1   2.3   8.4   50.0   2.3   8.4   48.6   2.6   4.5   47.5  -0.4   0.3
 42.0  -1.3   5.0   40.8   2.8   7.7   39.9   2.5   9.4   38.8   0.0   6.7
 38.5  -0.4   5.1   37.2  -1.2  -1.7   35.9   2.6  -4.5   34.3  10.3  -4.8
 33.1  13.5  -4.9   32.6  14.5  -6.7   31.5  12.6 -10.6   30.0  15.1  -8.7
 27.8  18.2  -3.2   24.8  23.7   0.0   23.2  16.7   2.9   21.7  25.6   2.2
 20.0  24.1   2.1   19.4  18.7   3.3   17.6  11.6   6.7   17.2  11.4   9.6
 16.2  13.5   9.4   15.0   5.5   3.8   14.6   7.5   2.0   14.1   4.8   1.8
 13.6   0.0   0.0   13.0  -2.4  -0.9   12.9  -5.1  -0.4   12.4 -16.7  -2.9
 11.4  -9.9  -8.3   10.9 -10.7  -5.0   10.0 -13.7   2.4    8.5 -32.3   2.8
  7.8 -20.6   0.0    7.4 -20.8  -3.7    6.7 -39.5   3.5    4.9 -32.3  -2.8
  4.7 -36.9  -3.2

 99.9  -3.5   0.6   90.0   0.0  -0.3   80.0   8.2   2.5   70.0   4.5   1.2
 60.0   4.9  -1.3   50.0   2.3   8.4   45.0  -0.8   2.4   40.0   2.6   9.3
 35.0   6.9  -4.6   30.0  15.1  -8.7   25.0  23.3  -0.2   22.5  20.8   2.6
 20.0  24.1   2.1   15.0   5.5   3.8   12.0 -14.0  -5.0   10.0 -13.7   2.4
  8.0 -24.0   0.8    7.0 -31.3   0.3    6.0 -36.9   1.2    5.0 -32.7  -2.4
  4.0   0.0   0.0
 
 16. 2.2016   0 Uhr

 99.9   0.5  -3.0   88.7   0.4  -0.4   86.1   8.0   2.1   81.4  15.9   0.0
 71.6   8.9  -2.4   70.0   7.6  -4.4   66.3  -0.4  -5.1   64.7   0.4  -0.4
 63.3   4.8   1.8   61.0   5.6   1.0   58.7   3.3   3.9   57.0   5.9   8.4
 54.2   1.7   6.5   52.0   1.3   5.0   50.0   3.5  -3.0   49.3   3.3  -3.9
 46.9   1.8  -4.8   45.1  -0.1  -0.5   43.2   2.2   4.7   41.6   5.3   7.6
 40.6   3.3   3.9   39.4   0.3  -0.4   38.3   1.3  -5.0   37.3   8.3  -6.9
 35.9  14.5  -6.7   32.0  15.4  -7.2   30.0  13.4  -3.6   26.1  19.0   0.0
 23.5  14.7  10.3   20.0  19.8   7.2   19.9  19.8   7.2   17.2  12.4  12.4
 16.7   7.1  10.1   15.9  -1.8   4.8   15.5   0.7   0.8   15.3   4.8  -1.8
 14.8   4.7  -4.0   14.4   0.6  -6.7   13.9   1.1 -12.8   12.9 -10.6  -8.9
 12.4 -13.5 -13.5   11.9  -6.9 -18.9   11.7  -7.8 -16.8   11.1 -11.7  -5.4
 10.3 -12.7   2.2   10.0 -12.2   2.1    9.4 -18.6  -8.7    8.7 -24.2 -11.3
  8.4 -32.4  -5.7    7.8 -28.8  -7.7    7.3 -26.3  -4.6    6.8 -36.0   6.3
  6.3 -34.8  -3.0    5.9 -29.3   7.9    5.5 -30.3   8.1

 99.9   0.5  -3.0   90.0   0.4  -0.7   80.0  15.0  -0.3   70.0   7.6  -4.4
 60.0   4.6   2.3   50.0   3.5  -3.0   45.0   0.0  -0.2   40.0   1.8   1.8
 35.0  14.7  -6.8   30.0  13.4  -3.6   25.0  17.3   4.3   22.5  16.1   9.5
 20.0  19.8   7.2   15.0   4.8  -3.1   12.0  -8.2 -17.8   10.0 -12.2   2.1
  8.0 -30.0  -7.0    7.0 -32.1   1.9    6.0 -30.7   5.1    5.0   0.0   0.0
  4.0   0.0   0.0
 
 16. 2.2016  12 Uhr

 99.9   1.3  -1.6   97.6   4.1  -5.9   96.0   3.5  -5.1   94.8   2.2  -4.7
 89.8   0.0   0.0   88.0   5.1   0.0   83.6  12.2   2.1   78.8   9.6  -1.7
 74.9  10.4   2.8   73.6   8.6   1.5   71.5   4.6  -3.2   70.0   4.0  -2.3
 68.0   2.4  -0.9   65.1  12.2  -2.1   63.4  10.6  -1.9   61.1   7.3   2.6
 59.8   8.4   5.9   57.9  10.2   8.6   54.3   8.9   2.4   52.0  11.1  -4.0
 50.1  14.5  -6.7   50.0  14.5  -6.7   46.2   7.3  -2.6   44.6   2.5   2.5
 43.7   0.9   5.1   42.3   3.2   8.7   41.5   1.7   9.6   40.4   0.0   5.1
 39.4  -1.5   0.0   37.9   0.0  -5.1   37.0   4.3  -5.1   35.9   6.9  -6.9
 33.5   2.6   0.2   32.3   5.1  -0.4   31.5   5.3  -3.1   31.0   5.1  -0.4
 30.7   6.7   0.6   30.0  11.9   3.2   28.7  17.3   8.0   26.3  23.3   4.1
 23.8  20.8   7.6   20.4  20.0  -1.7   20.0  19.5  -1.7   18.3  17.2   3.0
 17.1  13.8  -1.2   15.6   6.8   2.5   15.3   3.1  -0.3   15.0   4.7  -2.2
 14.5   8.9  -5.1   14.0   5.1  -4.3   13.7   3.0  -4.2   13.2  -1.8  -1.0
 12.7  -5.1  -0.9   12.5  -4.3  -5.1   12.3  -4.7  -6.7   11.5 -11.7   5.4
 11.3 -10.2  10.2   10.3 -11.0   9.3   10.0 -16.4   6.0    9.6 -18.5   0.0
  8.5 -36.5   6.4    7.2 -29.2   2.6    6.1 -44.8   0.0    5.5 -33.3  -2.9


 99.9   1.3  -1.6   90.0   0.1  -0.2   80.0  10.3  -0.7   70.0   4.0  -2.3
 60.0   8.2   5.4   50.0  14.5  -6.7   45.0   3.7   1.2   40.0  -0.6   3.1
 35.0   5.3  -4.3   30.0  11.9   3.2   25.0  22.0   5.9   22.5  20.5   4.1
 20.0  19.5  -1.7   15.0   4.7  -2.2   12.0  -7.3  -2.2   10.0 -16.4   6.0
  8.0 -33.8   5.0    7.0 -31.9   2.1    6.0 -42.9  -0.5    5.0   0.0   0.0
  4.0   0.0   0.0
 
 17. 2.2016   0 Uhr

 99.9   5.3  -1.9   94.6   3.3  -1.5   89.9   5.6  -1.0   81.2  11.7  -5.4
 77.6   4.6  -8.0   75.1   6.2  -6.2

 99.9   5.3  -1.9   90.0   5.5  -1.0   80.0   9.3  -6.3   70.0   0.0   0.0
 60.0   0.0   0.0   50.0   0.0   0.0   45.0   0.0   0.0   40.0   0.0   0.0
 35.0   0.0   0.0   30.0   0.0   0.0   25.0   0.0   0.0   22.5   0.0   0.0
 20.0   0.0   0.0   15.0   0.0   0.0   12.0   0.0   0.0   10.0   0.0   0.0
  8.0   0.0   0.0    7.0   0.0   0.0    6.0   0.0   0.0    5.0   0.0   0.0
  4.0   0.0   0.0
 
 17. 2.2016  12 Uhr

 99.9   0.0   0.0   90.0   0.0   0.0   80.0   0.0   0.0   70.0   0.0   0.0
 60.0   0.0   0.0   50.0   0.0   0.0   45.0   0.0   0.0   40.0   0.0   0.0
 35.0   0.0   0.0   30.0   0.0   0.0   25.0   0.0   0.0   22.5   0.0   0.0
 20.0   0.0   0.0   15.0   0.0   0.0   12.0   0.0   0.0   10.0   0.0   0.0
  8.0   0.0   0.0    7.0   0.0   0.0    6.0   0.0   0.0    5.0   0.0   0.0
  4.0   0.0   0.0
 
 18. 2.2016   0 Uhr

 99.9  -2.0  -2.4   97.4  -0.2   0.5   92.1   5.1   2.4   87.8   7.7   0.0
 85.4   5.1  -0.9   83.0   2.4  -0.9   80.4   3.3  -7.0   77.9   2.2 -12.7
 75.6  -0.6  -7.2   75.0   0.0  -5.1   73.5   2.4  -2.0   72.2   5.0   1.3
 70.9   7.6   4.4   70.0   8.5   4.9   66.0  12.9   0.0   60.9  13.9   3.7
 52.4  15.4  -1.3   50.0  12.3  -1.1   49.8  12.3  -1.1   45.2   7.9   3.7
 43.2   4.9   2.8   40.0   3.6  -2.1   39.5   3.3  -3.9   37.1   6.0  -7.1
 36.2   3.0  -4.2   35.6   2.3  -1.1   35.1   4.6   3.2   33.5   9.9  11.8
 31.3   8.6  10.2   30.0  11.1   4.0   29.6  12.2   2.1   26.9  11.3   1.0
 21.0  12.3   1.1   20.0  13.2  -2.3   17.0  13.8 -11.6   16.2  10.9 -10.9
 15.5   8.9  -5.1   15.2   6.1  -0.5   15.1   4.8   1.8   14.9   4.1   5.9
 14.0   5.6   8.0   12.7  -8.3   6.9   11.6  -4.9   2.8   11.0 -14.9  -4.0
 10.4 -23.2 -16.2   10.0 -26.1 -18.3    9.7 -31.2 -14.6    8.4 -38.9   3.4
  7.9 -30.7   2.7    5.9 -33.8   3.0

 99.9  -2.0  -2.4   90.0   6.4   1.2   80.0   3.1  -7.9   70.0   8.5   4.9
 60.0  14.1   3.2   50.0  12.3  -1.1   45.0   7.6   3.6   40.0   3.6  -2.1
 35.0   5.0   3.8   30.0  11.1   4.0   25.0  11.6   1.0   22.5  12.0   1.1
 20.0  13.2  -2.3   15.0   4.5   3.8   12.0  -6.2   4.4   10.0 -26.1 -18.3
  8.0 -32.4   2.8    7.0 -32.1   2.8    6.0 -33.7   2.9    5.0   0.0   0.0
  4.0   0.0   0.0
 
 18. 2.2016  12 Uhr

 99.9   4.4   4.4   93.2   8.9   2.4   90.1   7.2   0.0   88.2   4.7  -2.2
 76.7  -1.3  -5.0   75.3  -5.1  -5.1   74.6  -3.6  -3.6   73.5   0.0   0.0
 71.7   4.8   1.8   70.0  11.3   0.0   65.2  18.4   1.6   57.0  15.4  -4.1
 52.2   8.2   0.0   50.0   9.3   4.3   45.4   5.9   8.4   44.3   1.4   8.1
 42.7  -0.9   5.1   41.4  -1.5   0.1   40.3   0.4  -5.1   38.9   3.3  -7.0
 37.9   3.0  -8.2   36.5  -1.5  -5.5   35.8  -0.9  -5.1   35.1   2.1  -1.5
 34.6   4.7   2.2   33.9   7.1   6.0   33.1   9.1   7.6   31.8   7.3   7.3
 30.6   8.4   2.3   30.3   9.8   0.0   30.0  10.8  -0.9   27.7  12.7  -2.2
 24.8  19.3   3.4   21.3  15.7   2.8   20.4  14.9  -4.0   20.0  15.5  -5.6
 17.0  16.4  -1.4   14.4   7.7  -0.7   13.9   6.7   0.6   13.0   0.5   5.6
 12.7   1.3   5.0   12.4  -2.2   2.2   12.1  -4.7  -2.2   10.9 -26.1  -9.5
 10.0 -33.3  -2.9    9.7 -34.8   3.0    8.1 -34.8   9.3    6.3 -30.4   0.0
  4.7 -45.8   0.0    4.6 -44.8   0.0

 99.9   4.4   4.4   90.0   7.1  -0.1   80.0   0.5  -4.1   70.0  11.3   0.0
 60.0  16.6  -2.0   50.0   9.3   4.3   45.0   4.3   8.3   40.0   1.0  -5.5
 35.0   2.6  -0.7   30.0  10.8  -0.9   25.0  18.8   3.0   22.5  17.0   3.0
 20.0  15.5  -5.6   15.0   9.8  -0.9   12.0  -6.4  -2.8   10.0 -33.3  -2.9
  8.0 -34.6   8.8    7.0 -32.2   3.8    6.0 -33.0   0.0    5.0 -42.6   0.0
  4.0   0.0   0.0
 
 19. 2.2016   0 Uhr

 99.9   0.7   2.5   90.0  -0.9   0.5   85.3  -5.5  -3.8   83.4  -6.3  -2.3
 78.5  -8.2  -3.0   77.7  -5.5  -3.8   76.0   2.6  -4.5   74.3   7.5  -3.5
 70.1  15.7  -2.8   70.0  15.7  -2.8   60.4  13.8  -1.2   57.8  12.6  -4.6
 55.7  12.7   2.2   53.4   9.3   0.0   52.2   8.6   1.5   50.0  12.6   4.6
 48.1  14.5   5.3   45.4  10.8  -0.9   43.0   3.2  -8.7   40.6  -0.7  -8.2
 39.5   0.9  -5.1   38.5  -1.0   1.8   37.6   3.0   4.2   35.6   6.3   7.5
 34.4   2.8   4.9   33.4   3.5   0.9   33.2   5.1   0.0   32.3   7.9  -3.7
 30.1  12.6  -5.9   30.0  12.6  -5.9   25.1  13.3   1.2   22.9  12.4  -3.3
 20.0  17.7  -3.1   18.8  19.3  -3.4   16.2  11.6   4.2   15.4   9.2   3.3
 14.5   6.7  -0.6   14.3   4.8  -1.8   13.7  -0.3  -1.0   13.5  -4.8  -1.8
 12.7 -17.7  -3.1   11.9 -15.5  -5.6   10.8 -21.8 -12.6   10.0 -32.9   0.0
  9.7 -34.3   3.0    8.0 -38.1   0.0    7.2 -31.4   0.0    6.6 -40.5  -3.5
  6.2 -35.9  -3.1    5.4 -43.6   3.8

 99.9   0.7   2.5   90.0  -0.9   0.5   80.0  -7.6  -2.8   70.0  15.7  -2.8
 60.0  13.6  -1.7   50.0  12.6   4.6   45.0   9.5  -2.2   40.0   0.2  -6.5
 35.0   4.6   6.2   30.0  12.6  -5.9   25.0  13.3   1.0   22.5  13.1  -3.3
 20.0  17.7  -3.1   15.0   8.1   1.6   12.0 -15.8  -5.3   10.0 -32.9   0.0
  8.0 -38.1   0.0    7.0 -34.4  -1.2    6.0 -37.7  -1.5    5.0   0.0   0.0
  4.0   0.0   0.0
 
 19. 2.2016  12 Uhr

 99.9   7.1   6.0   93.3   8.2   3.0   89.8   7.0  -1.9   87.0   6.1  -1.1
 82.9  -2.2  -4.7   80.6   0.0  -7.2   78.5   4.4  -4.4

 99.9   7.1   6.0   90.0   7.0  -1.6   80.0   1.2  -6.4   70.0   0.0   0.0
 60.0   0.0   0.0   50.0   0.0   0.0   45.0   0.0   0.0   40.0   0.0   0.0
 35.0   0.0   0.0   30.0   0.0   0.0   25.0   0.0   0.0   22.5   0.0   0.0
 20.0   0.0   0.0   15.0   0.0   0.0   12.0   0.0   0.0   10.0   0.0   0.0
  8.0   0.0   0.0    7.0   0.0   0.0    6.0   0.0   0.0    5.0   0.0   0.0
  4.0   0.0   0.0
 
 20. 2.2016   0 Uhr

 99.9  -2.1  -2.9   96.9  -4.4  -4.4   90.1  -8.0  -8.0   84.8 -14.5  -6.7
 82.3  -8.9  -2.4   81.4  -5.0  -1.3   80.1  -0.1  -0.5   78.4   4.7  -2.2
 72.9  15.7  -2.8   70.0  17.4  -6.3   69.5  17.9  -6.5   66.3  10.2  -3.7
 64.7  13.2  -2.3   61.7  13.1  -6.1   57.5  11.7   5.4   54.8  15.4   7.2
 50.0  11.8  -1.0   47.7   9.8  -4.6   45.7   4.8  -1.8   44.7  -0.1  -1.0
 42.5  -0.9  -5.1   41.8  -0.5  -5.6   41.6  -0.9  -5.1   40.6  -5.1   0.0
 38.0 -10.2   8.6   36.4  -2.5   9.4   34.9  -1.6   6.0   34.4  -3.0   4.2
 30.2   0.0   0.0   30.0   1.5   0.1   29.6   5.1  -0.4   28.3  11.1  -2.0
 25.7  13.1  -6.1   22.7  16.3  -7.6   21.7  14.5  -5.3   20.7   9.4  -5.4
 20.0   9.4  -2.5   19.2   4.0  -2.3   16.0   1.3   0.9   15.1  -3.9   6.7
 14.4  -4.0  11.1   13.9  -9.9   8.3   13.3 -16.5   9.5   12.6 -17.9  -1.6
 11.4 -18.7  10.8   10.3 -23.2   8.4   10.0 -22.0   1.9    9.9 -22.1   0.0
  9.8 -23.1  -2.0    8.6 -32.9  -5.8    8.3 -32.3  -2.8    7.7 -40.1   0.0
  7.1 -33.3   2.9    6.6 -40.0   3.5    4.8 -42.0   3.7    4.0 -37.9   3.3


 99.9  -2.1  -2.9   90.0  -8.1  -8.0   80.0   0.2  -0.6   70.0  17.4  -6.3
 60.0  12.5  -1.5   50.0  11.8  -1.0   45.0   1.4  -1.2   40.0  -6.3   1.9
 35.0  -1.7   6.2   30.0   1.5   0.1   25.0  13.8  -6.4   22.5  16.0  -7.1
 20.0   9.4  -2.5   15.0  -3.9   7.3   12.0 -18.3   4.5   10.0 -22.0   1.9
  8.0 -36.2  -1.4    7.0 -34.6   3.0    6.0 -40.6   3.6    5.0 -41.8   3.7
  4.0 -37.9   3.3
 
 20. 2.2016  12 Uhr

 99.9   3.9  -3.3   97.5   0.2  -2.0   91.5  -7.3  -2.6   87.8 -13.3  -1.2
 83.7  -7.7   2.8   81.6  -4.0   4.0   80.8  -2.6   4.5   79.4   2.1   2.9
 78.0   5.1   0.4   76.4   6.8  -2.5   71.9  18.9  -6.9   70.0  17.3  -8.0
 67.9  11.7  -5.4   59.4  10.8   0.0   56.1  13.5  -4.9   51.6  13.1  -4.8
 50.0  10.6  -1.9   47.2   6.5  -1.7   46.6   5.0  -1.3   45.7   3.0   0.5
 42.9  -4.0   4.0   40.9  -5.1   0.9   37.9 -13.9   9.7   36.7  -8.0  11.4
 34.6  -6.2   6.2   31.4   0.3   0.4   30.7  -0.9   5.1   30.0   3.0   4.2
 29.3   4.7   2.2   28.3   8.2   0.0   27.5   6.3   2.3   25.2   7.6  -5.3
 23.4  10.1  -1.8   20.1  12.9   3.5   20.0  12.9   3.5   17.2   8.9   2.4
 15.9   7.0   3.3   15.2   3.8   5.5   14.5   4.0   4.0   14.2  -0.7   0.8
 13.9  -3.9  -3.3   13.7  -3.6  -6.2   12.5 -20.3  -3.6   11.8 -16.5   0.0


 99.9   3.9  -3.3   90.0  -9.7  -2.0   80.0   0.1   3.6   70.0  17.3  -8.0
 60.0  10.9  -0.4   50.0  10.6  -1.9   45.0   1.3   1.4   40.0  -7.7   3.5
 35.0  -6.5   7.2   30.0   3.0   4.2   25.0   7.9  -4.9   22.5  10.9  -0.4
 20.0  12.9   3.5   15.0   3.9   5.1   12.0 -17.6  -1.0   10.0   0.0   0.0
  8.0   0.0   0.0    7.0   0.0   0.0    6.0   0.0   0.0    5.0   0.0   0.0
  4.0   0.0   0.0
 
 21. 2.2016   0 Uhr

 99.9  -4.3  -9.3   93.9  -5.9  -4.1   89.6  -5.1   0.4   83.9   0.5  -0.1
 81.3   4.8  -1.8   72.9  14.3 -10.0   71.0  10.9 -13.0   70.0  11.3 -11.3
 66.9  11.7  -2.1   64.2  10.7  -6.2   60.9   6.5  -3.0   59.8   7.2   0.6
 59.3   6.8   2.5   54.2  16.9   4.5   50.0  10.9   2.9   49.3  10.2   3.7
 47.9   6.3   4.4   46.8   5.3   6.3   43.6  -7.6   9.1   39.9 -13.8   8.0
 38.1 -12.4  12.4   36.1 -16.0   9.3   35.2 -11.2   5.2   34.4  -6.1  -1.1
 34.1  -5.3  -1.9   33.5  -4.5  -2.6   30.6  -7.0   1.9   30.2  -4.2   3.0
 30.0  -1.5   2.1   29.7   0.7   0.8   25.5   4.8  -1.8   20.9  14.9   7.0
 20.0  13.5   4.9   16.7   7.7   0.7   16.1   4.8  -1.8   14.6  -0.3   0.4
 14.2  -5.1   0.0   13.7  -6.3  -5.3   13.0 -10.5  -7.4   12.6 -13.1  -6.1
 11.9 -10.2   5.9   11.7 -10.6   8.9   11.0 -15.9   0.0   10.5 -19.5   0.0
 10.1 -20.5  -9.6   10.0 -21.4 -10.0    8.7 -24.6  -2.2    8.0 -27.0 -12.6
  7.2 -35.9  -3.1    5.5 -37.4   3.3

 99.9  -4.3  -9.3   90.0  -5.2   0.0   80.0   6.3  -3.0   70.0  11.3 -11.3
 60.0   7.1   0.0   50.0  10.9   2.9   45.0  -1.9   7.8   40.0 -13.6   8.0
 35.0  -9.9   3.7   30.0  -1.5   2.1   25.0   5.9  -0.9   22.5  11.2   3.8
 20.0  13.5   4.9   15.0   1.1  -0.2   12.0 -10.7   4.2   10.0 -21.4 -10.0
  8.0 -27.0 -12.6    7.0 -36.0  -2.4    6.0 -36.9   1.3    5.0   0.0   0.0
  4.0   0.0   0.0
 
 21. 2.2016  12 Uhr

 99.9  -2.5  -0.4   95.3  -7.6  -5.3   93.6  -9.3  -6.5   86.1  -5.1   2.4
 82.5   3.3   3.9   78.9   5.6   2.6   76.7   2.8  -1.3   75.7   3.3  -3.9
 72.6   5.1 -14.0   70.3   1.1 -12.3   70.0   1.0 -11.8   67.5   5.0  -5.9
 66.5   5.6  -1.0   66.0   6.1   0.5   65.0   7.3   2.6   61.9   8.7   3.2
 60.5   9.9   8.3   54.0  15.4   7.2   50.0   8.6   1.5   48.7   7.7   0.0
 47.7   5.1   0.9   45.9   0.0   2.6   45.2  -4.5   2.6   42.6 -17.4   6.3
 40.8 -18.3  10.5   38.0 -25.3   6.8   36.7 -17.9   1.6   35.5  -9.3  -4.3
 34.3  -4.1  -7.1   33.3  -2.6  -5.6   32.7  -3.3  -3.9   31.5  -2.5   0.7
 30.8  -1.8   4.8   30.0   4.0   4.7   29.9   5.5   3.8   29.2   6.0   1.6
 28.5   7.0   3.3   27.0  11.8   1.0   22.3  16.7  -2.9   20.0  12.9  -3.5
 18.9  12.2  -2.1   17.7   8.4  -3.9   17.0   5.6  -6.7   15.8   3.6  -3.6
 14.9   0.0   0.0   13.7  -0.9   1.3   13.2  -5.1   0.9   12.5 -14.5   5.3
 12.0 -11.6  11.6   11.6 -13.0  10.9   11.0 -14.2  -2.5   10.8 -14.5  -5.3
 10.1 -18.3 -10.5   10.0 -19.1  -8.9    8.9 -24.3   6.5    7.4 -37.6   0.0
  7.1 -36.4  -3.2

 99.9  -2.5  -0.4   90.0  -7.3  -2.3   80.0   4.9   3.0   70.0   1.0 -11.8
 60.0  10.3   8.2   50.0   8.6   1.5   45.0  -5.4   2.9   40.0 -20.3   9.5
 35.0  -7.2  -5.5   30.0   4.0   4.7   25.0  13.8  -0.6   22.5  16.5  -2.8
 20.0  12.9  -3.5   15.0   0.4  -0.4   12.0 -11.6  11.6   10.0 -19.1  -8.9
  8.0 -32.1   2.7    7.0 -36.0  -4.3    6.0   0.0   0.0    5.0   0.0   0.0
  4.0   0.0   0.0
 
 22. 2.2016   0 Uhr

 99.9  -2.6  -4.5   91.1  -8.9  -5.1   90.5  -8.4  -5.9   87.4  -5.1  -4.3
 86.2  -2.6  -4.5   78.7   1.5  -1.5   76.3  -0.4  -5.1   74.1  -4.3  -9.3
 71.5  -4.1  -5.9   70.1  -4.7  -2.2   70.0  -4.2  -2.0   67.2  -1.3   0.9
 65.1   3.6   3.6   63.3   7.2   5.0   61.3   5.1   4.3   60.0   3.5   7.5
 56.3   7.6   5.3   54.4   8.4   8.4   52.9   6.0   7.1   51.6   0.9   5.1
 50.4  -1.2   3.4   50.0  -1.1   4.0   45.7  -7.9   6.6   40.8 -23.4   6.3
 38.5 -18.3 -10.5   34.9 -12.6 -10.6   33.3  -5.1  -0.9   32.8  -3.3   1.5
 31.5   2.5   6.8   30.3   4.6   3.2   30.0   4.3   3.6   29.5   4.4   4.4
 28.0   7.1  -1.3   25.7   9.6  -1.7   24.8   9.2   3.3   23.2  12.8  -1.1
 22.6  11.4  -3.1   20.9  11.3   0.0   20.2   9.3   4.3   20.0   9.3   4.3
 18.5   5.3   1.9   17.8   4.2   3.0   17.2   1.7   3.7   17.0   1.3   5.0
 15.9   3.1  11.4   15.3   3.0   6.5   14.7   1.3   7.1   14.4  -2.4   5.1
 13.9  -2.4   2.0   13.7  -4.7   2.2   13.0 -10.6   8.9   11.8 -13.8  -8.0
 11.4 -12.2  -8.6   11.2 -12.9  -7.5   10.9 -19.5  -1.7   10.5 -24.1   2.1
 10.0 -16.9   4.5    9.3 -24.3   4.3    8.5 -22.7  -8.3    7.3 -33.8   3.0
  5.1 -35.5   6.3

 99.9  -2.6  -4.5   90.0  -7.9  -5.6   80.0   0.7  -2.0   70.0  -4.2  -2.0
 60.0   3.5   7.5   50.0  -1.1   4.0   45.0 -10.0   6.6   40.0 -21.6   0.5
 35.0 -12.8 -10.6   30.0   4.3   3.6   25.0   9.3   2.2   22.5  11.4  -2.9
 20.0   9.3   4.3   15.0   2.2   6.8   12.0 -13.3  -5.1   10.0 -16.9   4.5
  8.0 -27.2  -3.7    7.0 -34.0   3.4    6.0 -34.7   4.8    5.0 -35.5   6.4
  4.0   0.0   0.0
 
 22. 2.2016  12 Uhr

 99.9  -6.1  -2.8   91.6 -16.4   1.4   89.7 -13.7   2.4   86.6  -7.3   8.7
 83.0  -2.5   9.4   76.8  -3.0   3.5   75.7  -3.6   3.6   73.7  -4.1   5.9
 71.5  -5.9   5.0   70.0  -1.4   8.1   69.0   2.1   8.0   64.8   7.9   9.5
 60.6   4.9   8.5   54.4   6.5   1.7   53.1   2.8  -2.3   50.0  -1.6  -4.4
 49.9  -1.8  -4.8   47.6  -4.0  -4.0   45.3 -10.6  -3.9   40.6 -21.0  -1.8
 39.1 -18.6  -8.7   37.5 -18.6  -8.7   34.5  -6.2   0.0   33.3  -1.3   2.2
 32.1   0.9   5.1   30.9   1.1   6.1   30.0   7.5   3.5   29.9   7.7   2.8
 28.3  10.2  -0.9   26.3  13.2   2.3   25.1  17.0   0.0   20.8   6.8   9.7
 20.0   7.3   7.3   18.2   4.7   4.7   17.9   5.9   5.0   15.6   6.0   7.1
 15.3   4.7   4.7   14.9   5.1   0.4   14.7   5.1  -0.4   13.8   0.5  -0.1
 12.5  -4.2   3.0   12.1  -5.6   6.7   11.8 -11.6   6.7   11.2 -10.1  -1.8
 11.1 -10.6  -3.9   10.0 -18.9   5.1    9.9 -17.4   6.3    6.4 -37.4   3.3
  5.4 -33.9  -6.0

 99.9  -6.1  -2.8   90.0 -14.1   2.3   80.0  -2.7   6.6   70.0  -1.4   8.1
 60.0   5.0   7.8   50.0  -1.6  -4.4   45.0 -11.3  -3.7   40.0 -20.1  -4.6
 35.0  -8.3  -1.5   30.0   7.5   3.5   25.0  16.8   0.2   22.5  11.0   5.7
 20.0   7.3   7.3   15.0   5.0   1.5   12.0  -7.6   6.7   10.0 -18.9   5.1
  8.0 -27.5   4.8    7.0 -33.5   3.9    6.0 -36.1  -0.3    5.0   0.0   0.0
  4.0   0.0   0.0
 
 23. 2.2016   0 Uhr

 99.9  -7.1  -1.3   86.0  -2.3   8.4   78.6  -1.2  13.3   74.8  -3.9   8.4
 73.9  -1.6   9.1   72.6   3.9  10.6   70.0   9.6  11.4   67.0  12.6  15.0
 63.7   8.0  11.4   62.3   8.9   4.1   61.6  10.1   1.8   51.7   9.8 -16.9
 50.0   6.5 -14.0   47.4   1.2 -13.8   44.5  -7.1 -10.1   41.7 -16.4  -4.4
 38.9 -17.8 -10.3   37.8 -14.5  -5.3   36.5  -9.7   3.5   34.9  -4.5   2.6
 34.0   0.1   1.0   32.9   2.2   4.7   30.8  10.0  14.3   30.0  10.6  12.6
 25.2  13.1   9.1   21.6   9.5   7.9   20.0   6.1   2.8   19.9   5.6   2.6
 19.2   2.0  -0.5   18.2   3.0  -4.2   17.7   5.5  -5.5   16.4   4.7  -4.7
 15.4   2.6  -5.6   13.6   2.6  -4.5   13.2  -0.8  -0.6   12.7  -5.0   1.3
 12.3 -11.9  -3.2   11.9  -8.3  -6.9   11.8  -9.3  -6.5   11.3 -15.4   4.1
 10.6 -14.7  10.3   10.0 -20.4   5.5    9.3 -21.3  -7.7    8.9 -20.5  -9.6
  8.3 -20.1   0.0    5.7 -23.8  -4.2

 99.9  -7.1  -1.3   90.0  -3.7   5.5   80.0  -1.4  12.4   70.0   9.6  11.4
 60.0  10.1  -1.1   50.0   6.5 -14.0   45.0  -5.6 -10.8   40.0 -17.3  -7.9
 35.0  -4.8   2.6   30.0  10.6  12.6   25.0  12.9   9.1   22.5  10.4   8.3
 20.0   6.1   2.8   15.0   2.6  -5.4   12.0  -9.2  -6.0   10.0 -20.4   5.5
  8.0 -20.4  -0.4    7.0 -21.8  -2.0    6.0 -23.3  -3.7    5.0   0.0   0.0
  4.0   0.0   0.0
 
 23. 2.2016  12 Uhr

 99.9  -4.3   3.6   87.2  -3.9   8.4   84.9  -3.2  11.9   79.8   1.6   6.0
 78.0  -0.4   4.1   76.3   1.3   5.0   75.0   5.0   7.2   73.3   5.9   8.4
 70.0   2.8   6.1   68.9   1.3   5.0   67.7   0.5   0.2   66.6   3.9  -3.3
 65.0   7.3  -8.7   57.3  13.8 -11.6   52.5  11.1  -6.4   50.0   4.3  -9.3
 48.3   1.4  -8.1   47.1  -2.6  -4.5   46.5  -4.3  -3.6   43.6  -8.9  -5.1
 41.4 -14.9   0.0   39.9 -12.8  -1.1   38.2 -13.1  -9.1   37.1  -9.7  -6.8
 36.5  -7.0  -1.9   36.0  -4.2   3.0   35.4   0.0   6.2   35.0   3.3   7.0
 31.8   5.1   4.3   30.0   4.3   5.1   29.5   4.1   5.9   28.7   8.4   3.9
 26.2  11.1   2.0   25.8  11.1   4.0   23.0   6.7   3.9   21.8   6.2   0.0
 21.1   5.1   0.9   20.4   3.1   0.0   20.0   2.8  -2.3   19.5   3.6  -3.6
 18.4   2.6  -4.5   16.3   6.9  -6.9   15.7   7.2  -5.0   14.8   5.6  -6.7
 14.0   5.1  -3.5   13.5   1.8   4.8   12.3  -1.5  -2.1   12.0  -4.2  -3.0
 11.6  -6.8   2.5   11.1  -3.6   6.2   11.0  -4.1   5.9   10.8  -9.6   1.7
 10.0 -12.9  -7.5    9.9 -12.2  -8.6    9.3 -16.0  -9.3    9.1 -19.3  -7.0
  8.4 -15.4   4.1    7.2 -23.9   6.4

 99.9  -4.3   3.6   90.0  -4.0   7.3   80.0   1.4   6.2   70.0   2.8   6.1
 60.0  11.4 -10.5   50.0   4.3  -9.3   45.0  -6.7  -4.4   40.0 -13.0  -1.0
 35.0   3.3   7.0   30.0   4.3   5.1   25.0   9.9   4.0   22.5   6.5   2.3
 20.0   2.8  -2.3   15.0   6.0  -6.3   12.0  -4.2  -3.0   10.0 -12.9  -7.5
  8.0 -18.1   4.9    7.0 -25.4   6.8    6.0   0.0   0.0    5.0   0.0   0.0
  4.0   0.0   0.0
 
 24. 2.2016   0 Uhr

 99.9   0.0  13.9   96.8   1.4  16.4   90.3  -1.7   9.6   85.9  -8.0   8.0
 84.6  -6.3   7.5   81.7   4.1   7.1   78.4   7.6   4.4   73.3   8.7   3.2
 72.0   6.7   0.0   70.0   6.2  -6.2   69.8   6.0  -7.1   65.0  11.8 -16.9
 59.5  13.9  -9.7   53.4   8.3 -11.8   50.8   3.3  -9.2   50.0   0.6  -7.2
 45.1  -3.4  -1.2   39.4 -11.7  -5.4   38.6  -9.9  -2.7   37.7  -6.1   0.5
 37.3  -3.5   3.0   37.0  -1.8   4.8   35.7   2.4   5.1   34.5   3.0   4.2
 33.5   5.1   0.4   31.6   4.1  -0.4   30.8   6.1  -2.8   30.0   8.7  -3.2
 26.9  11.8  -1.0   25.5  12.9  -3.5   22.7   5.1   0.0   22.0   3.5  -0.6
 20.0   2.0  -7.5   16.5   9.4  -5.4   15.5   2.8  -4.9   14.7   3.9   3.3
 13.2  -2.5   9.4   12.9  -5.1   5.1   12.6  -3.4  -2.4   12.4  -2.6  -4.5
 11.6 -13.3  -1.2   10.7  -4.7   4.0   10.0  -9.4  -5.4    9.9  -9.3  -6.5
  9.8  -9.1  -7.6    8.8 -19.9   5.3    8.4 -14.3  10.0    7.2 -15.9   1.4
  6.9 -24.8   6.7    6.6 -20.3   7.4    6.1 -26.1   2.3    5.6 -32.8   8.8
  5.4 -30.8   8.3

 99.9   0.0  13.9   90.0  -2.1   9.5   80.0   5.9   5.7   70.0   6.2  -6.2
 60.0  13.7 -10.4   50.0   0.6  -7.2   45.0  -3.5  -1.3   40.0 -10.7  -5.0
 35.0   2.7   4.6   30.0   8.7  -3.2   25.0  11.6  -2.9   22.5   4.7  -0.2
 20.0   2.0  -7.5   15.0   3.5   0.2   12.0  -7.9  -2.8   10.0  -9.4  -5.4
  8.0 -14.8   7.3    7.0 -21.8   4.9    6.0 -27.4   3.6    5.0   0.0   0.0
  4.0   0.0   0.0
 
 24. 2.2016  12 Uhr

 99.9  -1.1  12.8   92.2  -3.6   6.2   85.3  -7.3  -2.6   84.0  -4.8  -1.8
 82.5  -0.4  -2.0   80.5   4.2  -3.0   70.0   5.6  -6.7   67.3   8.0  -8.0
 64.2   6.2  -6.2   54.2   5.1   0.4   50.0   2.9   2.1   48.9   2.3   2.8
 47.5  -0.4   5.1   46.4  -3.5   5.1   43.2  -8.4   5.9   40.0  -9.5   9.5
 38.4 -11.6   4.2   35.4  -3.8   5.5   34.6  -1.3   5.0   33.7   0.4   0.9
 32.9   5.1  -0.9   31.4   6.6  -7.9

 99.9  -1.1  12.8   90.0  -4.7   3.5   80.0   4.3  -3.1   70.0   5.6  -6.7
 60.0   5.8  -3.5   50.0   2.9   2.1   45.0  -5.6   5.4   40.0  -9.5   9.5
 35.0  -2.6   5.2   30.0   0.0   0.0   25.0   0.0   0.0   22.5   0.0   0.0
 20.0   0.0   0.0   15.0   0.0   0.0   12.0   0.0   0.0   10.0   0.0   0.0
  8.0   0.0   0.0    7.0   0.0   0.0    6.0   0.0   0.0    5.0   0.0   0.0
  4.0   0.0   0.0
 
 25. 2.2016   0 Uhr

 99.9  -2.6  14.7   92.5  -3.9  10.6   91.2  -2.0   7.5   89.6   2.3   2.8
 86.2   5.8  -3.3   83.9   5.3  -6.3   82.8   3.3  -7.0   81.7   0.0  -5.1
 70.4   0.0   0.0   70.0   1.9  -0.9   67.9   7.7  -2.8   65.3  11.4  -8.0
 61.9   3.9  -6.7   57.2   3.6  -3.6   54.8   1.0   0.2   52.4   1.8   4.8
 50.0   5.4  11.7   49.6   6.7  11.6   45.3   2.1   8.0   44.3  -0.5   6.1
 43.4  -5.1   3.5   42.2  -8.2   3.0   40.5  -4.6   5.5   38.0  -5.6   6.7
 35.8  -4.8   1.8   33.7  -0.4  -0.9   33.1   3.0  -4.2   31.6   0.8  -9.2
 30.3   4.6  -9.8   30.0   4.6  -9.8   29.0   1.8  -4.8   28.1  -0.6  -7.2
 27.8   0.0  -6.2   26.6   4.7  -2.2   25.2   4.6  -3.2   23.7   5.1   0.4
 23.3   4.0   2.3   21.5   6.5   3.0   20.0  10.6   3.9   17.3  20.8   3.7
 15.0  16.4   6.0   13.3   8.9  10.6   12.9   3.0   8.2   12.6  -3.2   4.6
 12.5  -6.3   2.3   12.3  -8.2   0.7   11.4  -8.7   7.3   10.4 -17.9  -4.8
 10.0 -20.0  -9.3    9.8 -20.5 -11.8    9.4 -24.2  -8.8    8.7 -19.5   0.0
  8.4 -27.2  -2.4    8.1 -21.3  -3.8    6.8 -35.9   3.1    6.4 -24.7   0.0
  6.1 -25.7   0.0    5.8 -38.0   6.7    5.7 -37.0   6.5

 99.9  -2.6  14.7   90.0   1.2   3.9   80.0   0.0  -4.4   70.0   1.9  -0.9
 60.0   3.8  -5.5   50.0   5.4  11.7   45.0   1.3   7.4   40.0  -4.8   5.7
 35.0  -3.2   0.7   30.0   4.6  -9.8   25.0   4.7  -2.8   22.5   5.1   2.6
 20.0  10.6   3.9   15.0  16.4   6.0   12.0  -8.4   2.9   10.0 -20.0  -9.3
  8.0 -22.3  -3.3    7.0 -33.5   2.0    6.0 -29.8   2.2    5.0   0.0   0.0
  4.0   0.0   0.0
 
 25. 2.2016  12 Uhr

 99.9   0.0  15.9   92.3  -2.6   4.5   89.8   0.0   0.0   88.3  -0.9  -5.1
 86.5  -3.9  -8.4   84.8  -4.6  -8.0   77.9   0.9  -9.7   76.5   0.0  -7.7
 74.6  -3.8  -5.5   71.5  -3.9  -6.7   70.0  -4.7  -4.7   68.7  -4.8  -1.8
 64.0  -0.5  -0.1   60.9   2.4   5.1   55.8  10.9  10.9   50.0   6.7  11.6
 47.3   2.0  11.1   45.7   2.9  10.9   44.0  -1.7   6.5   43.5  -3.3   3.3
 43.2  -4.7   2.2   40.8  -9.2   3.3   38.7  -7.2   0.6   37.8  -6.1   2.8
 36.9  -5.6   0.5   36.0  -6.0   1.6   32.7  -0.4  -5.1   31.7  -2.6  -4.5
 30.0   0.3  -3.6   29.2   1.0  -0.4   27.2   5.1   0.9   20.0  19.0   1.7
 17.2  22.2   8.1   15.3  16.9   6.2   13.8  10.5   7.4   12.8   0.0  10.3
 12.5  -5.0   5.9   12.3  -6.7   4.7   11.7 -12.6   4.6   11.1 -10.1   7.1
 10.4 -16.9  -1.5   10.1 -16.4  -4.4   10.0 -17.2  -3.0    9.4 -21.4   5.7
  8.2 -27.4  -4.8    7.3 -33.4   5.9    7.0 -36.9   3.2    6.5 -26.6  -2.3
  5.6 -37.0  -6.5    5.3 -29.8 -13.9    4.9 -29.3  -7.9    4.5 -38.6   0.0
  4.4 -35.9  -3.1

 99.9   0.0  15.9   90.0  -0.2   0.4   80.0  -0.9  -9.2   70.0  -4.7  -4.7
 60.0   3.9   6.1   50.0   6.7  11.6   45.0   1.0   9.1   40.0  -8.4   2.3
 35.0  -4.3  -0.4   30.0   0.3  -3.6   25.0   9.0   1.1   22.5  13.8   1.4
 20.0  19.0   1.7   15.0  15.7   6.4   12.0  -9.6   4.6   10.0 -17.2  -3.0
  8.0 -28.7  -2.5    7.0 -36.9   3.2    6.0 -32.3  -4.6    5.0 -29.5  -9.4
  4.0   0.0   0.0
 
 26. 2.2016   0 Uhr

 99.9   3.7  10.2   95.8  -1.6   6.0   90.6  -3.5  -5.1   88.4  -0.7  -7.7
 85.0   3.7 -10.2   72.5  -1.5  -0.1   70.1  -5.9   5.0   70.0  -5.9   5.0
 67.9   1.6   9.1   66.9   2.1   8.0   65.1  -0.5   6.1   57.6   0.0  12.9
 56.0  -3.5   9.7   53.9   2.1   8.0   50.1   0.9  10.2   50.0   0.9  10.2
 46.9  -9.5   9.5   44.9  -8.0   5.6   43.7  -6.5  -1.7   39.9  -5.0  -5.9
 38.0  -6.8  -2.5   37.3  -6.2  -3.6   36.4  -1.5  -5.5   35.8  -0.9  -5.1
 32.7   1.9  -0.9   32.2   4.8   1.8   31.3   8.3   6.9   30.0   9.1   7.6
 28.2  15.9   7.4   25.5  14.7  10.3   23.5  18.7   3.3   20.3  18.4   6.7
 20.0  18.4   6.7   19.1  19.1   8.9   16.9  14.7  10.3   15.5  16.4   1.4
 14.7   9.9   2.7   14.3   8.7  -3.2   13.5   5.1  -0.9   13.3   0.5  -0.9
 13.0  -3.0  -4.2   12.2  -2.3 -13.2   11.9  -4.9 -13.5   10.9 -12.4  -3.3
 10.6 -16.0  -5.8   10.0 -26.8   7.2    9.6 -28.0  13.0    9.3 -26.6  12.4
  8.6 -26.1  -2.3    7.1 -36.9  -3.2    6.0 -30.4  -5.4    5.2 -30.7   2.7


 99.9   3.7  10.2   90.0  -2.8  -5.8   80.0   1.7  -6.3   70.0  -5.9   5.0
 60.0  -0.2  10.6   50.0   0.9  10.2   45.0  -8.1   5.8   40.0  -5.0  -5.8
 35.0  -0.2  -4.0   30.0   9.1   7.6   25.0  15.7   8.6   22.5  18.6   4.3
 20.0  18.4   6.7   15.0  12.4   2.2   12.0  -4.1 -13.4   10.0 -26.8   7.2
  8.0 -30.3  -2.6    7.0 -36.3  -3.4    6.0 -30.4  -5.4    5.0   0.0   0.0
  4.0   0.0   0.0
 
 26. 2.2016  12 Uhr

 99.9  -1.3   7.1   94.6  -5.9   4.1   90.7  -3.8  -5.5   87.5   0.7  -7.7
 85.6   2.9 -10.9   81.0   0.0  -5.7   78.9  -1.8  -1.0   76.9  -4.5   2.6
 71.3  -8.0   8.0   70.0  -8.3  11.8   68.1  -5.3  14.5   63.6  -5.0  10.7
 59.3   0.9   9.7   56.6  -2.5   6.8   55.2   3.6   6.2   53.0   6.6   7.9
 50.0   4.6   8.0   49.5   4.1   7.1   48.1   0.0   5.7   47.7  -2.2   4.7
 47.0  -6.1   2.8   44.8  -7.6  -4.4   42.0 -10.3  -4.8   38.2  -9.3   0.0
 37.4  -5.1   0.0   36.4  -0.4   1.0   35.3   5.0   1.3   33.0   4.7   4.0
 31.7  11.2   5.2   30.0  13.4   7.7   29.3  13.9   9.7   26.8  19.3   3.4
 25.3  18.4   4.9   23.1  20.1   0.0   21.2  21.0   1.8   20.2  18.9   6.9
 20.0  18.9   6.9   17.8  16.0   5.8   17.1  12.6  10.6   16.3   3.9   6.7
 16.0   4.1   5.9   15.7  10.4   2.8   15.4  12.9   0.0   14.8   6.7   0.0
 14.5   4.8  -1.8   14.3   4.7  -4.0   13.4   3.5  -5.1   11.8 -13.1  -6.1
 10.7 -21.0  -1.8   10.0 -21.9  10.2    9.5 -21.9  10.2    8.8 -24.8  -4.4
  7.4 -35.0   6.2    6.0 -28.2   2.5    4.9 -30.9  -5.4

 99.9  -1.3   7.1   90.0  -2.9  -6.0   80.0  -0.8  -3.5   70.0  -8.3  11.8
 60.0  -0.1   9.9   50.0   4.6   8.0   45.0  -7.4  -3.7   40.0  -9.7  -2.3
 35.0   4.9   1.7   30.0  13.4   7.7   25.0  18.6   4.3   22.5  20.4   0.6
 20.0  18.9   6.9   15.0   8.8   0.0   12.0 -10.9  -6.0   10.0 -21.9  10.2
  8.0 -30.5   1.5    7.0 -33.1   5.2    6.0 -28.2   2.5    5.0 -30.6  -4.7
  4.0   0.0   0.0
 
 27. 2.2016   0 Uhr

 99.9   0.8   8.7   96.8   1.3   7.6   94.9   2.6   4.5   92.1   0.4  -0.3
 89.8  -0.4  -5.1   87.4  -0.8  -8.7   83.1  -6.3  -2.3   81.5  -4.8  -1.8
 78.1  -3.1   0.3   76.9  -4.7   4.0   72.1 -11.2  13.4   70.0  -5.7  12.1
 68.7  -2.0  11.1   65.4  -2.5   6.8   64.0   3.1   5.3   62.3   6.9   8.3
 59.7   3.3   5.8   59.0   3.0   4.2   57.3   0.5   0.0   55.9   4.5  -2.6
 55.3   5.6  -2.6   54.5   5.0  -1.3   50.3   0.4  -1.5   50.0  -0.5  -2.0
 49.4  -3.6  -3.6   45.8  -5.0 -10.7   43.1 -12.6  -4.6   42.2 -11.7  -2.1
 39.2  -5.8  -3.3   38.7  -3.9  -3.3   37.7   0.4  -2.0   36.8   5.1  -0.4
 35.8   7.3   2.6   33.8   7.6   7.6   32.6  13.5   6.3   30.0  19.8   7.2
 28.2  23.2   8.4   24.3  14.7  10.3   22.8  13.4   3.6   20.9   7.7  11.0
 20.3   7.6   9.1   20.0   9.5   7.9   19.6  10.6   8.9   17.4  10.2   5.9
 16.9   3.3   3.9   16.6   2.9   1.1   16.5   4.8  -1.8   16.0   9.8  -5.7
 13.9   2.3 -13.2   13.4   0.0 -11.3   12.9  -7.9  -6.6   12.6  -8.4  -5.9
 12.2 -14.9   0.0   11.1 -21.3   7.7   10.5 -15.4   1.3   10.1 -16.4   6.0
 10.0 -18.4   4.9    9.5 -21.8  -7.9    9.1 -22.7  -8.3    8.6 -22.6   0.0
  7.8 -35.9   3.1    7.3 -28.2  -2.5    5.5 -30.9   0.0

 99.9   0.8   8.7   90.0  -0.4  -4.7   80.0  -4.1  -0.9   70.0  -5.7  12.1
 60.0   3.8   6.1   50.0  -0.5  -2.0   45.0  -7.2  -8.9   40.0  -7.4  -3.0
 35.0   7.4   4.6   30.0  19.8   7.2   25.0  16.3  10.0   22.5  12.5   4.7
 20.0   9.5   7.9   15.0   6.3  -9.1   12.0 -16.0   1.4   10.0 -18.4   4.9
  8.0 -32.5   2.3    7.0 -28.6  -2.1    6.0 -30.1  -0.7    5.0   0.0   0.0
  4.0   0.0   0.0
 
 27. 2.2016  12 Uhr

 99.9   0.0   0.0   90.0   0.0   0.0   80.0   0.0   0.0   70.0   0.0   0.0
 60.0   0.0   0.0   50.0   0.0   0.0   45.0   0.0   0.0   40.0   0.0   0.0
 35.0   0.0   0.0   30.0   0.0   0.0   25.0   0.0   0.0   22.5   0.0   0.0
 20.0   0.0   0.0   15.0   0.0   0.0   12.0   0.0   0.0   10.0   0.0   0.0
  8.0   0.0   0.0    7.0   0.0   0.0    6.0   0.0   0.0    5.0   0.0   0.0
  4.0   0.0   0.0
 
 28. 2.2016   0 Uhr

 99.9  -8.7   3.2   92.4 -13.3  -1.2   85.0 -16.9   6.2   81.6 -13.1   9.1
 74.7  -9.2   3.3   72.5  -7.1   6.0   70.6  -5.0   1.3   70.0  -3.5  -0.6
 67.4   3.6  -3.6   65.1   4.8   1.8

 99.9  -8.7   3.2   90.0 -14.5   1.2   80.0 -12.2   7.8   70.0  -3.5  -0.6
 60.0   0.0   0.0   50.0   0.0   0.0   45.0   0.0   0.0   40.0   0.0   0.0
 35.0   0.0   0.0   30.0   0.0   0.0   25.0   0.0   0.0   22.5   0.0   0.0
 20.0   0.0   0.0   15.0   0.0   0.0   12.0   0.0   0.0   10.0   0.0   0.0
  8.0   0.0   0.0    7.0   0.0   0.0    6.0   0.0   0.0    5.0   0.0   0.0
  4.0   0.0   0.0
 
 28. 2.2016  12 Uhr

 99.9  -4.0   2.3   93.3 -16.2   2.9   89.3 -12.4   3.3   81.7 -13.8  11.6
 74.7 -10.1   1.8   71.8  -8.2   3.0   70.5  -8.1   1.4   70.0  -7.2  -0.6
 67.4  -0.8  -0.7   65.6   0.9  -5.1   62.6   6.0  -7.1   58.9   8.6 -10.2
 55.2  10.7  -6.2   50.5   4.1  -5.9   50.0   3.5  -5.1   48.3   3.6  -3.6
 46.9   0.5   0.2   46.0   0.0   5.1   43.6   0.0  16.5   42.1  -8.3  11.8
 38.8 -11.4   8.0   36.3  -5.6   2.6   34.2   2.6   4.5   33.6  -0.4   5.1
 33.5  -0.9   5.1   32.8   0.0   0.0   32.3   4.5  -2.6   31.6   8.7  -3.2
 30.7   9.9  -2.7   30.0   9.4  -5.4   29.8  10.2  -5.9   29.0  12.1  -5.7
 26.7   5.6  -2.6   26.0  -0.3  -1.5   25.4   0.0  -5.1   24.8   4.1  -8.9
 23.7  10.2 -10.2   22.1  10.5  -7.4   20.0  13.1  -4.8   19.3  16.9  -4.5
 16.9  13.4  -3.6   15.1   9.6   1.7   14.9   7.9   3.7   14.5   6.6   7.9
 13.2   3.5  19.8   11.0 -13.3  -1.2   10.4 -19.0   0.0   10.0 -22.8  -4.0
  9.6 -21.8  -7.9    9.3 -24.1  -2.1    9.1 -20.8   3.7    8.6 -21.0   1.8
  8.0 -34.3   3.0    7.6 -32.3  -2.8    7.1 -30.8   8.3    5.8 -29.3   0.0
  4.9 -37.3  10.0    4.7 -35.8   9.6

 99.9  -4.0   2.3   90.0 -13.1   3.2   80.0 -12.9   9.3   70.0  -7.2  -0.6
 60.0   7.8  -9.3   50.0   3.5  -5.1   45.0   0.0   9.8   40.0 -10.2   9.4
 35.0  -0.6   3.7   30.0   9.4  -5.4   25.0   2.7  -7.6   22.5  10.4  -8.1
 20.0  13.1  -4.8   15.0   8.8   2.7   12.0  -5.4   8.7   10.0 -22.8  -4.0
  8.0 -34.3   3.0    7.0 -30.7   7.7    6.0 -29.6   1.4    5.0 -36.3   8.8
  4.0   0.0   0.0
 
 29. 2.2016   0 Uhr

 99.9  -5.8   3.3   90.8 -19.1   8.9   84.9 -15.1   8.7   80.3 -12.7   2.2
 77.6  -8.4  -5.9   74.5  -6.6  -7.9   73.6  -4.1  -8.9   71.9   2.2 -12.7
 70.0   6.7 -14.5   67.7   7.0 -14.9   62.9   2.6  -7.3   60.8   6.2  -6.2
 59.7   8.0  -2.1   56.5   9.3   0.0   53.2   7.1   6.0   50.0  10.2   8.6
 46.3   8.4   5.9   43.5   0.0  14.4   41.2  -9.4   5.4   40.6  -8.2   3.0
 39.2 -14.0   5.1   36.7  -4.7  -2.2   36.3  -4.2  -3.0   35.0   0.6  -6.7
 34.0   1.7  -6.5   33.2  -1.0  -5.6   32.2   6.5  -6.5   30.0   9.8  -4.6
 29.8   9.8  -4.6   28.5   7.3  -8.7   26.8   0.0  -2.1   26.1   1.8  -4.8
 25.0   7.9  -9.5   24.3   5.1  -8.9   23.0   8.9  -2.4   20.0  14.4   0.0
 19.7  15.4   1.3   17.6  10.6   3.9   16.9  10.6   1.9   16.0   6.2   3.6
 14.4  -0.7   7.7   13.2 -12.2   2.1   12.4 -14.3  -1.3   11.9 -16.0  -9.3
 11.5 -22.7  -8.3   10.3 -19.6 -11.3

 99.9  -5.8   3.3   90.0 -18.6   8.9   80.0 -12.2   1.3   70.0   6.7 -14.5
 60.0   7.5  -3.2   50.0  10.2   8.6   45.0   4.6   9.8   40.0 -10.7   3.9
 35.0   0.6  -6.7   30.0   9.8  -4.6   25.0   7.9  -9.5   22.5   9.8  -2.0
 20.0  14.4   0.0   15.0   2.0   6.1   12.0 -15.7  -7.6   10.0 -18.8 -12.1
  8.0   0.0   0.0    7.0   0.0   0.0    6.0   0.0   0.0    5.0   0.0   0.0
  4.0   0.0   0.0
 
 29. 2.2016  12 Uhr

 99.9  -1.6   6.0   95.8  -7.6   4.4   87.3 -17.3   8.0   80.5  -8.4  -8.4
 79.6  -6.8  -9.7   70.0  -5.7 -12.1   69.4  -5.4 -11.7   65.4  -2.8  -4.9
 65.0  -2.6  -4.5   63.2   0.0   0.0   60.6   4.8   1.8   59.9   6.1   1.1
 57.8  11.1   4.0   50.0   9.8   9.8   47.2   5.7   9.8   45.7   8.4   8.4
 43.7   5.9  10.2   40.3 -14.2   2.5   39.6 -17.0   0.0   37.0  -5.1  -0.9
 36.0  -1.2  -1.7   35.4   2.2  -4.7   32.3   5.0 -10.7   31.6   2.0 -11.1
 30.2   5.6  -6.7   30.0   6.2  -6.2   28.6   4.4  -7.6   28.2   5.3  -6.3
 27.7   7.1  -6.0   25.8   5.6  -6.7   24.8  11.8  -8.3   22.4  13.4   0.0
 22.0  15.2   2.7   21.1  20.9   5.6   20.0  18.2   8.5   15.4   9.5   9.5
 14.8   2.8   7.7   14.1  -6.3   5.3   13.7  -6.6   1.2   13.2 -10.1  -7.1
 12.3  -7.6 -16.3   11.6 -17.1 -17.1   11.1 -17.9  -6.5   10.3 -16.2  -2.9
 10.0 -20.5   1.8    9.6 -19.1   8.9    8.8 -26.2   0.0    8.4 -32.8   2.9
  8.1 -30.2  -2.6    7.7 -28.9   5.1    7.2 -39.6   0.0    6.4 -28.9  -5.1
  5.7 -26.8   0.0    5.1 -35.0   0.0

 99.9  -1.6   6.0   90.0 -14.1   6.9   80.0  -7.5  -9.1   70.0  -5.7 -12.1
 60.0   5.9   1.2   50.0   9.8   9.8   45.0   7.5   9.0   40.0 -15.4   1.4
 35.0   2.5  -5.4   30.0   6.2  -6.2   25.0  10.5  -7.9   22.5  13.3  -0.4
 20.0  18.2   8.5   15.0   5.1   8.3   12.0 -11.6 -16.6   10.0 -20.5   1.8
  8.0 -29.9  -0.7    7.0 -37.0  -1.2    6.0 -27.7  -2.2    5.0 -36.4   0.0
  4.0   0.0   0.0
 

Monatsmittelwind fuer den  2 2016

Niveau Anzahl     U     V   DD FF
 [hPa]        [m/s] [m/s]     [kn]
  99.9     48  -6.2   2.8  114 13
  90.0     49  -2.6   0.5  100  5
  80.0     49   1.4   0.1  267  3
  70.0     47   5.4   0.3  266 11
  60.0     41   8.7   0.2  269 17
  50.0     41   4.8   1.2  256 10
  45.0     40  -1.3   1.1  131  3
  40.0     40  -6.6   0.9   98 13
  35.0     39   1.6   0.9  240  4
  30.0     35   9.5   0.4  267 19
  25.0     35  12.0  -0.2  271 23
  22.5     35  12.9   0.9  266 25
  20.0     35  13.5   1.4  264 26
  15.0     35   4.9   0.8  260 10
  12.0     35 -10.9  -1.7   81 21
  10.0     34 -20.5  -0.6   88 40
   8.0     33 -28.8   0.1   90 56
   7.0     33 -31.5   1.1   92 61
   6.0     30 -34.1   1.6   93 66
   5.0     17 -37.0   1.2   92 72
   4.0      2 -37.5  -2.0   87 73
