D20160201.00
 70.0 130  5
 50.0 110  8
 30.0 295  9
 20.0 250 15
 10.0  90 34
 92.3  75 10
 89.7  10  2
 87.6 290 10
 85.0 285 18
 80.8 325 10
 76.9  85  2
 68.4 155 10
 67.0 185 12
 64.9 185 19
 50.9 160  4
 49.4 105 11
 46.9 100 20
 45.5 135 12
 45.1 140 10
 43.4  80  1
 41.4  30 10
 40.0  35 17
 39.2  55 12
 38.2 135  7
 37.5 185 10
 36.9 200 15
 35.6 200 19
 34.2 225 18
 33.1 265 22
 31.8 265 26
 29.8 295  9
 28.7 315 15
 24.9 295 12
 24.3 240 11
 22.8 215 24
 20.8 210 19
 19.7 270 17
 18.3 300 28
 17.2 295 23
 16.4 310 15
 16.2 300 12
 15.7 290 20
 15.3 295 21
 15.0 310 16
 14.8 320 10
 14.6  25  5
 14.4  90 10
 13.9 120 20
 13.7 130 19
 12.8 150 19
 12.3  90 19
 11.7  75 13
 10.3  85 38
  9.3  95 42
  8.0  75 46
  6.7  85 60
  5.3 105 69
  5.1 105 91
  5.0 100 89
D20160201.12
100.0 130 11
 70.0 135  5
 50.0 255  8
 98.3 140 12
 96.2 195 13
 88.6 205 27
 83.8 245 11
 78.1 240  3
 75.5 185 10
 74.1 200 13
 72.5 190 10
 65.8  15  1
 60.5 355 11
 56.3 325 17
 53.7 305 14
 52.3 310 10
 45.5 135 10
 44.8 135 11
 43.6 170 10
 42.4 255  1
 40.6  40 10
 38.9  55 20
 37.9  75 10
 37.2 145  4
 36.4 210 10
 35.2 210 14
D20160202.00
100.0  85 38
 70.0  40  6
 50.0 265 19
 30.0 245  7
 20.0 290 41
 10.0  95 38
 93.8  80 23
 88.3  80 10
 82.5 210  2
 77.3 170 10
 75.1 175 16
 73.4 185 11
 71.3 100  1
 65.6  20 10
 65.2  25 10
 60.5 260 11
 58.9 240 17
 52.3 240 18
 48.0 285 21
 46.5 285 18
 45.6 295 10
 45.1 325  8
 44.6 350 10
 41.9 355 18
 40.8  15 18
 39.8  65 20
 39.1  75 25
 37.5  95 10
 37.0 115  7
 33.2 245 10
 31.7 245 10
 30.5 295  4
 29.0 205 10
 28.0 155 10
 26.7 210 16
 24.0 220 23
 22.9 225 19
 22.2 265 18
 21.8 280 17
 21.4 290 24
 19.7 290 42
 17.5 290 29
 15.8 305 21
 14.8 355 13
 14.6  10 10
 14.3 105  1
 14.0 175 10
 13.2 185 25
 12.5 165 25
 11.9  85 19
 11.8  70 19
 11.2  40 25
 10.4  85 26
  8.7 100 60
  8.4  95 55
  7.8 105 69
  7.2  95 86
  6.9  90 77
  6.2 100 97
D20160202.12
100.0  85 38
 70.0  65  5
 50.0 220 14
 97.9  95 24
 95.0 145 18
 93.6 165 17
 84.7 195 24
 75.8 140 13
 71.8  70 10
 69.1  20  3
 65.0 285 10
 59.8 275 18
 56.7 280 25
 54.5 300 16
 49.6 210 14
 47.2 220 12
 45.2   0  0
 39.5  90  8
 38.2  95 22
 38.2  95 22
D20160203.00
D20160203.12
100.0 115  4
 70.0 155  6
 50.0 160 17
 30.0 265 31
 20.0 320 21
 10.0  95 67
 99.2 200  1
 95.3 250 11
 93.8 240 15
 90.9 245 10
 81.0 195 10
 74.1 185 14
 71.4 180  2
 68.3 170 10
 65.7 225 20
 63.2 255 24
 59.6 265 17
 57.0 240 12
 56.3 220 10
 55.5 180  8
 54.9 150 10
 50.8 170 17
 48.8 165 21
 47.2 120 18
 46.1 105 16
 44.8 115 20
 43.0  75 16
 41.0 115 20
 40.3 115 20
 39.2  85 22
 36.9  25 19
 36.1  20 16
 34.7 350 12
 33.9 320 10
 32.6 265 16
 28.2 280 45
 25.2 290 50
 21.1 285 29
 19.4 305 16
 19.2 290 14
 18.9 270 14
 17.6 270 24
 16.8 235 15
 16.2 240 11
 15.6 190  6
 15.3 160 10
 14.6 155 21
 13.5  90 35
 12.7  45 28
 12.3  55 32
 11.7 100 37
 11.3 110 45
 10.5  90 46
  9.5 100 77
  8.3  85 65
  6.0  75 75
  5.4  95 80
  5.3 100 78
D20160204.00
100.0 160  1
 70.0 175 24
 50.0 170 16
 30.0 280 44
 20.0 225 28
 10.0  85 64
 96.1 275 11
 93.7 290 17
 90.7 275 22
 86.2 265 14
 84.1 265 10
 80.4  45  2
 76.2 120 10
 74.7 115 12
 72.6 165 19
 71.2 170 23
 69.3 180 23
 65.0 235 16
 62.5 235 25
 56.6 200 16
 55.1 165 10
 54.8 160  9
 52.9 185 13
 52.0 175 19
 49.8 170 17
 47.3  75 12
 46.0  90 16
 44.2  60 16
 43.1  70 18
 41.8 110 16
 41.1 110 18
 39.3  45 15
 37.2  25 14
 36.7 350  9
 36.4 310 12
 35.8 290 19
 32.9 275 42
 29.8 280 44
 25.0 280 31
 21.4 250 32
 19.4 210 31
 18.7 230 31
 18.0 240 22
 17.5 215 18
 16.5 205 10
 15.6   0  0
 15.2  30 10
 14.1  55 25
 13.3  45 39
 13.0  60 46
 11.9 105 45
 11.2 115 48
 10.3  85 51
  9.2  85 78
  8.1  80 68
  7.0  85 70
  6.5 100 88
  4.7  75 78
  3.8  80 72
D20160204.12
100.0 180  6
 70.0 240 23
 50.0 135 12
 93.0 205 11
 80.5 145 15
 77.9 140 21
 75.1 135 14
 73.9 155 10
 73.6 160 10
 72.1 215 17
 70.3 235 23
 65.0 260 27
 59.8 250 24
 53.7 205 16
 50.8 165 10
 48.8  80 14
 47.5  50 16
 44.2  65 14
 42.9 100 12
 42.0 100 12
 40.7  50 16
 39.5  35 15
 39.0  45 12
 37.8 130 11
 37.0 205  7
 36.5 250 10
 34.2 290 25
D20160205.00
100.0  95  9
 70.0 245 32
 50.0  10 19
 30.0 265 39
 20.0 240 29
 10.0  80 55
 90.6  50  2
 86.1 355 10
 80.9  55 11
 79.3 130  7
 78.0 205 11
 77.1 230 18
 74.6 240 34
 70.0 245 32
 66.0 240 34
 58.6 240 28
 56.1 220 30
 53.5 215 11
 53.2 210 10
 51.9 125  1
 50.8  15 10
 47.3  10 30
 46.0  20 25
 43.4 360 17
 41.9  45 11
 37.6 260  2
 36.8 185 10
 36.2 195 13
 35.3 255 16
 34.6 285 10
 33.9 290  7
 33.1 255 19
 32.3 255 34
 29.0 265 41
 25.9 250 32
 24.9 255 28
 24.2 265 29
 22.0 245 35
 20.9 255 34
 19.6 230 29
 18.5 245 19
 17.4 275  5
 16.2 240 13
 16.0 250 11
 15.5 315 10
 14.7 315 10
 14.2 355  9
 13.8  65 21
 13.1 110 39
 12.3 120 30
 11.4  90 50
 10.8  65 49
  9.5  90 62
  7.3  80 62
  5.5 110 54
  4.7 105 74
  4.5 115 71
D20160205.12
100.0 110 24
 70.0 240 20
 95.9 125 11
 89.9  95 10
 78.4  70 10
 76.6  55 10
 75.8  55 10
 72.9 155  2
 71.6 245 10
 65.3 255 35
 64.8 255 34
D20160206.00
100.0  95 23
 70.0 270 41
 50.0  65 17
 30.0 260 43
 20.0 255 24
 10.0 105 47
 96.6 120 15
 92.8 125 10
 89.0 105  3
 86.9  25 10
 85.9  15 13
 82.3  10 10
 77.0   0  0
 75.3 280 10
 68.4 265 43
 64.5 255 37
 61.0 280 28
 57.6 330 28
 53.1 350 32
 48.6  90 12
 47.5 130 12
 46.1 145 10
 45.4 170 12
 43.4 185 11
 43.1 180 10
 42.1 120 10
 41.4 105 10
 40.3 140  3
 39.5 195 10
 37.6 210 31
 34.7 230 30
 32.4 275 37
 31.1 265 44
 28.5 255 33
 24.9 275 19
 24.4 260 18
 24.0 240 19
 22.7 265 21
 21.8 250 22
 20.5 265 22
 19.5 245 26
 18.7 250 25
 17.8 290 24
 16.9 300 31
 16.3 320 27
 14.4 330 14
 13.8  80 10
 13.4 100 15
 12.7  80  4
 11.6  50 28
 11.1  45 36
 10.4 100 38
  8.7  90 66
  7.5  95 56
  6.3 100 62
  6.0  95 76
  5.5  85 64
  4.9  85 88
  4.6  75 86
D20160206.12
100.0 110 33
 70.0 265 41
 50.0  90  9
 30.0 265 31
 20.0 270 23
 10.0  85 40
 96.1 100 35
 91.6 110 21
 87.6  60 13
 85.3  55 10
 83.7 360  2
 80.5 285 10
 78.3 270 20
 71.8 265 44
 65.6 265 32
 63.8 270 27
 62.5 295 20
 57.2 320 24
 53.4 355 31
 52.7   5 29
 51.2  40 14
 50.2  85 10
 49.1 130  5
 47.0 220 10
 43.3 215 10
 41.9   5  1
 39.1 220 10
 38.5 200 16
 36.8 185 19
 35.5 225 27
 30.8 260 37
 28.0 285 23
 27.3 270 17
 26.2 275 15
 25.5 260 14
 23.9 230 20
 21.7 265 22
 19.1 270 27
 18.0 300 29
 16.5 305 35
 14.4 315 11
 14.2 305 10
 12.8 205  5
 12.1 105 10
 11.6  25 16
 11.3  25 20
 10.9  60 32
 10.4  90 27
  9.1  80 66
  7.4 100 65
  7.0  95 58
  6.1 100 81
  5.8 100 78
  4.2 101  6
D20160207.00
100.0  95 38
 70.0 285 21
 50.0 160 14
 30.0 265 25
 20.0 275 24
 10.0 120 34
 96.6  90 32
 91.9 115 10
 89.0  50  2
 86.9 295 10
 77.3 270 40
 63.0 290 13
 60.5 260 14
 59.3 260 11
 58.2 305  8
 57.5 340 10
 55.1  20 19
 52.0 115 16
 49.5 170 16
 47.1 180 24
 45.9 170 16
 44.7 205 12
 43.2 215 11
 41.2 270  5
 40.6 300 10
 39.7 295 18
 38.8 275 10
 37.7 270  6
 35.4 265 31
 32.4 280 33
 31.3 290 25
 29.5 260 24
 26.1 295 26
 23.9 300 26
 20.3 270 22
 18.0 275 22
 17.7 290 20
 16.6 325 27
 15.9 345 22
 15.5 360 10
 15.2  80  2
 14.5 170 10
 14.0 200 13
 13.6 185 11
 13.3 215 12
 13.1 210 11
 12.7 125 10
 12.1  55 18
 11.4  55 31
 10.4 125 31
  9.6  95 36
  8.9  85 69
  7.8 100 78
  7.2  95 69
  5.6 100 87
  5.0 100 79
  4.7 100 99
  4.4 105 92
D20160207.12
100.0 105 36
 70.0 260 19
 95.0 135 12
 94.3 145 10
 93.0 200  5
 91.6 245 10
 89.2 275 20
 83.0 280 40
 70.7 255 20
 68.7 260 18
 66.9 285 14
 64.3 280 14
D20160208.00
D20160208.12
100.0 105 21
 96.9 120 12
 94.2 170  8
 89.8 260 13
 87.5 285 22
 80.6 295 21
 76.6 265 27
 71.8 245 18
D20160209.00
D20160209.12
100.0 135 15
 98.1 150 10
 95.6 180  5
 93.9 235 10
 88.9 245 16
 84.3 265 11
 82.3 250 13
 76.4 255 14
 70.8 215  7
D20160210.00
D20160210.12
D20160211.00
100.0  70 14
 70.0 150  5
 50.0 295 34
 30.0  10 14
 20.0 265 27
 10.0  85 33
 97.7  25 13
 89.9  50 33
 85.5  70 24
 76.6  80 18
 73.1  80 10
 69.7 135  5
 64.0 290 15
 51.5 300 39
 50.0 295 34
 47.2 325 20
 44.7 325 14
 44.2 320 10
 43.5 255  3
 43.0 185 10
 40.6 195 25
 38.9 165 23
 37.3 160 18
 32.9 305  1
 30.4   5 10
 29.3  15 20
 28.2 360 10
 26.1 360 13
 25.4 350 17
 24.3   5 18
 23.5 325 17
 22.9 325 16
 21.7 285 20
 20.8 265 27
 19.6 275 31
 18.6 255 23
 17.4 260 18
 16.9 230 10
 16.4 210  9
 14.0 190 22
 13.3 125 23
 13.0 105 29
 11.7  40 24
 11.0  25 39
 10.1  80 34
  9.7  90 31
  8.5  70 49
  7.9  95 42
  7.5  95 58
  6.9  90 49
  6.3 100 69
  5.5 100 63
  5.1  95 82
  4.8  85 66
  4.7  90 74
D20160211.12
100.0 110 36
 70.0 190 14
 50.0 285 42
 93.9  90 19
 87.6  80 24
 84.7 100 27
 81.3 125 21
 76.7 140 18
 72.9 190 18
 71.4 200 17
 69.3 185 10
 68.3 245  3
 67.3 300 10
 61.8 290 36
 54.8 270 38
 52.0 280 44
 48.1 295 36
 45.6 320 25
 43.3 320 10
 42.2   0  0
 41.4 155 10
 40.6 170 20
 38.9 130 22
 37.9 125 26
 35.8  45 17
 34.2  35 21
D20160212.00
100.0 100 58
 70.0 280 32
 50.0 280 24
 30.0 245 14
 20.0 245 39
 10.0 115 33
 92.7  90 52
 79.4 150 17
 77.4 165 20
 75.5 160 15
 74.8 170 10
 74.1 225  6
 73.4 275 10
 70.2 285 32
 63.9 285 40
 59.7 280 35
 57.7 260 35
 52.2 275 30
 50.7 280 26
 47.1 260 14
 46.6 245 10
 45.3 175  6
 41.0 170 37
 40.3 155 33
 39.0 110 24
 36.4  80 11
 33.5  45 11
 32.9  35 11
 32.3  45 10
 31.6 340  3
 31.0 270 10
 30.1 245 14
 26.2 295 10
 25.5 245  4
 25.1 215 10
 24.6 230 15
 24.0 225 18
 23.2 255 22
 20.8 250 40
 15.3 235 28
 14.1 220 15
 13.9 210 10
 13.8 140  4
 13.5  65 10
 12.9  60 21
 12.1  20 29
 11.6  40 30
 10.7 110 35
  9.7 115 39
  9.0  95 39
  8.2 105 52
  7.3  95 65
  7.0  85 53
  5.4  95 93
  5.3  95 90
D20160212.12
D20160213.00
100.0 105 65
 70.0 255 28
 91.7  65 24
 87.6  70 16
 85.4  25 13
 83.0  40 10
 81.6 355  3
 80.1 290 10
 71.5 260 30
 66.4 255 20
 63.1 255 33
 62.4 255 30
D20160213.12
100.0 105 51
 70.0 260 35
 50.0 245  6
 94.6  95 23
 92.1  75 10
 90.1   5  3
 88.0 280 10
 84.9 275 19
 79.1 275  9
 75.3 275 31
 69.6 260 36
 66.8 250 29
 63.0 255 28
 60.1 290 27
 56.4 310 29
 52.3 300 13
 51.2 280 10
 50.1 250  6
 49.5 220 10
 48.5 215  7
D20160214.00
100.0  90 22
 70.0 275 36
 50.0 235 13
 30.0 220 20
 20.0 280 39
 10.0  50 39
 98.3  85 10
 96.0  10  1
 93.7 275 10
 87.1 310 25
 83.4 310 15
 81.8 300 13
 78.7 285 34
 74.2 275 38
 63.9 285 28
 58.1 270 34
 51.0 220 13
 49.2 250 11
 48.2 295  7
 46.1 350 10
 44.8  10 14
 40.6  30 23
 37.0 155 19
 35.4 165 20
 33.9 195 30
 33.3 205 27
 26.7 240 16
 26.0 275 10
 25.6 295 13
 23.1 300 39
 18.6 280 43
 16.4 300 26
 15.3 270 19
 14.6 280 10
 13.5  35  2
 13.2 110 10
 12.4 145 28
 11.8 150 35
 11.1  95 42
 10.8  85 46
 10.1  50 39
  9.7  60 36
  9.2  80 39
  8.4  90 51
  7.9  70 41
  7.1 110 32
  7.0 115 34
  6.6 110 72
  5.8  95 64
  5.4  85 42
  5.1  90 61
  4.8  75 46
D20160214.12
D20160215.00
100.0  45  7
 70.0 285 21
 50.0 230  7
 30.0 295 35
 20.0 270 36
 10.0 110 32
 95.6 305 13
 90.2 295 23
 86.2 315 14
 76.0 260 30
 66.6 290 18
 62.9 280 23
 59.2 295 22
 57.2 265 16
 54.1 295 12
 51.5 245 10
 48.1 230 10
 46.4   0  0
 43.4  60 10
 42.3  60 17
 40.2 140 18
 38.1 155 23
 36.4 125 10
 35.2  25  1
 34.6 310 10
 31.8 300 35
 26.2 285 45
 23.1 280 25
 20.5 265 39
 18.2 295 28
 17.8 285 24
 17.0 225 23
 14.7 200 11
 14.0 140 14
 13.3 110 13
 13.0 110 12
 12.4 105 31
 12.0  80 47
 11.7  70 45
 10.8  55 28
 10.4  90 24
 10.1 105 29
  9.1  95 59
  8.6  80 40
  7.9  90 30
  7.3  85 39
  6.9  95 64
  5.9 105 67
  5.2  95 69
  5.1  90 62
D20160215.12
100.0 100  7
 70.0 255  9
 50.0 195 17
 30.0 300 34
 20.0 265 47
 10.0 100 27
 95.8  70  1
 84.8 310  1
 80.6 255 16
 76.3 245 21
 73.1 245 14
 71.3 255 10
 66.9 345 15
 65.3 355 14
 64.6 355 10
 60.3 280 10
 58.9 300 10
 57.2 330  4
 53.0 190 10
 51.6 205 16
 50.1 195 17
 48.6 210 10
 47.5 125  1
 42.0 165 10
 40.8 200 16
 39.9 195 19
 38.8 180 13
 38.5 175 10
 37.2  35  4
 35.9 330 10
 34.3 295 22
 33.1 290 28
 32.6 295 31
 31.5 310 32
 27.8 280 36
 24.8 270 46
 23.2 260 33
 21.7 265 50
 19.4 260 37
 17.6 240 26
 17.2 230 29
 16.2 235 32
 15.0 235 13
 14.6 255 15
 14.1 250 10
 13.6   0  0
 13.0  70  5
 12.9  85 10
 12.4  80 33
 11.4  50 25
 10.9  65 23
 10.0 100 27
  8.5  95 63
  7.8  90 40
  7.4  80 41
  6.7  95 77
  4.9  85 63
  4.7  85 72
D20160216.00
100.0 350  6
 70.0 300 17
 50.0 310  9
 30.0 285 27
 20.0 250 41
 10.0 100 24
 88.7 315  1
 86.1 255 16
 81.4 270 31
 71.6 285 18
 66.3   5 10
 64.7 315  1
 63.3 250 10
 61.0 260 11
 58.7 220 10
 57.0 215 20
 54.2 195 13
 52.0 195 10
 49.3 320 10
 46.9 340 10
 45.1  10  1
 43.2 205 10
 41.6 215 18
 40.6 220 10
 39.4 330  1
 38.3 345 10
 37.3 310 21
 35.9 295 31
 32.0 295 33
 26.1 270 37
 23.5 235 35
 19.9 250 41
 17.2 225 34
 16.7 215 24
 15.9 160 10
 15.5 220  2
 15.3 290 10
 14.8 310 12
 14.4 355 13
 13.9 355 25
 12.9  50 27
 12.4  45 37
 11.9  20 39
 11.7  25 36
 11.1  65 25
 10.3 100 25
 10.0 105 24
  9.4  65 40
  8.7  65 52
  8.4  80 64
  7.8  75 58
  7.3  80 52
  6.8 100 71
  6.3  85 68
  5.9 105 59
  5.5 105 61
D20160216.12
100.0 320  4
 70.0 300  9
 50.0 295 31
 30.0 255 24
 20.0 275 38
 10.0 110 34
 97.6 325 14
 96.0 325 12
 94.8 335 10
 89.8   0  0
 88.0 270 10
 83.6 260 24
 78.8 280 19
 74.9 255 21
 73.6 260 17
 71.5 305 11
 68.0 290  5
 65.1 280 24
 63.4 280 21
 61.1 250 15
 59.8 235 20
 57.9 230 26
 54.3 255 18
 52.0 290 23
 50.1 295 31
 46.2 290 15
 44.6 225  7
 43.7 190 10
 42.3 200 18
 41.5 190 19
 40.4 180 10
 39.4  90  3
 37.9 360 10
 37.0 320 13
 35.9 315 19
 33.5 265  5
 32.3 275 10
 31.5 300 12
 31.0 275 10
 30.7 265 13
 28.7 245 37
 26.3 260 46
 23.8 250 43
 20.4 275 39
 18.3 260 34
 17.1 275 27
 15.6 250 14
 15.3 275  6
 15.0 295 10
 14.5 300 20
 14.0 310 13
 13.7 325 10
 13.2  60  4
 12.7  80 10
 12.5  40 13
 12.3  35 16
 11.5 115 25
 11.3 135 28
 10.3 130 28
  9.6  90 36
  8.5 100 72
  7.2  95 57
  6.1  90 87
  5.5  85 65
D20160217.00
100.0 290 11
 94.6 295  7
 89.9 280 11
 81.2 295 25
 77.6 330 18
 75.1 315 17
D20160217.12
D20160218.00
100.0  40  6
 70.0 240 19
 50.0 275 24
 30.0 250 23
 20.0 280 26
 10.0  55 62
 97.4 155  1
 92.1 245 11
 87.8 270 15
 85.4 280 10
 83.0 290  5
 80.4 335 15
 77.9 350 25
 75.6   5 14
 75.0 360 10
 73.5 310  6
 72.2 255 10
 70.9 240 17
 66.0 270 25
 60.9 255 28
 52.4 275 30
 49.8 275 24
 45.2 245 17
 43.2 240 11
 40.0 300  8
 39.5 320 10
 37.1 320 18
 36.2 325 10
 35.6 295  5
 35.1 235 11
 33.5 220 30
 31.3 220 26
 29.6 260 24
 26.9 265 22
 21.0 265 24
 17.0 310 35
 16.2 315 30
 15.5 300 20
 15.2 275 12
 15.1 250 10
 14.9 215 14
 14.0 215 19
 12.7 130 21
 11.6 120 11
 11.0  75 30
 10.4  55 55
  9.7  65 67
  8.4  95 76
  7.9  95 60
  5.9  95 66
D20160218.12
100.0 225 12
 70.0 270 22
 50.0 245 20
 30.0 275 21
 20.0 290 32
 10.0  85 65
 93.2 255 18
 90.1 270 14
 88.2 295 10
 76.7  15 10
 75.3  45 14
 74.6  45 10
 73.5   0  0
 71.7 250 10
 70.0 270 21
 65.2 265 36
 57.0 285 31
 52.2 270 16
 45.4 215 20
 44.3 190 16
 42.7 170 10
 41.4  95  3
 40.3 355 10
 38.9 335 15
 37.9 340 17
 36.5  15 11
 35.8  10 10
 35.1 305  5
 34.6 245 10
 33.9 230 18
 33.1 230 23
 31.8 225 20
 30.6 255 17
 30.3 270 19
 27.7 280 25
 24.8 260 38
 21.3 260 31
 20.4 285 30
 17.0 275 32
 14.4 275 15
 13.9 265 13
 13.0 185 11
 12.7 195 10
 12.4 135  6
 12.1  65 10
 10.9  70 54
  9.7  95 68
  8.1 105 70
  6.3  90 59
  4.7  90 89
  4.6  90 87
D20160219.00
100.0 195  5
 70.0 280 31
 50.0 250 26
 30.0 295 27
 20.0 280 35
 10.0  90 64
 90.0 120  2
 85.3  55 13
 83.4  70 13
 78.5  70 17
 77.7  55 13
 76.0 330 10
 74.3 295 16
 70.1 280 31
 60.4 275 27
 57.8 290 26
 55.7 260 25
 53.4 270 18
 52.2 260 17
 48.1 250 30
 45.4 275 21
 43.0 340 18
 40.6   5 16
 39.5 350 10
 38.5 150  4
 37.6 215 10
 35.6 220 19
 34.4 210 11
 33.4 255  7
 33.2 270 10
 32.3 295 17
 30.1 295 27
 25.1 265 26
 22.9 285 25
 18.8 280 38
 16.2 250 24
 15.4 250 19
 14.5 275 13
 14.3 290 10
 13.7  15  2
 13.5  70 10
 12.7  80 35
 11.9  70 32
 10.8  60 49
  9.7  95 67
  8.0  90 74
  7.2  90 61
  6.6  85 79
  6.2  85 70
  5.4  95 85
  5.4  95 82
D20160219.12
100.0 230 18
 93.3 250 17
 89.8 285 14
 87.0 280 12
 82.9  25 10
 80.6 360 14
 78.5 315 12
D20160220.00
100.0  35  7
 70.0 290 36
 50.0 275 23
 30.0 265  3
 20.0 285 19
 10.0  95 43
 96.9  45 12
 90.1  45 22
 84.8  65 31
 82.3  75 18
 81.4  75 10
 80.1  10  1
 78.4 295 10
 72.9 280 31
 69.5 290 37
 66.3 290 21
 64.7 280 26
 61.7 295 28
 57.5 245 25
 54.8 245 33
 47.7 295 21
 45.7 290 10
 44.7   5  2
 42.5  10 10
 41.8   5 11
 41.6  10 10
 40.6  90 10
 38.0 130 26
 36.4 165 19
 34.9 165 12
 34.4 145 10
 30.2   0  0
 29.6 275 10
 28.3 280 22
 25.7 295 28
 22.7 295 35
 21.7 290 30
 20.7 300 21
 20.0 285 19
 19.2 300  9
 16.0 235  3
 15.1 150 15
 14.4 160 23
 13.9 130 25
 13.3 120 37
 12.6  85 35
 11.4 120 42
 10.3 110 48
  9.9  90 43
  9.8  85 45
  8.6  80 65
  8.3  85 63
  7.7  90 78
  7.1  95 65
  6.6  95 78
  4.8  95 82
  4.0  95 74
D20160220.12
100.0 310 10
 70.0 295 37
 50.0 280 21
 30.0 215 10
 20.0 255 26
 97.5 355  4
 91.5  70 15
 87.8  85 26
 83.7 110 16
 81.6 135 11
 80.8 150 10
 79.4 215  7
 78.0 265 10
 76.4 290 14
 71.9 290 39
 67.9 295 25
 59.4 270 21
 56.1 290 28
 51.6 290 27
 47.2 285 13
 46.6 285 10
 45.7 260  6
 42.9 135 11
 40.9 100 10
 37.9 125 33
 36.7 145 27
 34.6 135 17
 31.4 210  1
 30.7 170 10
 29.3 245 10
 28.3 270 16
 27.5 250 13
 25.2 305 18
 23.4 280 20
 20.1 255 26
 17.2 255 18
 15.9 245 15
 15.2 215 13
 14.5 225 11
 14.5 225 10
 14.2 140  2
 13.9  50 10
 13.7  30 14
 12.5  80 40
 11.8  90 32
D20160221.00
100.0  25 20
 70.0 315 31
 50.0 255 22
 30.0 145  5
 20.0 250 28
 10.0  65 46
 93.9  55 14
 89.6  95 10
 83.9 280  1
 81.3 290 10
 72.9 305 34
 71.0 320 33
 66.9 280 23
 64.2 300 24
 60.9 295 14
 59.8 265 14
 59.3 250 14
 54.2 255 34
 49.3 250 21
 47.9 235 15
 46.8 220 16
 43.6 140 23
 39.9 120 31
 38.1 135 34
 36.1 120 36
 35.2 115 24
 34.4  80 12
 34.1  70 11
 33.5  60 10
 30.6 105 14
 30.2 125 10
 29.7 220  2
 25.5 290 10
 20.9 245 32
 16.7 265 15
 16.1 290 10
 14.6 150  1
 14.2  90 10
 13.7  50 16
 13.0  55 25
 12.6  65 28
 11.9 120 23
 11.7 130 27
 11.0  90 31
 10.5  90 38
 10.1  65 44
  8.7  85 48
  8.0  65 58
  7.2  85 70
  5.5  95 73
D20160221.12
100.0  80  5
 70.0 355 23
 50.0 260 17
 30.0 220 12
 20.0 285 26
 10.0  65 41
 95.3  55 18
 93.6  55 22
 86.1 115 11
 82.5 220 10
 78.9 245 12
 76.7 295  6
 75.7 320 10
 72.6 340 29
 70.3 355 24
 67.5 320 15
 66.5 280 11
 66.0 265 12
 65.0 250 15
 61.9 250 18
 60.5 230 25
 54.0 245 33
 48.7 270 15
 47.7 260 10
 45.9 180  5
 45.2 120 10
 42.6 110 36
 40.8 120 41
 38.0 105 51
 36.7  95 35
 35.5  65 20
 34.3  30 16
 33.3  25 12
 32.7  40 10
 31.5 105  5
 30.8 160 10
 29.9 235 13
 29.2 255 12
 28.5 245 15
 27.0 265 23
 22.3 280 33
 18.9 280 24
 17.7 295 18
 17.0 320 17
 15.8 315 10
 14.9   0  0
 13.7 145  3
 13.2 100 10
 12.5 110 30
 12.0 135 32
 11.6 130 33
 11.0  80 28
 10.8  70 30
 10.1  60 41
  8.9 105 49
  7.4  90 73
  7.1  85 71
D20160222.00
100.0  30 10
 70.0  65  9
 50.0 165  8
 30.0 230 11
 20.0 245 20
 10.0 105 34
 91.1  60 20
 90.5  55 20
 87.4  50 13
 86.2  30 10
 78.7 315  4
 76.3   5 10
 74.1  25 20
 71.5  35 14
 70.1  65 10
 67.2 125  3
 65.1 225 10
 63.3 235 17
 61.3 230 13
 60.0 205 16
 56.3 235 18
 54.4 225 23
 52.9 220 18
 51.6 190 10
 50.4 160  7
 45.7 130 20
 40.8 105 47
 38.5  60 41
 34.9  50 32
 33.3  80 10
 32.8 115  7
 31.5 200 14
 30.3 235 11
 29.5 225 12
 28.0 280 14
 25.7 280 19
 24.8 250 19
 23.2 275 25
 22.6 285 23
 20.9 270 22
 20.2 245 20
 18.5 250 11
 17.8 235 10
 17.2 205  8
 17.0 195 10
 15.9 195 23
 15.3 205 14
 14.7 190 14
 14.4 155 11
 13.9 130  6
 13.7 115 10
 13.0 130 27
 11.8  60 31
 11.4  55 29
 11.2  60 29
 10.9  85 38
 10.5  95 47
 10.0 105 34
  9.3 100 48
  8.5  70 47
  7.3  95 66
  5.1 100 70
D20160222.12
100.0  65 13
 70.0 170 16
 50.0  20  9
 30.0 245 16
 20.0 225 20
 10.0 105 38
 91.6  95 32
 89.7 100 27
 86.6 140 22
 83.0 165 19
 76.8 140  9
 75.7 135 10
 73.7 145 14
 71.5 130 15
 69.0 195 16
 64.8 220 24
 60.6 210 19
 54.4 255 13
 53.1 310  7
 49.9  20 10
 47.6  45 11
 45.3  70 22
 40.6  85 41
 39.1  65 40
 37.5  65 40
 34.5  90 12
 33.3 150  5
 32.1 190 10
 30.9 190 12
 29.9 250 16
 28.3 275 20
 26.3 260 26
 25.1 270 33
 20.8 215 23
 18.2 225 13
 17.9 230 15
 15.6 220 18
 15.3 225 13
 14.9 265 10
 14.7 275 10
 13.8 285  1
 12.5 125 10
 12.1 140 17
 11.8 120 26
 11.2  80 20
 11.1  70 22
  9.9 110 36
  6.4  95 73
  5.4  80 67
D20160223.00
100.0  80 14
 70.0 220 29
 50.0 335 30
 30.0 220 32
 20.0 245 13
 10.0 105 41
 86.0 165 17
 78.6 175 26
 74.8 155 18
 73.9 170 18
 72.6 200 22
 67.0 220 38
 63.7 215 27
 62.3 245 19
 61.6 260 20
 51.7 330 38
 47.4 355 27
 44.5  35 24
 41.7  75 33
 38.9  60 40
 37.8  70 30
 36.5 110 20
 34.9 120 10
 34.0 185  2
 32.9 205 10
 30.8 215 34
 25.2 235 31
 21.6 230 24
 19.9 245 12
 19.2 285  4
 18.2 325 10
 17.7 315 15
 16.4 315 13
 15.4 335 12
 13.6 330 10
 13.2  55  2
 12.7 105 10
 12.3  75 24
 11.9  50 21
 11.8  55 22
 11.3 105 31
 10.6 125 35
  9.3  70 44
  8.9  65 44
  8.3  90 39
  5.7  80 47
D20160223.12
100.0 130 11
 70.0 205 13
 50.0 335 20
 30.0 220 13
 20.0 310  7
 10.0  60 29
 87.2 155 18
 84.9 165 24
 79.8 195 12
 78.0 175  8
 76.3 195 10
 75.0 215 17
 73.3 215 20
 68.9 195 10
 67.7 250  1
 66.6 310 10
 65.0 320 22
 57.3 310 35
 52.5 300 25
 48.3 350 16
 47.1  30 10
 46.5  50 11
 43.6  60 20
 41.4  90 29
 39.9  85 25
 38.2  55 31
 37.1  55 23
 36.5  75 14
 36.0 125 10
 35.4 180 12
 35.0 205 15
 31.8 230 13
 29.5 215 14
 28.7 245 18
 26.2 260 22
 25.8 250 23
 23.0 240 15
 21.8 270 12
 21.1 260 10
 20.4 270  6
 19.5 315 10
 18.4 330 10
 16.3 315 19
 15.7 305 17
 14.8 320 17
 14.0 305 12
 13.5 200 10
 12.3  35  5
 12.0  55 10
 11.6 110 14
 11.1 150 14
 11.0 145 14
 10.8 100 19
  9.9  55 29
  9.3  60 36
  9.1  70 40
  8.4 105 31
  7.2 105 48
  7.2 105 48
D20160224.00
100.0 180 27
 70.0 315 17
 50.0 355 14
 30.0 290 18
 20.0 345 15
 10.0  60 21
 96.8 185 32
 90.3 170 19
 85.9 135 22
 84.6 140 19
 81.7 210 16
 78.4 240 17
 73.3 250 18
 72.0 270 13
 69.8 320 18
 65.0 325 40
 59.5 305 33
 53.4 325 28
 50.8 340 19
 45.1  70  7
 39.4  65 25
 38.6  75 20
 37.7  95 12
 37.3 130  9
 37.0 160 10
 35.7 205 11
 34.5 215 10
 33.5 265 10
 31.6 275  8
 30.8 295 13
 26.9 275 23
 25.5 285 26
 22.7 270 10
 22.0 280  7
 20.0 345 15
 16.5 300 21
 15.5 330 11
 14.7 230 10
 13.2 165 19
 12.9 135 14
 12.6  55  8
 12.4  30 10
 11.6  85 26
 10.7 130 12
  9.9  55 22
  9.8  50 23
  8.8 105 40
  8.4 125 34
  7.2  95 31
  6.9 105 50
  6.6 110 42
  6.1  95 51
  5.6 105 66
  5.4 105 62
D20160224.12
100.0 175 25
 70.0 320 17
 50.0 235  7
 92.2 150 14
 85.3  70 15
 84.0  70 10
 82.5  10  4
 80.5 305 10
 67.3 315 22
 64.2 315 17
 54.2 265 10
 48.9 220  7
 47.5 175 10
 46.4 145 12
 43.2 125 20
 40.0 135 26
 38.4 110 24
 35.4 145 13
 34.6 165 10
 33.7 205  2
 32.9 280 10
 31.4 320 20
D20160225.00
100.0 170 29
 70.0 295  4
 50.0 205 25
 30.0 335 21
 20.0 250 22
 10.0  65 43
 92.5 160 22
 91.2 165 15
 89.6 220  7
 86.2 300 13
 83.9 320 16
 82.8 335 15
 81.7 360 10
 70.4   0  0
 67.9 290 16
 65.3 305 27
 61.9 330 15
 57.2 315 10
 54.8 260  2
 52.4 200 10
 49.6 210 26
 45.3 195 16
 44.3 175 12
 43.4 125 12
 42.2 110 17
 40.5 140 14
 38.0 140 17
 35.8 110 10
 33.7  25  2
 33.1 325 10
 31.6 355 18
 30.3 335 21
 29.0 340 10
 28.1   5 14
 27.8 360 12
 26.6 295 10
 25.2 305 11
 23.7 265 10
 23.3 240  9
 21.5 245 14
 17.3 260 41
 15.0 250 34
 13.3 220 27
 12.9 200 17
 12.6 145 11
 12.5 110 13
 12.3  95 16
 11.4 130 22
 10.4  75 36
  9.8  60 46
  9.4  70 50
  8.7  90 38
  8.4  85 53
  8.1  80 42
  6.8  95 70
  6.4  90 48
  6.1  90 50
  5.8 100 75
  5.7 100 73
D20160225.12
100.0 180 31
 70.0  45 13
 50.0 210 26
 30.0 355  7
 20.0 265 37
 10.0  80 34
 92.3 150 10
 89.8   0  0
 88.3  10 10
 86.5  25 18
 84.8  30 18
 77.9 355 19
 76.5 360 15
 74.6  35 13
 71.5  30 15
 68.7  70 10
 64.0  80  1
 60.9 205 11
 55.8 225 30
 47.3 190 22
 45.7 195 22
 44.0 165 13
 43.5 135  9
 43.2 115 10
 40.8 110 19
 38.7  95 14
 37.8 115 13
 36.9  95 11
 36.0 105 12
 32.7   5 10
 31.7  30 10
 29.2 290  2
 27.2 260 10
 20.0 265 37
 17.2 250 46
 15.3 250 35
 13.8 235 25
 12.8 180 20
 12.5 140 15
 12.3 125 16
 11.7 110 26
 11.1 125 24
 10.4  85 33
 10.1  75 33
  9.4 105 43
  8.2  80 54
  7.3 100 66
  7.0  95 72
  6.5  85 52
  5.6  80 73
  5.3  65 64
  4.9  75 59
  4.5  90 75
  4.4  85 70
D20160226.00
100.0 200 21
 70.0 130 15
 50.0 185 20
 30.0 230 23
 20.0 250 38
 10.0 105 54
 95.8 165 12
 90.6  35 12
 88.4   5 15
 85.0 340 21
 72.5  85  3
 70.1 130 15
 67.9 190 18
 66.9 195 16
 65.1 175 12
 57.6 180 25
 56.0 160 20
 53.9 195 16
 50.1 185 20
 46.9 135 26
 44.9 125 19
 43.7  75 13
 39.9  40 15
 38.0  70 14
 37.3  60 14
 36.4  15 11
 35.8  10 10
 32.7 295  4
 32.2 250 10
 31.3 230 21
 28.2 245 34
 25.5 235 35
 23.5 260 37
 20.3 250 38
 19.1 245 41
 16.9 235 35
 15.5 265 32
 14.7 255 20
 14.3 290 18
 13.5 280 10
 13.3 330  2
 13.0  35 10
 12.2  10 26
 11.9  20 28
 10.9  75 25
 10.6  70 33
  9.6 115 60
  9.3 115 57
  8.6  85 51
  7.1  85 72
  6.0  80 60
  5.2  95 60
D20160226.12
100.0 170 14
 70.0 145 28
 50.0 210 18
 30.0 240 30
 20.0 250 39
 10.0 115 47
 94.6 125 14
 90.7  35 13
 87.5 355 15
 85.6 345 22
 81.0 360 11
 78.9  60  4
 76.9 120 10
 71.3 135 22
 68.1 160 30
 63.6 155 23
 59.3 185 19
 56.6 160 14
 55.2 210 14
 53.0 220 20
 49.5 210 16
 48.1 180 11
 47.7 155 10
 47.0 115 13
 44.8  60 17
 42.0  65 22
 38.2  90 18
 37.4  90 10
 36.4 160  2
 35.3 255 10
 33.0 230 12
 31.7 245 24
 29.3 235 33
 26.8 260 38
 25.3 255 37
 23.1 270 39
 21.2 265 41
 20.2 250 39
 17.8 250 33
 17.1 230 32
 16.3 210 15
 16.0 215 14
 15.7 255 21
 15.4 270 25
 14.8 270 13
 14.5 290 10
 14.3 310 12
 13.4 325 12
 11.8  65 28
 10.7  85 41
 10.0 115 47
  9.5 115 47
  8.8  80 49
  7.4 100 69
  6.0  95 55
  4.9  80 61
D20160227.00
100.0 185 17
 70.0 155 26
 50.0  15  4
 30.0 250 41
 20.0 230 24
 10.0 105 37
 96.8 190 15
 94.9 210 10
 92.1 305  1
 89.8   5 10
 87.4   5 17
 83.1  70 13
 81.5  70 10
 78.1  95  6
 76.9 130 12
 72.1 140 34
 68.7 170 22
 65.4 160 14
 64.0 210 12
 62.3 220 21
 59.7 210 13
 59.0 215 10
 57.3 275  1
 55.9 300 10
 55.3 295 12
 54.5 285 10
 50.3 345  3
 49.4  45 10
 45.8  25 23
 43.1  70 26
 42.2  80 23
 39.2  60 13
 38.7  50 10
 37.7 350  4
 36.8 275 10
 35.8 250 15
 33.8 225 21
 32.6 245 29
 28.2 250 48
 24.3 235 35
 22.8 255 27
 20.9 215 26
 20.3 220 23
 19.6 230 27
 17.4 240 23
 16.9 220 10
 16.6 250  6
 16.5 290 10
 16.0 300 22
 13.9 350 26
 13.4 360 22
 12.9  50 20
 12.6  55 20
 12.2  90 29
 11.1 110 44
 10.5  95 30
 10.1 110 34
  9.5  70 45
  9.1  70 47
  8.6  90 44
  7.8  95 70
  7.3  85 55
  5.5  90 60
D20160227.12
D20160228.00
100.0 110 18
 70.0  80  7
 92.4  85 26
 85.0 110 35
 81.6 125 31
 74.7 110 19
 72.5 130 18
 70.6 105 10
 67.4 315 10
 65.1 250 10
D20160228.12
100.0 120  9
 70.0  85 14
 50.0 325 12
 30.0 300 21
 20.0 290 27
 10.0  80 45
 93.3 100 32
 89.3 105 25
 81.7 130 35
 74.7 100 20
 71.8 110 17
 70.5 100 16
 67.4  50  2
 65.6 350 10
 62.6 320 18
 58.9 320 26
 55.2 300 24
 50.5 325 14
 48.3 315 10
 46.9 245  1
 46.0 180 10
 43.6 180 32
 42.1 145 28
 38.8 125 27
 36.3 115 12
 34.2 210 10
 33.6 175 10
 33.5 170 10
 32.8   0  0
 32.3 300 10
 31.6 290 18
 30.7 285 20
 29.8 300 23
 29.0 295 26
 26.7 295 12
 26.0  10  3
 25.4 360 10
 24.8 335 19
 23.7 315 28
 22.1 305 25
 19.3 285 34
 16.9 285 27
 15.1 260 19
 14.9 245 17
 14.5 220 20
 13.2 190 39
 11.0  85 26
 10.4  90 37
  9.6  70 45
  9.3  85 47
  9.1 100 41
  8.6  95 41
  8.0  95 67
  7.6  85 63
  7.1 105 62
  5.8  90 57
  4.9 105 75
  4.7 105 72
D20160229.00
100.0 120 13
 70.0 335 31
 50.0 230 26
 30.0 295 21
 20.0 270 28
 90.8 115 41
 84.9 120 34
 80.3 100 25
 77.6  55 20
 74.5  40 20
 73.6  25 19
 71.9 350 25
 67.7 335 32
 62.9 340 15
 60.8 315 17
 59.7 285 16
 56.5 270 18
 53.2 230 18
 46.3 235 20
 43.5 180 28
 41.2 120 21
 40.6 110 17
 39.2 110 29
 36.7  65 10
 36.3  55 10
 35.0 355 13
 34.0 345 13
 33.2  10 11
 32.2 315 18
 29.8 295 21
 28.5 320 22
 26.8 360  4
 26.1 340 10
 25.0 320 24
 24.3 330 20
 23.0 285 18
 19.7 265 30
 17.6 250 22
 16.9 260 21
 16.0 240 14
 14.4 175 15
 13.2 100 24
 12.4  85 28
 11.9  60 36
 11.5  70 47
 10.3  60 44
D20160229.12
100.0 165 12
 70.0  25 26
 50.0 225 27
 30.0 315 17
 20.0 245 39
 10.0  95 40
 95.8 120 17
 87.3 115 37
 80.5  45 23
 79.6  35 23
 69.4  25 25
 65.4  30 11
 65.0  30 10
 63.2   0  0
 60.6 250 10
 59.9 260 12
 57.8 250 23
 47.2 210 22
 45.7 225 23
 43.7 210 23
 40.3 100 28
 39.6  90 33
 37.0  80 10
 36.0  35  4
 35.4 335 10
 32.3 335 23
 31.6 350 22
 30.2 320 17
 28.6 330 17
 28.2 320 16
 27.7 310 18
 25.8 320 17
 24.8 305 28
 22.4 270 26
 22.0 260 30
 21.1 255 42
 15.4 225 26
 14.8 200 16
 14.1 130 16
 13.7 100 13
 13.2  55 24
 12.3  25 35
 11.6  45 47
 11.1  70 37
 10.3  80 32
  9.6 115 41
  8.8  90 51
  8.4  95 64
  8.1  85 59
  7.7 100 57
  7.2  90 77
  6.4  80 57
  5.7  90 52
  5.1  90 68
