# QBO.highres.dat
#
# This file contains monthly mean zonal wind data at Singapore (48698), 1N/104E.
#
# Units: m/s
#
# year month      10      12      15      20      25      30      35      40      45      50      60      70      80      90
#
1987    01      -16.4   -30.0   -37.4   -32.6   -28.9   -26.0   -19.2   -8.6    -1.8    3.9     10.2    5.7     1.1     -3.4    
1987    02      -16.7   -33.6   -35.6   -30.7   -28.0   -26.6   -20.9   -11.3   -2.1    3.2     8.7     6.1     4.6     -2.9    
1987    03      -14.4   -32.5   -33.1   -31.1   -30.9   -27.1   -21.9   -17.1   -7.2    1.9     7.3     2.2     -3.7    0.3     
1987    04      -3.5    -12.5   -35.0   -32.8   -30.3   -27.0   -24.4   -23.6   -18.8   -7.4    5.1     -0.4    -6.3    -2.6    
1987    05      11.6    7.4     -4.5    -29.5   -28.9   -26.8   -28.3   -26.6   -24.8   -19.2   -1.2    -0.2    -1.5    -2.9    
1987    06      8.2     6.9     6.0     -1.1    -15.2   -24.7   -36.7   -27.3   -29.3   -23.1   -15.4   -7.4    -5.2    -6.3    
1987    07      4.5     7.9     10.8    9.3     2.1     -6.3    -17.9   -28.1   -31.1   -26.7   -20.4   -14.5   -10.8   -6.1    
1987    08      11.6    15.3    14.5    12.4    11.2    9.2     4.3     -1.4    -8.5    -22.4   -21.3   -14.8   -10.0   -13.5   
1987    09      14.0    16.2    14.5    14.5    16.5    13.8    13.1    9.1     4.8     -6.2    -20.9   -13.3   -9.0    -11.4   
1987    10      14.4    15.5    13.9    13.3    12.8    11.7    12.4    11.3    11.4    6.8     -1.8    -11.5   -11.0   -13.9   
1987    11      11.6    13.0    14.7    12.4    9.3     7.7     8.6     9.3     8.2     8.3     4.9     -3.7    -9.7    -8.7    
1987    12      14.5    14.1    10.6    8.6     5.8     5.7     7.0     7.8     7.6     6.6     6.2     -0.2    -2.7    -5.2    
#
1988    01      6.6     8.3     10.1    8.9     6.0     5.4     4.6     9.1     11.1    9.1     7.4     0.7     -6.5    -6.3    
1988    02      -4.3    -0.8    0.5     1.2     3.0     4.6     9.3     9.5     11.2    7.7     4.3     4.9     -0.4    -1.9    
1988    03      -8.9    -9.4    -15.8   -5.3    3.9     7.8     11.0    10.0    8.8     7.4     2.0     2.0     1.9     -6.5    
1988    04      -14.7   -18.6   -21.5   -15.0   1.4     7.0     9.6     9.4     9.4     6.8     4.9     1.9     -3.8    -7.0    
1988    05      -21.0   -25.0   -28.1   -25.8   -6.3    5.0     10.9    12.3    11.5    9.2     5.8     2.2     -3.3    -10.0   
1988    06      -24.3   -27.5   -27.4   -29.7   -20.4   -2.3    7.5     10.5    11.2    9.8     9.7     6.1     1.1     -3.7    
1988    07      -24.5   -29.5   -30.9   -32.2   -25.1   -10.2   3.2     9.6     10.4    10.5    10.0    6.0     3.4     -0.4    
1988    08      -31.2   -32.9   -37.2   -32.7   -22.4   -6.3    6.0     9.9     12.5    10.3    6.6     5.7     5.0     -2.0    
1988    09      -34.6   -38.7   -37.3   -33.4   -21.7   -5.0    6.2     9.4     13.0    10.4    8.4     5.3     0.7     -1.9    
1988    10      -34.1   -36.6   -37.1   -32.1   -23.1   -8.1    3.0     9.3     11.6    10.0    7.6     5.4     2.6     -2.4    
1988    11      -18.0   -32.5   -33.4   -30.6   -23.2   -10.1   0.4     11.0    10.9    10.6    8.2     5.8     2.5     -5.1    
1988    12      -12.2   -27.7   -33.5   -30.6   -24.8   -9.9    1.1     13.6    14.9    12.0    6.3     2.3     -1.9    -0.7    
#
1989    01      -24.4   -33.8   -35.3   -32.8   -26.1   -8.4    2.9     11.8    13.8    11.7    12.0    6.8     1.3     -5.9    
1989    02      -34.8   -34.0   -33.9   -31.0   -20.5   -4.0    6.0     10.9    12.6    10.2    8.4     3.7     -0.3    -8.5    
1989    03      -36.6   -37.4   -35.9   -30.3   -18.4   -3.8    5.9     12.4    13.6    11.7    10.1    4.1     1.5     -0.2    
1989    04      -37.8   -39.4   -35.3   -32.3   -28.6   -15.0   1.0     9.7     9.8     10.0    7.7     6.7     3.3     0.2     
1989    05      -32.9   -40.3   -34.7   -32.7   -30.9   -25.0   -15.4   -2.0    7.2     9.2     11.9    7.7     1.1     -4.2    
1989    06      -12.8   -30.5   -36.7   -33.8   -32.5   -28.1   -23.5   -17.2   -4.1    -0.3    6.2     5.8     1.8     1.6     
1989    07      -1.7    -8.7    -34.6   -36.3   -36.4   -30.6   -26.8   -23.1   -13.2   -3.6    6.6     4.2     2.3     -3.3    
1989    08      3.4     2.0     -9.1    -35.0   -32.4   -30.0   -28.1   -23.8   -14.5   -5.8    3.1     3.6     3.1     5.9     
1989    09      3.5     1.9     -7.6    -34.6   -31.6   -31.0   -29.8   -23.9   -19.7   -11.9   -1.3    4.1     7.3     1.3     
1989    10      8.4     5.3     1.2     -23.5   -31.1   -30.7   -29.1   -25.0   -22.4   -15.2   -3.7    0.3     3.0     1.1     
1989    11      15.7    12.1    7.3     -9.5    -29.7   -30.6   -26.4   -23.9   -21.9   -16.6   -8.8    -2.0    -1.9    -4.2    
1989    12      21.2    24.9    21.8    12.7    -14.7   -28.2   -28.5   -24.8   -24.4   -18.4   -8.3    0.3     0.7     -5.0    
#
1990    01      14.9    16.9    17.3    13.1    6.4     -4.2    -24.7   -29.2   -27.9   -21.4   -10.2   -1.4    -1.5    -4.4    
1990    02      15.7    18.0    19.2    14.6    7.9     -3.2    -14.9   -26.5   -27.3   -21.0   -11.8   -8.1    -7.1    -10.0   
1990    03      18.2    22.2    21.2    18.1    17.7    10.9    3.1     -8.1    -24.2   -22.1   -7.3    -3.1    -3.4    -11.6   
1990    04      15.4    15.9    18.1    16.6    15.2    12.4    9.8     4.9     -4.9    -14.2   -13.6   -8.1    -10.2   -4.3    
1990    05      6.4     11.4    12.0    13.6    16.0    12.4    9.8     8.5     8.7     2.2     -10.5   -10.9   -8.7    -9.2    
1990    06      4.8     9.3     13.0    17.2    18.5    15.2    15.4    12.2    14.5    11.8    4.3     -5.0    -10.1   -9.0    
1990    07      -0.2    2.9     8.2     11.8    15.8    13.1    12.3    9.4     9.9     8.6     6.0     1.2     -4.9    -3.4    
1990    08      -7.5    1.9     10.8    13.4    15.4    13.5    13.8    11.0    12.6    7.8     6.7     1.9     2.0     -1.3    
1990    09      -3.0    2.1     12.9    14.3    13.4    13.0    12.7    12.3    11.6    9.5     7.7     3.2     1.4     -1.3    
1990    10      -13.3   -1.6    10.3    13.9    11.9    10.9    10.4    11.6    9.8     7.0     9.5     6.0     1.1     1.3     
1990    11      -25.2   -15.7   1.4     11.0    11.0    11.0    13.4    13.2    13.5    10.4    9.5     7.6     2.8     0.2     
1990    12      -28.4   -24.6   -10.7   2.5     9.0     13.4    12.6    12.0    11.8    7.9     9.0     5.6     2.4     -0.8    
#
1991    01      -28.3   -25.7   -15.9   0.7     8.3     11.4    10.4    10.0    5.5     6.0     7.4     2.6     0.5     -6.0    
1991    02      -30.2   -28.2   -15.7   4.4     11.3    12.7    13.7    10.6    9.8     10.6    12.0    6.3     1.7     -0.8    
1991    03      -31.5   -27.7   -19.3   1.0     10.3    10.5    10.7    7.2     5.1     5.0     5.4     5.2     4.1     -0.3    
1991    04      -31.2   -26.5   -24.0   -18.2   -2.6    9.2     13.2    10.1    6.2     7.0     6.6     5.7     6.9     1.2     
1991    05      -30.5   -27.2   -26.0   -25.6   -21.4   -6.7    3.5     6.7     8.7     9.0     11.3    7.9     3.5     -1.8    
1991    06      -31.8   -27.5   -30.0   -28.6   -27.6   -20.9   -16.4   -2.4    1.7     3.5     8.4     7.1     7.9     1.4     
1991    07      -34.7   -36.1   -31.0   -29.3   -27.0   -25.0   -18.9   -10.0   -7.8    -2.1    4.9     5.2     6.6     5.7     
1991    08      -33.2   -29.4   -29.3   -28.7   -29.8   -23.1   -19.8   -12.8   -8.6    -3.0    2.4     2.4     -1.6    -5.3    
1991    09      -29.2   -29.8   -27.8   -28.8   -26.5   -21.5   -17.5   -13.4   -6.0    -1.6    2.1     3.4     -0.6    -5.6    
1991    10      -16.9   -29.4   -28.8   -26.9   -25.0   -22.2   -20.4   -12.1   -3.4    -0.8    1.7     3.8     6.3     3.5     
1991    11      9.1     1.4     -23.5   -27.5   -24.2   -24.2   -20.2   -14.8   -5.0    -1.2    4.4     2.7     0.8     -3.1    
1991    12      20.9    9.9     -4.0    -26.8   -29.8   -25.3   -22.6   -17.5   -8.3    -2.0    6.6     3.6     -3.5    -3.0    
#
1992    01      16.1    10.4    -3.3    -28.9   -27.8   -25.3   -23.4   -16.0   -9.0    -2.1    7.2     -0.5    -5.5    -1.9    
1992    02      17.0    13.2    -1.5    -29.9   -28.3   -25.4   -21.8   -17.1   -3.6    -1.0    9.4     4.7     2.2     -3.0    
1992    03      17.3    14.7    0.3     -28.9   -28.2   -26.0   -22.7   -18.3   -6.5    -0.9    3.8     -1.1    -5.9    -2.6    
1992    04      16.1    14.5    7.8     -25.0   -28.8   -26.2   -25.2   -21.7   -14.3   -4.8    4.5     2.6     1.9     -7.6    
1992    05      10.1    11.4    11.0    -4.2    -29.0   -27.5   -24.2   -23.5   -20.7   -15.9   -2.9    1.2     2.4     -5.1    
1992    06      4.2     6.3     11.5    6.6     -2.9    -26.8   -30.0   -29.6   -25.7   -21.4   -12.8   -3.2    -0.4    -4.3    
1992    07      5.6     9.2     9.0     7.9     6.0     -7.9    -28.6   -30.6   -27.6   -24.3   -16.3   -7.6    -2.5    -4.6    
1992    08      14.3    16.5    17.1    15.3    10.6    0.8     -11.0   -27.3   -31.3   -25.9   -15.6   -10.0   -4.7    -5.5    
1992    09      16.7    17.0    17.6    15.9    11.9    7.5     -0.2    -9.6    -25.6   -25.3   -15.9   -9.0    -6.6    -6.8    
1992    10      17.5    15.3    16.2    16.0    16.3    11.2    6.2     -0.5    -14.1   -23.9   -16.3   -9.6    -3.8    -2.2    
1992    11      21.6    18.9    19.4    18.9    17.0    14.1    11.0    7.4     1.7     -9.0    -15.7   -11.2   -5.8    -4.7    
1992    12      16.9    18.2    18.4    18.9    19.6    17.6    16.1    13.7    12.6    4.4     -10.3   -10.5   -6.7    -5.0    
#
1993    01      14.5    16.7    17.1    17.8    17.7    15.5    14.6    13.4    15.6    7.4     2.6     -2.4    -0.5    -4.5    
1993    02      13.8    17.6    21.4    20.8    19.0    16.4    14.7    14.8    15.3    8.6     3.2     -2.3    -3.4    -6.4    
1993    03      6.8     16.8    20.1    19.0    19.2    17.0    15.2    13.3    12.0    7.8     2.0     2.1     -1.1    -2.3    
1993    04      -12.6   -1.3    12.4    12.1    8.0     11.2    14.8    13.5    10.7    9.1     8.3     5.5     1.0     -2.9    
1993    05      -26.8   -23.1   -15.8   -5.2    5.7     10.8    13.3    12.0    13.4    11.8    10.0    8.8     3.8     0.8     
1993    06      -29.5   -30.3   -29.1   -22.6   -4.4    4.8     11.8    12.6    10.7    10.0    10.9    9.5     5.4     4.6     
1993    07      -30.8   -30.2   -31.6   -25.8   -18.7   -1.0    9.6     10.7    9.5     8.6     7.4     5.7     6.4     1.2     
1993    08      -32.0   -32.0   -31.6   -28.0   -17.6   -0.8    9.7     9.2     9.9     8.3     9.8     4.3     2.5     3.0     
1993    09      -34.0   -35.0   -32.6   -31.6   -19.5   -4.4    4.1     9.8     10.3    10.3    7.0     3.2     2.5     2.9     
1993    10      -33.1   -33.6   -34.0   -30.1   -25.3   -11.1   0.1     8.1     9.7     8.9     7.3     7.1     4.9     -1.4    
1993    11      -32.9   -36.2   -34.4   -31.1   -26.0   -20.5   -7.8    0.3     9.6     10.3    10.3    9.2     3.8     -1.4    
1993    12      -26.8   -35.7   -32.7   -30.0   -29.7   -24.0   -12.1   -0.6    6.3     8.3     9.2     6.7     3.2     0.3     
#
1994    01      -34.8   -38.5   -31.5   -31.5   -33.2   -25.1   -17.4   -3.0    4.3     8.4     11.0    5.1     0.3     -3.5    
1994    02      -34.9   -33.8   -31.3   -31.5   -30.1   -26.5   -16.5   -2.1    2.7     6.6     7.9     4.7     -0.8    -1.0    
1994    03      -35.1   -33.9   -33.4   -31.9   -31.6   -29.1   -19.0   -7.6    1.2     7.4     10.8    9.2     3.9     -1.1    
1994    04      -37.6   -36.2   -35.2   -33.2   -31.5   -29.8   -25.7   -16.6   -6.2    3.4     8.6     8.3     3.9     0.1     
1994    05      -21.8   -35.1   -36.4   -33.6   -32.6   -31.8   -29.5   -25.6   -18.1   -9.7    3.5     8.6     5.6     -0.7    
1994    06      5.7     -5.6    -26.2   -34.9   -34.1   -32.8   -31.0   -28.2   -24.6   -21.1   -10.5   -1.4    0.7     -0.8    
1994    07      8.5     5.1     -3.8    -29.3   -34.9   -33.8   -32.6   -30.3   -27.4   -24.8   -16.8   -7.2    -3.3    -5.1    
1994    08      11.5    11.1    7.2     -4.8    -26.3   -33.6   -33.3   -31.4   -29.3   -26.9   -18.5   -9.5    -5.7    -9.5    
1994    09      13.7    13.8    14.4    8.6     -5.7    -27.1   -31.6   -31.0   -29.6   -27.8   -19.7   -12.0   -6.6    -5.9    
1994    10      15.7    15.1    14.3    11.7    8.7     -0.9    -12.8   -23.6   -28.7   -28.0   -17.0   -9.6    -9.5    -11.3   
1994    11      18.4    18.5    17.8    16.0    14.3    10.9    5.6     -3.2    -14.8   -24.3   -17.3   -11.0   -9.5    -11.9   
1994    12      18.5    19.6    19.9    19.0    18.1    16.7    12.4    5.1     -0.3    -6.4    -14.1   -7.0    -6.9    -9.0    
#
1995    01      19.6    19.7    18.3    17.4    18.6    17.8    16.3    13.4    9.2     2.6     -2.6    -1.5    -2.8    -4.0    
1995    02      10.2    9.2     7.9     11.2    11.7    11.5    9.1     7.1     5.0     2.5     -0.1    -0.6    -1.4    -3.6    
1995    03      6.4     5.4     6.3     11.1    11.4    8.6     5.9     4.9     5.2     4.8     -0.3    -4.0    -4.0    -3.5    
1995    04      -3.5    4.9     10.7    15.2    14.7    11.0    7.5     6.1     5.9     5.8     2.6     -2.5    -4.0    -2.7    
1995    05      -23.8   -13.8   3.6     14.8    16.3    15.5    13.0    11.3    11.1    11.2    9.0     4.1     -1.3    -4.7    
1995    06      -28.5   -24.4   -12.7   10.2    15.6    15.1    13.5    13.0    13.0    12.0    7.8     3.5     -2.0    -8.6    
1995    07      -32.2   -29.2   -19.5   1.6     10.6    12.5    11.4    10.9    10.3    10.6    11.5    8.6     4.6     -0.2    
1995    08      -35.9   -31.3   -21.1   -2.8    5.7     7.2     7.8     8.5     9.1     9.9     10.0    8.7     7.2     2.8     
1995    09      -33.5   -28.9   -20.9   -6.6    -1.0    3.4     5.9     6.9     8.8     10.2    9.2     6.5     4.6     1.6     
1995    10      -30.8   -27.7   -21.6   -13.4   -11.1   -3.2    2.4     5.8     8.8     10.2    9.0     6.8     4.3     1.9     
1995    11      -27.8   -24.1   -19.5   -19.1   -18.3   -13.1   -2.9    4.6     8.0     9.7     7.5     4.7     3.5     -1.7    
1995    12      -18.1   -22.7   -20.8   -23.2   -22.6   -16.9   -5.4    3.8     8.1     9.8     8.0     5.8     3.2     0.2     
#
1996    01      -27.7   -27.3   -26.7   -26.1   -25.7   -18.3   -6.3    2.5     7.1     8.6     7.2     5.8     3.7     0.4     
1996    02      -30.7   -30.1   -27.9   -28.3   -29.1   -20.2   -6.9    3.3     7.3     8.7     8.3     6.5     3.9     2.9     
1996    03      -32.2   -29.6   -28.6   -32.1   -29.3   -23.9   -11.2   0.1     6.3     8.3     8.1     4.4     0.0     -4.3    
1996    04      -31.1   -31.1   -33.1   -32.8   -30.4   -27.7   -20.2   -8.5    2.7     8.9     9.8     6.2     2.7     0.3     
1996    05      -30.7   -34.5   -36.9   -33.3   -31.5   -30.7   -28.4   -21.9   -11.8   -1.0    8.8     7.1     1.7     -2.0    
1996    06      -1.6    -19.8   -36.0   -34.5   -33.6   -33.0   -31.7   -28.1   -21.9   -14.0   1.7     6.3     4.4     0.2     
1996    07      -1.6    -13.2   -31.8   -35.3   -33.8   -32.5   -31.5   -28.6   -24.7   -19.0   -4.7    1.9     1.1     -6.1    
1996    08      4.1     -0.7    -19.3   -35.9   -35.0   -34.6   -33.5   -30.3   -26.1   -19.9   -7.5    -2.4    -2.5    -5.9    
1996    09      9.6     9.6     2.3     -25.9   -35.1   -35.5   -33.4   -30.5   -26.3   -20.7   -8.3    -2.3    -3.9    -10.3   
1996    10      16.0    13.6    10.2    -4.2    -29.1   -34.9   -32.6   -29.9   -26.4   -22.3   -11.7   -3.2    -1.8    -6.2    
1996    11      22.8    21.9    19.9    4.1     -4.7    -28.4   -32.0   -29.4   -25.2   -20.3   -11.2   -7.2    -7.8    -8.2    
1996    12      18.6    20.2    20.8    17.9    8.2     -5.6    -23.4   -29.5   -25.0   -19.9   -9.6    -3.1    -3.4    -8.2    
#
1997    01      18.7    18.9    17.6    15.4    10.1    2.2     -10.5   -23.9   -23.5   -18.5   -8.7    -5.9    -6.2    -6.3    
1997    02      19.8    18.6    17.0    15.2    11.8    10.0    2.5     -13.3   -22.5   -18.3   -6.3    -0.5    0.4     -5.4    
1997    03      20.5    19.2    18.6    17.1    13.3    10.6    5.6     -3.9    -15.5   -19.2   -11.9   -8.7    -5.4    -3.9    
1997    04      20.6    19.9    19.4    18.0    17.1    15.1    12.2    9.5     4.3     -3.6    -9.5    -5.4    -5.4    -5.3    
1997    05      17.5    17.4    16.9    17.0    16.1    15.1    13.7    12.0    7.8     3.5     -3.2    -7.6    -10.6   -10.0   
1997    06      13.1    14.4    16.4    17.3    17.4    16.7    14.2    13.3    13.3    11.8    5.5     -2.4    -6.4    -8.1    
1997    07      1.8     6.6     9.2     12.5    14.9    14.1    12.3    12.6    13.6    13.7    11.9    9.0     5.1     -0.1    
1997    08      -4.9    2.4     7.3     11.7    12.7    11.4    11.5    13.3    13.4    13.7    10.5    9.0     6.3     2.3     
1997    09      -14.9   -1.2    7.8     11.4    9.3     9.7     9.6     11.2    11.4    12.2    10.7    9.5     6.9     5.1     
1997    10      -24.2   -15.6   -2.0    3.2     1.9     7.5     10.5    12.2    11.8    9.9     5.5     7.3     6.4     5.8     
1997    11      -24.5   -20.0   -10.1   -10.4   -9.4    1.5     9.2     12.4    13.0    12.2    6.0     6.3     4.9     2.7     
1997    12      -22.9   -16.5   -13.2   -20.0   -15.3   -4.9    8.4     11.4    11.8    6.8     4.8     3.3     -1.4    -3.4    
#
1998    01      -17.6   -15.4   -19.2   -23.5   -21.5   -5.0    8.9     13.8    10.4    8.0     2.8     2.0     -3.4    -2.2    
1998    02      -19.3   -21.7   -25.0   -26.7   -23.8   -5.7    8.9     12.8    11.5    10.3    6.8     3.9     0.0     1.0     
1998    03      -24.7   -27.4   -27.0   -31.0   -26.3   -12.7   5.0     10.6    10.2    8.2     6.4     2.9     -1.7    -1.9    
1998    04      -29.9   -29.4   -30.6   -30.3   -28.9   -25.3   -16.1   -3.4    6.5     10.3    11.7    9.6     5.2     3.4     
1998    05      -29.2   -31.8   -33.4   -30.3   -29.4   -28.0   -26.8   -22.6   -17.2   -6.0    9.9     6.8     1.8     -5.5    
1998    06      -2.2    -21.9   -34.2   -31.6   -30.7   -29.7   -28.6   -26.2   -22.9   -17.2   -1.6    3.0     -4.1    -10.4   
1998    07      4.7     -1.2    -19.5   -32.4   -30.7   -30.8   -29.9   -27.8   -25.9   -21.4   -6.4    0.8     -0.3    -8.2    
1998    08      14.7    10.9    3.0     -22.4   -31.7   -32.1   -30.3   -29.0   -27.7   -23.0   -8.6    -1.2    0.2     -1.7    
1998    09      13.0    12.4    10.6    -1.1    -25.9   -31.1   -30.9   -31.4   -29.2   -23.7   -12.6   -3.5    0.4     -1.6    
1998    10      16.1    14.2    12.5    9.2     -9.0    -29.2   -33.7   -32.5   -27.6   -23.1   -13.0   -3.0    -1.6    -4.4    
1998    11      22.8    20.9    20.4    16.2    7.8     -6.8    -29.3   -32.7   -28.2   -23.8   -15.8   -8.7    -3.5    -2.9    
1998    12      19.3    20.7    21.4    20.9    16.2    7.0     -5.3    -22.6   -28.1   -23.9   -11.9   -7.1    -3.8    -9.6    
#
1999    01      12.6    12.4    13.7    15.3    13.0    9.9     2.1     -6.9    -14.4   -23.7   -12.0   -6.5    -5.5    -16.1   
1999    02      12.8    18.1    21.9    19.9    16.9    13.1    9.2     4.6     -3.6    -16.7   -13.7   -7.8    -5.3    -3.7    
1999    03      6.6     10.7    11.6    10.5    9.0     9.8     9.9     7.0     2.8     0.3     -7.9    -5.7    -7.8    -15.8   
1999    04      10.8    15.4    16.2    17.2    15.3    14.0    11.8    10.4    8.3     5.0     -0.1    -3.9    -6.1    -10.1   
1999    05      0.8     5.2     10.0    12.9    12.6    12.6    11.5    9.9     6.7     5.2     4.7     1.3     -3.0    -11.7   
1999    06      -19.4   -4.8    5.2     12.1    13.5    13.7    13.1    12.1    10.1    10.1    7.1     4.4     2.0     -6.6    
1999    07      -20.1   -14.0   -0.5    7.0     9.2     11.1    10.6    8.3     7.7     8.5     6.2     5.0     3.7     -1.3    
1999    08      -22.1   -12.6   -0.3    6.5     9.9     11.0    10.3    9.7     9.6     10.0    6.4     3.2     1.9     0.6     
1999    09      -23.0   -13.2   -2.3    5.8     9.2     10.1    8.3     9.5     10.0    10.0    7.0     3.5     3.5     3.3     
1999    10      -25.9   -21.6   -14.4   -2.2    7.7     9.1     10.1    11.9    12.2    12.5    8.4     4.0     5.1     4.2     
1999    11      -25.4   -23.9   -20.4   -9.5    -0.4    4.7     8.9     11.1    11.4    11.0    6.7     4.2     3.0     -1.8    
1999    12      -25.5   -27.9   -23.7   -18.6   -5.4    6.1     11.3    12.5    12.0    12.2    9.5     3.2     -0.8    -4.9    
#
2000    01      -29.8   -27.1   -27.0   -23.2   -4.7    7.4     11.7    12.7    12.8    12.3    9.3     6.2     2.2     -0.8    
2000    02      -30.7   -30.5   -30.1   -22.3   -3.2    9.5     12.4    12.9    13.1    12.4    10.6    4.8     0.7     -2.3    
2000    03      -31.4   -31.9   -33.7   -22.7   1.3     11.3    13.0    13.7    14.7    13.4    9.6     4.6     1.8     -2.3    
2000    04      -34.3   -36.2   -34.8   -30.4   -9.5    6.1     11.7    12.8    13.0    12.7    10.6    6.0     1.0     -2.8    
2000    05      -37.2   -36.5   -36.1   -33.3   -25.7   -7.1    6.3     11.1    12.7    14.0    11.9    9.2     3.5     -1.6    
2000    06      -35.8   -37.8   -38.4   -34.3   -30.4   -22.7   -7.9    5.7     11.8    14.3    13.2    10.6    8.2     2.2     
2000    07      -21.8   -38.3   -37.4   -36.3   -32.3   -28.2   -13.6   1.9     8.8     12.7    11.6    9.2     5.5     0.4     
2000    08      -23.8   -39.2   -38.6   -35.3   -33.4   -29.4   -16.4   0.2     8.8     12.4    9.7     8.8     6.7     4.4     
2000    09      -30.8   -40.1   -38.7   -35.7   -34.5   -28.8   -15.8   -0.1    9.4     11.2    10.5    7.6     4.8     3.4     
2000    10      -28.0   -39.3   -36.9   -36.9   -33.9   -27.5   -17.3   -6.1    2.1     7.0     8.1     6.2     4.6     2.6     
2000    11      -4.3    -24.5   -38.1   -35.7   -31.1   -25.3   -19.4   -7.8    0.7     5.2     5.4     3.5     -3.6    -8.6    
2000    12      4.3     -9.6    -35.8   -32.8   -28.2   -25.9   -20.2   -8.6    -0.7    4.0     4.6     -0.6    -3.0    -8.3    
#
2001    01      2.8     -7.5    -32.7   -32.1   -29.8   -28.4   -20.0   -6.5    0.9     5.9     5.2     0.7     -4.9    -9.5    
2001    02      -6.9    -22.1   -36.1   -31.1   -30.4   -27.2   -18.5   -6.3    2.1     5.1     3.4     2.2     1.5     -3.5    
2001    03      -1.5    -17.9   -35.8   -32.2   -30.9   -26.9   -16.4   -5.0    2.9     5.6     3.9     -3.0    -5.9    -5.4    
2001    04      6.2     -4.6    -28.2   -34.4   -31.7   -30.9   -22.5   -9.1    1.5     5.2     5.4     1.7     -3.5    -7.7    
2001    05      10.9    6.3     -4.6    -35.2   -32.8   -31.8   -28.1   -19.8   -9.1    -0.5    4.4     4.2     -0.3    -3.5    
2001    06      4.1     6.1     2.1     -25.5   -36.3   -33.1   -29.8   -23.7   -17.7   -8.0    -0.1    5.5     4.6     -1.1    
2001    07      1.4     6.2     8.9     -3.5    -34.4   -34.9   -31.8   -26.8   -21.5   -15.8   -5.0    -0.4    0.3     -5.5    
2001    08      5.0     8.0     7.7     3.9     -17.3   -35.4   -31.9   -27.8   -23.0   -18.4   -9.7    -5.4    -3.3    -2.3    
2001    09      8.7     9.1     9.7     7.4     -4.8    -30.7   -32.2   -28.4   -25.5   -20.2   -8.7    -3.1    -3.2    -9.1    
2001    10      12.9    13.0    13.2    10.6    5.2     -13.6   -30.4   -28.6   -25.4   -19.9   -8.7    -5.0    -5.9    -7.7    
2001    11      14.7    15.6    16.2    15.3    12.0    2.1     -13.3   -28.7   -27.4   -20.5   -9.3    -3.9    -1.1    -4.9    
2001    12      15.6    19.2    22.4    21.1    20.6    14.0    0.1     -17.6   -24.6   -20.5   -12.3   -6.2    -3.8    -0.7    
#
2002    01      15.8    19.0    21.0    19.9    16.6    11.8    3.7     -1.4    -12.9   -18.5   -10.0   -4.7    -10.5   -13.5   
2002    02      17.6    20.0    19.9    20.2    18.0    14.8    11.6    6.7     0.1     -10.0   -10.9   -6.2    -2.3    0.5     
2002    03      22.4    22.6    22.9    21.3    18.4    15.8    14.7    13.5    9.0     4.3     -5.3    -8.7    -8.5    -8.6    
2002    04      10.1    12.1    14.7    16.7    13.7    12.9    13.3    13.0    9.9     9.9     6.2     0.9     -8.3    -6.9    
2002    05      -10.0   4.5     10.3    15.1    14.6    13.3    12.0    10.7    10.2    11.5    9.6     3.5     -0.7    -1.3    
2002    06      -24.4   -13.0   0.2     5.2     6.8     9.2     9.5     9.0     10.4    9.2     6.4     3.3     2.2     -2.1    
2002    07      -25.7   -14.8   -1.2    7.3     10.1    10.3    7.7     7.8     7.6     8.5     6.1     1.0     -4.4    -12.0   
2002    08      -24.7   -11.8   -2.1    7.3     8.3     8.3     8.1     8.8     9.4     8.7     4.9     4.2     2.2     -1.2    
2002    09      -22.2   -10.4   0.7     6.6     7.2     6.5     7.0     9.1     9.1     8.0     7.7     5.8     3.7     2.8     
2002    10      -24.9   -16.7   -9.3    -1.3    -2.6    4.1     7.2     10.4    9.7     9.2     8.2     8.8     8.0     1.3     
2002    11      -26.2   -23.0   -17.5   -11.8   -12.3   -4.2    5.2     6.6     7.1     6.8     6.5     5.2     1.7     -1.1    
2002    12      -25.7   -21.5   -15.1   -19.8   -19.1   -4.1    4.0     6.4     6.3     6.7     6.6     3.0     -3.8    -6.5    
#
2003    01      -20.1   -18.4   -20.3   -26.2   -18.2   -1.4    6.2     7.7     7.3     5.8     4.0     3.1     0.9     -0.5    
2003    02      -22.3   -26.0   -28.8   -28.0   -17.2   -0.2    7.6     8.9     8.2     6.3     6.1     4.2     0.0     -0.7    
2003    03      -28.7   -30.8   -33.5   -29.0   -20.9   -7.3    4.4     7.6     6.3     4.7     6.3     4.7     3.2     2.6     
2003    04      -33.4   -35.8   -33.9   -29.5   -26.4   -19.4   -6.9    3.5     5.5     5.9     6.5     1.9     -2.9    -4.1    
2003    05      -26.3   -36.4   -33.2   -30.1   -28.5   -26.9   -20.2   -9.5    0.6     4.7     7.8     5.9     -2.2    -6.5    
2003    06      0.4     -14.0   -31.5   -30.8   -29.4   -28.8   -24.9   -17.5   -4.9    1.4     6.2     5.5     2.8     -4.1    
2003    07      13.9    10.3    -7.5    -32.9   -31.8   -31.3   -27.5   -21.5   -12.0   -2.9    2.7     4.0     4.2     0.5     
2003    08      14.5    13.8    5.3     -23.7   -34.1   -31.8   -28.8   -23.2   -17.7   -8.5    0.7     3.1     1.1     -4.1    
2003    09      12.9    11.9    8.7     -9.5    -33.7   -31.3   -28.1   -24.1   -18.0   -10.2   0.4     2.7     4.0     3.7     
2003    10      14.2    12.1    9.2     -1.5    -32.6   -31.2   -28.6   -24.8   -19.4   -13.3   -1.9    3.4     4.6     2.1     
2003    11      18.2    16.8    15.8    6.9     -16.1   -32.1   -29.1   -23.9   -20.4   -16.4   -6.5    0.4     -0.3    -7.4    
2003    12      24.6    24.2    24.2    16.5    4.7     -16.5   -29.2   -24.5   -21.4   -18.0   -10.3   -0.9    0.4     -1.4    
#
2004    01      18.0    22.2    22.5    20.9    12.1    -1.6    -21.0   -24.4   -23.6   -20.4   -10.3   -6.2    -5.5    -4.6    
2004    02      13.2    16.1    14.3    15.3    12.1    7.8     1.3     -11.1   -23.3   -19.2   -10.8   -3.6    -2.1    -0.3    
2004    03      17.1    17.4    17.0    16.3    14.0    11.2    6.7     -1.1    -12.8   -17.7   -10.7   -5.8    -5.1    -9.6    
2004    04      13.2    13.1    14.7    15.5    14.2    12.6    13.6    12.2    7.3     1.1     -7.9    -7.7    -9.5    -9.4    
2004    05      9.3     10.8    13.2    14.5    12.4    12.0    12.1    11.2    8.9     8.9     2.9     -2.6    -5.3    -5.9    
2004    06      5.1     8.2     10.7    11.0    10.3    9.5     11.3    11.2    10.9    11.2    7.2     4.3     -0.6    -2.1    
2004    07      2.2     7.2     9.4     6.9     8.3     9.0     9.1     10.0    10.8    10.8    7.9     3.9     0.1     -6.0    
2004    08      0.0     2.7     3.1     1.8     5.4     9.8     10.7    11.4    11.3    7.4     6.1     3.4     -0.1    -3.1    
2004    09      -8.0    -6.0    -6.0    -5.2    3.8     8.8     8.7     8.2     7.4     7.0     4.1     3.4     4.4     0.6     
2004    10      -13.2   -13.9   -13.7   -9.8    2.3     7.3     9.7     10.1    10.3    9.2     6.7     6.5     4.1     -0.5    
2004    11      -14.4   -14.1   -20.2   -19.8   -8.4    4.8     8.7     10.1    8.5     5.6     5.6     3.7     2.3     -2.0    
2004    12      -17.0   -22.2   -24.6   -24.7   -16.9   1.4     10.0    10.4    7.6     6.7     6.2     6.2     3.3     1.0     
#
2005    01      -26.1   -28.3   -28.3   -28.3   -19.4   -1.8    9.5     9.5     8.1     5.5     4.2     0.4     -2.9    -1.3    
2005    02      -31.3   -30.1   -30.8   -29.7   -16.3   1.8     9.3     11.9    11.1    9.8     7.2     2.4     -0.3    1.0     
2005    03      -34.7   -34.0   -34.0   -29.7   -18.9   -0.9    11.5    15.1    14.4    14.6    12.4    7.8     1.5     -4.8    
2005    04      -35.1   -34.9   -34.1   -32.9   -27.8   -17.8   -2.4    5.8     7.9     8.5     7.1     2.9     1.2     -0.1    
2005    05      -37.4   -35.4   -34.3   -33.0   -30.0   -26.6   -20.0   -8.1    3.1     8.2     9.1     7.3     -0.3    -8.6    
2005    06      -38.0   -38.4   -35.6   -33.1   -29.8   -28.6   -26.5   -20.1   -9.2    -1.2    3.6     5.0     5.2     -2.4    
2005    07      -23.2   -38.1   -35.3   -33.9   -31.3   -30.9   -29.7   -25.1   -17.4   -7.1    1.8     4.4     4.0     -1.2    
2005    08      -20.1   -36.8   -36.2   -32.4   -32.0   -31.6   -30.6   -27.5   -20.2   -12.0   -1.2    4.5     4.6     4.5     
2005    09      0.1     -20.6   -33.4   -33.4   -32.1   -31.8   -30.6   -26.6   -20.4   -14.4   -3.0    0.0     0.5     -1.5    
2005    10      12.1    7.2     -7.6    -32.0   -32.6   -32.0   -29.3   -25.6   -20.8   -17.3   -6.0    -0.3    -1.6    -1.3    
2005    11      17.7    16.9    10.6    -13.6   -35.3   -33.3   -28.9   -24.3   -21.4   -17.3   -7.7    -1.6    -1.2    -2.5    
2005    12      18.8    20.4    19.5    3.4     -24.0   -32.4   -27.8   -25.3   -23.0   -19.8   -7.0    0.8     1.9     -0.2    
#
2006    01      17.1    17.5    16.5    9.4     -3.6    -28.8   -30.3   -27.1   -21.4   -15.2   -4.0    -1.4    -4.7    -11.2   
2006    02      12.7    12.2    15.2    16.4    8.9     -9.3    -28.0   -26.1   -19.6   -13.8   -7.8    -6.3    -7.4    -8.6    
2006    03      11.6    13.5    16.6    17.6    14.5    8.3     -5.1    -24.0   -21.0   -15.4   -9.4    -3.1    -0.3    -5.6    
2006    04      0.6     3.9     9.4     12.6    11.4    8.5     4.9     -4.8    -17.8   -20.1   -10.2   -7.2    -4.5    -5.7    
2006    05      6.9     10.6    13.2    14.1    11.1    10.6    8.6     8.9     3.5     -7.1    -15.2   -12.5   -7.4    -5.4    
2006    06      1.9     6.5     13.2    17.3    14.6    12.3    11.4    11.0    11.3    7.9     -6.1    -11.0   -8.1    -9.9    
2006    07      -2.1    7.0     11.4    13.1    12.1    12.6    11.1    11.7    10.6    10.7    6.0     -2.4    -5.8    -11.4   
2006    08      -2.8    0.4     6.2     6.5     6.4     7.1     8.9     9.9     8.6     8.6     6.9     0.8     -0.9    -0.8    
2006    09      -5.4    3.3     7.3     7.6     8.0     10.9    12.3    13.3    11.7    10.9    8.9     6.8     3.9     -2.2    
2006    10      -13.7   -5.1    -0.7    1.4     5.4     9.3     10.9    11.0    9.7     9.2     8.3     7.6     6.0     2.4     
2006    11      -22.8   -14.9   -13.9   -12.3   6.3     8.9     8.8     8.9     9.3     10.4    7.6     6.2     4.3     -1.9    
2006    12      -20.0   -17.9   -20.6   -21.0   -3.5    7.3     9.8     11.8    13.3    12.4    9.2     8.1     4.0     -1.2    
#
2007    01      -22.6   -25.3   -26.6   -23.1   -8.9    5.4     8.2     9.7     10.7    9.6     5.5     4.1     3.3     3.5     
2007    02      -31.8   -31.3   -29.6   -22.6   -6.9    5.3     9.0     10.7    11.1    11.1    9.1     3.4     -0.9    -1.7    
2007    03      -32.6   -31.8   -31.7   -25.0   -11.5   1.4     8.0     11.1    10.9    10.3    7.8     5.5     3.7     1.7     
2007    04      -33.8   -33.6   -32.1   -27.8   -23.3   -14.7   2.2     9.0     12.0    12.8    11.4    9.1     2.6     -1.7    
2007    05      -36.8   -35.3   -32.0   -30.4   -28.5   -25.3   -18.4   -7.1    4.9     9.2     10.9    9.9     6.9     3.5     
2007    06      -20.8   -37.1   -33.0   -31.8   -29.2   -29.7   -26.2   -20.4   -12.6   -3.9    5.6     7.9     5.1     -1.0    
2007    07      -1.5    -14.2   -32.9   -32.4   -32.4   -31.3   -29.3   -24.2   -17.1   -10.0   -1.3    2.1     1.6     -1.1    
2007    08      5.0     -1.5    -24.5   -33.3   -33.2   -31.6   -28.8   -26.0   -21.2   -15.1   -4.0    -0.8    1.3     -3.9    
2007    09      10.7    6.0     -7.0    -34.3   -33.9   -32.1   -29.8   -26.5   -22.1   -16.2   -3.3    1.2     2.1     -2.0    
2007    10      11.1    10.9    4.2     -31.9   -33.1   -31.6   -28.9   -26.3   -21.8   -17.5   -5.1    2.8     1.6     -8.0    
2007    11      18.0    17.2    11.5    0.2     -29.6   -32.0   -29.0   -26.2   -23.0   -20.4   -9.8    0.4     2.2     1.5     
2007    12      21.3    22.6    19.2    12.5    -2.8    -26.5   -30.6   -27.8   -24.9   -20.0   -10.0   -3.0    -3.3    -11.5   
#
2008    01      17.6    17.5    17.1    11.8    2.5     -12.6   -30.2   -28.0   -24.8   -19.0   -9.3    -6.5    -5.6    -6.8    
2008    02      17.2    18.1    17.0    13.9    12.5    3.8     -13.0   -27.9   -24.3   -18.7   -6.9    -0.5    -5.2    -20.4   
2008    03      16.9    18.1    18.1    19.0    14.8    11.2    2.9     -13.2   -23.9   -20.8   -8.5    -2.1    -1.4    -4.0    
2008    04      11.4    12.6    14.5    16.9    15.9    12.4    6.8     2.0     -8.5    -19.9   -13.0   -4.9    -5.5    -10.7   
2008    05      7.5     9.0     10.2    12.7    12.1    12.4    9.9     8.4     5.0     -1.0    -13.5   -11.4   -10.7   -10.8   
2008    06      4.6     6.7     12.3    16.8    16.8    15.7    13.3    11.2    9.5     5.3     -3.6    -4.7    -8.9    -12.8   
2008    07      -3.4    2.2     9.2     14.2    12.8    13.5    11.3    11.6    10.6    11.6    9.8     4.7     -0.7    -5.6    
2008    08      -17.4   -5.7    4.1     11.6    12.9    11.8    11.2    10.1    8.1     7.9     4.6     3.5     0.9     -2.4    
2008    09      -24.2   -12.2   3.4     12.7    12.4    10.5    10.0    10.2    8.1     6.5     1.7     1.6     3.1     5.0     
2008    10      -27.5   -18.5   -10.5   5.4     9.1     9.3     9.9     11.3    10.9    8.3     2.0     4.0     7.3     6.2     
2008    11      -26.2   -22.7   -18.9   -5.2    4.3     7.5     10.0    11.1    10.0    7.2     -2.8    2.3     1.8     -4.4    
2008    12      -26.7   -27.8   -24.5   -8.2    6.9     11.1    12.7    12.9    11.7    9.0     3.0     -1.4    -4.3    -5.7    
#
2009    01      -32.0   -30.4   -25.1   -4.9    7.7     11.9    13.8    13.8    13.1    11.8    5.2     -1.0    -9.6    -7.8    
2009    02      -38.0   -32.8   -24.8   1.4     11.6    15.5    16.5    16.4    15.1    14.9    7.8     4.4     2.4     -4.3    
2009    03      -33.7   -32.1   -26.0   -5.0    9.0     11.8    11.8    11.6    11.1    9.8     6.1     3.6     0.3     -0.3    
2009    04      -34.0   -32.2   -30.0   -19.8   2.6     10.3    12.1    13.4    13.2    13.4    10.3    6.7     0.8     -2.9    
2009    05      -34.2   -33.1   -33.0   -27.3   -15.4   3.2     11.1    14.3    14.2    14.5    12.8    9.1     2.2     -3.8    
2009    06      -31.8   -35.5   -34.5   -31.1   -25.9   -13.4   8.0     7.6     9.6     10.0    10.7    9.5     4.1     -1.5    
2009    07      -18.2   -37.5   -37.1   -32.8   -30.2   -22.7   -6.6    2.7     8.5     9.8     10.1    8.2     5.2     3.0     
2009    08      -11.0   -28.4   -36.6   -33.5   -30.7   -21.8   -6.9    2.1     7.7     8.2     6.5     5.8     3.4     -6.1    
2009    09      -21.8   -35.6   -36.9   -34.7   -30.4   -22.0   -5.9    4.8     8.5     11.2    10.1    6.9     3.8     0.8     
2009    10      -17.2   -37.1   -39.1   -35.3   -30.8   -19.9   -6.1    2.8     8.0     10.5    9.6     9.4     6.9     1.7     
2009    11      -4.7    -18.7   -37.3   -32.8   -30.0   -25.2   -14.9   -4.5    5.1     8.3     9.1     6.6     4.6     2.1     
2009    12      -10.4   -20.7   -37.5   -33.5   -29.5   -25.9   -16.9   -5.3    4.3     10.4    11.2    6.4     1.0     -4.2    
#
2010    01      -17.1   -28.0   -36.2   -33.0   -29.0   -26.5   -21.2   -9.8    -2.1    5.8     10.1    8.2     6.0     4.8     
2010    02      -28.2   -39.2   -34.7   -30.9   -30.0   -27.2   -18.9   -10.3   -2.4    5.1     9.6     6.1     -0.9    -5.5    
2010    03      -25.9   -37.0   -33.2   -31.7   -30.1   -26.9   -23.7   -18.5   -9.0    -0.8    6.4     4.9     1.9     -2.3    
2010    04      -23.0   -34.8   -34.2   -32.6   -29.7   -27.2   -25.4   -25.1   -23.6   -15.9   0.0     5.6     4.5     4.1     
2010    05      5.2     -3.1    -23.6   -34.7   -29.5   -26.3   -25.2   -25.3   -25.2   -23.4   -15.8   -5.6    0.7     -0.9    
2010    06      12.8    12.3    5.9     -10.4   -20.9   -28.5   -28.9   -27.8   -27.0   -23.5   -18.0   -13.7   -13.4   -13.6   
2010    07      14.0    13.6    14.0    9.2     5.6     -5.9    -15.9   -27.6   -28.9   -27.8   -20.9   -16.3   -14.3   -16.0   
2010    08      15.0    15.7    15.0    11.1    11.2    11.7    7.8     0.0     -7.2    -17.8   -25.9   -16.3   -9.8    -10.0   
2010    09      14.9    14.8    15.3    13.4    12.1    13.4    13.3    12.0    10.2    3.8     -16.4   -18.5   -14.1   -15.0   
2010    10      16.3    15.5    14.0    11.1    11.2    11.6    11.3    10.2    9.0     7.7     1.6     -3.7    -7.8    -11.9   
2010    11      14.4    16.1    14.7    11.6    11.9    11.8    11.1    10.7    9.4     7.2     5.7     4.1     -1.6    -8.4    
2010    12      5.9     0.8     3.9     3.0     8.3     8.3     8.7     8.9     8.6     7.6     6.6     4.4     2.3     0.2     
#
2011    01      -10.9   -5.4    -4.4    3.0     7.0     9.7     8.3     8.0     7.1     4.5     2.7     0.6     -0.1    -3.1    
2011    02      -14.1   -12.5   -1.3    7.5     9.0     9.7     9.8     7.4     4.7     5.2     5.3     6.2     4.4     1.4     
2011    03      -26.2   -22.9   -6.9    7.1     10.2    10.1    10.4    8.7     6.0     5.8     4.6     4.8     3.5     2.0     
2011    04      -30.9   -27.0   -20.8   2.7     8.5     9.2     9.9     8.5     6.2     5.3     3.0     0.7     -2.5    -0.5    
2011    05      -30.6   -31.4   -28.6   -12.1   2.9     9.6     11.3    10.6    9.9     9.7     7.3     5.6     -1.5    -5.9    
2011    06      -29.2   -35.4   -32.5   -25.6   -9.8    7.0     12.1    12.7    13.2    12.7    10.4    3.3     1.2     -0.7    
2011    07      -24.4   -36.9   -33.6   -30.2   -14.7   0.9     9.1     11.6    10.5    9.9     9.2     7.6     6.4     1.7     
2011    08      -31.0   -38.2   -37.0   -29.2   -14.6   2.5     10.6    10.2    12.0    12.6    9.2     6.7     1.8     -0.3    
2011    09      -31.0   -37.6   -37.5   -31.2   -19.0   -3.2    7.1     13.0    13.6    11.8    11.7    10.9    8.4     3.8     
2011    10      -29.1   -37.9   -35.8   -30.7   -23.1   -7.5    7.5     11.4    11.2    10.7    11.8    10.8    9.5     2.6     
2011    11      -17.7   -35.1   -34.6   -31.6   -27.9   -18.9   -4.2    7.0     9.9     10.1    10.2    10.0    5.0     -0.5    
2011    12      -5.4    -22.6   -32.0   -31.5   -29.5   -23.9   -14.1   -2.7    3.3     5.9     6.6     5.4     3.0     -2.3    
#
2012    01      -26.1   -35.7   -35.6   -32.0   -28.8   -23.8   -10.1   -1.9    2.3     4.4     5.7     0.7     -2.0    -6.6    
2012    02      -27.5   -37.4   -34.8   -30.2   -28.3   -21.3   -10.5   -3.4    2.2     6.4     5.4     -0.1    -2.4    -6.1    
2012    03      -33.3   -36.4   -33.0   -31.3   -28.2   -21.7   -13.2   -2.6    3.3     6.5     3.3     1.0     -1.1    -10.2   
2012    04      -22.0   -32.4   -33.3   -32.3   -29.3   -25.7   -17.4   -3.1    4.2     6.9     5.9     -0.7    -9.2    -10.6   
2012    05      1.8     -8.0    -28.7   -34.0   -31.5   -30.6   -26.1   -16.8   -4.2    4.8     8.3     1.6     -3.0    -8.3    
2012    06      8.0     7.1     -4.4    -32.7   -32.2   -32.5   -30.1   -22.9   -12.3   -1.1    5.2     5.4     -0.8    -9.7    
2012    07      7.4     7.4     2.7     -19.4   -32.3   -32.6   -31.3   -25.8   -18.4   -8.2    1.3     1.2     -0.2    0.0     
2012    08      10.1    9.6     8.3     -7.5    -32.6   -34.7   -31.2   -27.1   -19.6   -9.3    0.3     2.2     0.7     -4.2    
2012    09      11.9    11.9    8.8     -0.5    -29.2   -33.1   -31.2   -27.6   -20.1   -10.7   -0.6    2.9     1.6     1.8     
2012    10      13.3    12.0    10.2    1.0     -28.2   -33.6   -31.2   -26.5   -20.0   -12.1   -0.3    3.7     -0.3    -4.6    
2012    11      16.2    15.6    13.3    8.6     -10.6   -33.5   -30.2   -26.3   -21.4   -12.8   -1.6    1.1     -0.8    -2.4    
2012    12      21.8    21.9    20.2    17.6    7.3     -16.1   -27.8   -27.2   -22.6   -17.2   -1.9    2.6     -2.1    -7.0    
#
2013    01      14.5    17.6    17.3    15.5    12.2    -4.7    -25.4   -30.3   -23.1   -13.5   -3.3    -0.2    -0.1    -1.3    
2013    02      14.2    16.1    16.9    15.4    13.8    1.8     -14.3   -24.9   -20.9   -14.3   -4.9    -0.1    0.3     -2.7    
2013    03      18.5    19.4    19.4    16.9    13.0    8.9     -0.7    -17.7   -21.3   -18.3   -6.9    -6.0    -7.5    -4.3    
2013    04      14.8    14.8    15.8    16.5    13.3    10.2    8.8     2.9     -8.2    -20.8   -11.0   -5.4    -5.3    -3.2    
2013    05      11.7    11.0    13.2    16.2    14.8    10.9    7.3     3.8     -3.3    -11.3   -12.6   -12.8   -13.9   -11.5   
2013    06      11.7    13.0    15.1    18.5    16.7    15.7    11.4    8.5     8.3     4.7     -4.6    -11.3   -9.4    -12.8   
2013    07      7.7     9.9     12.1    14.4    15.2    14.7    13.4    11.4    8.8     8.8     5.6     -1.8    -3.6    -9.0    
2013    08      6.7     9.7     12.2    16.4    14.9    12.2    11.9    10.9    8.9     9.3     4.7     1.1     -3.3    -7.0    
2013    09      6.9     10.9    14.8    16.9    14.8    13.9    11.6    10.6    9.7     8.7     6.9     6.0     3.7     -1.9    
2013    10      4.0     8.5     11.6    12.4    10.4    11.9    12.5    11.8    12.0    11.0    7.8     6.6     6.3     -1.7    
2013    11      -15.4   -3.1    7.7     10.5    10.7    11.8    12.4    11.4    9.3     9.0     7.9     8.2     4.2     -2.1    
2013    12      -25.7   -19.1   -5.1    8.1     9.5     11.7    12.2    9.9     9.2     9.4     7.7     7.4     3.6     -1.5    
#
2014    01      -25.1   -19.9   -7.5    8.5     13.0    14.8    13.7    12.7    12.2    11.2    7.6     6.2     4.4     2.2     
2014    02      -25.8   -22.6   -11.1   6.1     11.8    12.6    12.4    12.7    12.1    11.4    6.0     4.9     3.4     0.2     
2014    03      -28.0   -24.5   -16.7   0.4     10.0    11.3    11.2    10.5    10.4    9.2     4.0     2.5     3.3     0.8     
2014    04      -28.6   -26.6   -27.1   -16.9   -1.9    8.8     12.6    14.4    15.8    14.7    14.3    8.2     3.3     0.4     
2014    05      -28.5   -28.7   -28.8   -25.9   -22.5   -13.1   0.0     9.4     13.1    14.1    12.7    9.7     3.5     -5.0    
2014    06      -31.3   -28.8   -29.3   -28.1   -25.8   -25.8   -17.6   -0.4    7.5     10.1    11.0    11.0    4.4     -2.9    
2014    07      -33.4   -31.0   -30.4   -30.7   -30.0   -30.7   -23.8   -12.6   -0.4    5.1     10.9    11.0    7.0     -0.9    
2014    08      -33.0   -32.6   -31.8   -30.7   -32.4   -29.5   -24.9   -12.7   -0.1    7.2     11.2    8.4     5.7     -2.2    
2014    09      -32.0   -31.9   -31.9   -32.4   -34.2   -31.7   -25.8   -13.1   -2.0    5.3     9.1     10.9    8.4     4.3     
2014    10      -29.5   -30.4   -32.1   -35.8   -34.7   -32.3   -26.6   -18.1   -6.3    3.1     8.2     6.2     2.8     -0.4    
2014    11      5.1     -13.6   -32.9   -35.0   -35.0   -31.2   -26.8   -22.3   -13.7   -2.0    7.8     8.4     4.8     -1.7    
2014    12      17.3    9.1     -15.8   -36.2   -32.9   -28.7   -27.3   -24.7   -19.0   -10.6   1.3     3.3     -1.5    -4.5    
#
2015    01      13.8    8.3     -9.2    -35.5   -31.7   -27.8   -27.6   -23.8   -19.1   -11.0   -0.9    -0.7    -2.1    -1.8    
2015    02      16.7    14.9    5.8     -32.0   -30.0   -29.5   -28.4   -24.8   -19.2   -10.8   -1.5    0.5     -2.3    -4.3    
2015    03      10.6    12.5    8.2     -15.1   -30.1   -31.4   -29.1   -25.1   -19.8   -14.1   -3.2    -0.9    -2.2    -4.5    
2015    04      12.3    12.4    8.7     0.3     -23.1   -31.1   -29.1   -25.8   -21.4   -18.2   -9.9    -2.9    -3.6    -5.2    
2015    05      9.6     11.0    11.0    9.7     0.8     -14.0   -24.9   -28.5   -25.1   -21.7   -15.2   -12.3   -10.0   -8.7    
2015    06      11.5    12.9    12.5    12.7    9.8     7.5     1.1     -12.1   -20.8   -23.0   -19.4   -12.7   -7.8    -6.4    
2015    07      9.1     11.6    15.9    17.0    14.5    12.9    8.4     3.5     -2.3    -11.6   -13.1   -15.8   -14.4   -15.6   
2015    08      13.6    16.2    16.5    16.3    15.6    13.5    13.2    11.2    9.3     4.6     -5.1    -13.4   -8.1    -5.4    
2015    09      17.9    19.5    20.7    18.9    17.1    16.2    15.7    15.1    13.0    10.8    7.5     -2.0    -3.8    -4.4    
2015    10      12.7    13.3    12.1    13.3    12.7    13.2    12.8    11.8    10.5    10.2    9.1     7.0     1.6     -6.6    
2015    11      -5.5    5.9     11.4    12.9    14.2    13.8    12.4    11.2    10.3    9.9     10.8    9.6     4.9     1.7     
2015    12      -22.2   -12.4   2.6     9.6     10.9    8.9     5.9     3.3     2.8     5.5     11.2    9.3     3.6     1.7     
#
2016    01      -23.1   -14.5   -1.5    9.1     10.8    10.0    3.1     -1.7    -0.6    5.1     10.0    2.7     -3.0    -5.1    
2016    02      -20.5   -10.9   4.9     13.5    12.0    9.5     1.6     -6.6    -1.3    4.8     8.7     5.4     1.4     -2.6    
2016    03      -14.8   0.7     9.0     12.3    11.2    2.1     -9.9    -15.5   -1.0    5.7     7.7     5.0     0.7     -1.4    
2016    04      -1.1    6.2     11.3    11.5    9.4     -1.4    -15.2   -22.6   -14.8   -5.4    3.8     0.2     -2.6    -1.3    
2016    05      4.5     6.5     8.8     9.2     10.4    5.3     -4.7    -20.4   -26.1   -18.3   -4.0    2.4     -1.8    -8.3    
2016    06      2.4     4.3     5.7     7.6     9.1     7.0     2.3     -10.0   -22.0   -23.4   -13.8   -7.3    -4.4    -6.1    
2016    07      1.6     3.2     6.1     9.0     9.6     10.5    8.8     2.0     -6.9    -16.2   -18.3   -9.0    -6.4    -9.8    
2016    08      2.5     5.0     8.9     12.3    14.1    15.7    13.9    10.3    2.8     -3.4    -17.9   -11.7   -10.2   -15.3   
2016    09      1.7     3.9     9.5     12.5    14.3    15.2    14.1    12.9    8.7     3.1     -9.6    -11.2   -11.6   -11.4   
2016    10      3.5     7.0     10.1    14.1    15.3    14.2    12.3    11.6    9.9     7.7     -0.6    -7.1    -11.0   -14.9   
2016    11      3.1     11.5    13.7    15.0    17.0    15.7    15.0    13.6    11.4    8.9     2.9     -2.1    -5.4    -12.4   
2016    12      3.2     10.0    14.6    16.9    16.2    17.6    15.9    15.5    14.4    11.3    5.0     0.5     -0.5    -4.9    
#
2017    01      0.2     7.6     11.2    14.2    16.1    17.1    16.9    16.5    15.5    13.2    7.7     1.5     -2.2    -5.5    
2017    02      1.0     7.5     12.3    15.9    16.9    17.7    18.5    17.0    16.6    14.5    9.4     3.6     2.1     -2.1    
2017    03      -16.2   -4.0    7.3     13.1    14.5    15.3    15.5    15.8    14.1    10.7    2.8     1.0     1.1     -0.1    
2017    04      -27.0   -22.9   -14.2   5.2     11.7    13.6    14.1    14.6    13.4    11.8    6.6     5.0     3.0     -1.3    
2017    05      -28.6   -28.0   -26.8   -20.7   -8.5    5.8     11.6    13.6    14.9    14.8    11.4    7.3     3.9     0.3     
2017    06      -30.4   -29.4   -30.0   -28.7   -25.4   -14.5   3.8     11.0    12.6    13.4    13.6    12.6    9.4     2.5     
2017    07      -33.1   -32.9   -30.9   -31.0   -29.4   -25.6   -8.1    5.7     9.9     11.1    12.3    12.7    8.8     7.2     
2017    08      -33.7   -33.8   -33.8   -32.9   -31.8   -25.6   -9.7    2.8     8.7     10.8    9.5     7.6     3.5     -2.6    
2017    09      -33.9   -35.2   -34.7   -34.7   -33.8   -24.7   -9.6    2.7     8.7     10.0    8.7     7.8     6.2     -2.5    
2017    10      -32.7   -32.9   -35.4   -37.5   -33.4   -25.8   -15.3   -3.4    5.2     9.2     11.2    9.1     4.8     0.8     
2017    11      -20.3   -32.8   -35.2   -35.6   -31.4   -27.1   -20.0   -7.5    1.5     8.0     10.0    8.2     3.9     -9.0    
2017    12      1.8     -17.5   -37.9   -32.9   -30.6   -28.1   -21.7   -9.2    -0.3    6.2     8.4     4.9     1.1     -3.5    
#
2018    01      -6.4    -21.3   -38.6   -33.8   -30.9   -29.2   -23.8   -10.3   -0.1    6.4     9.4     5.3     4.2     -2.3    
2018    02      -24.8   -36.1   -35.2   -32.7   -31.6   -27.8   -21.4   -8.4    1.7     8.6     7.6     1.2     -2.1    -2.8    
2018    03      -21.6   -38.7   -37.8   -34.2   -32.1   -28.7   -21.2   -8.8    1.9     7.3     6.9     3.1     1.6     1.1     
2018    04      -8.7    -27.3   -37.3   -34.7   -31.8   -31.4   -27.4   -17.8   -6.3    2.3     6.3     6.2     1.2     -7.9    
2018    05      2.9     -4.8    -30.1   -34.9   -32.4   -31.5   -28.9   -24.8   -18.4   -8.8    2.8     5.0     0.0     -4.7    
2018    06      9.5     7.4     0.4     -31.1   -35.0   -32.9   -30.3   -29.5   -24.7   -17.8   -3.2    0.9     -0.1    -5.4    
2018    07      9.0     7.2     6.8     -8.1    -34.8   -33.0   -31.9   -31.3   -27.7   -23.2   -10.2   -4.0    -1.2    -5.1    
2018    08      11.9    13.4    13.7    6.4     -10.9   -31.0   -33.3   -31.8   -27.7   -22.9   -14.0   -5.4    -3.6    -6.8    
2018    09      16.0    15.6    14.9    13.1    4.7     -10.9   -32.5   -31.7   -27.7   -24.0   -15.3   -9.0    -5.1    -3.2    
2018    10      17.3    16.6    15.4    13.5    11.7    4.4     -10.4   -26.6   -28.7   -25.2   -14.4   -8.2    -5.0    -6.8    
2018    11      23.1    21.6    20.2    18.2    15.6    11.8    5.7     -7.1    -21.5   -26.0   -13.9   -8.2    -7.7    -10.8   
2018    12      20.2    21.5    22.0    20.4    17.8    14.6    10.4    4.5     -8.1    -18.9   -8.0    -4.1    -7.7    -7.7    
#
2019    01      13.1    15.7    15.9    15.7    16.0    14.4    11.1    7.0     -0.6    -11.5   -10.6   -3.7    -3.0    -3.7    
2019    02      11.1    10.4    8.7     7.3     9.0     12.4    9.8     7.1     4.4     1.6     -8.6    -7.5    -5.9    -4.6    
2019    03      12.5    14.3    13.7    14.2    16.9    16.5    14.1    11.3    9.8     7.9     0.8     -1.7    -0.1    -2.0    
2019    04      2.9     8.2     10.4    13.6    15.3    13.6    12.9    12.4    10.4    8.5     3.5     -3.6    -9.8    -10.1   
2019    05      -19.4   -9.8    3.2     14.2    16.6    14.8    12.7    12.9    11.4    10.8    9.6     4.3     -4.1    -10.6   
2019    06      -29.0   -26.1   -16.1   9.0     12.3    12.5    11.6    10.3    9.1     8.9     9.2     6.2     3.3     -5.8    
2019    07      -30.9   -28.1   -15.9   3.5     12.0    11.4    11.7    11.1    10.7    8.7     8.3     7.4     2.1     -3.4    
2019    08      -33.6   -29.3   -17.0   1.1     8.0     10.5    10.7    9.7     7.7     8.3     6.5     6.2     4.4     -2.8    
2019    09      -32.2   -24.0   -10.3   1.3     8.5     9.5     10.0    7.8     5.6     3.8     2.3     1.9     1.2     0.3     
2019    10      -30.5   -26.3   -20.3   -10.2   3.0     7.1     7.9     5.2     3.0     2.3     6.0     4.9     3.1     1.9     
2019    11      -28.9   -25.4   -25.1   -19.2   -3.4    7.3     7.2     3.4     -0.4    2.8     6.8     6.5     1.1     -5.4    
2019    12      -29.1   -27.6   -26.5   -25.0   -9.4    4.8     6.2     0.5     -1.2    4.5     7.2     6.6     4.8     1.1     
#
2020    01      -30.7   -29.1   -30.1   -26.2   -7.9    3.7     2.3     -6.3    -4.6    2.2     6.6     4.1     0.1     -5.0    
2020    02      -32.8   -33.9   -32.3   -22.0   -3.6    2.1     -2.5    -12.0   -7.2    -1.7    2.9     2.3     0.9     -3.3    
2020    03      -34.5   -34.6   -32.8   -15.8   -0.2    0.0     -9.4    -18.1   -13.9   -5.3    5.0     5.1     1.0     -3.7    
2020    04      -31.8   -36.2   -28.9   -7.4    -1.2    -2.8    -15.5   -22.2   -19.9   -15.8   -0.5    1.7     -0.6    -0.6    
2020    05      2.9     -17.8   -16.6   -3.6    1.5     -1.7    -15.8   -26.3   -23.7   -18.9   -7.5    -5.5    -6.3    -8.1    
2020    06      5.4     2.3     -8.2    -0.3    4.6     5.7     -2.6    -17.7   -26.2   -22.6   -14.2   -9.3    -8.6    -10.0   
2020    07      0.9     1.7     -9.3    1.1     5.5     8.8     4.9     -2.4    -11.3   -16.9   -14.9   -15.5   -15.6   -14.1   
2020    08      -3.5    -8.1    -6.8    4.3     8.9     10.4    10.7    8.7     3.1     -2.1    -14.1   -14.4   -11.5   -14.1   
2020    09      -11.3   -13.2   -1.1    8.7     11.0    12.0    12.7    12.0    9.1     6.3     -2.1    -8.3    -9.0    -14.8   
2020    10      -19.8   -13.9   1.6     10.8    11.0    13.5    12.7    12.8    11.6    12.3    9.4     4.0     -0.9    -12.6   
2020    11      -24.2   -22.6   -8.1    6.0     11.7    14.4    14.0    12.9    11.1    10.6    10.0    7.4     -0.1    -6.7    
2020    12      -26.4   -23.7   -16.9   2.2     9.0     10.4    10.8    10.8    11.1    10.8    7.5     4.9     3.6     0.1     
#
2021    01      -30.3   -26.3   -15.5   1.1     7.1     7.2     4.7     4.7     4.1     5.3     3.5     2.4     1.9     -1.6    
2021    02      -29.8   -26.0   -17.0   0.9     8.1     6.5     6.9     7.3     7.1     8.2     5.4     3.4     -1.9    -4.8    
2021    03      -30.6   -29.1   -21.9   -2.3    7.6     7.9     8.5     9.3     9.1     8.2     7.4     3.8     -0.4    -2.2    
2021    04      -31.2   -29.2   -27.8   -17.9   -4.0    6.4     10.5    11.9    12.2    12.8    8.6     6.5     -0.4    -4.0    
2021    05      -33.8   -32.2   -30.0   -26.1   -16.7   -3.7    5.5     8.7     10.7    12.7    9.4     4.9     -1.0    -5.2    
2021    06      -24.4   -35.1   -31.8   -28.6   -25.8   -16.7   -0.6    6.9     10.1    11.5    9.6     7.0     2.2     -0.4    
2021    07      -3.0    -20.8   -35.5   -31.6   -29.7   -23.8   -9.4    3.8     8.1     9.9     8.4     6.1     5.2     1.6     
2021    08      -5.1    -15.8   -31.6   -33.0   -31.9   -23.3   -8.4    1.5     7.7     9.9     9.9     7.3     4.6     -3.1    
2021    09      -3.4    -18.1   -36.2   -35.9   -33.2   -26.8   -13.2   -0.9    5.6     9.7     9.0     6.6     4.4     2.9     
2021    10      -0.5    -7.9    -32.7   -36.8   -33.9   -28.3   -18.8   -4.4    4.7     10.3    10.4    11.1    8.4     4.2     
2021    11      11.1    0.0     -22.2   -35.1   -32.0   -27.9   -22.7   -13.0   -3.1    3.9     6.5     6.2     3.4     0.9     
2021    12      16.8    10.0    -7.2    -30.8   -28.9   -27.0   -22.8   -17.4   -7.2    0.3     7.4     5.3     -0.9    -3.2    
#
2022    01      8.6     5.9     -6.3    -33.1   -31.7   -29.3   -25.2   -19.8   -10.6   -4.5    3.3     5.1     4.5     -1.8    
2022    02      17.5    13.5    5.7     -27.1   -33.4   -29.2   -24.7   -18.8   -10.9   -4.1    2.8     6.5     5.5     0.8     
2022    03      15.7    12.6    6.6     -26.2   -33.5   -29.8   -25.9   -21.6   -14.1   -5.2    3.1     3.3     3.8     1.6     
2022    04      14.8    12.0    8.8     -12.2   -33.6   -29.5   -26.6   -24.1   -20.1   -12.6   -0.8    3.7     2.1     -1.1    
2022    05      6.7     9.7     11.4    7.9     -12.3   -28.1   -30.2   -27.5   -23.0   -19.4   -7.6    -1.4    -3.9    -8.4    
2022    06      6.7     10.6    13.2    12.8    6.9     0.5     -16.6   -27.3   -27.8   -23.1   -13.7   -8.2    -6.6    -10.9   
2022    07      5.0     11.4    14.3    14.2    12.9    9.9     2.3     -10.2   -23.7   -25.6   -20.1   -14.3   -10.1   -10.6   
2022    08      8.9     13.9    14.8    14.7    14.1    12.9    9.9     3.7     -2.7    -10.3   -21.1   -15.7   -12.4   -15.1   
2022    09      13.4    14.7    15.2    17.2    17.0    16.6    14.4    11.4    7.8     4.1     -10.4   -12.4   -8.0    -4.8    
2022    10      17.7    17.8    18.2    17.7    15.8    15.1    14.3    13.8    12.3    10.7    4.2     -4.3    -7.3    -10.1   
2022    11      15.7    16.9    18.2    17.6    15.2    14.7    13.4    13.0    12.2    12.5    8.3     2.4     -0.4    -10.2   
2022    12      8.2     10.5    12.2    12.4    12.4    13.7    13.2    11.0    10.1    10.7    8.2     4.7     2.3     -6.4    
#
2023    01      -0.8    0.4     4.6     9.5     11.7    12.8    11.0    10.1    9.9     8.7     5.3     2.6     3.3     -2.4    
2023    02      -10.2   -0.1    5.4     9.5     10.4    9.6     7.7     8.7     9.1     7.7     2.7     0.7     2.6     1.9     
2023    03      -18.8   -5.4    5.3     11.7    13.0    11.6    12.2    13.7    12.8    12.1    8.2     0.3     -1.4    -4.7    
2023    04      -24.3   -23.3   -11.9   9.5     14.7    15.0    15.9    16.1    15.3    14.0    10.5    2.8     -0.4    -1.0    
2023    05      -29.8   -30.1   -27.2   -13.2   4.7     10.9    12.5    13.2    12.3    12.1    10.2    5.9     -1.6    -8.7    
2023    06      -32.6   -31.6   -29.7   -27.1   -15.7   0.7     8.9     12.0    12.6    14.3    14.0    11.7    5.5     0.3     
2023    07      -33.5   -33.0   -31.4   -29.8   -25.0   -14.1   2.4     8.5     9.9     10.9    11.9    13.2    11.4    9.0     
2023    08      -34.8   -33.0   -33.0   -30.5   -27.1   -17.1   -2.0    3.7     7.2     8.4     8.7     8.5     8.4     5.1     
2023    09      -33.1   -33.4   -33.3   -33.3   -29.5   -23.2   -10.2   -0.7    4.4     7.3     10.6    11.5    10.8    6.2     
2023    10      -33.3   -33.1   -34.7   -33.0   -30.9   -25.8   -17.3   -8.9    0.7     6.7     8.4     9.4     7.6     4.9     
2023    11      -12.9   -32.1   -35.8   -33.2   -30.2   -26.6   -24.5   -18.8   -10.7   -0.8    6.3     8.7     6.1     1.3     
2023    12      -99.9   -99.9   -99.9   -99.9   -99.9   -99.9   -99.9   -99.9   -99.9   -99.9   -99.9   -99.9   -99.9   -99.9   
