sing20191024.00
TTAA 74001 48698
99007 26812 34004 00089 26020 02503 92776 22827 14011
85509 18856 12007 70152 08821 13508 50586 06327 07517
40758 13761 03018 30971 29957 34002 25098 40757 04510
20245 53550 05514 15424 67961 04024 10658 82550 02515
88999
77999=
TTCC 74001 48698
70862 72967 26011 50061 68774 16005 30375 56186 31509
20634 54786 10030 10087 40591 08061
88931 85150 04013
77072 09081 42324=
TTDD 7400/ 48698
11931 85150 22916 83758 33902 76361 44891 75361 55808
77161 66726 72168 77606 73568 88579 69374 99521 67775
11470 69175 22436 62382 33420 64180 44344 63381 55289
55586 66277 56785 77209 53587 88179 56186 99153 49388
11137 49988 22111 45789 33101 40591 44092 40791 55085
35993 66064 32794 77059 29195
21212 11975 01016 22929 04513 33922 06010 44904 17503
55885 25510 66835 26523 77775 30015 88763 30010 99753
28007 11734 25010 22672 26511 33652 29518 44635 29512
55603 26015 66580 21010 77533 00000 88451 19010 99437
24010 11421 26010 22410 24513 33389 27519 44357 26028
55333 28028 66323 30529 77304 30011 88300 31509 99294
35510 11281 23510 22276 23015 33256 29013 44243 29011
55240 28010 66228 20501 77219 10510 88212 12015 99197
09032 11192 07532 22178 08034 33171 10540 44159 11536
55150 07543 66121 08059 77116 08054 88108 08070 99097
08556 11084 10568 22072 09081 33059 11046=
