sing20191030.12
TTAA 80121 48698
99005 28235 26003 00069 27639 21502 92758 23447 16512
85493 18640 18010 70134 08804 20002 50586 03731 28507
40759 14963 06511 30970 30341 07018 25097 40536 05022
20245 53734 09526 15423 69156 07545 10660 80147 26025
88999
77999=
TTCC 80121 48698
70861 72767 03002 50062 72370 30521 30373 58983 30527
20631 55985 08523 10088 41391 09563
88863 82350 24506 88472 73969 28012
77075 09078 413//=
TTDD 8012/ 48698
11863 82350 22727 78361 33697 72168 44648 67976 55472
73969 66434 72572 77405 63782 88297 58383 99278 59583
11258 52987 22238 52787 33190 57384 44171 49988 55144
46589 66134 47789 77083 37392 88077 39392 99074 35393
21212 11887 28012 22878 27010 33841 18010 44815 19013
55799 17010 66765 17010 77757 16510 88699 03002 99649
29010 11622 28027 22587 29530 33500 30521 44465 28010
55438 22501 66419 16010 77401 17013 88394 17510 99378
27001 11365 33010 22339 27015 33328 26521 44290 31034
55279 32027 66264 05521 77256 10514 88251 13016 99233
17020 11219 17525 22212 16521 33204 10521 44198 08024
55185 07522 66178 06533 77169 09533 88164 08532 99156
11541 11144 09548 22135 08036 33113 09560 44094 08563
55075 09078 66074 09076=
