sing20191002.12
TTAA 52121 48698
99010 23619 04004 00111 22827 06005 92793 21014 10511
85522 16826 11506 70159 08623 05509 50587 05516 14015
40759 15519 11519 30970 30931 06513 25096 41335 09020
20243 54949 08520 15420 70556 07531 10658 74962 16013
88137 73159 07544
77999=
TTCC 52127 48698
70865 75364 28017
88999
77999=
TTDD 5212/ 48698
11909 78159 22789 71768 33660 76163
21212 11918 14516 22893 12519 33875 12014 44859 08513
55846 09010 66817 18502 77804 26010 88733 28525 99683
27519 11660 25015=
