sing20191008.00
TTAA 58001 48698
99009 26210 35503 00099 25819 06502 92784 21628 07504
85514 17629 12502 70152 08025 08513 50587 05159 07516
40759 15168 10012 30970 30958 08517 25097 41365 09016
20244 53365 08516 15422 68958 07528 10657 74962 12509
88116 78750 07036
77999=
TTCC 58001 48698
70862 73167 07518 50064 70771 24014 30375 61380 33529
20630 53784 04026 10082 47789 08559
88843 78958 23014
66066 09593 420//=
TTDD 5800/ 48698
11843 78958 22738 76961 33665 71770 44642 65977 55595
65376 66493 71172 77403 63379 88366 65177 99301 61380
11277 64777 22251 64578 33227 50387 44191 56182 55170
51187 66157 53784 77151 48988 88145 50587 99121 45589
11103 48389 22088 41591 33066 38592
21212 11957 23010 22937 26013 33906 27016 44851 23516
55830 23510 66804 00000 77780 04510 88750 07018 99719
07021 11702 07019 22684 11017 33660 11014 44644 16512
55620 19510 66610 22008 77603 24010 88575 26013 99537
26511 11513 24011 22475 24019 33461 22514 44440 26513
55422 22518 66417 22518 77407 26020 88369 24530 99331
24522 11320 27517 22303 33027 33295 34031 44280 35029
55270 33523 66254 34010 77245 00501 88232 14511 99224
16025 11213 09516 22207 06019 33200 04525 44189 06030
55171 14031 66165 14037 77157 13531 88150 06017 99149
05017 11146 04519 22140 08025 33129 10034 44111 08044
55095 10070 66089 11062 77066 09593=
