sing20191010.12
TTAA 60121 48698
99008 29656 34505 00091 28656 34504 92780 22822 13004
85512 18443 13009 70153 09440 08005 50587 05350 09512
40759 15568 08516 30970 30563 08519 25097 40958 05528
20244 53342 08539 15423 67159 08546 10659 77159 13511
88118 77757 08553
77999=
TTCC 60121 48698
70865 73566 27509 50063 70573 30504 30373 62982 27020
20630 56184 04511 10084 42391 08555
88358 67576 27026
77062 08590 409//=
TTDD 6012/ 48698
11905 79158 22764 72966 33676 74166 44664 71568 55600
73768 66575 69374 77511 72170 88481 70373 99428 60582
11358 67576 22336 67776 33312 66978 44276 57583 55227
54185 66194 56784 77178 51787 88167 52986 99147 47989
11132 51187 22121 44990 33110 42191 44104 44190 55091
37192 66074 31794 77056 30595
21212 11992 14010 22868 34010 33845 33510 44809 00510
55782 00000 66684 29510 77664 31519 88645 30016 99592
32016 11546 30012 22523 29510 33502 32503 44471 01010
55458 32515 66419 26024 77368 26026 88336 27533 99315
29023 11297 26520 22291 23516 33277 24519 44267 23518
55255 26020 66238 26023 77233 26016 88212 00507 99206
05010 11197 03512 22190 07517 33185 11520 44184 12520
55182 13015 66169 06012 77167 06014 88161 09028 99157
08536 11144 10526 22128 08535 33122 09052 44107 07057
55089 10058 66080 10568 77073 08581 88062 08590 99056
09068=
