sing20191002.00
TTAA 52001 48698
99010 27219 01503 00107 26426 04002 92793 22856 15012
85526 18036 17510 70162 08013 10009 50587 06126 08522
40759 15750 08028 30969 30957 09017 25096 42357 09033
20242 55745 07529 15419 70740 07545 10655 76560 22013
88135 74957 08059 88101 76560 23517
77132 08565 42359=
TTCC 52001 48698
70863 74564 25024 50062 68574 15510 30373 59381 29008
20626 56784 11023 10073 47189 11066
88999
77078 08579 41517=
TTDD 5200/ 48698
11890 77759 22803 69770 33701 74564 44409 64378 55356
66976 66318 64379 77303 59182 88226 62179 99186 53185
11148 57583 22139 53387 33108 46989 44094 47789 55080
45789 66073 41991 77066 32194 88055 25197
21212 11971 16012 22913 11016 33878 10018 44836 16511
55827 20509 66820 23511 77807 25017 88736 25534 99654
23512 11645 22510 22603 17001 33591 07010 44567 06524
55560 07527 66556 08526 77532 15515 88516 17515 99504
15010 11481 21007 22459 24510 33434 24016 44427 25513
55418 30509 66415 31010 77400 29520 88367 32030 99330
32528 11318 34014 22312 30012 33305 30510 44300 29008
55296 26011 66271 26520 77262 29523 88247 31023 99219
02521 11212 06017 22205 07521 33196 13030 44193 14527
55180 17029 66166 15517 77153 13533 88141 09041 99135
08040 11129 07563 22126 08069 33114 10564 44101 11065
55093 09563 66078 08579 77055 07560=
