sing20191007.12
TTAA 57121 48698
99008 27832 26503 00097 27034 14504 92783 21818 10507
85514 17214 09007 70151 08833 08510 50587 05914 04010
40758 15560 08015 30970 29757 10517 25097 40357 10017
20245 53345 09515 15423 69340 11017 10658 72764 11009
88112 81138 05524
77999=
TTCC 57122 48698
70864 78959 04517 50064 66574 24010 30377 60978 28024
20630 59979 13515
88734 79758 03522
77999=
TTDD 5712/ 48698
11734 79758 22687 79559 33656 73765 44622 72768 55593
65177 66573 63378 77502 66774 88477 67174 99460 64377
11413 67774 22391 63378 33366 64776 44249 57580 55223
61178 66196 59779
21212 11968 20011 22920 25011 33882 25010 44848 00000
55814 03010 66753 02525 77714 05016 88679 05013 99661
08507 11579 21510 22569 24013 33547 25511 44519 21010
55506 24511 66468 22505 77448 23514 88407 20516 99400
21013 11390 24516 22367 24011 33333 23531 44285 30021
55267 30018 66256 34017 77247 34021 88231 02023 99223
01521 11216 04515 22207 12514 33196 15012=
