USSR01 WSSS 190000
TTAA  69001 48698
99008 26034 34002 00102 25221 31006 92792 22426 26506
85524 18227 25004 70156 09430 15506 50588 05926 08016
40759 15157 13008 30970 31160 09518 25097 41360 07023
20244 54158 08027 15422 69156 06025 10657 82557 09008
88999
77999
31313 73508 82331=



UKSR01 WSSS 190000
TTBB  69008 48698
00008 26034 11980 25009 22933 23242 33741 10402 44680 08233
55595 02256 66570 00130 77560 01317 88552 01747 99541 02156
11538 02347 22526 03357 33519 04128 44431 13126 55401 15156
66354 21562 77346 22959 88342 23362 99271 37159 11266 37562
22245 42758 33184 58557 44177 60161 55151 68756 66128 74360
77100 82557
21212 00008 34002 11964 25004 22950 23504 33917 27504 44905
27004 55891 23004 66842 25004 77810 16002 88789 17004 99785
14502 11778 13504 22738 21006 33710 16506 44698 16506 55683
13508 66617 11508 77578 06012 88548 09008 99538 08010 11517
09512 22489 07514 33436 13512 44419 10510 55399 13510 66375
14512 77321 12014 88303 09518 99260 06523 11233 09027 22167
05525 33135 07519 44118 15518 55111 15516 66103 13008 77100
09008
31313 73508 82331
41414 11432=



ULSR01 WSSS 190000
TTCC  69001 48698
70863 72166 12006 50064 65174 09547 30383 52379 13504
20645 51580 26531 10105 40584 26014
88992 82957 07010 88264 54377 11006 88082 43381 20006
77355 09060 41354
31313 73508 82331=



UESR01 WSSS 190000
TTDD  6900/ 48698
11992 82957 22971 80160 33875 79357 44848 74961 55749 71965
66666 73566 77621 72367 88576 65972 99458 65374 11371 62976
22362 62576 33358 62176 44353 57181 55344 54582 66297 50381
77264 54377 88240 54578 99226 51382 11185 51180 22159 49781
33145 45585 44121 44582 55099 40384 66091 39184 77082 43381
88060 39385 99054 34587
21212 11962 03518 22920 03527 33814 08508 44784 15004 55777
14004 66752 06006 77723 05504 88686 14508 99652 12518 11617
12525 22583 09531 33525 09547 44449 08541 55355 09060 66306
10006 77290 18504 88269 09006 99246 19510 11235 20510 22225
24516 33212 26035 44176 26029 55160 28018 66150 26016 77144
31010 88124 28021 99118 27519 11113 24016 22099 26014 33093
33010 44088 27506 55086 30506 66083 26004 77082 20006 88081
21008 99080 19010 11073 19019 22066 17508 33064 07504 44063
04008 55060 05510 66059 07012 77054 07029
31313 73508 82331=
