sing20220306.12
TTAA  56111 48698
99005 28650 20505 00079 28044 16004 92767 22002 08002
85500 18021 15502 70149 12458 24010 50587 05710 23504
40759 15912 15010 30971 30144 11514 25098 40544 11523
20245 53359 10525 15423 68956 09041 10659 76962 28527
88999
77128 10560 42459=
TTCC  56111 48698
70862 77960 20506 50059 71567 04510 30366 62578 08058
20622 47587 09051 10089 42188 29525
88814 82559 26518
77223 09072 40737=
TTDD  5611/ 48698
11814 82559 22697 77960 33653 71964 44534 73565 55462 68970
66402 69970 77307 62778 88259 61578 99232 57978 11216 51386
22190 43788 33164 44588 44137 43188 55132 40789 66111 44188
77091 41589 88079 37590 99076 35790 11039 39189
21212 11892 26029 22816 26518 33739 22508 44706 22004 55677
13504 66663 04004 77649 36010 88593 33006 99585 31004 11583
27002 22579 22504 33544 20502 44542 17502 55539 03002 66516
01510 77497 05510 88450 09025 99410 10533 11301 08558 22223
09072 33199 08549 44186 10516 55175 19012 66150 29004 77146
34502 88145 02002 99144 09502 11143 07504 22138 12504 33135
22502 44123 25527 55107 27021 66093 32514 77088 29012 88082
32008 99081 31508 11079 22504 22075 15506 33071 17516 44068
16006 55066 10004 66065 11506 77064 08508 88062 08008 99058
18008 11051 19004 22049 05004 33047 05004 44044 08004 55043
04508 66042 03012 77039 03516=
