sing20220326.00
TTAA  76001 48698
99009 27028 08003 00117 26626 02006 92799 23650 35504
85534 18635 27010 70181 10059 01506 50590 05940 07008
40761 16558 14019 30972 30768 09019 25098 41360 10531
20246 54157 10045 15423 68162 10051 10661 78968 12512
88999
77999=
TTCC  76001 48698
70861 77765 21506 50060 72781 08010 30370 59184 09560
20627 47387 09049 10087 42788 35512
88866 84362 25502
77218 08572 41445=
TTDD  7600/ 48698
11866 84362 22815 79564 33732 80762 44711 80163 55675 69970
66646 67571 77577 72181 88505 72581 99447 68981 11420 70181
22365 63183 33338 63183 44318 59784 55249 59384 66239 58784
77219 51986 88190 45188 99176 44788 11153 50186 22128 49187
33114 44788 44104 42788 55096 44588 66092 44988 77084 39589
88073 37990 99070 34791 11069 33191 22061 31991
21212 11958 13514 22888 13004 33878 17002 44871 24502 55850
33502 66831 32506 77803 28012 88736 25012 99703 21508 11692
22006 22677 28008 33633 33012 44577 26012 55550 28508 66520
27504 77515 31502 88511 04002 99506 06504 11493 09014 22437
08537 33364 10549 44218 08572 55194 09041 66162 01016 77144
07002 88138 02010 99118 01512 11107 15006 22105 12002 33104
06002 44102 01006 55099 35514 66086 36019 77081 32514 88077
31008 99076 33008 11075 32008 22071 36008 33070 34504 44068
21004 55065 23006 66062 18508 77061 18508=
