sing20220330.00
TTAA  80001 48698
99007 26827 09001 00098 26621 01002 92783 24057 35510
85520 20257 30508 70160 09056 30508 50588 06756 29010
40759 17549 09506 30968 32111 10025 25095 40962 09033
20242 53759 09545 15420 69158 09549 10657 78764 24018
88999
77999=
TTCC  80001 48698
70859 81763 28512 50055 69176 07531 30367 57584 09062
20626 48187 06533 10089 42188 24529
88754 82761 26029
77266 09064 40205=
TTDD  8000/ 48698
11754 82761 22674 81362 33653 77365 44586 75165 55555 70571
66480 66781 77412 69781 88390 64583 99304 57784 11270 58784
22248 53785 33207 48787 44179 49786 55160 45987 66136 43588
77119 44588 88089 40989 99082 36990 11080 34990 22067 36990
21212 11960 26527 22908 27539 33759 26031 44689 30008 55670
03004 66647 05006 77629 01008 88581 04508 99477 10043 11438
08543 22334 10556 33266 09064 44241 09564 55221 10060 66174
05514 77169 01010 88160 35027 99154 34031 11134 29006 22127
32510 33123 32012 44117 28514 55104 25027 66088 23021 77079
28539 88073 29529 99067 26019=
