sing20220303.00
TTAA  53001 48698
99008 26029 03002 00109 25422 33508 92787 21218 36019
85519 18648 31010 70157 08423 31514 50588 05330 24004
40760 15357 21504 30971 30562 08512 25098 40559 10025
20246 53759 10531 15424 68345 10554 10658 78960 06518
88102 80758 07025
77128 11060 40738=
TTCC  53001 48698
70864 74169 28010 50060 72174 13510 30370 59584 08564
20629 48587 09047 10089 46787 28035
88110 47387 25543
77264 09580 42418=
TTDD  5300/ 48698
11926 78161 22904 74765 33783 76366 44733 73369 55670 75570
66602 73772 77561 75773 88531 72175 99480 73175 11439 68382
22362 62583 33340 63783 44270 56185 55257 56785 66196 47787
77163 48987 88125 43988 99110 47387 11094 47387 22084 44588
33072 45188 44066 44788 55060 39589
21212 11948 08510 22936 10508 33907 20010 44893 22014 55841
23525 66723 28514 77687 27008 88628 34018 99586 35025 11544
00512 22516 12508 33508 13510 44482 11016 55459 12018 66439
10025 77344 10058 88318 08558 99264 09580 11213 08062 22185
10521 33171 18512 44153 22512 55145 17010 66138 25023 77117
24543 88082 30021 99070 27012 11065 29502 22064 02502 33063
05506 44060 06010=
