sing20220322.00
TTAA  72001 48698
99008 28229 27501 00107 27821 16502 92796 23435 17002
85531 19045 22508 70169 09859 26512 50587 06512 25512
40759 16319 07510 30968 31746 10035 25095 41350 08553
20243 52968 07554 15423 67565 09545 10656 81559 08045
88105 82757 07054
77999=
TTCC  72001 48698
70860 75969 33019 50058 70381 13514 30365 61583 09568
20624 44988 07045 10084 45588 27535
88149 48787 24019
77228 09576 40244=
TTDD  7200/ 48698
11984 81359 22971 77163 33856 78963 44673 73171 55598 76375
66576 76775 77540 69179 88478 71581 99439 71381 11424 67782
22364 68382 33341 64183 44252 59784 55234 56984 66208 47187
77202 44988 88180 44188 99149 48787 11131 46987 22124 48387
33116 47987 44111 44388 55104 45588 66070 40589
21212 11905 09502 22897 15002 33892 23502 44887 24504 55853
26019 66797 31519 77735 34021 88688 32018 99665 28516 11624
25019 22592 24527 33546 22504 44543 16502 55536 13008 66512
15014 77490 12018 88453 10039 99338 08562 11312 09566 22228
09576 33187 05033 44168 06012 55158 19510 66150 23518 77138
22521 88120 27023 99105 26533 11077 30527 22070 28523=
