sing20220302.00
TTAA  52001 48698
99009 26226 03505 00108 25619 36010 92790 22034 01516
85524 18025 28010 70163 09040 32006 50588 05556 10006
40760 15359 13014 30970 30761 11514 25097 40959 09527
20244 53564 10041 15423 68757 11060 10658 79162 06523
88999
77131 10068 41127=
TTCC  52001 48698
70861 77372 22006 50059 70381 02018 30369 60584 08568
20627 47787 08547 10090 41589 26529
88933 81362 06514
77272 08076 42010=
TTDD  5200/ 48698
11933 81362 22862 81362 33826 76966 44671 77371 55644 76972
66625 72775 77535 68582 88503 70581 99437 68981 11407 64583
22349 64783 33218 53385 44202 48387 55193 46587 66146 48387
77107 42388 88086 42788 99070 37990
21212 11888 07016 22826 14504 33819 25502 44815 27504 55799
29006 66773 25506 77724 22008 88653 25502 99641 20002 11611
18516 22570 19508 33539 34006 44532 36010 55498 02016 66464
09010 77442 07514 88420 09527 99398 08541 11364 10545 22272
08076 33215 09072 44193 08531 55165 10016 66150 23019 77125
29021 88118 26012 99110 28014 11102 26529 22087 26537 33076
27529 44070 25021=
