sing20220331.00
TTAA  81001 48698
99008 27427 07504 00106 26618 01504 92789 22617 34006
85522 18215 31008 70161 08634 07502 50588 06350 33506
40760 15359 10514 30972 30760 12025 25098 41565 09525
20245 53763 10027 15423 68558 07537 10660 80163 24016
88999
77999=
TTCC  81001 48698
70861 75366 15010 50056 71974 06519 30367 61783 09062
20625 50386 08549 10087 48387 28035
88833 82361 26025 88119 46787 25047
77265 08566 40909=
TTDD  8100/ 48698
11833 82361 22740 79963 33694 73967 44592 77169 55543 76171
66507 71375 77464 70179 88441 68582 99435 65582 11337 60783
22304 62783 33195 48787 44178 48187 55168 44788 66149 43788
77136 44588 88133 45588 99130 43988 11129 41989 22119 46787
33107 45787 44101 47987 55091 47787 66083 42188 77062 33191
88058 33191
21212 11898 28518 22841 26025 33727 32002 44725 00502 55723
08002 66722 10502 77714 12506 88672 18010 99631 15004 11615
08004 22602 07504 33590 13002 44550 13506 55532 04004 66479
09525 77449 08533 88424 11049 99265 08566 11252 08566 22195
09041 33173 14006 44172 13002 55170 29502 66169 31006 77145
27027 88123 25045 99104 27535 11085 26029 22069 29025 33064
23019 44058 22023=
