sing20220304.00
TTAA  54001 48698
99008 26427 33003 00109 25420 31510 92789 21824 34016
85521 17209 31516 70161 10450 34010 50588 05557 06506
40759 15366 10012 30971 29564 08525 25098 40758 10021
20245 53934 10031 15423 69159 10041 10657 76162 12010
88116 80534 10053
77999=
TTCC  54001 48698
70863 76968 27008 50059 70581 13512 30369 60983 09062
20628 50986 09062 10087 43788 24512
88999
77254 08578 41607=
TTDD  5400/ 48698
11720 78766 22654 74372 33613 75772 44529 70381 55427 70181
66405 68782 77397 65782 88371 65982 99298 61183 11241 52386
22216 53385 33174 46387 44164 45188 55151 48187 66122 48587
77083 40589 88068 39989 99058 36790
21212 11989 14506 22971 25006 33920 28527 44731 30512 55687
28506 66683 30004 77671 03006 88647 09510 99589 16512 11525
17010 22509 14008 33483 14021 44452 08519 55343 08556 66254
08578 77209 08570 88180 06519 99173 34514 11162 31025 22148
31025 33140 28527 44119 25521 55110 28521 66102 25016 77090
27008 88085 24008 99083 29008 11074 29506 22071 35506 33070
33010 44068 36008 55067 04008 66066 06012 77063 03516 88058
06016=
