sing20220315.00
TTAA  65001 48698
99005 26832 07005 00078 26426 35506 92765 22826 34506
85498 18627 25006 70141 09422 11510 50586 06109 09021
40758 13761 10012 30970 29764 13029 25098 40335 11023
20245 52163 11537 15426 67158 11543 10659 84956 15012
88999
77999=
TTCC  65001 48698
70859 73765 12006 50057 71781 08506 30369 58984 09547
20626 52386 09560 10082 44788 27547
88952 86349 16510 88118 51586 26521
77205 09566 40763=
TTDD  6500/ 48698
11952 86349 22903 80560 33873 78760 44777 84159 55759 84959
66694 72366 77640 74168 88575 71375 99513 73980 11489 69181
22394 65782 33382 61983 44331 62583 55291 57984 66228 57384
77211 56185 88205 55985 99200 52386 11173 48187 22160 48787
33156 46787 44135 46987 55118 51586 66110 49786 77106 49187
88103 46987 99094 42988 11072 41989 22060 38190
21212 11902 18506 22894 20504 33884 31004 44875 33008 55767
36021 66698 13004 77689 22504 88677 25508 99633 24006 11615
31006 22519 01010 33511 03008 44500 08506 55492 10508 66446
13027 77428 10533 88382 09047 99308 09547 11279 09560 22205
09566 33185 07021 44172 36008 55167 29012 66160 26525 77145
28541 88132 27547 99119 27025 11108 27047 22101 27047 33095
28027 44084 27033 55076 27525 66072 28031 77067 28019 88060
26539=
