sing20200901.12
TTAA 51121 48698
99005 29041 29004 00068 28445 13006 92756 22411 15012
85490 18829 15511 70133 09621 08002 50586 05704 17507
40758 14733 06523 30970 28757 08524 25098 39550 07027
20246 51959 06539 15426 67956 07547 10661 78958 06553
88117 78756 08072
77120 07575 42231=
TTCC 51121 48698
70866 66175 09010 50069 62178 06004 30385 58180 24024
20645 54981 26523 10098 43389 11008
88845 81357 09551
77999=
TTDD 5112/ 48698
11959 75960 22845 81357 33784 79360 44756 72565 55694
65375 66581 70770 77494 61978 88412 64576 99388 60579
11350 62777 22284 54182 33262 56181 44227 52783 55199
54981 66170 50385 77145 52183 88122 49785 99120 50185
11108 44988 22090 41790 33081 44388 44066 40391 55057
42190 66045 35993 77041 36193
21212 11959 08559 22939 09058 33762 09047 44742 10039
55704 09515 66678 01001 77621 35510 88599 34013 99556
35518 11538 00517 22524 02014 33511 06010 44493 31001
55466 24010 66446 23521 77393 29026 88380 29028 99357
29026 11340 26507 22329 25014 33310 26022 44300 24024
55285 26531 66259 27537 77240 29529 88209 26028 99192
28524 11168 27011 22163 31507 33156 34012 44151 02017
55145 03017 66142 05525 77130 07032 88122 08026 99112
12517 11104 10520 22101 10511 33098 17003 44091 22010
55088 20516 66087 20015 77086 20010 88077 32002 99075
05010 11074 06019 22071 05513 33070 04012 44069 02014
55064 04534 66061 03533 77057 06540 88050 09029 99042
13543 11041 13539=
