sing20200926.00
TTAA 76001 48698
99009 26005 31504 00104 25624 22007 92787 20809 20510
85517 17423 25008 70153 08813 04013 50587 05946 08511
40759 15714 08008 30970 30359 08525 25097 40759 09542
20244 53357 09551 15423 68749 08552 10658 81350 07528
88999
77140 08065 42128=
TTCC 76001 48698
70865 63975 20511 50068 68573 32006 30387 54982 27042
20643 55582 25517 10099 37592 12025
88966 82750 08037 88567 69771 25019
77999=
TTDD 7600/ 48698
11966 82750 22946 76359 33935 75759 44818 79557 55777
75765 66767 67572 77756 63577 88567 69771 99454 67374
11398 60579 22390 56782 33367 55582 44342 56981 55323
53383 66222 59180 77189 53384 88143 53183 99111 42790
11107 38792 22098 37592 33067 35793
21212 11905 06540 22788 07542 33728 14016 44712 17510
55689 24014 66660 26519 77604 26527 88574 24521 99539
30018 11518 32022 22495 00000 33437 33510 44430 34512
55425 00510 66397 36001 77388 30010 88369 28023 99339
26516 11297 27042 22263 26541 33229 28035 44214 27013
55200 25517 66186 26021 77168 26515 88158 31507 99155
33511 11150 02514 22141 06020 33135 04011 44133 06009
55132 07512 66127 04516 77114 08048 88103 12018 99100
11526 11097 13522 22092 11520 33088 13010 44085 24004
55080 32510 66067 32508=
