sing20200912.00
TTAA 62001 48698
99009 27824 30004 00101 27031 15002 92787 22237 15512
85518 17619 16507 70155 08200 10012 50588 05119 09019
40760 14533 07524 30972 29758 06516 25099 40161 07013
20247 53160 08531 15426 68349 08036 10660 79756 08029
88119 79150 07538
77999=
TTCC 62001 48698
70868 70569 05012 50069 67573 31508 30385 58579 29025
20643 53981 22019 10099 42588 10520
88955 81156 06529
77999=
TTDD 6200/ 48698
11955 81156 22905 79958 33883 72763 44847 68771 55756
73166 66739 70369 77634 72368 88615 67972 99592 69171
11572 66774 22497 67573 33475 63376 44432 64176 55392
59178 66369 61577 77299 58579 88278 60378 99252 54981
11220 52382 22176 54781 33135 44786 44120 48584 55085
40190 66072 44187 77061 38791
21212 11935 06032 22895 07042 33796 09002 44751 13010
55736 12512 66709 05510 77672 02015 88645 02024 99599
01520 11589 02511 22577 14001 33561 23510 44536 24020
55513 26011 66489 02012 77459 07010 88424 03004 99409
28513 11395 28030 22373 27524 33361 25522 44329 28531
55252 30519 66246 30017 77234 26009 88187 21518 99181
22023 11171 22513 22152 16502 33148 10011 44142 09520
55135 12026 66117 10027 77110 10545 88106 10524 99101
11022 11097 09014 22095 09017 33091 03518 44076 02529
55072 03022 66069 06519 77067 05512 88061 06519=
