sing20200918.12
TTAA 68121 48698
99004 30250 25505 00044 29657 15507 92746 23009 14510
85481 18425 17008 70124 09634 29021 50585 03556 25505
40758 15150 08520 30971 28560 09030 25098 39738 08009
20247 51733 03524 15427 66550 03055 10663 81548 06562
88999
77116 05088 439//=
TTCC 68121 48698
70865 77561 09042 50068 68372 26020 30384 61578 28025
20641 48386 18008 10100 42589 08034
88968 82544 07052 88765 80357 08521
77999=
TTDD 6812/ 48698
11968 82544 22921 75359 33765 80357 44697 77561 55677
74766 66661 65776 77629 62778 88531 68172 99494 68773
11477 65176 22412 63576 33372 58580 44323 61778 55285
58380 66251 59579 77227 56781 88211 49585 99192 47586
11155 50384 22115 47186 33108 40991 44095 43789 55048
35193
21212 11889 08526 22828 07510 33739 07535 44681 09044
55651 11514 66640 15009 77631 17010 88607 19015 99569
17016 11562 18012 22548 22511 33507 26019 44489 24518
55472 27518 66423 30521 77399 29524 88373 26026 99344
27530 11326 26530 22301 28025 33274 32020 44266 29519
55257 30518 66242 27521 77223 29521 88217 30015 99211
26007 11197 17510 22192 17014 33176 20017 44168 19018
55157 21522 66151 21510 77147 12001 88142 35510 99138
35016 11134 02517 22131 02013 33120 05520 44117 04026
55112 08035 66102 08036 77091 08530 88086 10026 99083
12521 11077 12518 22071 15017 33066 15010 44061 00000
55053 08010 66051 08516 77048 12017=
