sing20200904.12
TTAA 54121 48698
99006 26816 05508 00072 26022 00506 92758 22013 18003
85491 18431 18007 70133 09633 14020 50586 04337 11523
40758 14550 10525 30971 29158 10030 25098 39961 08027
20246 51565 07541 15427 66144 08042 10661 83750 08574
88999
77999=
TTCC 54121 48698
70866 71568 10507 50067 65375 23504 30385 58979 26530
20642 52183 23513 10097 44988 03514
88965 84556 08578 88342 62777 26040
77971 08578 43339=
TTDD 5412/ 48698
11965 84556 22932 79358 33900 78759 44731 70968 55692
71968 66569 70171 77559 65775 88524 66174 99463 64976
11430 56381 22342 62777 33307 58180 44257 59779 55226
56381 66218 52784 77150 46786 88128 51583 99113 49985
11104 45188 22086 44788 33074 39192 44061 37992 55051
38592
21212 11971 08578 22897 11560 33784 06537 44760 07034
55707 10010 66681 12002 77615 22010 88560 32012 99490
23510 11461 00000 22446 27511 33426 27032 44389 26048
55309 26031 66272 28026 77256 27531 88237 27018 99228
23510 11225 22509 22215 24018 33207 22018 44186 23018
55178 26024 66165 27513 77159 27010 88155 22503 99151
20010 11147 20016 22141 19512 33139 20010 44135 29501
55128 02010 66121 03522 77113 07530 88110 07025 99105
03017 11100 03514 22096 07508 33095 08010 44089 08517
55071 20001 66068 07010 77064 09018 88060 13521 99057
13529 11053 10550 22051 11052=
