sing20200911.00
TTAA 61001 48698
99007 24623 30004 00085 26434 20509 92770 21426 20019
85501 18444 22522 70144 09418 20513 50586 05118 09015
40759 14150 07525 30971 29359 07519 25098 39761 07525
20246 52556 06530 15425 68339 05036 10658 83728 07037
88109 83338 05038
77999=
TTCC 61001 48698
70866 69170 12021 50070 64774 26546 30385 57179 29531
20643 53781 27020 10093 46585 13519
88463 68372 27536
77999=
TTDD 6100/ 48698
11863 76362 22843 69169 33826 67976 44730 70569 55638
69770 66606 68172 77576 60978 88463 68372 99451 68372
11426 67573 22388 57779 33324 60577 44303 57379 55244
57978 66218 53382 77189 52782 88169 54181 99152 50583
11118 50183 22110 50783 33105 46985 44077 40989 55067
35192 66065 35592
21212 11907 07550 22867 07545 33782 14034 44762 15034
55725 10529 66697 12520 77674 09517 88640 09027 99608
09510 11594 13502 22585 23510 33498 26546 44465 27536
55436 27526 66417 26013 77408 24520 88384 26032 99349
28032 11326 27537 22285 29523 33274 28023 44226 30515
55223 29512 66218 28014 77207 27523 88189 29019 99182
31514 11174 31516 22158 27011 33154 28513 44150 33513
55139 34514 66129 01512 77125 07515 88116 12015 99109
10517 11097 14020 22092 18026 33073 18010 44065 26502=
