sing20200930.00
TTAA 80001 48698
99007 27016 03005 00081 26424 09504 92767 22017 13517
85500 19261 11517 70142 09648 05009 50587 04956 07520
40759 15525 10024 30970 31136 09033 25096 41722 08540
20243 54157 08543 15421 68361 07550 10656 79357 09045
88101 81350 10042
77999=
TTCC 80001 48698
70864 73566 07537 50067 59579 27028 30384 59180 26011
20642 50983 23516 10100 41789 08044
88735 77161 05526
77110 09061 45626=
TTDD 8000/ 48698
11912 71766 22735 77161 33637 68572 44620 69771 55558
63776 66532 64775 77502 59579 88329 62577 99291 57380
11277 58979 22165 48585 33144 50983 44135 46587 55089
38991 66072 41390 77066 37392
21212 11978 08050 22926 09524 33912 10019 44868 12012
55849 12510 66813 10005 77794 08010 88767 03021 99695
08037 11640 14024 22583 15510 33567 09504 44519 29510
55513 26517 66475 29027 77398 26046 88339 25027 99304
26512 11283 22512 22281 22010 33265 00000 44257 36010
55247 32012 66209 24510 77200 23516 88188 25014 99183
27513 11167 32520 22155 34026 33149 35017 44145 34010
55142 03503 66138 11510 77134 14011 88130 12510 99126
09007 11125 08010 22115 09544 33110 09061 44105 08043
55094 09533 66087 08022 77084 06524 88075 05038 99066
06531=
