sing20200913.12
TTAA 63121 48698
99009 24400 05502 00101 24221 12501 92784 21632 16012
85515 18258 19024 70152 08828 22009 50587 05504 26007
40759 14913 03008 30970 29723 08023 25098 40329 07022
20245 53526 07537 15424 68750 06548 10659 77358 08540
88103 78957 09535
77999=
TTCC 63121 48698
70867 75763 06009 50067 66773 04514 30386 56981 25033
20645 51784 29024 10104 39191 07536
88766 76561 26014
77116 07558 43722=
TTDD 6312/ 48698
11973 73162 22906 71565 33766 76561 44709 76562 55620
67771 66531 71369 77498 66574 88485 60778 99478 61577
11436 58579 22353 60778 33323 56781 44255 54782 55234
55981 66149 47786 77130 48586 88120 45388 99116 40591
11109 39392 22089 41191
21212 11945 10541 22937 11542 33869 17015 44852 18513
55833 23014 66803 25512 77769 26014 88755 25010 99713
14002 11698 05510 22678 04021 33649 08028 44620 11521
55574 08027 66538 09519 77512 04514 88490 05516 99488
04512 11483 34505 22478 30010 33450 28539 44408 26038
55368 27545 66340 25528 77324 24537 88292 25529 99283
27532 11251 29020 22236 26517 33220 26022 44179 32022
55173 32514 66163 00000 77147 05018 88136 07020 99129
06031 11124 09039 22116 07558 33114 07053 44104 08541
55094 07533 66089 09529=
