sing20200909.00
TTAA 59001 48698
99008 27620 31005 00094 27226 13506 92780 22025 14005
85513 18445 04506 70153 09233 10014 50588 04746 08513
40761 13759 09510 30972 29945 10017 25099 40941 11017
20247 53950 08530 15426 65363 07037 10661 83939 04038
88999
77999=
TTCC 59001 48698
70866 74964 07529 50068 64175 17504 30387 57379 29016
20645 56179 22515 10099 41586 12014
88967 85138 04542
77999=
TTDD 5900/ 48698
11967 85138 22932 83356 33909 75759 44823 76761 55785
73963 66704 75563 77606 64374 88554 66372 99480 63575
11461 59977 22434 61176 33379 57978 44317 59777 55265
55379 66242 57578 77160 55779 88136 46384 99112 41586
11108 42585 22075 40987 33073 38788
21212 11946 05543 22919 09032 33873 12038 44831 12536
55749 06025 66673 09030 77654 07530 88634 07024 99616
09015 11605 07510 22566 01017 33550 02518 44532 02512
55465 19004 66446 26510 77415 29011 88402 26015 99377
25520 11357 28526 22321 29034 33304 29015 44295 29520
55280 27522 66269 29019 77260 27525 88252 28029 99245
28524 11232 23518 22215 24022 33203 22019 44182 23512
55179 21510 66162 35004 77157 06510 88152 09015 99134
06522 11122 08046 22100 11514 33099 12514 44096 11517
55094 14013 66090 11515 77086 13510 88083 12511 99082
13510 11078 13005 22074 09511 33073 07007=
