sing20200917.00
TTAA 67001 48698
99008 27825 30505 00090 26830 12004 92776 22421 19010
85509 17617 25520 70147 09656 25520 50587 04150 24510
40759 15534 11502 30971 29960 06510 25098 40758 07027
20246 53759 06040 15424 68757 05059 10659 78958 09545
88121 77758 05583
77121 05583 42257=
TTCC 67001 48698
70865 74964 08027 50069 66773 28527 30386 56779 24022
20645 55980 26024 10097 41790 14527
88775 78359 14515
77999=
TTDD 6700/ 48698
11929 73163 22775 78359 33713 76562 44595 61976 55513
67173 66415 64775 77371 60977 88350 55181 99321 54381
11282 57579 22246 53382 33197 56380 44161 53782 55151
49984 66117 48185 77114 48585 88104 42189 99088 37192
11077 38392
21212 11963 11034 22916 15515 33875 19015 44852 19514
55812 16514 66740 12522 77689 06531 88665 06540 99634
05021 11615 06010 22606 00000 33588 25510 44531 29031
55462 29019 66445 27020 77425 27522 88398 25021 99383
27518 11368 27512 22354 25011 33348 23513 44329 25013
55321 23020 66304 23523 77281 26020 88268 25024 99215
26029 11204 25525 22195 27020 33188 31520 44165 35521
55159 04521 66154 06525 77150 08017 88147 10514 99144
15011 11135 13007 22125 11517 33114 13037 44110 10531
55103 14023 66098 15029 77092 10519 88088 07520 99083
05525 11077 05526=
