sing20200920.00
TTAA 70001 48698
99008 28622 02005 00090 27829 18504 92778 22621 12008
85512 18416 08013 70156 09447 02505 50588 05108 10530
40760 14725 06524 30972 28558 07536 25100 39162 05039
20248 52357 04040 15427 67736 06040 10661 81149 07036
88102 81346 07531
77999=
TTCC 70001 48698
70867 72567 09532 50069 67372 29528 30386 58179 24025
20644 56380 25522 10095 43588 09524
88999
77999=
TTDD 7000/ 48698
11872 75361 22798 78359 33651 66773 44625 66373 55485
68372 66411 58979 77396 60377 88263 57379 99237 53781
11202 56580 22138 52182 33124 45586 44115 47784 55090
42788 66078 44387 77067 37791
21212 11901 08545 22861 09027 33828 09023 44811 07521
55790 06524 66756 08530 77681 10036 88631 09023 99592
05012 11579 35506 22569 31510 33530 31523 44505 29528
55478 29514 66464 26012 77454 27014 88434 25512 99425
22017 11373 23522 22348 25519 33306 24023 44256 28533
55240 28027 66229 25528 77209 24526 88180 27010 99177
30009 11175 32010 22157 01512 33152 00517 44131 08527
55119 12029 66110 11040 77096 08517 88093 07013 99090
05510 11087 05011 22082 02013 33074 35503 44067 34007=
