sing20200911.12
TTAA 61121 48698
99007 28257 29005 00082 27658 21506 92770 23050 29002
85502 17213 17002 70140 08800 13510 50586 05302 16021
40758 14922 14017 30970 28928 09524 25098 39526 09023
20246 52338 07523 15425 69348 05524 10660 77159 08537
88119 79556 06538
77999=
TTCC 61125 48698
70867 72167 10020 50068 68971 28030
88999
77999=
TTDD 6112/ 48698
11959 79158 22885 77960 33846 70767 44727 74564 55671
71368 66633 72767 77569 64575 88484 69771 99384 59578
11377 60178
21212 11949 08541 22921 07043 33879 05041 44838 06520
55823 10015 66806 13515 77763 16024 88733 16020 99699
10020 11639 10014 22618 09019 33603 08012 44598 07010
55587 36004 66576 29510 77541 27021 88508 28031 99487
28027 11455 31018 22448 33510 33425 13001 44416 23510
55409 22514 66377 27033=
