USSR01 WSSS 130000
TTAA  63001 48698
99009 27835 33501 00112 27420 10004 92797 23457 16508
85531 18647 18510 70173 09021 23504 50589 05367 14016
40761 15762 12016 30972 31156 11523 25099 41157 05023
20247 52767 05545 15427 67758 07051 10662 77158 03508
88113 80349 09018
77999
31313 73508 82332=



UKSR01 WSSS 130000
TTBB  63008 48698
00009 27835 11984 26013 22958 24848 33943 24257 44936 23433
55927 23456 66770 12807 77680 08033 88609 02217 99588 00309
11582 01103 22578 01900 33573 02344 44572 01357 55571 00261
66566 00867 77507 04568 88490 06168 99466 08957 11463 08764
22452 09959 33445 10758 44436 10965 55427 11758 66411 14357
77398 15766 88381 17569 99371 19558 11347 21962 22297 31756
33273 36546 44215 48767 55195 53967 66181 58359 77151 67358
88142 69362 99127 74360 11113 80349 22112 79756 33100 77158
21212 00009 33501 11991 14504 22981 16006 33933 15006 44922
17010 55860 20512 66848 18510 77822 24006 88814 22506 99805
27008 11780 22508 22764 24006 33744 19508 44733 22506 55722
22004 66716 26004 77696 22004 88681 21506 99670 17004 11664
22506 22662 23006 33653 18504 44648 24504 55639 22504 66632
25004 77619 21008 88613 24004 99609 30504 11603 32502 22601
09502 33597 09502 44596 07502 55594 31502 66590 30004 77578
02002 88572 10504 99570 12508 11550 14508 22545 10504 33530
14512 44454 15012 55441 11010 66425 08504 77405 12012 88381
09516 99358 11025 11350 09521 22295 12027 33251 05521 44205
05043 55178 05551 66148 07051 77135 08525 88127 08018 99117
10018 11112 08519 22105 11016 33100 03508
31313 73508 82332
41414 11432=



ULSR01 WSSS 130000
TTCC  63001 48698
70870 65373 27537 50073 65376 27035 30386 61579 12031
20640 55183 09560 10093 42788 09564
88593 68773 27037
77080 08084 41941
31313 73508 82332=



UESR01 WSSS 130000
TTDD  6300/ 48698
11928 80756 22828 76759 33747 64171 44593 68773 55526 68374
66505 65576 77468 66775 88439 63178 99398 65575 11350 65176
22332 61979 33282 62979 44266 58982 55244 60180 66208 55384
77153 53984 88131 50586 99112 43588 11087 41589 22083 42188
33077 37590 44053 35990 55049 36388 66045 30792 77044 28192
88040 26791
21212 11977 00510 22920 36010 33895 01506 44885 35004 55851
00514 66822 05518 77802 04506 88794 33508 99758 33016 11742
28021 22691 28039 33593 27037 44566 25529 55464 29023 66434
27512 77392 08002 88391 10002 99389 20502 11386 23006 22366
23510 33354 21010 44338 24016 55322 12508 66308 12525 77294
10535 88245 08558 99235 09051 11220 08060 22202 09560 33122
09566 44119 09574 55106 09060 66092 08570 77087 09060 88080
08084 99076 09058 11064 05535 22061 02010 33060 35006 44059
34008 55057 04512 66055 33510 77054 35508 88052 30512 99050
31018 11049 00514 22048 03510 33047 09514 44045 11023 55043
15016 66041 13518 77040 18019
31313 73508 82332=
