USSR01 WSSS 091200
TTAA  59111 48698
99008 27844 07505 00101 26439 05006 92790 22825 25506
85517 18642 27514 70165 09449 27516 50589 06143 24518
40760 16322 18006 30971 31334 08523 25097 41736 14523
20245 54549 09529 15422 69756 10562 10658 75956 01010
88127 77756 10084
77126 09586 42679
31313 73508 81047=



UKSR01 WSSS 091200
TTBB  59118 48698
00008 27844 11007 26858 22005 25860 33000 26439 44955 23617
55940 24032 66815 16032 77799 15858 88744 12450 99722 11259
11706 10045 22621 04245 33604 03448 44597 03259 55546 01159
66474 08917 77449 11925 88431 12525 99358 20913 11285 33734
22127 77756 33125 75358 44122 73158 55100 75956
21212 00008 07505 11998 04508 22952 14008 33938 22006 44916
27008 55900 28510 66887 27512 77823 28014 88785 24512 99766
25512 11754 28514 22746 26516 33693 27518 44683 26016 55658
26014 66637 23512 77627 24510 88617 22514 99604 24516 11546
23516 22510 26516 33501 25018 44481 26019 55446 24512 66441
26512 77422 20512 88412 23508 99396 15506 11387 14508 22380
10012 33369 11010 44364 09510 55358 10014 66351 07016 77341
07018 88333 11018 99329 06512 11322 09519 22300 08523 33262
15514 44225 12525 55213 09025 66155 10562 77126 09586 88116
08035 99107 07012 11103 02508 22100 01010
31313 73508 81047
41414 18438=



ULSR01 WSSS 091200
TTCC  59113 48698
70861 72959 19018 50062 65359 31525 30376 59560 22533
88844 81750 27508
77999
31313 73508 81047=



UESR01 WSSS 091200
TTDD  5911/ 48698
11844 81750 22736 78756 33697 72359 44646 71157 55571 66559
66525 68157 77502 65359 88431 67557 99405 62960 11329 61958
22289 57561 33262 56964
21212 11982 34510 22947 33012 33889 35006 44875 27502 55846
27508 66839 29506 77814 05006 88773 11512 99742 18510 11727
14508 22713 17512 33657 21008 44622 20006 55618 22502 66610
32002 77582 34510 88572 31516 99529 29521 11476 31525 22393
25518 33374 30021 44366 30021 55354 26518 66304 22533 77275
24023 88262 26525
31313 73508 81047=
