USSR01 WSSS 010000
TTAA  51001 48698
99010 25834 04005 00126 25024 36002 92805 20006 36021
85534 17038 34514 70171 08657 28012 50589 06759 29012
40760 17338 08021 30969 33142 06527 25094 43533 08029
20241 54742 13049 15419 69756 11066 10652 76362 10012
88116 79957 10089
77123 10593 42370
31313 73508 82336=



UKSR01 WSSS 010000
TTBB  51008 48698
00010 25834 11902 19017 22884 19657 33807 13605 44724 07638
55688 09859 66657 08260 77608 02447 88526 04933 99520 04760
11496 07158 22494 07360 33490 07545 44446 10756 55398 17738
66372 20757 77351 24533 88248 44135 99116 79957 11100 76362
21212 00010 04005 11991 01008 22923 36021 33875 01019 44806
30014 55755 30016 66742 32514 77721 32514 88703 28510 99680
27018 11658 28023 22626 27523 33601 29019 44574 27521 55565
29018 66505 27014 77499 29012 88481 29508 99470 32004 11454
16504 22439 10508 33423 08016 44407 09019 55378 06516 66366
08016 77346 05525 88327 07525 99257 06527 11238 10531 22209
12539 33164 11554 44123 10593 55118 10093 66114 09584 77100
10012
31313 73508 82336
41414 11438=



ULSR01 WSSS 010000
TTCC  51001 48698
70859 73963 29518 50062 58770 25519 30379 55985 28025
20639 53185 12012 10088 49986 12014
88406 64383 27543
77999
31313 73508 82336=



UESR01 WSSS 010000
TTDD  5100/ 48698
11925 78763 22837 72167 33667 74564 44592 66368 55554 65966
66543 64967 77533 60570 88506 58569 99406 64383 11303 56185
22234 52786 33161 54185 44135 52586 55131 49986 66099 49786
77092 46987 88080 48387 99077 48987 11071 44388 22065 43988
33056 40189 44050 34791 55046 32191 66039 32991 77036 30992
21212 11916 31518 22890 35514 33833 28016 44792 28516 55749
27019 66730 29019 77622 30002 88606 14004 99597 11502 11590
04502 22577 06002 33570 02002 44562 02502 55546 23002 66536
25512 77517 24512 88488 26525 99453 26045 11376 29033 22324
29523 33286 28025 44257 24023 55248 24527 66237 22523 77220
22023 88209 19516 99193 06506 11186 03006 22180 26508 33178
26010 44171 33004 55162 35512 66157 33018 77153 35514 88138
30014 99133 30512 11132 32006 22131 01004 33130 02504 44128
31008 55118 29512 66114 23510 77112 25010 88103 18016 99099
10016 11096 08021 22094 02025 33085 09523 44078 09029 55076
07543 66074 08535 77073 07039 88066 11047 99065 10545 11064
10029 22063 09535 33062 09047 44060 09535 55059 08521 66058
07531 77055 09053 88051 05049 99049 08564 11046 09578 22036
09078
31313 73508 82336=
