sing20200206.12
TTAA 56121 48698
99008 28858 05513 00093 28058 02014 92778 21421 01017
85510 18223 28509 70153 10056 21502 50588 04373 06019
40761 14364 08027 30973 29565 07015 25100 39958 09015
20248 52156 13019 15428 67526 15027 10661 82557 10064
88106 83737 10064
77101 10065 434//=
TTCC 56122 48698
70864 77762 26017 50060 72968 02507 30371 58579 07012
20626 55781 07555
88237 61177 11509
77153 07562 412//=
TTDD 5612/ 48698
11963 77160 22780 79361 33645 77763 44589 71768 55509
73367 66428 71969 77407 69973 88398 64777 99350 58779
11313 60178 22268 57179 33237 61177 44147 48584
21212 11963 09532 22921 09513 33915 09010 44891 31501
55870 24510 66840 24017 77800 24518 88749 28014 99716
25520 11582 32027 22537 34018 33519 36010 44504 00506
55464 13010 66437 13517 77425 11520 88411 11528 99403
09029 11398 07529 22351 02520 33336 04019 44326 03013
55311 03005 66288 08025 77283 09021 88269 14012 99261
15514 11242 13506 22227 07024 33214 05033 44193 08560
55153 07562 66147 07560=
