sing20200227.00
TTAA 77001 48698
99009 26418 04006 00101 25624 02012 92784 20613 02526
85514 18247 05508 70158 11262 03011 50589 05157 21006
40761 13758 11512 30973 29557 10513 25101 38169 11524
20251 50962 07516 15432 65750 26025 10666 84537 09014
88999
77999=
TTCC 77001 48698
70866 74167 13516 50064 69372 08006 30378 61978 25011
20633 55981 09540 10089 40990 08067
88918 86934 10524
77106 08075 41018=
TTDD 7700/ 48698
11918 86934 22792 78163 33681 72169 44634 73967 55603
70570 66549 73567 77517 69172 88499 69372 99453 69172
11406 65176 22393 61180 33346 59380 44287 61978 55225
54982 66197 56181 77188 52983 88157 52583 99152 53183
11114 41590 22073 40391 33065 38592
21212 11971 10012 22927 10521 33855 08549 44810 10528
55787 11030 66733 15528 77684 13510 88602 28002 99574
30010 11558 30010 22528 11510 33478 03019 44462 02524
55447 05517 66426 06522 77400 10527 88396 11526 99377
10022 11357 16010 22344 23002 33335 30010 44325 30012
55313 25013 66306 25015 77298 25510 88290 28510 99250
08009 11238 08523 22227 11040 33216 12030 44193 09042
55168 08063 66155 09558 77134 07563 88106 08075 99085
08056 11061 08573=
