sing20200212.12
TTAA 62121 48698
99008 28844 05006 00095 27844 06512 92783 22422 08008
85516 18826 13503 70168 11242 16009 50591 04734 08509
40763 14760 09012 30975 29365 05016 25102 40336 11519
20250 52939 13519 15429 68550 12021 10665 76562 24026
88999
77999=
TTCC 62121 48698
70867 79561 18002 50065 67971 17515 30375 62377 03006
20628 55380 10053 10082 44186 08056
88821 82757 25023
77082 09569 421//=
TTDD 6212/ 48698
11821 82757 22777 82958 33660 74964 44635 75965 55560
67372 66483 69770 77436 65574 88406 66973 99285 60577
11228 63776 22204 54780 33181 56179 44150 48184 55134
48583 66124 44785 77117 46384 88100 44386 99082 36191
11081 36191 22077 36390
21212 11874 27026 22826 25024 33775 23017 44748 19510
55697 00000 66595 21511 77576 19511 88545 25515 99538
25013 11518 19010 22497 17515 33481 16010 44462 11504
55453 03010 66449 02014 77434 04526 88420 04030 99404
06021 11389 11010 22372 10010 33348 26501 44287 35010
55276 36014 66249 09018 77233 11516 88224 11035 99213
12540 11204 11056 22187 09051 33177 09063 44104 07555
55082 09569 66077 09567=
