sing20200207.12
TTAA 57121 48698
99008 29258 05012 00096 28056 03011 92781 21439 00523
85510 19461 35524 70154 09836 01508 50589 04142 09514
40762 13559 09508 30974 28961 12513 25102 39163 14519
20251 51961 11529 15430 67958 12534 10663 84750 11065
88101 84747 11066
77104 10566 414//=
TTCC 57121 48698
70865 77163 31014 50061 70370 09504 30371 58979 19011
20627 55781 10546 10082 44786 09560
88999
77062 09092 434//=
TTDD 5712/ 48698
11893 79361 22638 76764 33539 71568 44510 72768 55487
68972 66444 71569 77364 61578 88294 58779 99276 60378
11258 56580 22224 58379 33196 53582 44187 53981 55120
45986 66079 44787 77062 40589 88061 40589
21212 11927 12033 22877 08510 33843 00000 44824 34010
55743 31522 66713 30514 77645 35014 88631 33010 99610
03510 11595 33001 22581 23010 33470 13010 44460 14511
55439 10012 66436 09514 77399 06036 88366 06513 99310
22003 11297 20014 22284 19021 33271 17019 44257 11515
55249 09518 66245 07014 77230 05024 88217 08039 99209
10541 11167 09060 22151 08059 33145 10557 44145 09056
55144 09056 66119 09573 77100 09560 88081 07563 99070
07078 11062 09092 22061 09090=
