sing20200210.00
TTAA 60001 48698
99009 24802 35005 00104 24012 32003 92786 21829 01013
85518 18450 01503 70158 08611 02008 50588 04542 07510
40761 14158 14510 30972 30562 13512 25099 40161 11016
20247 53341 09028 15426 68748 09531 10659 74366 24007
88114 80956 10054
77999=
TTCC 60001 48698
70864 78362 31515 50060 70969 08002 30372 60978 29014
20625 54981 08049 10076 44587 07042
88999
66052 09578 406// 77089 09572 43323 77164 08569 41407=
TTDD 6000/ 48698
11754 79361 22432 68972 33398 61579 44358 59379 55312
62577 66283 59379 77254 61977 88191 53982 99178 54981
11159 51183 22119 49984 33116 49984 44107 44987 55078
40989 66072 43588 77070 40790 88061 43188 99055 39391
11052 39791
21212 11967 26518 22911 29032 33825 29536 44749 27025
55695 32014 66676 32510 77660 34507 88553 20510 99528
20511 11494 09002 22460 08010 33444 11017 44419 09019
55398 01516 66365 33523 77350 34031 88325 31519 99314
32519 11289 28503 22281 25510 33268 26515 44258 30011
55251 01009 66248 05512 77240 11018 88233 12521 99224
12026 11210 08033 22188 09560 33176 10055 44164 08569
55126 09061 66112 08067 77098 06038 88089 09572 99081
08039 11072 10577 22055 09062 33052 09578=
