sing20200205.00
TTAA 55001 48698
99009 25825 02506 00098 25229 33505 92782 21456 03516
85511 17456 34009 70150 10657 14509 50588 03161 06012
40761 13973 06027 30973 28964 07007 25101 39958 13009
20249 51367 09008 15430 67160 11039 10662 85140 10050
88101 85736 10548
77999=
TTCC 55001 48698
70865 75764 28518 50060 70770 34506 30369 59979 05509
20623 55781 09555 10076 45786 08561
88999
77152 08573 40803=
TTDD 5500/ 48698
11873 80559 22821 74365 33643 77563 44558 77163 55509
70170 66469 71569 77411 67773 88393 69172 99361 63378
11313 59779 22275 59179 33256 60978 44109 45187 55075
43588
21212 11978 10056 22870 08515 33862 08511 44850 17003
55836 23510 66762 26536 77724 26527 88704 28517 99642
25019 11618 26027 22565 24028 33550 24016 44536 26511
55510 34511 66489 29002 77466 36011 88412 09027 99389
11532 11332 17519 22326 16518 33309 11507 44294 03013
55284 00517 66269 01516 77253 05015 88243 09525 99227
11533 11191 09567 22152 08573 33084 08057 44075 09062=
