sing20200224.00
TTAA 74001 48698
99009 26823 02515 00104 25626 01511 92788 20807 02530
85517 18250 01018 70160 09820 07507 50588 05361 18008
40761 14159 10515 30974 28173 07524 25102 38574 05019
20251 51569 00521 15431 65363 29510 10669 81156 30009
88999
77999=
TTCC 74001 48698
70867 76965 01507 50065 72568 08006 30376 58780 34519
20635 55781 09525 10088 45787 09059
88857 86139 13520
77081 10067 412//=
TTDD 7400/ 48698
11857 86139 22736 81161 33679 74368 44635 76766 55605
69972 66504 72768 77478 72170 88467 67575 99447 68373
11412 67974 22379 62778 33347 63977 44261 52583 55225
55981 66143 51583 77115 45387 88099 45787 99080 38392
21212 11962 05011 22922 09012 33803 16525 44768 19519
55739 20511 66717 29002 77664 04010 88645 03015 99620
03510 11598 01510 22584 30501 33495 07506 44488 08510
55470 12527 66410 11036 77368 05525 88340 05015 99334
03512 11306 33521 22302 34020 33291 04019 44284 05510
55277 07003 66261 15014 77250 18519 88243 17020 99233
18031 11221 16025 22211 10018 33182 10055 44170 08055
55157 09060 66131 06561 77113 08562 88081 10067 99080
10067=
