USSR01 WSSS 231200
TTAA  73111 48698
99007 27632 01008 00094 26418 03508 92779 21802 24502
85510 17425 28004 70157 10016 00512 50587 05908 27018
40759 15150 01502 30971 30733 24512 25097 40930 05004
20245 53739 07010 15423 67958 11035 10662 79758 29506
88999
77999
31313 73508 81040=



UKSR01 WSSS 231200
TTBB  73118 48698
00007 27632 11951 23204 22864 17615 33835 17634 44799 14411
55713 11222 66665 06815 77655 05805 88650 05402 99646 05008
11645 04804 22644 04800 33643 04649 44642 04858 55641 06859
66640 07060 77596 01833 88485 07701 99421 13743 11401 15150
22370 19326 33284 33739 44237 44125 55177 60340 66159 65956
77146 68958 88142 67360 99127 69360 11100 79758
21212 00007 01008 11975 11004 22960 11002 33958 14002 44946
24502 55940 23502 66939 25002 77933 22002 88922 26502 99918
22502 11912 21502 22907 24502 33888 21504 44880 23506 55870
23504 66860 27504 77806 23512 88781 30012 99763 28010 11733
35014 22708 01014 33666 30008 44656 32510 55643 29525 66593
28521 77571 29512 88528 26014 99469 27010 11464 26010 22454
29506 33452 31004 44451 30004 55447 33506 66419 34504 77410
05004 88404 04504 99399 00502 11391 24502 22353 22514 33330
25012 44296 23510 55277 27008 66270 26004 77263 26004 88260
33002 99257 01004 11256 00502 22253 04004 33245 06504 44241
04006 55227 06008 66219 11008 77211 11506 88198 06510 99185
10514 11169 08516 22147 10539 33133 16018 44127 21014 55116
24518 66105 33012 77100 29506
31313 73508 81040
41414 58478=



ULSR01 WSSS 231200
TTCC  73113 48698
70859 80957 30019 50056 70359 17502 30364 62763 08014
88768 89550 26006
77999
31313 73508 81040=



UESR01 WSSS 231200
TTDD  7311/ 48698
11768 89550 22750 85558 33723 80958 44696 80957 55682 76360
66666 73959 77633 75956 88605 77156 99517 70160 11461 67761
22417 69761 33409 69761 44395 63966 55316 64164 66278 60167
21212 11984 26504 22981 28004 33950 18502 44939 10002 55932
09502 66900 13508 77813 18508 88754 27508 99682 30023 11648
28521 22594 29529 33571 30021 44522 24008 55500 17502 66495
06502 77488 04002 88454 04006 99390 10012 11282 09012 22278
10512
31313 73508 81040=
