USSR01 WSSS 150000
TTAA  65001 48698
99007 26636 36011 00095 26028 33506 92779 21212 35021
85509 18822 34519 70154 10228 29519 50588 05522 25010
40760 14361 02012 30972 30161 00000 25098 39946 05512
20247 52747 09531 15426 67559 09041 10661 82360 04012
88999
77999
31313 73508 82330=



UKSR01 WSSS 150000
TTBB  65008 48698
00007 26636 11960 22809 22840 18426 33778 14021 44722 12243
55691 09223 66660 08257 77640 06638 88631 06257 99615 04634
11581 01426 22575 01056 33567 00228 44530 02543 55489 06912
66472 08511 77434 10562 88406 13563 99393 15556 11370 17166
22328 24960 33313 27564 44284 33550 55260 38531 66229 45156
77183 57945 88151 67359 99136 72357 11128 73162 22100 82360
21212 00007 36011 11989 32510 22911 35021 33842 34518 44788
30512 55760 32514 66721 30016 77687 30018 88564 25010 99545
29508 11530 30004 22512 24006 33490 25012 44459 23008 55440
26506 66428 32006 77412 34008 88388 03014 99364 34508 11347
00508 22313 33002 33312 35502 44297 32002 55294 03502 66272
00510 77260 02012 88245 07514 99227 10018 11139 09051 22134
09054 33121 10523 44114 13008 55112 16004 66110 02002 77100
04012
31313 73508 82330
41414 11432=



ULSR01 WSSS 150000
TTCC  65001 48698
70860 76560 12502 50057 72571 32004 30371 55785 09049
20628 53185 09572 10087 45188 27533
88812 86158 17521 88147 49586 12027
77197 09574 41335
31313 73508 82330=



UESR01 WSSS 150000
TTDD  6500/ 48698
11812 86158 22733 78560 33698 76560 44658 78959 55604 71766
66553 69169 77497 72771 88434 66782 99411 67582 11357 62783
22329 57184 33254 56984 44214 54785 55202 53385 66188 47387
77177 45188 88147 49586 99131 47387 11110 44388 22099 45188
33077 37990
21212 11965 02506 22950 34504 33930 25504 44916 22006 55889
19510 66834 18519 77795 17018 88754 09510 99735 08512 11696
12502 22686 07502 33676 04502 44671 34002 55668 34002 66644
05504 77600 09002 88597 07502 99591 35002 11582 32504 22472
32504 33462 05008 44451 07518 55417 09033 66364 08553 77335
10051 88270 08551 99197 09574 11184 09568 22163 10029 33153
13021 44140 10012 55132 34516 66120 32033 77105 28535 88085
26541 99077 27031
31313 73508 82330=
