USSR01 WSSS 221200
TTAA  72101 48698
99007 28046 05010 00094 26832 04016 92783 23021 24508
85515 17404 25514 70157 10256 26021 50589 05728 32519
40760 16946 25512 30971 29357 06514 25098 40164 14014
20247 53157 13527 15425 68557 12535 10659 78160 14508
88999
77999
31313 73508 81025=



UKSR01 WSSS 221200
TTBB  72108 48698
00007 28046 11900 20809 22831 16203 33799 14638 44778 14842
55673 08857 66569 00641 77533 02908 88448 10719 99415 14556
11385 18725 22321 25943 33281 33956 44275 34762 55266 36766
66237 43363 77231 44563 88226 46157 99218 48138 11215 48750
22206 51343 33203 52337 44199 53359 55185 57363 66161 64957
77116 78756 88105 76760 99100 78160
21212 00007 05010 11967 02002 22958 33502 33952 26002 44936
24508 55894 27512 66833 24014 77813 27516 88791 29018 99753
26519 11702 26021 22647 28521 33606 28519 44534 33518 55444
30016 66392 25008 77376 32012 88360 34014 99340 32516 11315
06010 22301 06512 33282 11018 44262 14014 55223 13019 66171
14031 77118 11056 88115 10556 99100 14508
31313 73508 81025
41414 69438=



ULSR01 WSSS 221200
TTCC  72105 48698
70859 80360 27514 50056 74164 25512
88863 84958 02506
77999
31313 73508 81025=



UESR01 WSSS 221200
TTDD  7210/ 48698
11863 84958 22717 84157 33678 72364 44568 74962 55498 74164
66472 70967 77448 72166 88422 69769
21212 11985 13506 22966 15006 33956 18006 44905 17506 55897
14004 66890 13502 77875 04004 88847 00510 99672 26016 11626
25019 22527 27518 33494 25010 44485 27504 55477 01004 66444
06012 77422 07019
31313 73508 81025=
