sing20151230.00
TTAA 80001 48698
99011 26835 03005 00115 26033 01013 92801 21627 02529
85531 17856 05022 70172 09011 07504 50590 04145 19515
40763 15125 22016 30974 29159 24002 25102 40162 27009
20250 52759 17022 15430 65957 21507 10666 83545 23517
88999
77999=
TTCC 80001 48698
70867 76761 27026 50064 66573 23019 30377 60577 25515
20635 54779 23040 10087 47383 09528
88987 84147 23014 88127 52180 06518
77999=
TTDD 8000/ 48698
11987 84147 22924 84745 33825 82557 44816 79358 55734
74563 66684 76961 77581 71368 88548 72168 99499 66573
11395 63375 22372 64374 33343 60377 44306 61376 55264
56579 66196 55179 77172 48983 88161 50781 99146 48182
11127 52180 22113 50981 33095 44385 44060 39387 55056
39987
21212 11977 21511 22916 10010 33892 11010 44873 07504
55852 08010 66829 09520 77817 09515 88776 04006 99759
36010 11744 29012 22688 26026 33629 27531 44604 27027
55567 29023 66555 28017 77542 24519 88501 23019 99479
25015 11448 21010 22425 31001 33367 29010 44349 25512
55330 28514 66313 29012 77301 25515 88283 24526 99247
25528 11221 25021 22218 24020 33214 23023 44202 23041
55189 22529 66179 26513 77176 31008 88174 33010 99167
35521 11164 36022 22153 35520 33148 02013 44135 06516
55129 07516 66125 05521 77118 09021 88111 08522 99104
11025 11100 09528 22097 08026 33093 09037 44086 06538
55079 09049 66076 08542 77067 11533 88064 10529 99056
10557=
