sing20151212.00
TTAA 62001 48698
99008 26217 30002 00100 25817 30508 92779 23031 01509
85514 18628 35006 70160 09823 03510 50588 03156 11019
40761 14531 09016 30974 28958 09521 25101 39163 11021
20250 51960 11011 15430 67356 09521 10663 81557 07529
88101 81756 07530
77999=
TTCC 62001 48698
70866 72966 26511 50066 67373 23002 30382 57779 21010
20642 54580 14018 10093 48184 11039
88424 65374 16508
77999=
TTDD 6200/ 48698
11924 77958 22839 82156 33743 80358 44714 72964 55670
71368 66519 68971 77496 66974 88485 61378 99424 65374
11391 61178 22323 58578 33311 60177 44249 51982 55183
55980 66159 49383 77137 52381 88112 45586 99095 49383
11081 46585 22076 43987 33068 33992
21212 11892 10516 22751 11511 33741 12510 44732 19004
55721 25010 66678 28019 77613 27034 88520 26519 99507
25510 11499 16001 22464 16510 33454 17513 44446 18510
55417 08502 66408 02510 77365 02525 88341 03518 99329
06012 11315 15003 22301 21510 33297 20014 44270 22533
55263 23031 66242 22519 77235 25015 88223 22518 99203
14522 11200 14018 22197 13510 33191 05501 44182 33510
55174 32522 66163 30015 77148 31521 88137 34527 99132
02524 11113 10046 22097 11541 33092 10035 44081 09058
55076 09546 66068 07052=
