sing20151218.00
TTAA 68001 48698
99010 27446 02504 00111 26643 00511 92797 21210 02028
85525 17456 00521 70165 08619 29016 50588 05143 28021
40760 15729 34009 30971 30756 10514 25097 41543 11030
20245 54348 11042 15423 68750 10565 10660 79359 35511
88999
77130 10076 41760=
TTCC 68002 48698
70865 73165 28020 50066 65175 24507 30381 55380 25528
20638 54781 27022
88997 79359 35011
77999=
TTDD 6800/ 48698
11997 79359 22654 72166 33632 73366 44611 69171 55498
64975 66446 66774 77368 59778 88330 59378 99307 54780
11245 58778 22191 54181 33178 48185 44160 50783 55126
45780
21212 11927 29520 22899 27514 33877 24514 44835 23509
55788 21513 66764 23022 77749 23516 88732 27510 99639
28040 11515 28514 22449 04501 33425 36011 44412 34014
55376 35526 66339 32016 77329 29012 88326 27513 99304
25528 11280 25026 22265 26530 33247 25535 44221 27528
55203 26523 66190 28517 77185 27517 88179 23013 99176
23012 11170 22019 22166 21545 33165 21531 44160 21526
55154 19015 66148 08010 77145 03009 88143 35011 99141
33515 11136 36034 22133 01028 33132 03017 44131 07512
55130 12016 66128 15548 77128 04021 88126 04520=
