sing20151206.12
TTAA 56121 48698
99007 27222 03004 00086 26831 03011 92773 22620 01519
85507 18824 02011 70154 10225 02508 50589 03556 00504
40762 13761 31005 30974 28344 11506 25102 38359 21003
20251 51357 00504 15431 67544 11016 10665 81740 25014
88999
77999=
TTCC 56121 48698
70867 73364 23508 50066 67173 00510 30385 58179 25520
20641 57779 30531 10094 44786 09057
88923 84733 22508
77061 09067 418//=
TTDD 5612/ 48698
11923 84733 22770 77159 33737 78560 44693 73165 55634
74764 66602 69171 77426 62377 88391 61377 99364 55580
11197 58379 22182 56381 33173 49784 44162 48984 55128
50983 66109 47785 77105 43987 88093 43187 99087 45186
11080 41588 22076 42188 33071 37191 44066 38990 55061
38590 66058 34593 77053 34993
21212 11974 23013 22716 15501 33698 23510 44672 24521
55634 26015 66615 33504 77599 34510 88588 32517 99525
34523 11506 35015 22499 00510 33471 13001 44455 19510
55432 20019 66393 17010 77379 21005 88372 26010 99359
27519 11327 28016 22295 25019 33268 25028 44259 24019
55252 26016 66245 28517 77211 31524 88199 31031 99169
31027 11162 32017 22151 24505 33147 23510 44137 21521
55130 21516 66124 18018 77122 15519 88120 13024 99108
07543 11099 09059 22096 08062 33091 07056 44081 09045
55075 09061 66068 08050 77061 09067 88053 07549=
