sing20151219.00
TTAA 69001 48698
99011 26886 02504 00118 26235 01011 92802 21009 02024
85532 18859 34015 70170 09262 31011 50589 05729 03019
40760 15740 01509 30972 30359 09516 25098 41356 10019
20246 53756 09038 15424 69136 09052 10659 79359 03517
88999
77123 09569 41158=
TTCC 69002 48698
70864 72766 29026 50064 66975 24013 30381 60780 26025
20637 51586 27518 10093 /////
88949 81758 03522
77999=
TTDD 6900/ 48698
11949 81758 22926 77760 33847 74962 44807 76362 55650
70569 66580 71769 77561 68173 88523 69172 99448 66176
11400 59780 22337 58381 33301 60780 44234 58982 55209
52786 66190 51386 77169 53185 88133 43790 99120 48189
11105 45789
21212 11948 03522 22924 05015 33895 31503 44830 27011
55808 24514 66758 28016 77662 30032 88621 31527 99587
29023 11548 30017 22494 23011 33463 29505 44455 31510
55428 35510 66416 32512 77395 34014 88374 33513 99362
30012 11342 29016 22324 26020 33295 26027 44269 26019
55264 25024 66254 25533 77237 28024 88221 25019 99190
29519 11184 28516 22170 30014 33162 28010 44150 35520
55143 06524 66139 09030 77125 11522 88105 11539 99105
11538=
