sing20151207.00
TTAA 57001 48698
99010 26219 35502 00107 25417 34005 92794 22010 04518
85526 18222 08008 70170 09839 05511 50590 04157 06505
40762 13948 04506 30975 29157 07501 25102 39557 33002
20251 52357 10507 15430 67943 10520 10664 81946 25512
88999
77999=
TTCC 57001 48698
70868 75163 21517 50067 67173 19520 30385 56379 23529
20643 51983 32017 10095 48984 09548
88994 81948 25510 88118 50383 09030
77999=
TTDD 5700/ 48698
11994 81948 22811 75561 33775 76561 44745 72765 55690
75563 66625 70968 77604 72168 88310 55381 99286 57979
11177 51783 22156 54981 33141 51583 44133 46186 55118
50383 66104 47185 77098 48784 88092 44987 99085 46585
11076 42988 22064 31594 33056 29195 44047 29595
21212 11930 33001 22841 14012 33815 15016 44773 14020
55745 19016 66726 21016 77705 20517 88656 29515 99638
31016 11605 31028 22572 31515 33560 30008 44543 30010
55520 21010 66501 19520 77464 17510 88446 17503 99389
36010 11381 36010 22356 30013 33334 26508 44328 25512
55321 26017 66313 23522 77299 23529 88272 25521 99263
30512 11261 31512 22245 34023 33235 33532 44215 32015
55205 31515 66191 32514 77180 29012 88174 28510 99165
31013 11162 30510 22156 26508 33152 22512 44142 22512
55138 21014 66135 14516 77124 13030 88114 06529 99108
05036 11100 09549 22096 09552 33086 11038 44083 10036
55076 09553 66069 08042 77065 10545 88054 11038 99052
08026 11050 10036 22047 09030=
