sing20151206.00
TTAA 56001 48698
99009 25014 06002 00100 27618 36006 92788 22835 03014
85522 18428 00508 70166 09438 03506 50589 04760 05005
40762 13570 35507 30974 29730 19503 25101 39749 12501
20250 52558 14005 15429 67542 10515 10663 81742 28015
88999
77999=
TTCC 56001 48698
70866 72567 30526 50065 63977 34018 30382 57783 26017
20641 54585 25014 10090 50388 06545
88994 81942 27513 88135 54386 30505
77999=
TTDD 5600/ 48698
11994 81942 22904 82550 33813 80957 44729 72165 55667
71967 66610 74366 77501 63977 88471 65776 99426 61979
11396 62579 22272 53985 33240 55384 44201 54785 55166
49188 66135 54386 77123 54786 88109 49388 99101 50588
11096 48988 22093 43190 33078 43790
21212 11986 27510 22886 00000 33857 05510 44842 07013
55831 08510 66779 05003 77732 32513 88693 30025 99662
26031 11642 25036 22594 25013 33571 29504 44560 30510
55547 31521 66477 35014 77459 34014 88452 32510 99437
23510 11359 22004 22327 29517 33299 26018 44264 24034
55234 25528 66223 23023 77203 24518 88196 26011 99186
31517 11171 32529 22148 35021 33139 35010 44122 20001
55116 11510 66103 07049 77100 06545 88096 08042 99078
10046=
