sing20151210.00
TTAA 60001 48698
99008 26818 03503 00098 26420 02005 92785 23433 00505
85520 18836 18002 70165 09818 13008 50590 04147 06516
40763 13561 04527 30975 28957 11508 25103 39359 10513
20251 52733 11511 15431 67341 09524 10665 82950 33009
88999
77999=
TTCC 60001 48698
70868 76361 27026 50067 65774 01512 30384 59977 02527
20642 55179 33012 10094 44785 08572
88967 84546 35008 88219 56378 30025
77097 09577 44916=
TTDD 6000/ 48698
11967 84546 22887 75160 33814 78759 44605 72966 55475
62576 66437 63575 77387 60177 88365 62176 99337 58378
11292 60377 22272 57778 33258 51581 44219 56378 55167
51581 66141 53580 77122 50182 88118 46185 99111 47383
11095 42186 22088 44784 33082 44185 44072 35990 55052
31593 66051 31792
21212 11927 04512 22869 29504 33806 30510 44766 32020
55713 27526 66689 26527 77654 25520 88571 28019 99554
32517 11515 34513 22453 07501 33430 15510 44378 18024
55367 17018 66362 15510 77356 08504 88347 04010 99299
03027 11273 03513 22271 04010 33267 13001 44262 26510
55251 28021 66225 30027 77208 29518 88198 33010 99192
29505 11187 24510 22175 21516 33167 24014 44158 21511
55154 23510 66153 23510 77140 18003 88138 11010 99128
10542 11123 09531 22116 06046 33112 05554 44104 08074
55097 09577 66088 10562 77083 09059 88074 07574 99065
09541 11058 11044 22053 10041 33051 12038=
