sing20151213.00
TTAA 63001 48698
99008 25610 01503 00095 25010 29503 92780 22631 01511
85513 18223 01007 70158 10038 06004 50588 03934 10516
40761 14345 11017 30974 28556 13514 25101 38950 13016
20250 52150 15520 15429 68139 14528 10662 81544 10035
88109 82736 11042
77999=
TTCC 63007 48698
70868 74163 26526 50065 /////
88999
77999=
TTDD 6300/ 48698
11943 81356 22917 76958 33861 77959 44820 72564 55647
76362 66573 74965 77532 68571
21212 11887 06013 22855 08513 33840 11010 44821 18004
55795 23510 66773 26514 77741 28021 88651 24529 99635
23528 11601 25027 22543 22010 33532 23007=
