sing20200816.12
TTAA 66121 48698
99005 29250 26005 00071 28256 19005 92758 23056 20504
85492 19657 00505 70136 10456 29008 50586 05715 06512
40758 15728 08013 30969 29760 08522 25097 40361 07524
20245 52165 09031 15424 67558 07017 10660 75960 06532
88110 79344 06519
77999=
TTCC 66121 48698
70867 76363 06517 50066 62178 12036 30388 56982 22016
20647 52185 24512 10104 40391 24520
88774 75763 07510
77999=
TTDD 6612/ 48698
11902 72166 22774 75763 33690 76563 44656 72169 55605
74167 66565 72969 77538 65377 88498 62178 99454 59180
11437 54383 22371 59179 33194 52184 44180 54183 55152
46389 66138 49586 77118 42391 88106 43190 99100 40391
11079 46189 22054 36593 33046 40591 44043 40391
21212 11908 03001 22832 00000 33776 07510 44752 10510
55719 05517 66698 06517 77673 11526 88655 12531 99591
06532 11571 06541 22526 09550 33501 12036 44478 10515
55474 10010 66464 01002 77454 30510 88422 29533 99386
30035 11377 30538 22356 35021 33346 34510 44338 03501
55322 18510 66315 22013 77255 23517 88242 27523 99219
27513 11212 26014 22206 27012 33197 23014 44178 26011
55171 21510 66161 16005 77156 08511 88151 08010 99145
05012 11143 05013 22138 09516 33129 11510 44126 11012
55121 14010 66118 19511 77103 24015 88098 24022 99093
26022 11087 25030 22078 28021 33073 27020 44067 30518
55064 30010 66062 26010 77060 28015 88057 25010 99056
22010 11054 00000 22050 07510 33047 06027 44043 08042=
