sing20200804.12
TTAA 54121 48698
99005 28850 28505 00068 27850 21506 92754 22242 24016
85490 19658 27025 70132 08803 31007 50585 05508 07518
40758 13758 08024 30970 29935 06036 25097 39937 07545
20245 52740 07064 15426 64366 07562 10663 82556 09540
88999
77175 06085 43429=
TTCC 54121 48698
70868 74365 07532 50067 64177 03011 30386 56380 27035
20647 49784 28017 10103 45187 28018
88957 84350 08538 88563 72968 09528
77999=
TTDD 5412/ 48698
11957 84350 22829 72566 33781 71568 44683 74566 55653
73967 66638 68172 77563 72968 88481 62378 99443 64176
11418 59380 22362 60179 33348 55981 44306 55781 55269
58379 66254 57780 77241 51184 88223 49784 99151 54582
11119 41589 22095 46386 33085 47386 44075 45987 55067
38792 66061 38792 77055 32594 88046 39191 99038 36992
21212 11926 07038 22884 08044 33843 08528 44804 07517
55780 09512 66769 10512 77719 07530 88671 07536 99616
11528 11551 08529 22537 09527 33526 10022 44517 09016
55505 05010 66500 03012 77489 02011 88478 32510 99470
31513 11446 34511 22403 20010 33391 23511 44377 23503
55352 30516 66321 26521 77274 28549 88253 30012 99251
29010 11248 27514 22240 29528 33225 30010 44212 33003
55204 28010 66197 28518 77185 29013 88181 30508 99174
32012 11166 31515 22144 07014 33135 07509 44128 07026
55122 10506 66118 11510 77116 10010 88112 17502 99110
25510 11106 27022 22099 28017 33095 28010 44080 15002
55078 09010 66075 07024 77072 05010 88069 01006 99066
07024 11065 08016 22062 06501 33060 08010 44056 04510
55048 34008 66047 01010 77046 03515 88045 05026 99044
03517 11042 04030 22039 02518 33038 05029=
