sing20200806.00
TTAA 56001 48698
99007 28628 30005 00081 28036 10503 92770 23445 21508
85507 20256 29516 70155 10458 28020 50587 06100 23515
40759 15919 11022 30969 30528 09046 25096 40756 06549
20244 53156 04560 15424 66556 07568 10658 75961 08556
88114 80156 09561
77146 08070 42724=
TTCC 56001 48698
70868 73166 06524 50069 62776 08519 30388 58579 30503
20647 55981 28020 10098 45987 07025
88999
77999=
TTDD 5600/ 48698
11955 69768 22722 73965 33665 71768 44572 73967 55563
72570 66550 64378 77519 61778 88471 64775 99365 56580
11299 58579 22284 52583 33201 55981 44149 53782 55141
49386 66132 50784 77101 46387 88091 41990 99080 44788
11077 41191 22061 38392 33051 39791
21212 11959 11032 22939 11028 33847 20010 44801 04502
55772 03010 66734 06516 77665 08528 88576 08036 99564
09041 11528 12012 22507 08017 33485 11015 44446 12507
55434 11510 66420 02511 77415 01016 88408 01021 99395
04019 11385 03010 22370 32502 33356 25010 44330 27022
55305 29510 66297 00000 77291 22510 88279 25028 99241
27049 11223 26032 22210 27531 33204 28525 44195 26510
55190 19501 66186 12510 77166 15013 88160 20012 99158
19514 11152 12016 22148 10524 33137 13012 44133 18006
55130 22510 66129 22010 77125 14510 88123 13511 99119
22011 11112 23515 22110 23012 33109 23510 44107 32502
55104 06510 66101 06023 77099 07526 88095 10018 99092
09517 11091 11010 22085 07503 33082 06510 44080 08518
55074 06518 66072 04010 77071 01508 88070 04510 99067
07021 11066 06514 22065 00507 33064 33010 44061 30024
55058 31012 66056 00515 77054 34518 88053 00519 99051
33012=
