sing20200807.12
TTAA 57121 48698
99005 31457 24005 00067 30657 17507 92759 24444 17006
85496 19433 22515 70143 11866 24513 50588 05150 23009
40760 15750 08010 30971 30135 05538 25098 39764 05538
20247 51764 07053 15427 65965 08539 10664 79958 12532
88105 81356 09027
77999=
TTCC 57121 48698
70867 76164 06535 50067 62177 08519 30389 58779 27536
20648 52783 18505 10104 44189 10529
88739 81358 04022
77582 08563 43047=
TTDD 5712/ 48698
11888 76161 22739 81358 33705 76363 44637 72769 55606
74367 66561 65777 77503 61978 88464 61378 99435 54582
11378 59379 22351 56581 33290 59179 44257 58181 55245
51984 66205 53782 77182 48585 88171 51383 99081 41590
11067 44388 22053 35393 33043 34593
21212 11933 06541 22895 05521 33881 04514 44836 35010
55821 01007 66776 04010 77739 04022 88680 07539 99649
07035 11624 06046 22582 08563 33563 09554 44519 07523
55466 09016 66458 08510 77452 13501 88445 25510 99422
25030 11390 26045 22360 28038 33320 26538 44292 28536
55278 26537 66230 28010 77220 26517 88216 26510 99211
34501 11206 09010 22193 13010 33191 11513 44178 17005
55174 12010 66168 07515 77164 06513 88153 08029 99147
06520 11138 07544 22120 08047 33103 08527 44098 11522
55094 17010 66091 19007 77079 23016 88072 18010 99071
20014 11069 19512 22068 17009 33067 16510 44065 22012
55062 26024 66060 27013 77059 17502 88058 09010 99055
12522 11054 11532 22049 10042 33047 10542 44045 14048
55043 13557=
