sing20200815.00
TTAA 65001 48698
99008 25811 36005 00089 25831 18001 92774 22650 18008
85508 18850 31003 70152 10457 29515 50587 06302 09012
40758 17301 08518 30968 31143 07031 25095 41158 07031
20242 53559 08544 15421 67158 10533 10659 72764 07036
88111 76559 08534
77999=
TTCC 65001 48698
70867 72367 04025 50068 66175 07543 30388 53982 25020
20648 50386 27507 10100 45789 32010
88999
77999=
TTDD 6500/ 48698
11784 75963 22739 71568 33649 74766 44643 72168 55538
66573 66507 67973 77486 61978 88442 59379 99404 61977
11374 57980 22347 60578 33323 54983 44288 52184 55283
51784 66236 55982 77199 50386 88178 52584 99157 50187
11125 53185 22119 49588 33088 43190 44072 46189 55065
40391 66064 41191 77059 38992 88056 40791 99052 37592
11049 37992
21212 11973 06036 22890 10525 33805 19022 44792 19021
55747 08514 66742 07014 77718 04020 88663 06025 99630
10527 11625 11530 22573 11051 33548 09040 44508 07550
55479 07030 66470 08022 77456 12010 88439 21501 99385
21512 11361 21525 22349 21019 33328 26017 44315 24516
55282 26021 66252 30525 77236 29519 88228 31514 99206
29510 11197 30006 22185 02021 33168 04015 44162 08516
55156 07014 66151 09514 77141 05519 88129 03522 99128
03522 11121 02515 22117 34003 33100 31510 44097 34511
55091 01510 66081 01525 77076 02513 88073 04513 99069
02513 11065 02508 22064 05010 33060 10517 44058 10527
55054 14521 66052 11526 77049 13520=
