sing20200818.12
TTAA 68121 48698
99006 28241 28005 00072 27650 17504 92758 23259 16510
85493 19856 20519 70142 10244 20510 50586 06116 05006
40757 16712 08510 30968 30356 10525 25095 40756 06019
20243 53917 07531 15423 65360 10523 10662 76560 21514
88999
77999=
TTCC 68121 48698
70866 78760 10019 50068 62177 08513 30386 60978 30021
20644 52783 22529 10099 43790 22011
88832 79958 33503 88304 61178 30524
77999=
TTDD 6812/ 48698
11832 79958 22748 76162 33688 79161 44650 76364 55633
71369 66602 67973 77568 66175 88548 60379 99398 64376
11384 63577 22375 58782 33354 54982 44304 61178 55286
56583 66260 55382 77255 55981 88205 52384 99150 55782
11144 52985 22138 46589 33082 40191 44069 41191
21212 11980 23010 22922 16501 33783 06010 44755 10015
55725 10014 66698 09520 77656 05535 88624 07049 99593
09029 11563 08537 22537 11011 33520 09007 44498 08513
55489 09010 66467 13501 77447 21510 88403 27027 99374
30517 11353 29024 22327 30529 33291 30516 44278 30027
55266 29522 66246 25509 77235 25524 88216 24516 99215
24516 11203 23030 22194 22528 33177 25021 44166 23517
55161 26515 66154 26017 77151 26511 88147 17501 99144
10010 11110 19510 22106 17512 33102 19511 44100 22011
55095 23007 66091 24019 77085 24510 88083 21504 99080
27019 11076 27531 22069 28028=
