sing20180522.12
TTAA 72121 48698
99004 29657 07001 00062 29057 15004 92751 23228 17005
85487 19039 12506 70137 10841 14512 50587 04335 08512
40760 13560 15508 30973 28331 15502 25101 38337 12012
20250 51342 14006 15430 67756 00508 10662 85137 12010
88999
77999=
TTCC 72125 48698
70865 77762 03511 50062 70970 06512
88982 85741 10014
77999=
TTDD 7212/ 48698
11982 85741 22943 84556 33912 77959 44870 76563 55723
79561 66642 76566 77618 70971 88575 69372 99524 71970
11457 68373
21212 11969 08517 22943 09021 33918 10511 44906 13006
55796 27003 66773 32510 77739 32521 88719 34515 99685
08011 11627 12510 22609 10010 33584 04002 44560 26510
55548 26510 66516 02005 77503 06510 88457 08537=
