sing20180523.12
TTAA 73121 48698
99006 29244 29003 00076 28245 30005 92765 22407 22003
85499 19020 01502 70143 10025 09505 50587 04906 15002
40760 13911 11003 30973 27917 11021 25101 38520 11023
20250 51550 08529 15430 67742 09527 10661 87731 11028
88999
77999=
TTCC 73127 48698
70864 74966 03004
88994 88131 11029
77999=
TTDD 7312/ 48698
11994 88131 22972 87547 33961 81357 44911 77760 55839
76361 66775 78560 77735 77962 88716 74365 99687 75166
11659 70770 22626 71369
21212 11978 11027 22937 19505 33922 20510 44859 30512
55815 32026 66771 34515 77760 36011 88728 04521 99709
03010 11693 34502 22648 19010 33626 20515=
