sing20180513.00
TTAA 63001 48698
99008 28223 19503 00092 28033 14006 92780 22413 14011
85514 18230 12013 70155 09823 10006 50588 05506 33010
40760 15532 21516 30972 29925 23514 25099 40332 25511
20246 53536 26019 15425 67557 34514 10660 79557 13508
88103 80156 18516
77999=
TTCC 63001 48698
70863 81158 23004 50062 67572 07022 30373 59577 09557
20633 49583 09068 10098 39989 08530
88747 80958 27015
77181 08573 40908=
TTDD 6300/ 48698
11963 80357 22850 75162 33747 80958 44695 81559 55681
79562 66664 70769 77650 69173 88609 71969 99518 66573
11476 69970 22337 61777 33316 62776 44307 59378 55256
54180 66157 46585 77156 46585 88155 46585 99138 40388
11123 43586 22115 44186 33112 40589 44106 41988 55094
35991 66075 39989 77073 38590 88072 34193 99068 28995
11063 31994 22054 29795
21212 11976 09511 22905 06010 33896 07011 44889 06010
55874 34502 66853 26010 77810 25518 88756 26516 99733
29010 11664 30501 22579 21517 33557 22512 44531 12509
55525 09512 66509 07020 77482 07526 88436 11045 99409
10536 11360 08546 22311 09562 33272 08064 44181 08573
55151 09571 66138 08027 77130 07010 88124 04002 99120
11512 11114 12522 22109 15512 33106 10005 44102 09021
55100 08030 66096 10515 77095 12510 88093 19006 99090
25010 11084 28518 22079 25523 33077 24523 44072 26010
55070 24505 66067 22510 77057 32023 88054 33031=
