  1. 5.2018   0 Uhr

 99.9  -7.6  -4.4   93.2  -5.0  -1.3   82.5  -0.0  -0.0   80.2  -5.3  -6.3
 78.9  -3.6  -4.3   77.8   1.8  -4.8   76.9   3.1  -5.3   75.6   1.8  -4.8
 73.9  -1.8  -4.8   73.6  -2.2  -4.7   71.6   0.5  -0.2   70.3   3.3   3.9
 70.0   4.0   4.7   64.4   9.8   9.8   61.9   9.3   4.3   60.0   6.7   3.9
 57.7   7.3  -2.6   54.3   3.7 -10.2   50.3   0.4  -4.6   50.0  -0.0  -5.1
 49.7  -0.4  -5.1   48.5  -5.0  -5.9   45.9 -10.8  -0.9   42.8 -16.4  -4.4
 38.9 -21.5   1.9   37.8 -21.5   1.9   36.0 -30.4   0.0   30.0 -33.3  -2.9
 28.6 -34.5   0.0   24.7 -32.8   2.9   20.0 -37.9  -3.3   16.7 -43.6   3.8
 14.0 -43.2   0.0   12.4 -32.3  -2.8   11.5 -12.9   0.0   11.2  -5.1  -0.9
 10.8   0.1  -1.0   10.6   5.1  -0.9   10.0  11.7  -2.1    9.8  12.8  -1.1
  9.5  14.0  -5.1    9.2   8.4  -5.9    9.0   8.4  -3.9    8.2  17.9   4.8
  7.5  18.7  -3.3    6.8  19.3  -7.0    6.4  10.8  -0.9    5.6  12.6  10.6
  5.3  16.0   9.3    4.7  10.6  -1.9    4.5  20.9   5.6    4.2  31.9  11.6
  4.0  26.3   4.6

 99.9  -7.6  -4.4   90.0  -3.5  -0.9   80.0  -5.0  -6.0   70.0   4.0   4.7
 60.0   6.7   3.9   50.0  -0.0  -5.1   45.0 -12.4  -1.9   40.0 -20.0   0.1
 35.0 -30.8  -0.5   30.0 -33.3  -2.9   25.0 -32.9   2.6   22.5 -35.1   0.1
 20.0 -37.9  -3.3   15.0 -43.3   1.5   12.0 -23.8  -1.6   10.0  11.7  -2.1
  8.0  18.1   2.5    7.0  19.2  -5.9    6.0  11.7   4.7    5.0  13.4   3.8
  4.0  26.3   4.6

  1. 5.2018  12 Uhr

 99.9  -3.8   2.7   83.0  -0.8   1.3   78.0   8.9   5.1   77.3   8.9   5.1
 74.9   3.3   3.9   72.5   0.4   2.5   70.0   5.9   4.1   65.8   7.6   1.3
 63.6   6.5   1.7   60.5   7.6  -5.3   56.4   9.8  -9.8   54.7   7.3  -8.7
 51.6  -0.0  -8.2   50.2  -4.0  -2.3   50.0  -4.8  -1.8   49.9  -4.8  -1.8
 48.1  -7.6   1.3   45.0 -15.0   5.5   41.5 -12.5   7.2   40.4 -13.5   4.9
 37.6 -21.8  -3.8   35.3 -30.2  -2.6   30.0 -29.7  -2.6   29.2 -30.9   0.0
 23.9 -31.8  -8.5   20.0 -34.8   3.0   19.4 -33.3   2.9   13.7 -44.1  -3.9
 12.2 -23.7   0.0   11.1  -5.3   1.9   10.8  -0.5   2.0   10.4   4.5   2.6
 10.0   5.1  -0.9    9.3   2.5  -2.5    9.2   4.7  -2.2    8.4  11.1   2.0
  7.8  20.5   1.8    6.4  10.7  -5.0    6.0  15.9  -7.4    5.9  13.4  -7.7
  5.7  10.9  -2.9    5.5   7.5  -3.5    5.3  12.9  -0.0    5.2  14.3  -1.3
  4.8  10.4  -2.8    4.7  16.5  -0.0    4.5  28.9   5.1    4.2  32.9  -5.8
  4.0  35.4  -3.1

 99.9  -3.8   2.7   90.0  -2.1   1.9   80.0   5.0   3.6   70.0   5.9   4.1
 60.0   7.9  -5.8   50.0  -4.8  -1.8   45.0 -15.0   5.5   40.0 -14.7   3.7
 35.0 -30.2  -2.6   30.0 -29.7  -2.6   25.0 -31.6  -6.6   22.5 -32.9  -4.5
 20.0 -34.8   3.0   15.0 -41.4  -2.2   12.0 -20.4   0.3   10.0   5.1  -0.9
  8.0  17.3   1.9    7.0  15.1  -2.0    6.0  15.9  -7.4    5.0  12.4  -2.0
  4.0  35.4  -3.1

  2. 5.2018   0 Uhr

 99.9  -1.2  -1.7   93.6  -1.5  -8.6   89.4  -9.5  -9.5   85.8  -5.5  -3.8
 84.4  -5.1  -2.4   84.1  -4.8  -1.8   81.8  -0.1   1.5   79.8   5.1   0.9
 77.5  11.7   2.1   74.2   8.2  -0.0   71.7   4.5   1.2   70.0   8.7  -0.8
 69.0  11.3  -0.0   66.8  13.8   1.2   64.9  10.8   0.9   63.4   9.3  -4.3
 59.4   6.8  -9.7   55.9  -3.0  -6.5   55.0  -4.5  -1.2   54.5  -5.1   0.4
 51.8  -3.7   7.9   51.0  -3.7   7.9   50.0  -6.5   6.5   48.7  -8.9   4.1
 46.2 -10.2   5.9   43.4 -11.8   0.0   35.0 -28.2  -2.5   30.0 -29.2   2.6
 29.8 -29.2   2.6   24.5 -31.9  -5.6   20.5 -36.9   3.2   20.0 -36.4   3.2
 16.8 -34.8   3.0   13.9 -43.0  -3.8   13.0 -38.9  -3.4   11.9 -13.3  -1.2
 11.5  -4.2  -3.0   11.4  -2.3  -2.8   10.6  -0.0  -0.0   10.2   4.7   2.2
 10.1   6.2   3.6   10.0   6.1   2.8    9.3   3.6  -0.0    9.1   6.8  -2.5
  8.0  27.4  -4.8    6.9  10.8  -0.9    6.7  10.9   2.9    5.9  14.9  -1.3


 99.9  -1.2  -1.7   90.0  -8.3  -9.3   80.0   4.5   1.0   70.0   8.7  -0.8
 60.0   7.2  -8.9   50.0  -6.5   6.5   45.0 -10.9   3.4   40.0 -18.2  -1.0
 35.0 -28.2  -2.5   30.0 -29.2   2.6   25.0 -31.6  -4.8   22.5 -34.3  -1.3
 20.0 -36.4   3.2   15.0 -39.8  -1.1   12.0 -15.7  -1.4   10.0   6.1   2.8
  8.0  27.4  -4.8    7.0  12.3  -1.3    6.0  14.4  -0.7    5.0   0.0   0.0
  4.0   0.0   0.0

  2. 5.2018  12 Uhr

 99.9  -6.3  -5.3   91.8  -6.9  -8.3   89.4  -4.4  -4.4   87.7   0.1  -0.5
 85.4   4.8  -1.8   81.6   8.8  -6.2   78.6   7.3  -8.7   75.2   4.6  -9.8
 72.9   5.3  -6.3   71.7   2.6  -4.5   70.1   0.9  -1.9   70.0   0.9  -1.9
 66.2   7.0  -1.9   63.4   7.6  -7.6   60.5   4.7  -6.7   57.2  -4.0  -4.0
 56.6  -1.3   0.8   55.9   0.0   5.1   53.2   3.9  10.6   51.0   1.9   7.0
 50.2  -1.0   5.6   50.0  -1.5   5.5   49.8  -2.1   5.8   48.2  -3.7   7.9
 46.0  -6.1  -0.5   45.7  -7.0  -1.9   42.9 -18.4  -4.9   36.0 -22.1   0.0
 33.1 -26.8  -7.2   30.0 -30.4   0.0   28.2 -33.3   2.9   26.1 -30.2   2.6
 20.0 -33.3   2.9   14.1 -42.2   0.0   13.3 -34.8   3.0   12.8 -20.4   5.5
 12.4 -11.1   6.4   11.9  -6.2  10.7   10.6   3.7   7.9   10.3   5.8   3.3
 10.0   7.5   3.5    9.5   6.0   1.6    9.2   2.5  -1.8    9.0   3.6  -3.6
  8.8   8.9  -4.1    8.2  12.6 -10.6    8.0   8.6 -10.2    7.3   4.5  -1.2
  7.1   9.2  -0.8    6.9  12.4   3.3    6.6  10.6  -1.9    6.2  16.4   4.4
  5.9   9.6  -1.7    5.3  24.1   2.1    4.9  15.9  -4.3    4.6  26.6  -2.3
  4.0  16.8  -7.8

 99.9  -6.3  -5.3   90.0  -5.0  -5.3   80.0   8.0  -7.5   70.0   0.9  -1.9
 60.0   3.4  -6.3   50.0  -1.5   5.5   45.0  -9.8  -2.6   40.0 -19.9  -2.9
 35.0 -23.7  -2.4   30.0 -30.4   0.0   25.0 -30.8   2.7   22.5 -32.0   2.8
 20.0 -33.3   2.9   15.0 -40.7   0.5   12.0  -7.2   9.8   10.0   7.5   3.5
  8.0   8.6 -10.2    7.0  10.8   1.3    6.0  11.9   0.4    5.0  18.0  -2.6
  4.0  16.8  -7.8

  3. 5.2018   0 Uhr

 99.9  -4.4  -4.4   96.3  -5.0  -5.9   93.9  -5.7   0.0   91.7  -4.8   1.8
 84.5   4.2   3.0   82.5   8.2  -0.0   81.5   6.5  -1.7   79.8   1.9  -5.3
 79.5   0.9  -5.1   77.7   1.1  -1.1   74.7   5.1   0.9   70.3  10.6  -1.9
 70.0  10.6  -1.9   64.9   6.7  -3.9   64.0   3.9  -3.3   62.7  -0.3  -1.0
 61.4  -5.1   0.0   60.1  -7.7   0.0   57.3   1.3   5.0   55.9   4.7   6.7
 53.5  -0.5   5.6   52.1  -0.7   7.7   50.0  -2.8   2.3   49.5  -2.7   1.5
 45.8  -9.2   0.8   44.7  -8.7  -3.2   40.0 -18.4   1.6   35.4 -30.2  -2.6
 32.8 -32.3   2.8   30.0 -29.2   2.6   26.8 -31.8  -2.8   23.1 -28.9   5.1
 20.0 -30.4   0.0   14.5 -39.8  10.7   13.7 -42.5   3.7   12.1 -17.9  -1.6
 11.8 -10.4  -2.8   11.6  -6.7  -3.9   11.4  -2.8  -7.7   10.8   1.7  -6.5
 10.7   2.2  -4.7   10.6   3.4  -2.4   10.4   4.8   1.8   10.3   5.1   3.5
 10.0  11.4   3.1    9.3  16.2  -2.9    8.9  11.1  -6.4    8.6   4.7  -2.2
  8.4   2.0  -0.4    8.3   4.2   3.0    7.3  13.7   2.4    6.8   7.2  -0.6
  6.6  17.4   1.5    6.3  14.3   1.3    5.8   8.6  -1.5    5.7   4.2  -3.0
  5.6   3.0  -3.5    5.3  10.8  -0.0    5.1  19.0   1.7    4.8  11.3  -1.0
  4.5  25.8   4.6

 99.9  -4.4  -4.4   90.0  -2.7   2.0   80.0   2.5  -4.9   70.0  10.6  -1.9
 60.0  -7.4   0.2   50.0  -2.8   2.3   45.0  -8.8  -2.1   40.0 -18.4   1.6
 35.0 -30.5  -1.8   30.0 -29.2   2.6   25.0 -30.4   0.9   22.5 -29.2   4.1
 20.0 -30.4   0.0   15.0 -38.8   9.6   12.0 -15.5  -2.0   10.0  11.4   3.1
  8.0   7.0   2.8    7.0   9.8   0.6    6.0  10.9  -0.4    5.0  16.4   0.8
  4.0   0.0   0.0

  3. 5.2018  12 Uhr

 99.9  -2.2  -4.7   87.3   0.1   0.5   84.0   5.3   1.9   74.4   4.8  -1.8
 72.6   3.9  -3.3   70.6   4.2  -3.0   70.0   5.1  -2.4   67.2   5.8   2.1
 66.1   5.0   1.3   62.1   0.9   5.1   61.3   1.5   5.5   59.7   7.6   5.3
 56.2   6.9   8.3   54.9   5.5   5.5   52.5   0.5  -0.0   50.0  -2.5   0.4
 48.7  -4.8  -1.8   47.0  -4.1  -7.1   44.1  -8.0 -11.4   42.4 -14.0  -5.1
 39.7 -23.1   2.0   30.7 -32.3   2.8   30.0 -29.8   0.0   29.8 -29.8   0.0
 27.9 -35.5   0.0   21.7 -31.3   2.7   20.0 -35.5   0.0   19.0 -35.9  -3.1
 15.5 -45.6   4.0   14.8 -44.6   3.9   13.6 -22.3   3.9   12.1 -10.6  -3.9
 11.8  -7.5  -2.0   11.4  -0.5   2.0   11.1   3.6   3.6   10.7   7.7   2.8
 10.6   8.7   0.8   10.1   1.5  -5.5   10.0   0.9  -5.1    9.8   3.0  -3.5
  9.6   5.8  -3.3    9.2  12.4  -3.3    8.7   7.5  -2.0    8.5   4.5  -2.6
  8.1   8.4  -2.3    7.6  11.9  -3.2    7.1   2.3  -6.3    6.8   1.2  -6.6
  6.6   6.3  -7.5    6.3   4.1  -7.1    6.1   6.3  -7.5    5.9  -0.0 -10.3
  5.7  -0.7  -7.7    5.6   2.5  -2.5    5.2  22.5   2.0    4.9  11.1   2.0
  4.3  29.8  -8.0    4.2  27.3  -7.3

 99.9  -2.2  -4.7   90.0  -0.4  -0.6   80.0   5.1   0.4   70.0   5.1  -2.4
 60.0   6.4   5.3   50.0  -2.5   0.4   45.0  -6.8 -10.0   40.0 -22.0   1.2
 35.0 -27.7   2.4   30.0 -29.8   0.0   25.0 -33.6   1.2   22.5 -31.9   2.4
 20.0 -35.5   0.0   15.0 -44.9   3.9   12.0  -9.6  -3.3   10.0   0.9  -5.1
  8.0   9.1  -2.4    7.0   1.9  -6.4    6.0   3.2  -8.9    5.0  15.0   2.0
  4.0   0.0   0.0

  4. 5.2018   0 Uhr

 99.9   1.4   8.1   92.3   9.9  11.8   83.7  11.7   5.4   82.1  10.1   1.8
 80.2   6.7  -5.6   76.4  -1.4  -8.1   75.6  -0.0  -6.7   74.4   3.8  -5.5
 72.4   5.1  -4.3   70.6   4.4   1.6   70.2   4.3   3.6   70.0   4.4   4.4
 67.6   5.7   9.8   65.6   5.1   8.9   62.5  13.1   9.1   57.5   6.6   1.2
 54.5   5.8  -5.8   52.5   5.0  -1.3   51.4   2.0  -2.4   50.6  -0.0  -5.1
 50.0  -0.6  -6.7   49.0  -2.0  -7.5   47.8  -6.2  -3.6   41.5 -22.0   1.9
 36.7 -26.9  -4.7   35.0 -33.8   3.0   34.2 -29.9   5.3   30.2 -35.5   0.0
 30.0 -35.5   0.0   24.4 -32.3   2.8   20.0 -36.5  -6.4   15.0 -46.8   0.0
 13.9 -23.1  -2.0   13.3 -17.4  -4.7   13.0 -13.1  -6.1   12.8 -12.6  -8.9
 12.2 -13.1  -6.1   11.8 -10.2   0.9   11.2  -5.1   0.0   10.6 -10.8   0.0
 10.4  -6.7  -0.6   10.3  -5.1   0.0   10.1  -0.0   0.5   10.0   2.5   0.7
  9.9   5.1   0.9    9.7   5.5   1.5    9.6   4.7   2.2    9.2  -5.1  -0.9
  8.8 -10.6  -1.9    8.6 -13.3   1.2    8.2  -8.0   4.6    8.1  -5.9   5.0
  7.7  -5.5  -4.6    7.4  -2.8  -6.1    7.3  -0.4  -5.1    7.2   1.7  -3.7
  7.0   6.6  -1.2    6.9  12.2   2.1    6.6  14.9   1.3    6.2   9.3  -0.0
  6.1   4.7  -2.2    6.0   0.2  -2.0    5.7   4.4 -12.1    5.6   1.7  -9.6
  5.5  11.2 -16.0    5.4   5.4  -9.4    5.3   0.4  -5.1    5.2  -0.0  -5.7
  5.0   6.5  -3.0    4.9  10.6  -1.9    4.5  20.6  -0.0    4.3  16.2  -2.9
  4.0  28.4  -5.0

 99.9   1.4   8.1   90.0  10.4  10.2   80.0   6.3  -5.8   70.0   4.4   4.4
 60.0   9.9   5.2   50.0  -0.6  -6.7   45.0 -13.1  -1.2   40.0 -23.5  -0.1
 35.0 -33.8   3.0   30.0 -35.5   0.0   25.0 -32.7   2.5   22.5 -34.0  -1.0
 20.0 -36.5  -6.4   15.0 -46.8   0.0   12.0 -11.7  -2.6   10.0   2.5   0.7
  8.0  -5.8   2.6    7.0   6.6  -1.2    6.0   0.2  -2.0    5.0   6.5  -3.0
  4.0  28.4  -5.0

  4. 5.2018  12 Uhr

 99.9   1.7   6.5   94.9   4.4   4.4   91.6   6.5  -1.7   88.7   8.0  -4.6
 85.2   5.6  -6.7   81.2   4.7  -2.2   76.4  -7.0  -1.9   75.6  -7.7   0.0
 74.9  -5.1   0.9   74.1  -0.1   1.0   71.0   4.7   2.2   70.0   8.4   2.3
 68.4  12.1   4.4   60.2  14.9  -1.3   53.9   7.0  -3.3   52.9   4.7  -2.2
 50.4  -0.0  -0.0   50.0  -2.0   0.5   48.7  -4.5  -2.6   46.2 -12.1  -4.4
 44.5 -19.5   1.7   42.9 -19.9   5.3   41.7 -19.8   7.2   40.0 -24.6  -2.2
 36.9 -24.1   2.1   35.2 -33.8   9.1   32.9 -31.9   5.6   30.0 -34.5   0.0
 27.2 -38.6   0.0   24.9 -32.8   2.9   20.0 -42.2   0.0   19.1 -43.2   0.0
 14.9 -42.5  -3.7   13.7 -23.7   0.0   12.7 -24.7   0.0   11.7 -10.6   8.9
 11.4  -5.0  10.7   11.2   2.4  13.7   10.4  10.2  10.2   10.0  11.4   9.6
  9.8  10.9  10.9    9.3   1.5   8.6    8.6   4.0   4.0    8.5   3.6   3.6
  8.2   1.1  -1.1    7.9  -1.3  -5.0    7.2  -1.2 -13.3    6.7   3.3 -12.4
  6.6   1.4  -8.1    6.4  -0.4  -5.1    6.3  -0.4  -0.3    6.0   3.6   3.6
  5.8  10.9   2.9    5.3  -0.3   0.4    5.1  14.3   1.3    4.7  31.3  -2.7
  4.5  28.0 -10.2

 99.9   1.7   6.5   90.0   7.3  -3.3   80.0   1.8  -2.1   70.0   8.4   2.3
 60.0  14.6  -1.4   50.0  -2.0   0.5   45.0 -17.3  -0.1   40.0 -24.6  -2.2
 35.0 -33.6   8.8   30.0 -34.5   0.0   25.0 -33.1   2.7   22.5 -37.2   1.5
 20.0 -42.2   0.0   15.0 -42.6  -3.6   12.0 -14.9   6.2   10.0  11.4   9.6
  8.0  -0.5  -3.7    7.0   0.6 -13.0    6.0   3.6   3.6    5.0  18.5   0.3
  4.0   0.0   0.0

  5. 5.2018   0 Uhr

 99.9   8.9   4.1   93.2   6.7   4.7   90.4   5.5   1.5   87.4   3.1   5.3
 86.0   2.6   4.5   84.0  -0.1   0.5   76.5   3.3  -3.9   74.2  -0.0  -8.7
 72.7  -1.3  -7.6   70.0   3.6  -3.6   69.3   4.9  -2.8   67.5   7.6  -1.3
 60.9  15.4  -0.0   57.5  10.6   1.9   55.7   8.7   0.8   54.7   5.1   0.9
 53.7   0.5   2.0   50.9  -5.1   0.9   50.0  -6.1  -1.1   49.8  -6.5  -1.7
 47.3 -12.1   5.7   45.2 -18.6   8.7   43.0 -26.6  -2.3   40.9 -29.9   5.3
 33.1 -32.4  -5.7   30.0 -35.4  -3.1   20.0 -37.4   3.3   15.7 -38.0   6.7
 14.0 -40.5   3.5   13.2 -27.3   0.0   12.6 -29.3   0.0   11.6  -8.0   4.6
 11.4  -3.0   4.2   11.1   0.4   2.5   10.0   0.7   0.8    9.9   0.5  -0.0
  8.4  -0.0  -5.1    8.3  -2.0  -7.5    8.0  -3.6  -3.6    7.5  -0.5   3.0
  7.4   3.3   3.9    7.3   8.0   4.6    6.7  18.4   6.7    6.5  12.9   7.5
  6.2   6.5   9.3    5.8   9.2  -0.8    5.4   5.1   3.5    5.1   1.5  -2.1
  5.0   8.9   2.4    4.9  12.2  -2.1    4.8  14.3  -1.3

 99.9   8.9   4.1   90.0   5.2   2.0   80.0   1.7  -1.8   70.0   3.6  -3.6
 60.0  14.2   0.5   50.0  -6.1  -1.1   45.0 -19.4   7.7   40.0 -30.2   4.1
 35.0 -31.8  -2.9   30.0 -35.4  -3.1   25.0 -36.3  -0.1   22.5 -36.8   1.5
 20.0 -37.4   3.3   15.0 -39.0   5.4   12.0 -16.7   2.7   10.0   0.7   0.8
  8.0  -3.6  -3.6    7.0  13.1   5.6    6.0   7.8   4.3    5.0   8.9   2.4
  4.0   0.0   0.0

  5. 5.2018  12 Uhr

 99.9   2.0   0.5   84.1  -0.0  -0.0   79.5  -3.2  -8.7   78.9  -4.1  -8.9
 77.1  -4.2  -3.0   74.1  -0.7   0.8   72.1   4.7   2.2   70.0   9.2   3.3
 66.8  11.6   4.2   62.8   9.6   1.7   60.6   8.3  -6.9   55.6  -1.2 -13.8
 52.2  -1.3  -5.0   50.0  -6.2  -6.2   46.7 -12.1   4.4   44.9 -16.8   7.8
 41.8 -23.7   0.0   35.2 -36.0   6.3   30.0 -35.9   3.1   21.0 -30.4   0.0
 20.0 -30.7   2.7   14.2 -36.9  -3.2   13.4 -22.4  -6.0   12.6 -11.8   1.0
 12.3  -8.4   2.3   11.9  -4.5   2.6   11.4   1.3   0.8   10.8   3.6  -3.6
 10.5   5.9  -5.0   10.0   3.1  -5.3    9.8   3.2  -4.6    9.4  -0.0  -0.0
  8.9  -5.0   1.3    8.8  -3.6   4.3    8.4  -1.3   5.0    8.3  -2.5   2.5
  8.2  -5.6   1.0    8.0 -11.3  -1.0    7.2  -6.1  -0.5    7.0  -4.5  -2.6
  6.9   0.3  -0.4    6.7   3.9  -3.3    6.5   6.7  -0.6    6.3   7.6   1.3
  5.7   6.5  -6.5    5.2  20.4  -5.5    4.7   5.1  -2.4    4.6   8.6  -1.5
  4.5  18.7  -3.3

 99.9   2.0   0.5   90.0   0.8   0.2   80.0  -2.8  -7.7   70.0   9.2   3.3
 60.0   7.2  -7.7   50.0  -6.2  -6.2   45.0 -16.5   7.6   40.0 -26.9   1.7
 35.0 -36.0   6.2   30.0 -35.9   3.1   25.0 -33.0   1.5   22.5 -31.4   0.6
 20.0 -30.7   2.7   15.0 -36.0  -2.3   12.0  -5.5   2.5   10.0   3.1  -5.3
  8.0 -11.3  -1.0    7.0  -4.5  -2.6    6.0   7.1  -2.5    5.0  14.4  -4.3
  4.0   0.0   0.0

  6. 5.2018   0 Uhr

 99.9   3.1  -1.8   93.4   4.7  -4.0   90.7   5.5  -1.5   81.5   2.6  -4.5
 75.1  -0.4   0.3   72.9   4.5   2.6   70.0   8.4   5.9   68.6   9.1   7.6
 66.8   7.1   6.0   64.7   9.2   0.8   59.8   5.3  -1.9   58.3  -0.8  -3.0
 57.4  -4.8  -1.8   56.2  -5.6   0.5   54.9  -0.9   5.1   54.4   0.0   5.7
 53.1  -4.2   3.0   50.8  -9.3   4.3   50.0 -10.7   5.0   47.5 -13.9   9.7
 43.6 -16.2  -2.9   40.5 -24.2   0.0   35.8 -31.3  -2.7   30.0 -31.4  -5.5
 29.1 -33.3  -2.9   27.0 -31.9  -5.6   21.5 -33.8   9.1   20.0 -35.0   6.2
 17.2 -41.2   0.0   14.4 -36.5   0.0   12.3 -11.8   0.0   11.6  -7.0  -3.3
 11.2  -1.5  -8.6   11.0  -0.0  -9.8   10.5  -2.8  -4.9   10.4  -2.6  -4.5
 10.1   1.2  -1.7   10.0   2.4  -0.9    9.8   5.1   0.4    9.6   7.6   1.3
  9.2   3.1  -0.0

 99.9   3.1  -1.8   90.0   5.3  -1.7   80.0   1.9  -3.4   70.0   8.4   5.9
 60.0   5.5  -1.8   50.0 -10.7   5.0   45.0 -15.4   1.8   40.0 -24.9  -0.3
 35.0 -31.3  -3.1   30.0 -31.4  -5.5   25.0 -32.6  -0.6   22.5 -33.4   6.2
 20.0 -35.0   6.2   15.0 -37.6   0.0   12.0  -9.8  -1.4   10.0   2.4  -0.9
  8.0   0.0   0.0    7.0   0.0   0.0    6.0   0.0   0.0    5.0   0.0   0.0
  4.0   0.0   0.0

  6. 5.2018  12 Uhr

 99.9   4.1  -0.4   81.6  -3.9  -8.4   81.2  -5.3  -7.6   79.5  -6.7  -3.9
 78.2  -5.6  -2.6   75.9  -2.4  -5.1   73.7  -3.9  -6.7   73.0  -2.6  -5.6
 70.0   4.0  -1.1   69.1   5.6   1.0   67.5   7.7   2.8   63.3   6.1   1.1
 61.9   4.5  -2.6   61.8   3.3  -3.9   59.7  -0.4  -5.1   58.1  -0.0  -0.0
 56.5  -3.3   3.9   55.2   0.0   5.7   53.1   1.6   6.0   51.9   0.4   5.1
 50.0  -5.9   5.0   49.1  -7.0   1.9   45.8 -13.8  -8.0   43.7 -14.3 -10.0
 37.3 -27.8   0.0   34.7 -27.1  -9.9   33.4 -31.3  -2.7   31.4 -26.1   2.3
 30.0 -27.3   0.0   20.0 -32.9   5.8   15.7 -38.1   0.0   14.1 -42.0   3.7
 12.6 -10.7   5.0   12.1  -8.7   3.2   11.8 -10.3   0.0   11.4 -14.7   2.6
 11.0 -12.4   3.3   10.5  -5.1  -0.9   10.0   2.1  -3.6    9.6  -0.5   0.1
  9.3   3.3   7.0    9.0   7.3   8.7    8.4   0.9   5.1    8.1  -4.2  -3.0
  7.8  -4.4  -4.4    7.7  -1.9   0.9    7.6   4.5  16.9    7.5  16.4  45.0
  7.4  28.2  77.3    7.3  27.1  70.6    7.2   5.8   2.1    7.1   6.8   2.5


 99.9   4.1  -0.4   90.0  -0.1  -4.6   80.0  -6.3  -5.0   70.0   4.0  -1.1
 60.0   0.1  -5.0   50.0  -5.9   5.0   45.0 -14.0  -8.8   40.0 -21.9  -4.4
 35.0 -27.2  -8.7   30.0 -27.3   0.0   25.0 -29.9   2.7   22.5 -31.4   4.2
 20.0 -32.9   5.8   15.0 -39.8   1.6   12.0  -9.2   2.1   10.0   2.1  -3.6
  8.0  -4.3  -3.4    7.0   7.7   2.8    6.0   0.0   0.0    5.0   0.0   0.0
  4.0   0.0   0.0

  7. 5.2018   0 Uhr

 99.9   4.4  -1.6   89.8   0.8  -0.6   86.1   4.7  -4.0   84.1   0.4  -5.1
 81.3   3.9   3.3   77.2   6.5   1.7   73.5  11.7   5.4   70.0   7.3   2.6
 69.8   6.8   2.5   67.6   6.2  -0.0   65.2   4.0  -4.0   63.5  -3.6  -4.3
 58.6  -6.2   0.0   57.8  -5.0   1.3   55.8   2.6   4.5   54.8   3.3   3.9
 50.4  -0.1  -0.5   50.0  -2.3  -1.1   49.4  -4.2  -3.0   41.4 -24.3   4.3
 39.5 -23.6  -2.1   30.0 -30.7   2.7   27.4 -33.8   9.1   21.1 -37.5  -6.6
 20.0 -38.5  -6.8   18.2 -44.1  -3.9   15.2 -42.6  -7.5   11.8  -4.4   1.6
 10.5  -4.3   3.6   10.4  -3.9   3.3   10.2  -0.7  -0.7   10.1   3.0  -4.2
 10.0   5.3  -6.3    9.8   7.9  -6.6    9.5  10.2   0.9    8.9  17.4   6.3
  7.0  15.7  -2.8    6.6  15.9  -0.0    6.4  13.4  -0.0    5.9   5.0  -7.2
  5.4   1.1  -1.1

 99.9   4.4  -1.6   90.0   0.9  -0.6   80.0   4.7   2.8   70.0   7.3   2.6
 60.0  -5.4  -1.3   50.0  -2.3  -1.1   45.0 -15.0   0.9   40.0 -23.8  -0.4
 35.0 -26.8   0.1   30.0 -30.7   2.7   25.0 -35.1   3.4   22.5 -36.6  -2.9
 20.0 -38.5  -6.8   15.0 -40.5  -7.0   12.0  -6.8   1.0   10.0   5.3  -6.3
  8.0  16.6   2.2    7.0  15.7  -2.8    6.0   6.7  -5.7    5.0   0.0   0.0
  4.0   0.0   0.0

  7. 5.2018  12 Uhr

 99.9   7.9  -3.7   98.2   7.1  -6.0   92.9   0.6  -6.7   89.6   2.3  -8.4
 86.9  -2.8  -7.7   85.2  -3.3  -3.9   83.2  -0.0  -0.0   77.3   5.1  -0.4
 72.8  10.2   0.9   70.0   7.0  -1.9   69.8   6.8  -2.5   67.9   3.6  -6.2
 64.8   1.7  -9.6   62.3  -4.7  -4.7   60.4  -7.3   2.6   57.3   0.4   5.1
 56.0   4.9   2.8   54.0   4.9   2.8   51.8   5.1  -0.9   50.9   4.8  -1.8
 50.0   0.5  -0.0   49.9  -0.0  -0.0   48.9  -5.1   0.9   45.1 -16.4  -1.4
 41.3 -21.8  -7.9   38.9 -26.9  -4.7   35.2 -25.3  -6.8   33.0 -26.3   7.1
 30.0 -27.9   4.9   21.0 -30.2  -2.6   20.0 -32.9   0.0   15.2 -42.5   3.7
 14.0 -20.8   3.7   13.5 -15.9   1.4   12.9 -11.6  -4.2   12.4  -3.9  -6.7
 12.1  -1.7  -9.6   11.6  -0.8  -9.2   10.9  -5.9  -8.4   10.4   1.4 -16.4
 10.0   6.5  -9.3    9.2   9.7   0.9    8.7   9.9  -2.7    8.1  12.8  -1.1
  7.2  18.3 -10.5    6.6   7.4 -10.5    6.5   6.6  -7.9    6.3   8.6  -1.5
  5.9   5.5  -1.5    5.7  -0.7  -0.7    5.5  -1.3   5.0    5.3   3.9   8.4
  5.2   0.0   9.3    5.0   8.3  11.8    4.9  11.9  14.2    4.4  17.5  17.5
  4.2  18.2   3.2    4.0  24.3  -6.5

 99.9   7.9  -3.7   90.0   2.1  -8.2   80.0   2.7  -0.2   70.0   7.0  -1.9
 60.0  -6.3   3.0   50.0   0.5  -0.0   45.0 -16.5  -1.6   40.0 -24.5  -6.2
 35.0 -25.4  -5.6   30.0 -27.9   4.9   25.0 -29.1   1.0   22.5 -29.8  -1.2
 20.0 -32.9   0.0   15.0 -39.0   3.7   12.0  -1.5  -9.5   10.0   6.5  -9.3
  8.0  13.4  -2.1    7.0  14.7 -10.5    6.0   6.3  -1.5    5.0   8.3  11.8
  4.0  24.3  -6.5

  8. 5.2018   0 Uhr

 99.9  -4.7  -6.7   96.5  -5.6  -8.0   94.2   1.0  -5.6   93.0   0.9  -5.1
 90.2   2.2  -1.3   89.0   4.8   1.8   83.8   9.3  -0.0   81.4  10.2   3.7
 79.4   7.6   4.4   75.2   5.1  -0.4   71.3   1.1  -4.0   70.7  -0.5  -6.1
 70.0  -1.6  -9.1   68.2  -2.8 -10.4   63.8  -8.2  -0.7   60.7  -2.3   6.3
 60.2   1.6   4.4   59.8   4.3   3.6   57.7  12.9  -0.0   55.0   9.4  -2.5
 53.0   7.2  -0.0   52.2   5.1  -0.4   50.3  -0.5  -0.9   50.0  -2.0  -0.4
 49.2  -5.0  -1.3   48.3  -7.2  -5.0   45.6 -19.5   0.0   40.8 -27.8   0.0
 39.1 -25.6   9.3   33.4 -28.0  10.2   31.4 -29.3   0.0   30.0 -30.9   0.0
 20.0 -37.4  -3.3   19.6 -36.5  -6.4   14.7 -40.6   0.0   13.6 -24.1   2.1
 11.1   0.4   4.1   10.4   1.9  -5.3   10.0   6.6  -7.9    9.7   6.3  -4.4
  9.3   6.5  -6.5    8.7  11.2  -5.2    7.4   3.9  -3.3    7.1   1.8   4.8
  6.6   6.4  11.1    6.3  15.6   9.0    6.0   8.9   5.1    5.9  12.8   1.1
  5.4  22.8 -10.7    5.0  15.7  -2.8    4.6  12.1  -4.4

 99.9  -4.7  -6.7   90.0   2.7  -0.8   80.0   8.4   4.2   70.0  -1.6  -9.1
 60.0   3.0   4.0   50.0  -2.0  -0.4   45.0 -20.5   0.0   40.0 -26.8   4.4
 35.0 -27.3   9.9   30.0 -30.9   0.0   25.0 -33.9  -1.5   22.5 -35.6  -2.4
 20.0 -37.4  -3.3   15.0 -40.4  -0.4   12.0  -8.9   3.3   10.0   6.6  -7.9
  8.0   7.4  -4.2    7.0   2.7   6.1    6.0   8.9   5.1    5.0  15.7  -2.8
  4.0   0.0   0.0

  8. 5.2018  12 Uhr

 99.9  -1.4   0.7   92.2  -0.4  -5.1   86.1  -0.9 -10.8   83.9  -0.0  -7.7
 81.8   2.4  -2.0   79.9   5.1   0.4   76.1   5.1  -0.9   74.2  -1.3  -5.0
 70.0  -2.8  -6.1   69.4  -3.1  -5.3   69.1  -3.3  -3.9   68.4  -3.6   0.0
 68.0  -3.9   3.3   67.3  -3.2   8.7   66.5  -1.8  10.1   63.1   6.3   7.5
 61.3   5.5   4.6   59.0   8.6  -1.5   55.6   7.6  -5.3   54.4   4.9  -2.8
 53.4   1.6   1.3   50.5  -4.5   2.6   50.0  -5.8   3.3   48.5  -9.2   3.3
 47.0 -12.2  -2.1   37.9 -24.2   8.8   34.8 -30.7   2.7   32.5 -27.4  -4.8
 30.0 -31.3   2.7   29.6 -32.3   2.8   23.2 -31.4  -5.5   21.4 -31.8   2.8
 20.0 -34.8   3.0   14.4 -40.1   0.0   13.4 -18.7  -3.3   12.9 -12.8  -1.1
 12.6  -8.7   3.2   12.4  -4.1   5.9   12.2  -1.4   8.1   11.7   1.1  12.8
 11.3  -1.1   6.1   11.0  -3.5  -0.9   10.9  -2.2  -4.7   10.6   4.9  -8.5
 10.2   8.0 -11.4   10.0   8.2 -14.3    9.9   8.2 -14.3    8.9  -0.9 -10.2
  8.6   1.9 -10.6    8.3  -0.9 -10.8    8.0   3.7  -7.9    7.9   1.8  -4.8
  7.7   0.8  -3.0    7.6   6.1  -1.1    6.9   9.4   5.4    6.0  23.2  -0.0
  5.9  19.5  -1.7

 99.9  -1.4   0.7   90.0  -0.6  -7.1   80.0   5.0   0.3   70.0  -2.8  -6.1
 60.0   7.3   1.2   50.0  -5.8   3.3   45.0 -14.6   0.1   40.0 -21.2   6.1
 35.0 -30.3   3.1   30.0 -31.3   2.7   25.0 -31.7  -3.0   22.5 -31.5  -2.4
 20.0 -34.8   3.0   15.0 -39.5   0.4   12.0  -0.4  10.0   10.0   8.2 -14.3
  8.0   3.7  -7.9    7.0   8.9   4.4    6.0  23.2  -0.0    5.0   0.0   0.0
  4.0   0.0   0.0

  9. 5.2018   0 Uhr

 99.9   6.7   0.6   87.9   4.4  -7.6   86.4   1.3  -7.1   85.0  -2.5  -9.4
 79.5  -2.7  -9.9   74.3   1.3  -5.0   70.8   3.9  -1.4   70.0   4.8   1.8
 68.6   4.6   3.2   66.4   6.5  -1.7   63.3   6.0   1.6   59.9   6.8  -2.5
 54.5  -5.3  -1.9   50.1  -6.2   3.6   50.0  -6.2   3.6

 99.9   6.7   0.6   90.0   4.8  -6.1   80.0  -2.7  -9.9   70.0   4.8   1.8
 60.0   6.7  -2.3   50.0  -6.2   3.6   45.0   0.0   0.0   40.0   0.0   0.0
 35.0   0.0   0.0   30.0   0.0   0.0   25.0   0.0   0.0   22.5   0.0   0.0
 20.0   0.0   0.0   15.0   0.0   0.0   12.0   0.0   0.0   10.0   0.0   0.0
  8.0   0.0   0.0    7.0   0.0   0.0    6.0   0.0   0.0    5.0   0.0   0.0
  4.0   0.0   0.0

  9. 5.2018  12 Uhr

 99.9   4.7  -6.7   93.6   0.8  -8.7   83.6 -13.2  -2.3   79.0  -5.0   1.3
 77.9  -1.8   2.5   70.6  -7.0  -1.9   70.0  -7.7  -2.8   67.6  -6.3  -7.5
 65.9  -0.9  -5.1   62.4   1.5  -0.4   61.1   4.5   2.6   57.2   1.8   4.8
 55.2   5.5   4.6   53.9   5.3   3.1   53.3   4.2   3.0   51.0   0.0   0.5
 50.0  -4.6   0.0   42.5 -24.8  -4.4   38.1 -26.1  -9.5   34.4 -33.8  -3.0
 31.4 -33.3   2.9   30.0 -32.9   0.0   27.4 -33.4  -5.9   25.0 -31.4   0.0
 22.0 -32.8   8.8   20.0 -37.0   6.5   15.8 -39.6   0.0   14.5 -27.4  -4.8
 13.1  -8.4   3.9   12.3  -0.9  -0.5   12.0  -5.1   0.9   11.7  -5.8   3.3
 11.2   4.3   5.1   11.0   7.6   4.4   10.5   4.7   2.2   10.1  -0.0  -0.0
 10.0  -1.3  -0.8    9.8  -4.8  -1.8    9.4 -12.7  -2.2    9.2 -11.3  -1.0
  9.0  -7.5  -2.0    8.6  -1.5  -3.3    8.2   4.9  -2.8    7.8  12.1  -5.7
  7.1   6.0  -1.6    7.0   3.8  -2.7    6.9   3.6  -3.6    6.8   4.4  -4.4
  6.2  -4.2 -11.6    5.9  -3.7  -7.9    5.7   0.4  -5.1    5.5   0.4  -0.3
  4.9  26.3   4.6    4.5  22.0   1.9

 99.9   4.7  -6.7   90.0  -4.1  -6.5   80.0  -6.8   0.5   70.0  -7.7  -2.8
 60.0   3.7   3.2   50.0  -4.6   0.0   45.0 -17.8  -2.9   40.0 -25.5  -7.2
 35.0 -32.5  -4.1   30.0 -32.9   0.0   25.0 -31.4   0.0   22.5 -32.6   7.3
 20.0 -37.0   6.5   15.0 -32.2  -2.9   12.0  -5.1   0.9   10.0  -1.3  -0.8
  8.0   8.5  -4.2    7.0   3.8  -2.7    6.0  -3.9  -9.2    5.0  21.9   3.8
  4.0   0.0   0.0

 10. 5.2018   0 Uhr

 99.9  -0.4  -4.6   91.4  -4.3  -3.6   88.9 -10.2  -0.9   87.8  -8.7   0.8
 86.8  -4.5   2.6   81.6   1.2   1.7   79.5   4.5  -2.6   77.3   1.5  -8.6
 75.7  -0.0 -11.3   74.9  -1.8 -10.1   73.1  -4.6  -5.5   72.6  -3.6  -3.6
 71.7   0.7  -0.8   70.0   3.4   1.2   67.8   5.1   0.9   63.0   7.6   1.3
 60.9   6.3   4.4   59.4   8.9   4.1   57.6   6.6  -1.2   55.0   5.1   0.9
 53.5   2.5  -2.5   52.0   1.0  -5.6   50.0  -6.5  -3.0   48.8 -10.8   0.0
 41.4 -30.7   2.7   36.0 -34.3  -3.0   32.1 -33.3   2.9   30.0 -35.5  -6.3
 24.0 -34.5   6.1   21.9 -35.5   0.0   20.0 -37.0   0.0   16.3 -39.5   3.5
 14.2 -37.9  -3.3   12.5  -8.2  -0.7   12.2  -6.7  -0.6   12.0  -3.5  -3.0
 11.8  -3.3  -3.9   11.0  -1.2   1.7   10.7  -3.9   3.3   10.0  -4.3   9.3
  9.7  -7.6   7.6    9.3  -9.3  11.0    8.7   9.1   7.6    7.0  12.1  -5.7
  6.6   3.9 -10.6    6.3   3.0  -8.2    6.0   9.8  -4.6    5.6  15.4  -7.2
  5.4  12.6  -4.6    5.1   6.5 -14.0    5.0   5.9 -10.2    4.9   2.3  -8.4


 99.9  -0.4  -4.6   90.0  -7.6  -2.1   80.0   3.7  -1.6   70.0   3.4   1.2
 60.0   7.8   4.2   50.0  -6.5  -3.0   45.0 -20.8   1.3   40.0 -31.6   1.3
 35.0 -34.1  -1.5   30.0 -35.5  -6.3   25.0 -34.6   3.9   22.5 -35.2   1.8
 20.0 -37.0   0.0   15.0 -38.5  -0.7   12.0  -3.5  -3.0   10.0  -4.3   9.3
  8.0  10.3   2.4    7.0  12.1  -5.7    6.0   9.8  -4.6    5.0   5.9 -10.2
  4.0   0.0   0.0

 10. 5.2018  12 Uhr

 99.9  -1.4  -8.1   94.3  -4.3  -9.3   91.7  -9.9  -8.3   84.9  -5.1   0.4
 79.7  -3.7  -7.9   76.7  -7.7 -11.0   73.9  -6.5  -3.0   72.7  -2.8   2.3
 71.9   0.4   5.1   70.0   3.1   1.8   69.1   5.0   1.3   66.2   7.6   4.4
 62.4  10.7   5.0   59.3   7.0  -3.3   56.1   6.5  -3.0   52.5   2.3  -6.3
 50.0  -5.6  -6.7   49.2  -7.2  -5.0   48.2 -11.1  -2.0   45.2 -21.0   1.8
 37.9 -33.4  -5.9   30.0 -34.3  -3.0   27.0 -31.9   5.6   20.0 -34.8   3.0
 15.4 -39.5   3.5   14.9 -38.6   0.0   14.2 -19.5   0.0   13.9 -13.7  -2.4
 13.3  -4.4  -7.6   12.7   4.2 -11.6   12.3   6.7 -11.6   11.1  10.1  -1.8
 10.6  10.8  -0.9   10.0   8.3   6.9    9.9   8.3   6.9    9.1   3.0   6.5
  8.9   3.6   4.3    8.6   6.1   2.8    8.1   6.6  -7.9    8.0   4.8 -10.3
  7.8   2.8 -10.4    7.5   6.7  -5.6    7.2   5.5  -5.5    6.9  -3.5  -5.1
  6.7  -3.6  -3.6    6.5  -0.8   1.3    6.4   4.2   3.0    6.2   8.9   2.4
  5.9   8.4  -5.9    5.6  13.8  -1.2    5.1   7.6  -1.3    4.8   5.1  -5.1
  4.7   3.9  -3.3    4.7   5.1   0.9    4.5   8.2   3.0    4.2  24.6   2.2
  4.0  12.9  -3.5

 99.9  -1.4  -8.1   90.0  -8.7  -6.1   80.0  -3.8  -7.4   70.0   3.1   1.8
 60.0   7.8  -1.4   50.0  -5.6  -6.7   45.0 -21.3   1.6   40.0 -29.7  -3.6
 35.0 -33.8  -4.9   30.0 -34.3  -3.0   25.0 -32.7   4.9   22.5 -33.7   4.0
 20.0 -34.8   3.0   15.0 -38.8   0.7   12.0   7.5  -9.2   10.0   8.3   6.9
  8.0   4.8 -10.3    7.0  -0.5  -5.2    6.0   8.6  -3.1    5.0   6.8  -2.6
  4.0  12.9  -3.5

 11. 5.2018   0 Uhr

 99.9  -0.3  -3.6   88.2  -6.2   0.0   86.6  -5.3  -1.9   83.4  -8.9  -4.1
 81.8 -11.8  -1.0   77.4  -5.5   4.6   76.9  -3.3   3.9   76.2   0.3   3.6
 75.6   3.9   3.3   73.7  10.1   1.8   70.0  18.2   3.2   68.5  19.4   5.2
 63.4  13.3  -1.2   59.5   7.4 -10.5   56.5   3.3 -12.4   55.0   3.0  -8.2
 54.3   0.6  -7.2   50.0 -12.3  -1.1   49.3 -10.6   1.9   47.7 -13.5   6.3
 38.7 -32.4   0.0   33.7 -30.9  11.3   31.2 -33.3   8.9   30.0 -32.9   5.8
 26.0 -31.4   0.0   23.8 -29.0 -10.6   20.0 -30.8  -8.3   17.7 -36.0  -6.3
 14.8 -34.3  -3.0   13.5 -13.3   1.2   12.0 -19.6  -9.1   11.3  -4.7  -2.2
 11.1  -0.0  -1.0   10.8   5.0  -1.3   10.2   6.8  -2.5   10.0   6.1  -1.1
  9.1   6.2   6.2    8.7   5.0   5.9    8.3   5.1  -0.9    7.7  -1.0   1.2
  7.6   3.6   3.6    7.3   8.4   2.3    7.1   6.1   1.1    6.8   0.9   5.1
  6.5   8.0   8.0    6.2   5.1   0.4    6.1   1.4   0.7    5.6   0.9  -1.3
  5.5  -2.2  -4.7    5.4  -1.1  -6.1

 99.9  -0.3  -3.6   90.0  -5.2  -0.6   80.0  -9.3   1.3   70.0  18.2   3.2
 60.0   8.2  -9.3   50.0 -12.3  -1.1   45.0 -18.9   4.5   40.0 -29.5   1.0
 35.0 -31.3   8.2   30.0 -32.9   5.8   25.0 -30.3  -4.7   22.5 -29.6  -9.8
 20.0 -30.8  -8.3   15.0 -34.5  -3.2   12.0 -19.6  -9.1   10.0   6.1  -1.1
  8.0   2.1   0.1    7.0   4.4   2.4    6.0   1.3   0.3    5.0   0.0   0.0
  4.0   0.0   0.0

 11. 5.2018  12 Uhr

 99.9 -11.7  -2.1   90.4  -6.1  -2.8   86.2  -6.7   4.7   81.5  -4.5   2.6
 78.2  -0.3   1.5   76.9   4.5   2.6   75.9   6.2   3.6

 99.9 -11.7  -2.1   90.0  -6.1  -2.1   80.0  -2.6   2.1   70.0   0.0   0.0
 60.0   0.0   0.0   50.0   0.0   0.0   45.0   0.0   0.0   40.0   0.0   0.0
 35.0   0.0   0.0   30.0   0.0   0.0   25.0   0.0   0.0   22.5   0.0   0.0
 20.0   0.0   0.0   15.0   0.0   0.0   12.0   0.0   0.0   10.0   0.0   0.0
  8.0   0.0   0.0    7.0   0.0   0.0    6.0   0.0   0.0    5.0   0.0   0.0
  4.0   0.0   0.0

 12. 5.2018   0 Uhr

 99.9  -6.6   7.9   91.3  -4.0   4.0   86.0  -0.0  -0.0   81.4   1.3  -0.8
 80.4   4.8   1.8   76.4  14.4   3.9   73.4  10.9   2.9   70.2   5.1  -0.4
 70.0   5.1  -0.4   69.3   5.1  -0.4   65.8   2.6  -4.5   61.7   1.0  -5.6
 59.9  -2.1  -2.9   59.2  -4.7  -2.2   56.5  -7.5   3.5   54.0  -4.6   3.2
 50.0 -12.3  -1.1   49.7 -12.2  -2.1   48.0 -19.8   3.5   46.5 -23.3   4.1
 43.1 -25.1   2.2   40.6 -20.9   5.6   32.5 -24.1  -2.1   30.4 -26.1   2.3
 30.0 -25.6   2.2   23.4 -27.6 -10.0   20.0 -30.4  -5.4   17.0 -33.4   5.9
 14.6 -37.0   0.0   13.2 -12.3   1.1   12.1 -13.7   2.4   11.6 -24.6   2.2
 10.6  -4.7   4.7   10.5  -3.9   3.3   10.3  -3.6   0.3   10.2  -4.8  -1.8
 10.0  -8.5  -4.9    9.7 -12.2  -8.6    9.5 -11.3  -1.0    9.2 -10.3   0.0
  9.0  -5.5   4.6    8.8   0.0   9.3    8.5   7.7  11.0    8.0   3.5   3.0
  7.6  17.4  -1.5    7.5  19.8  -3.5    6.7  26.9  -4.7    6.1  25.8  -4.6
  5.7   8.0  -2.1    5.5   8.8  -6.2    5.3  11.2  -5.2    5.1   7.2 -12.5
  4.7  -0.0 -11.3    4.6   2.5  -6.8    4.5   7.2  -0.6    4.4   8.2  -0.0


 99.9  -6.6   7.9   90.0  -3.0   3.0   80.0   5.8   2.0   70.0   5.1  -0.4
 60.0  -1.9  -3.1   50.0 -12.3  -1.1   45.0 -24.1   3.3   40.0 -21.1   5.1
 35.0 -23.0   0.4   30.0 -25.6   2.2   25.0 -27.1  -6.8   22.5 -28.3  -8.8
 20.0 -30.4  -5.4   15.0 -36.4   1.0   12.0 -15.8   2.4   10.0  -8.5  -4.9
  8.0   3.5   3.0    7.0  24.1  -4.3    6.0  21.4  -4.0    5.0   5.4 -12.2
  4.0   0.0   0.0

 12. 5.2018  12 Uhr

 99.9   0.0   0.0   90.0   0.0   0.0   80.0   0.0   0.0   70.0   0.0   0.0
 60.0   0.0   0.0   50.0   0.0   0.0   45.0   0.0   0.0   40.0   0.0   0.0
 35.0   0.0   0.0   30.0   0.0   0.0   25.0   0.0   0.0   22.5   0.0   0.0
 20.0   0.0   0.0   15.0   0.0   0.0   12.0   0.0   0.0   10.0   0.0   0.0
  8.0   0.0   0.0    7.0   0.0   0.0    6.0   0.0   0.0    5.0   0.0   0.0
  4.0   0.0   0.0

 13. 5.2018   0 Uhr

 99.9  -2.9   2.9   97.6  -5.6   0.5   90.5  -4.5  -2.6   89.6  -5.3  -1.9
 88.9  -4.5  -2.6   87.4   0.3  -1.0   85.3   5.1   0.9   81.0   8.9   2.4
 75.6   8.2   0.7   73.3   4.8  -1.8   70.0   1.6   1.3   66.4   0.4  -0.3
 57.9   5.0   7.2   55.7   4.4   4.4   53.1  -3.8   2.7   52.5  -6.1   0.5
 50.9  -9.7  -3.5   50.0 -10.6  -3.9   48.2 -12.9  -3.5   43.6 -21.8   7.9
 40.9 -17.9   4.8   36.0 -23.6  -2.1   31.1 -31.8   2.8   30.0 -29.2   2.6
 27.2 -32.4  -5.7   20.0 -35.0   0.0   18.1 -37.4  -3.3   15.1 -36.4   3.2
 13.8 -13.7  -2.4   13.0  -4.8  -1.8   12.4  -0.7  -0.8   12.0  -5.6   2.6
 11.4  -9.3   6.5   10.9  -2.6   5.6   10.6  -2.5   0.4   10.2 -10.8   0.0
 10.0 -15.4  -1.3    9.6  -7.5   2.0    9.5  -4.2   3.0    9.3   0.5   3.0
  9.0   4.8   1.8    8.4   8.9  -2.4    7.9  11.4   3.1    7.7  10.7   5.0
  7.2   5.1   0.9    7.0   2.3   1.1    6.7   3.6   3.6    5.7   7.6  -9.1
  5.4   8.0 -13.8

 99.9  -2.9   2.9   90.0  -4.9  -2.2   80.0   8.8   2.1   70.0   1.6   1.3
 60.0   3.8   5.3   50.0 -10.6  -3.9   45.0 -19.0   4.4   40.0 -18.9   3.6
 35.0 -25.2  -1.1   30.0 -29.2   2.6   25.0 -33.1  -4.1   22.5 -34.0  -2.1
 20.0 -35.0   0.0   15.0 -34.7   2.8   12.0  -5.6   2.6   10.0 -15.4  -1.3
  8.0  10.9   2.0    7.0   2.3   1.1    6.0   6.4  -5.1    5.0   0.0   0.0
  4.0   0.0   0.0

 13. 5.2018  12 Uhr

 99.9  -4.8   1.8   96.1  -9.7  -0.9   91.7 -10.8   0.9   89.9  -7.5   3.5
 86.7   0.0   6.2   80.9   4.2  11.6   78.4   3.3   9.2   76.0   5.9   4.1
 73.7   5.0   1.3   70.0   3.1  -0.0   68.1   2.6  -4.5   62.6  -0.0  -0.0
 55.9  -3.9  -3.3   53.2  -8.3  -6.9   37.3 -24.8  -4.4   32.0 -27.8   7.5
 30.0 -28.7   2.5   29.1 -30.9   0.0   27.0 -28.8   7.7   20.0 -31.9   5.6
 16.4 -32.4  -5.7   14.9 -41.0  -7.2   12.2 -12.9  -3.5

 99.9  -4.8   1.8   90.0  -7.6   3.3   80.0   3.9  10.7   70.0   3.1  -0.0
 60.0  -1.5  -1.3   50.0 -11.3  -6.5   45.0 -16.3  -5.7   40.0 -21.7  -4.9
 35.0 -26.1   0.6   30.0 -28.7   2.5   25.0 -29.6   7.2   22.5 -30.7   6.4
 20.0 -31.9   5.6   15.0 -40.4  -7.1   12.0 -10.7  -3.2   10.0   0.0   0.0
  8.0   0.0   0.0    7.0   0.0   0.0    6.0   0.0   0.0    5.0   0.0   0.0
  4.0   0.0   0.0

 14. 5.2018   0 Uhr

 99.9  -5.6   2.6   97.5  -6.5  -1.7   95.6  -7.1  -4.1   92.1  -9.2  -3.3
 86.7  -0.0  -0.0   75.8  -0.4  -5.1   72.9  -2.6  -5.6   71.2  -0.9  -5.1
 70.0   0.4  -4.1   59.2   2.6  -0.0   57.9   3.3  -3.9   55.3  -2.5  -6.8
 50.0 -13.7  -2.4   49.5 -14.9   0.0   42.4 -21.5   1.9   39.8 -17.4  -4.7
 37.4 -24.2  -8.8   36.1 -27.8  -7.5   34.6 -24.2   0.0   31.6 -26.9   4.7
 30.0 -29.2  -2.6   28.0 -36.0   0.0   23.1 -33.8   3.0   20.0 -36.5   0.0
 16.8 -42.6  -7.5   15.1 -44.8   0.0   14.1 -41.7   0.0   12.0 -10.8   0.0
 11.3  -7.0  -3.3   10.6 -20.3  -3.6   10.0  -7.1   4.1    9.9  -5.9   4.1
  9.7  -3.3   3.9    9.5   0.5  -0.1    9.2   5.1  -0.4    8.7  11.7   2.1
  8.2   6.1   1.1    8.0   5.5  -3.8    7.8   7.1  -6.0    7.2   5.1  -0.4
  6.9   3.5   0.9    6.7   5.1  -0.4    6.5   9.2  -3.3    6.1  15.4  -1.3
  5.7   8.0  -2.1    5.5   3.2  -4.6    5.4   3.5  -5.1    5.2  12.7  -2.2
  4.8  24.3   4.3    4.6  11.1   6.4

 99.9  -5.6   2.6   90.0  -5.7  -2.1   80.0  -0.3  -3.1   70.0   0.4  -4.1
 60.0   2.4  -0.3   50.0 -13.7  -2.4   45.0 -19.0   1.2   40.0 -17.7  -4.1
 35.0 -25.2  -2.0   30.0 -29.2  -2.6   25.0 -34.7   1.8   22.5 -34.3   2.4
 20.0 -36.5   0.0   15.0 -44.5   0.0   12.0 -10.8   0.0   10.0  -7.1   4.1
  8.0   5.5  -3.8    7.0   4.0   0.5    6.0  13.6  -1.5    5.0  18.4   1.0
  4.0   0.0   0.0

 14. 5.2018  12 Uhr

 99.9  -1.3   2.2   79.7  -4.1  -7.1   79.1  -4.1  -7.1   75.9  -5.1  -4.3
 71.8  -3.3  -5.8   70.0  -3.6  -6.2   67.3  -4.3  -5.1   66.0  -3.9  -3.3
 62.6   0.4   5.1   54.4   2.4  -3.4

 99.9  -1.3   2.2   90.0  -2.6  -2.2   80.0  -4.1  -7.0   70.0  -3.6  -6.2
 60.0   1.0   2.5   50.0   0.0   0.0   45.0   0.0   0.0   40.0   0.0   0.0
 35.0   0.0   0.0   30.0   0.0   0.0   25.0   0.0   0.0   22.5   0.0   0.0
 20.0   0.0   0.0   15.0   0.0   0.0   12.0   0.0   0.0   10.0   0.0   0.0
  8.0   0.0   0.0    7.0   0.0   0.0    6.0   0.0   0.0    5.0   0.0   0.0
  4.0   0.0   0.0

 15. 5.2018   0 Uhr

 99.9   0.0   0.0   90.0   0.0   0.0   80.0   0.0   0.0   70.0   0.0   0.0
 60.0   0.0   0.0   50.0   0.0   0.0   45.0   0.0   0.0   40.0   0.0   0.0
 35.0   0.0   0.0   30.0   0.0   0.0   25.0   0.0   0.0   22.5   0.0   0.0
 20.0   0.0   0.0   15.0   0.0   0.0   12.0   0.0   0.0   10.0   0.0   0.0
  8.0   0.0   0.0    7.0   0.0   0.0    6.0   0.0   0.0    5.0   0.0   0.0
  4.0   0.0   0.0

 15. 5.2018  12 Uhr

 99.9  -5.7 -12.1   95.1  -8.6 -12.2   89.5 -11.8  -1.0   86.9  -9.8   0.0
 83.1  -5.1  -5.1   79.6  -9.3  -6.5   73.3  -6.7   5.6

 99.9  -5.7 -12.1   90.0 -11.5  -2.1   80.0  -8.8  -6.3   70.0   0.0   0.0
 60.0   0.0   0.0   50.0   0.0   0.0   45.0   0.0   0.0   40.0   0.0   0.0
 35.0   0.0   0.0   30.0   0.0   0.0   25.0   0.0   0.0   22.5   0.0   0.0
 20.0   0.0   0.0   15.0   0.0   0.0   12.0   0.0   0.0   10.0   0.0   0.0
  8.0   0.0   0.0    7.0   0.0   0.0    6.0   0.0   0.0    5.0   0.0   0.0
  4.0   0.0   0.0

 16. 5.2018   0 Uhr

 99.9  -9.8  -9.8   95.4 -14.0  -6.5   89.7  -8.2  -3.0   85.8  -8.3  -6.9
 83.9  -7.9  -3.7   81.7  -6.7   3.9   78.3  -2.1   8.0   77.4   1.9   7.0
 76.9   5.3   6.3   74.5  11.2   5.2   72.0  11.6   4.2   70.0  11.3  -0.0
 68.1  10.9  -2.9   65.8  11.1  -4.0   63.4   7.6  -1.3   59.1   3.9  -3.3
 57.6  -0.4  -0.9   56.6  -5.1   0.4   54.3  -7.1   4.1   51.2 -15.9   7.4
 50.0 -16.0   5.8   49.0 -16.0   5.8   45.7 -20.8  -7.6   43.7 -20.0  -9.3
 38.9 -28.8   0.0   37.9 -27.9   4.9   33.4 -28.4  -5.0   30.6 -30.7   2.7
 30.0 -32.8   2.9   20.5 -33.4   0.0   20.0 -35.5   0.0   18.0 -41.5  -3.6
 14.7 -32.3  -2.8   13.1 -13.4   0.0   12.6 -10.6  -3.9   11.6 -11.8  -8.3
 11.1 -11.4  -3.1   10.7  -9.8  -4.6   10.3  -7.1   1.3   10.0 -12.3  -1.1
  9.8 -16.9  -1.5    9.4  -5.1   0.0    9.3  -0.0  -0.0    9.2   5.1  -0.4
  8.9  15.9  -0.0    8.3  15.5   5.6    7.8  24.8   4.4    7.1  22.1  -0.0
  6.5  14.5   5.3    5.8  22.2  -8.1    5.6  15.5  -5.6    5.3   5.1   3.5
  4.9   0.8   9.2    4.8   5.9  10.2

 99.9  -9.8  -9.8   90.0  -8.5  -3.2   80.0  -4.4   5.9   70.0  11.3  -0.0
 60.0   4.7  -2.9   50.0 -16.0   5.8   45.0 -20.5  -8.2   40.0 -26.7  -2.2
 35.0 -28.2  -1.4   30.0 -32.8   2.9   25.0 -33.1   1.5   22.5 -33.3   0.7
 20.0 -35.5   0.0   15.0 -33.2  -2.9   12.0 -11.3  -6.5   10.0 -12.3  -1.1
  8.0  21.0   4.9    7.0  20.9   0.9    6.0  20.0  -4.2    5.0   1.9   7.8
  4.0   0.0   0.0

 16. 5.2018  12 Uhr

 99.9   0.0   0.0   90.0   0.0   0.0   80.0   0.0   0.0   70.0   0.0   0.0
 60.0   0.0   0.0   50.0   0.0   0.0   45.0   0.0   0.0   40.0   0.0   0.0
 35.0   0.0   0.0   30.0   0.0   0.0   25.0   0.0   0.0   22.5   0.0   0.0
 20.0   0.0   0.0   15.0   0.0   0.0   12.0   0.0   0.0   10.0   0.0   0.0
  8.0   0.0   0.0    7.0   0.0   0.0    6.0   0.0   0.0    5.0   0.0   0.0
  4.0   0.0   0.0

 17. 5.2018   0 Uhr

 99.9 -10.7  -5.0   93.4 -12.9  -7.5   89.9 -14.9  -4.0   86.4 -13.7   2.4
 83.2  -4.7  -2.2   81.1   0.8  -0.7   78.4   2.6   4.5   75.3   3.9   6.7
 70.6   8.9   2.4   70.0   8.6   1.5   66.7  15.2   2.7   61.9   3.0  -0.5
 60.2   5.1   0.4   54.5   0.1  -0.5   50.2  -5.1  -0.4   50.0  -5.6  -1.0
 49.3  -6.5  -1.7   47.9  -9.8  -4.6   44.2 -23.4   6.3   34.1 -36.5   0.0
 30.0 -35.9   3.1   24.1 -35.9  -3.1   20.2 -37.0   0.0   20.0 -37.6   0.0
 18.3 -43.6   3.8   15.8 -37.5   6.6   13.5 -10.8   0.9   13.0 -13.9   0.0
 12.5 -12.2  -2.1   11.9 -12.6   4.6   11.7 -10.3   4.8   11.1  -5.1   0.9
 10.6  -0.0  -0.0   10.0   0.7   2.5    9.8   4.8   1.8    9.6  10.3  -0.0
  9.2  16.2   2.9    8.5  20.0   1.7    8.0  13.9  -0.0    7.5  25.3   6.8
  7.1  12.1   5.7    6.5   7.3   2.6    6.3   5.1   0.4    6.2   4.2  -3.0
  5.9  -1.0   0.2    5.8   0.9   5.1    5.6   9.7   6.8    5.0  27.8   7.5
  4.8  19.4   5.2

 99.9 -10.7  -5.0   90.0 -14.8  -4.1   80.0   1.5   1.4   70.0   8.6   1.5
 60.0   5.0   0.4   50.0  -5.6  -1.0   45.0 -20.4   3.9   40.0 -28.5   3.8
 35.0 -35.2   0.6   30.0 -35.9   3.1   25.0 -35.9  -2.1   22.5 -36.3  -1.9
 20.0 -37.6   0.0   15.0 -28.5   4.7   12.0 -12.5   3.4   10.0   0.7   2.5
  8.0  13.9  -0.0    7.0  11.3   5.2    6.0   0.7  -0.9    5.0  27.8   7.5
  4.0   0.0   0.0

 17. 5.2018  12 Uhr

 99.9  -8.4  -5.9   91.8 -17.9   4.8   83.6 -16.2   2.9   80.5  -5.3  -3.1
 76.9   0.0   0.5   75.6   5.0  -1.3   71.9  10.2  -5.9   70.0  11.2  -5.2
 66.4  13.4  -3.6   65.5   9.1  -1.6   64.8   9.9   2.7   63.7  10.6   1.9


 99.9  -8.4  -5.9   90.0 -17.5   4.4   80.0  -4.6  -2.6   70.0  11.2  -5.2
 60.0   0.0   0.0   50.0   0.0   0.0   45.0   0.0   0.0   40.0   0.0   0.0
 35.0   0.0   0.0   30.0   0.0   0.0   25.0   0.0   0.0   22.5   0.0   0.0
 20.0   0.0   0.0   15.0   0.0   0.0   12.0   0.0   0.0   10.0   0.0   0.0
  8.0   0.0   0.0    7.0   0.0   0.0    6.0   0.0   0.0    5.0   0.0   0.0
  4.0   0.0   0.0

 18. 5.2018   0 Uhr

 99.9  -7.9  -6.6   93.7 -10.6  -8.9   87.4  -8.7  -3.2   82.5  -4.7  -4.0
 81.2   0.6  -3.5   77.7   5.1  -0.9   71.2  10.6   3.9   70.0   9.4   2.5
 65.6   6.6  -1.2   60.4   0.3   1.0   54.0  -3.0   4.2   50.0  -9.7   6.8
 48.4 -10.7   5.0   45.6 -23.1   2.0   40.0 -25.7   0.0   38.0 -25.3  -6.8
 35.9 -26.2   0.0   32.5 -30.9  -5.4   30.0 -31.4  -5.5   27.0 -32.8  -8.8
 22.0 -33.8   3.0   20.0 -34.3   3.0   17.9 -38.9   3.4   15.8 -38.4   3.4
 14.0 -24.6  -2.2   12.3  -8.0  -4.6   12.1  -7.1  -6.0   11.7  -8.9  -5.1
 11.3  -3.6  -4.3   10.3   1.7  -3.7   10.0  -0.0  -4.6    9.8  -1.8  -4.8
  9.4   4.7  -6.7    8.5  11.8  -9.9    8.1  11.2  -5.2    7.9   8.7  -0.8
  7.8   6.2   3.6    7.6   6.3   4.4    7.2   6.3   7.5    6.9   0.8   8.7
  6.6   0.0  10.8    6.4   2.1  11.7    6.2  14.5   6.7    6.1  22.4   6.0
  5.6  19.5  -0.0    5.3  12.6  -8.9    5.0  10.9 -10.9

 99.9  -7.9  -6.6   90.0  -9.5  -5.6   80.0   2.1  -2.6   70.0   9.4   2.5
 60.0   0.1   1.2   50.0  -9.7   6.8   45.0 -23.3   1.8   40.0 -25.7   0.0
 35.0 -27.4  -1.4   30.0 -31.4  -5.5   25.0 -33.2  -4.3   22.5 -33.7   1.7
 20.0 -34.3   3.0   15.0 -32.4   1.0   12.0  -7.5  -5.8   10.0  -0.0  -4.6
  8.0  10.0  -3.0    7.0   2.6   8.3    6.0  21.8   4.8    5.0  10.9 -10.9
  4.0   0.0   0.0

 18. 5.2018  12 Uhr

 99.9 -11.8   1.0   96.5 -13.9   0.0   93.6 -13.9   3.7   90.3  -9.1   7.6
 83.8  -6.9   8.3   80.9  -8.7   7.3   79.3  -7.5   3.5   76.9  -2.4  -2.0
 75.7  -1.3  -5.0   72.0  -0.7  -7.7   70.0   4.0  -4.0   69.5   5.3  -3.1
 64.4   4.2  -3.0   63.3   5.8  -2.1

 99.9 -11.8   1.0   90.0  -9.0   7.6   80.0  -8.0   5.1   70.0   4.0  -4.0
 60.0   0.0   0.0   50.0   0.0   0.0   45.0   0.0   0.0   40.0   0.0   0.0
 35.0   0.0   0.0   30.0   0.0   0.0   25.0   0.0   0.0   22.5   0.0   0.0
 20.0   0.0   0.0   15.0   0.0   0.0   12.0   0.0   0.0   10.0   0.0   0.0
  8.0   0.0   0.0    7.0   0.0   0.0    6.0   0.0   0.0    5.0   0.0   0.0
  4.0   0.0   0.0

 19. 5.2018   0 Uhr

 99.9 -18.0   0.0   88.0 -11.1   4.0   84.8  -6.6  -1.2   83.7  -6.8  -2.5
 81.7  -4.4  -7.6   79.7  -5.4  -9.4   78.9  -5.0  -7.2   78.1  -4.2  -3.0
 77.1  -0.0  -0.0   74.8   5.1   0.4   70.0   7.5   2.0   66.7  11.4   8.0
 61.8   8.9   2.4   58.3   7.9   3.7   56.7   7.6   1.3   55.5   5.1  -0.9
 54.7   3.8  -2.7   52.2  -3.3  -5.8   50.0 -10.3  -4.8   49.9 -10.6  -3.9
 45.6 -16.4   1.4   41.5 -23.2   0.0   38.8 -23.4  -6.3   37.1 -24.3   4.3
 31.4 -28.3  -7.6   30.0 -29.4  -5.2   26.2 -32.8   2.9   23.5 -30.3   8.1
 20.2 -34.8  -3.0   20.0 -34.8  -3.0   15.8 -40.5   3.5   14.3 -18.2   8.5
 13.0  -9.6  11.4   12.5  -1.5   5.5   12.3   2.0   2.4   12.0   5.0  -1.3
 11.7   5.1  -3.5   10.7   9.1  -1.6   10.6   8.4  -2.3   10.0   1.8  -4.8
  9.7  -3.1  -5.3    9.6  -4.6  -5.5    9.5  -3.6  -3.6    9.3  -0.0  -0.0
  9.1   5.1   0.9    8.5  16.9   1.5    7.8  13.3   1.2    6.8  18.5  13.0
  6.5  16.8   7.8    6.2  13.5  -4.9    5.7   8.8  -6.2    5.5   6.3  -2.3
  5.4   3.9   1.4    5.2   3.6   3.6    4.8  22.3   3.9

 99.9 -18.0   0.0   90.0 -12.3   3.3   80.0  -5.2  -9.1   70.0   7.5   2.0
 60.0   8.4   3.1   50.0 -10.3  -4.8   45.0 -17.4   1.2   40.0 -23.3  -3.4
 35.0 -25.7   0.1   30.0 -29.4  -5.2   25.0 -31.7   5.2   22.5 -31.6   4.9
 20.0 -34.8  -3.0   15.0 -28.8   6.1   12.0   5.0  -1.3   10.0   1.8  -4.8
  8.0  14.4   1.3    7.0  17.5  10.5    6.0  11.7  -5.4    5.0  12.8   3.8
  4.0   0.0   0.0

 19. 5.2018  12 Uhr

 99.9 -15.9   4.3   97.8 -16.4   4.4   93.0 -14.9   4.0   89.5 -15.9  -1.4
 88.1 -12.7  -2.2   85.3  -4.3  -5.1   81.9  -8.8  -6.2   80.6  -7.3  -2.6
 79.9  -5.1   0.0   77.6  -0.2   2.0   73.1   4.2  -3.0   71.2   3.6  -4.3
 70.0   4.0  -2.3   68.3   5.6   0.5   64.9   7.5   3.5   61.2   8.7   3.2
 58.3   7.9  -3.7   56.6   8.4  -3.9   54.4   7.3  -7.3   53.8   5.9  -8.4
 52.0  -1.4  -8.1   51.0  -1.7  -6.5   50.5  -3.6  -4.3   50.1  -5.8  -3.3
 50.0  -5.8  -3.3   48.5 -10.8   0.9   46.6  -9.2   3.3   43.3 -14.9  -4.0
 39.3 -26.9  -4.7   35.6 -25.1   2.2   30.1 -36.5   0.0   30.0 -36.5   0.0
 24.8 -31.9   5.6   23.6 -30.9   0.0   21.4 -33.4  -5.9   20.0 -34.3  -3.0
 15.8 -40.5  -7.1   14.7 -16.5   0.0   13.0  -2.6   4.5   12.8   0.4   2.5
 12.5   5.1   0.4   12.3   6.6  -1.2   11.7   8.2  -0.0   11.3   5.1  -0.9
 11.1   1.3  -2.2   10.6  -4.2  -3.0   10.2  -8.0  -4.6   10.0  -3.9  -1.4
  9.8  -0.0  -0.0    9.6   5.0   1.3    8.9  23.8  -4.2    7.5  14.9  -0.0
  7.3  13.7  -2.4    7.1   6.9  -8.3    7.0   7.3  -7.3

 99.9 -15.9   4.3   90.0 -15.7  -0.6   80.0  -5.4  -0.4   70.0   4.0  -2.3
 60.0   8.4   0.4   50.0  -5.8  -3.3   45.0 -11.9  -0.2   40.0 -24.7  -4.6
 35.0 -26.3   2.0   30.0 -36.5   0.0   25.0 -32.1   5.4   22.5 -32.1  -2.9
 20.0 -34.3  -3.0   15.0 -23.2  -2.0   12.0   7.4  -0.6   10.0  -3.9  -1.4
  8.0  18.2  -1.6    7.0   7.3  -7.3    6.0   0.0   0.0    5.0   0.0   0.0
  4.0   0.0   0.0

 20. 5.2018   0 Uhr

 99.9 -11.1   2.0   95.0 -10.7   6.2   93.3  -9.8   4.6   88.8  -6.5  -6.5
 85.2  -7.3  -7.3   82.2  -9.7  -3.5   79.4  -6.1   1.1   78.8  -4.8   1.8
 77.0  -0.9   2.4   75.9   2.6   4.5   71.5  10.5   7.4   70.0  10.2   5.9
 64.5  10.2  -0.9   61.7  12.2  -2.1   58.5   6.1  -1.1   58.2   4.8  -1.8
 57.3  -0.0  -2.1   56.5  -4.5  -2.6   54.6  -9.7  -6.8   53.1  -9.2  -3.3
 50.0 -11.9   3.2   48.5 -10.7   5.0   45.8 -16.5   0.0   42.3 -26.6   2.3
 39.4 -24.6   2.2   38.0 -25.8   4.6   35.6 -26.1  -2.3   31.9 -35.9   3.1
 30.9 -32.9   5.8   30.0 -32.4   5.7   25.3 -31.4   0.0   23.3 -31.3  -8.4
 20.0 -37.9  -3.3   16.3 -42.0  -3.7   14.8 -18.0   0.0   13.1 -10.3   0.0
 11.9  -1.6   9.1   11.4  -1.1   4.0   11.1   4.4   6.3   10.6   0.9   9.7
 10.5   1.6   9.1   10.0  12.2  -2.1    9.9  13.1  -6.1    8.2  30.9  -5.4
  7.7  25.8  -4.6    7.1   8.8  -6.2    6.7  12.7 -12.7    6.4  11.4  -9.6
  6.2   9.2  -0.8    5.7  20.8   7.6    5.4  25.8   4.6    5.2  19.3   3.4
  4.8   7.7 -11.0    4.3  12.6 -10.6    4.1   6.9 -12.0

 99.9 -11.1   2.0   90.0  -7.4  -3.5   80.0  -6.9   0.1   70.0  10.2   5.9
 60.0   9.0  -1.6   50.0 -11.9   3.2   45.0 -18.7   0.5   40.0 -25.0   2.2
 35.0 -27.7  -1.4   30.0 -32.4   5.7   25.0 -31.4  -1.2   22.5 -32.8  -7.2
 20.0 -37.9  -3.3   15.0 -21.3  -0.5   12.0  -2.4   8.3   10.0  12.2  -2.1
  8.0  28.9  -5.1    7.0   9.8  -7.8    6.0  13.8   2.5    5.0  13.5  -3.7
  4.0   4.0 -12.8

 20. 5.2018  12 Uhr

 99.9 -14.9  -1.3   97.7 -15.2  -2.7   92.7 -12.9  -7.5   91.3 -10.2  -3.7
 88.7  -2.7   3.8   88.1  -1.3   5.0   77.2   9.4   2.5   70.0  15.2   2.7
 69.5  15.7   2.8   63.2   6.0  -7.1   59.1   5.6  -8.0   57.2   2.0  -7.5
 55.1  -3.3  -3.9

 99.9 -14.9  -1.3   90.0  -6.4   0.0   80.0   6.6   3.2   70.0  15.2   2.7
 60.0   5.7  -7.8   50.0   0.0   0.0   45.0   0.0   0.0   40.0   0.0   0.0
 35.0   0.0   0.0   30.0   0.0   0.0   25.0   0.0   0.0   22.5   0.0   0.0
 20.0   0.0   0.0   15.0   0.0   0.0   12.0   0.0   0.0   10.0   0.0   0.0
  8.0   0.0   0.0    7.0   0.0   0.0    6.0   0.0   0.0    5.0   0.0   0.0
  4.0   0.0   0.0

 21. 5.2018   0 Uhr

 99.9  -9.8  -9.8   97.4  -9.0 -15.6   94.7 -10.9 -15.6   89.3  -6.5  -1.7
 88.9  -5.0  -1.3   86.6   0.0   0.5   83.8   5.1   0.4   81.6   6.7   0.6
 79.2   8.3   6.9   75.4  14.2  14.2   71.7  12.2  10.3   70.0   9.8   5.7
 69.9  10.3   4.8   67.6   7.7  -2.8   65.5   3.2  -4.6   63.6   1.0  -5.6
 62.7   1.0  -5.6   61.7   3.3  -3.9   59.7  -3.9  -6.7   58.8  -6.5  -6.5
 56.2  -2.3   1.1   55.0  -4.8   1.8   52.8  -6.1   2.8   50.0 -16.9   1.5
 48.1 -19.3  -3.4   44.9 -26.1   2.3   37.8 -28.9  -5.1   36.7 -31.9   0.0
 30.3 -32.9  -5.8   30.0 -33.4  -5.9   20.0 -36.0   0.0   16.4 -42.0   3.7
 15.3 -23.1   2.0   13.9 -11.3  -1.0   12.8 -11.1   2.0   11.6  -4.1   7.1
 11.2  -5.1   3.5   10.7   0.7   7.7   10.4   1.3   5.0   10.1   1.9   0.7
 10.0   2.5  -0.4    9.8   3.9  -3.3    9.6   3.9  -6.7    9.3   7.0 -14.9
  8.6  -7.2 -12.5    8.2  -2.0  -7.5    7.7  -5.1  -0.4    7.1   0.5   2.0
  7.0   4.7   2.2    6.4  23.8   4.2    5.7   5.9  -4.1    5.5   5.1  -2.4
  5.4   8.1  -1.4    5.2  16.2  -2.9    4.7  16.9   1.5

 99.9  -9.8  -9.8   90.0  -7.0  -3.6   80.0   7.7   4.8   70.0   9.8   5.7
 60.0  -2.8  -6.3   50.0 -16.9   1.5   45.0 -25.9   2.1   40.0 -28.0  -2.7
 35.0 -32.2  -1.5   30.0 -33.4  -5.9   25.0 -34.6  -3.2   22.5 -35.3  -1.6
 20.0 -36.0   0.0   15.0 -20.6   1.4   12.0  -6.5   5.4   10.0   2.5  -0.4
  8.0  -3.2  -4.7    7.0   4.7   2.2    6.0  13.8  -0.5    5.0  16.5  -1.2
  4.0   0.0   0.0

 21. 5.2018  12 Uhr

 99.9  -4.7   4.0   93.8  -8.7   0.8   87.4  -7.2   0.6   84.1  -7.2  -0.6
 83.5  -5.1  -2.4   82.4  -0.0  -4.1   80.8   5.1  -0.9   79.6   6.6   1.2
 73.7  12.8  -1.1   70.0   9.2  -3.3   69.5   8.7  -3.2   67.0   2.4  -8.9
 60.6 -10.7  -6.2   57.3  -8.2  -0.7   55.7  -1.5   2.1   54.6  -4.2   3.0
 51.1 -11.1   4.0   50.0 -14.9   1.3   48.7 -17.7  -3.1   44.5 -23.8  -4.2
 42.2 -25.6   2.2   36.5 -32.9   0.0   35.3 -27.8   0.0   33.8 -33.8  -3.0
 30.0 -33.8   3.0   25.0 -33.8  -3.0   20.0 -34.5   6.1   17.7 -35.8   9.6
 16.3 -39.5   3.5   14.7 -18.4  -4.9   12.7  -7.7  -0.7   12.5  -5.6   1.0
 12.4  -4.5   2.6   12.3  -3.2   4.6   11.8  -0.6   6.7   11.2   5.1   3.5
 10.7   9.3   4.3   10.3   5.3   1.9   10.1   2.4  -2.0   10.0   0.6  -3.5
  9.9  -1.3  -5.0    9.6  -8.8  -6.2    9.5 -10.7  -5.0    9.2  -8.2   0.7
  8.7  -5.6   2.6    8.5  -1.5   0.4    8.3  -5.1   0.0    8.1   3.0   4.2
  7.7  11.8   1.0    7.2  21.1  -0.0    7.0  16.9  -4.5    6.8  19.0  -1.7
  6.1  15.6  -9.0    5.6   3.3  -3.9    5.3   1.9  -0.9    5.2   5.1   0.9
  4.8  17.2  -3.0    4.6  11.8   1.0    4.5  15.9  -4.3    4.3  12.9  -0.0


 99.9  -4.7   4.0   90.0  -7.8   0.7   80.0   6.1   0.5   70.0   9.2  -3.3
 60.0 -10.2  -5.2   50.0 -14.9   1.3   45.0 -23.1  -4.1   40.0 -28.4   1.4
 35.0 -29.0  -0.6   30.0 -33.8   3.0   25.0 -33.8  -3.0   22.5 -34.1   1.4
 20.0 -34.5   6.1   15.0 -22.5  -3.3   12.0  -1.7   5.8   10.0   0.6  -3.5
  8.0   5.1   3.4    7.0  16.9  -4.5    6.0  13.2  -8.0    5.0  11.1  -1.0
  4.0   0.0   0.0

 22. 5.2018   0 Uhr

 99.9   0.0   0.0   90.0   0.0   0.0   80.0   0.0   0.0   70.0   0.0   0.0
 60.0   0.0   0.0   50.0   0.0   0.0   45.0   0.0   0.0   40.0   0.0   0.0
 35.0   0.0   0.0   30.0   0.0   0.0   25.0   0.0   0.0   22.5   0.0   0.0
 20.0   0.0   0.0   15.0   0.0   0.0   12.0   0.0   0.0   10.0   0.0   0.0
  8.0   0.0   0.0    7.0   0.0   0.0    6.0   0.0   0.0    5.0   0.0   0.0
  4.0   0.0   0.0

 22. 5.2018  12 Uhr

 99.9  -4.5   2.6   96.9  -8.7  -0.8   94.3 -10.8   0.0   91.8  -5.5   1.5
 90.6  -2.4   2.0   79.6   1.5  -0.0   77.3   3.0  -4.2   73.9   6.2  -8.8
 71.9   2.0  -7.5   70.0  -3.2  -4.6   68.5  -5.6  -1.0   62.7  -4.2   3.0
 60.9  -5.1   0.9   58.4  -0.7  -0.8   56.0   5.1   0.4   54.8   5.1   0.4
 51.6  -0.9  -2.4   50.3  -4.7  -2.2   50.0  -5.6  -2.6   45.7 -19.0  -1.7


 99.9  -4.5   2.6   90.0  -2.2   1.9   80.0   1.4   0.1   70.0  -3.2  -4.6
 60.0  -3.5   0.3   50.0  -5.6  -2.6   45.0 -21.2  -1.5   40.0   0.0   0.0
 35.0   0.0   0.0   30.0   0.0   0.0   25.0   0.0   0.0   22.5   0.0   0.0
 20.0   0.0   0.0   15.0   0.0   0.0   12.0   0.0   0.0   10.0   0.0   0.0
  8.0   0.0   0.0    7.0   0.0   0.0    6.0   0.0   0.0    5.0   0.0   0.0
  4.0   0.0   0.0

 23. 5.2018   0 Uhr

 99.9 -11.9  -3.2   96.1 -16.4  -4.4   92.8  -5.1   0.0   91.5  -0.2   0.5
 82.9  -0.0  -0.0   80.8   4.7  -2.2   76.8   6.0  -7.1   75.7   4.7  -6.7
 74.5   1.6  -6.0   73.5  -1.8  -4.8   72.1   0.5  -2.0   71.1   4.8  -1.8
 70.0   4.9  -2.8   69.7   4.9  -2.8   61.8   0.4   5.1   59.0   3.9   3.3
 56.2   3.0   4.2   54.3  -0.4   0.3   51.3  -5.0   1.3   50.0  -8.9   2.4
 47.2 -18.5   0.0   39.4 -29.2   2.6   35.4 -24.6   2.2   30.0 -32.4  -5.7
 27.8 -36.5  -6.4   25.0 -33.9   6.0   20.6 -30.4   5.4   20.0 -32.9   0.0
 17.3 -39.0  -6.9   14.5 -22.0   1.9   13.9 -10.7   5.0   13.4  -7.1  -1.3
 12.6   0.9  -2.4   12.3   4.7  -2.2   12.0  10.4  -2.8   11.6   9.6  -1.7
 11.0   7.9  -6.6   10.7   5.5  -5.5   10.1   5.1  -0.0   10.0   5.1   0.9
  9.7   4.7   4.7    9.2   8.6  10.2    9.0   5.4   9.4    8.8  -0.5   6.1
  8.6   0.0   5.7    8.5   4.4   4.4    8.3   9.2   3.3    7.9   7.0  -3.3
  7.5  -5.0  -7.2    7.3  -3.5  -5.1    7.2   1.2  -3.4    7.0  11.3  -1.0
  6.8  16.9   1.5    6.6  11.8  -0.0    6.3  16.9  -6.2    5.7  20.9 -12.1
  5.4  12.0  -6.9    5.3   6.8  -2.5    5.2   8.7  -0.8    4.9  23.1  -2.0
  4.5  19.8 -13.9    4.3  14.4  -3.9    4.1  13.5  -9.4

 99.9 -11.9  -3.2   90.0  -0.1   0.4   80.0   4.9  -3.1   70.0   4.9  -2.8
 60.0   2.7   4.0   50.0  -8.9   2.4   45.0 -21.4   0.7   40.0 -28.3   2.3
 35.0 -25.1   1.6   30.0 -32.4  -5.7   25.0 -33.9   6.0   22.5 -32.0   5.6
 20.0 -32.9   0.0   15.0 -25.2   0.3   12.0  10.4  -2.8   10.0   5.1   0.9
  8.0   7.5  -1.6    7.0  11.3  -1.0    6.0  18.9  -9.1    5.0  18.2  -1.6
  4.0  13.0 -12.3

 23. 5.2018  12 Uhr

 99.9 -13.5   4.9   97.8 -13.1   4.8   93.7   0.7   2.5   92.2   2.2   4.7
 85.9   5.1  -3.5   81.5   8.6 -10.2   77.1   2.0  -7.5   76.0  -0.0  -5.7
 72.8  -7.6  -7.6   70.9  -2.6  -4.5   70.0  -1.0  -1.8   69.3   0.3  -1.0
 64.8   0.9   5.1   62.6   3.3   7.0

 99.9 -13.5   4.9   90.0   3.2   1.8   80.0   6.4  -9.3   70.0  -1.0  -1.8
 60.0   0.0   0.0   50.0   0.0   0.0   45.0   0.0   0.0   40.0   0.0   0.0
 35.0   0.0   0.0   30.0   0.0   0.0   25.0   0.0   0.0   22.5   0.0   0.0
 20.0   0.0   0.0   15.0   0.0   0.0   12.0   0.0   0.0   10.0   0.0   0.0
  8.0   0.0   0.0    7.0   0.0   0.0    6.0   0.0   0.0    5.0   0.0   0.0
  4.0   0.0   0.0

 24. 5.2018   0 Uhr

 99.9 -14.9  -1.3   95.2  -2.7  -1.5   83.1  -0.7   0.7   74.2  -7.1   1.3
 72.8  -6.1   2.8   70.7   1.1   6.1   70.0   2.5   6.8   69.7   3.3   7.0
 63.5   9.1   9.1   61.3   6.3   7.5   59.1   4.2   3.0   57.5   1.8  -1.0
 55.2  -2.6  -4.5   53.1  -2.5  -9.4   50.0 -12.0  -6.9   48.4 -17.9  -1.6
 42.8 -29.2   2.6   41.4 -25.8   4.6   37.2 -26.3  -7.1   30.0 -31.3  -2.7
 27.5 -30.2   2.6   21.7 -30.3  -8.1   20.0 -33.8  -3.0   17.2 -33.8   9.1
 16.7 -36.9   3.2   15.7 -18.2   3.2   15.2 -15.4   1.3   14.3  -9.7   6.8
 13.3  -7.7  -2.8   13.0  -4.8  -1.8   12.8  -0.3  -1.5   12.6   4.2  -3.0
 11.8  10.2  -0.9   11.5   8.7  -0.8   11.2   5.1   0.9   11.0  -0.1   0.5
 10.8  -5.0  -1.3   10.6  -8.0  -2.1   10.4  -5.1   0.4   10.0   3.9   1.4
  9.6   0.1  -0.5    8.6  -5.1   0.0    8.4  -8.4   2.3    8.3  -6.5   3.0
  8.0  -2.6   5.6    7.7  -6.2   6.2    7.5  -1.1   6.1    7.4   2.8   4.9
  7.3   5.5   3.8    7.1   8.2  -0.0    6.7  14.3   1.3    6.4   7.9  -6.6
  6.1  16.4 -11.5    5.8  18.2  -8.5    5.3  20.2 -14.2    5.2  19.8 -13.9


 99.9 -14.9  -1.3   90.0  -1.9  -0.6   80.0  -2.9   0.9   70.0   2.5   6.8
 60.0   5.1   4.8   50.0 -12.0  -6.9   45.0 -24.7   0.9   40.0 -26.0   0.8
 35.0 -27.8  -5.8   30.0 -31.3  -2.7   25.0 -30.3  -1.8   22.5 -30.3  -6.5
 20.0 -33.8  -3.0   15.0 -14.1   2.5   12.0   8.7  -1.4   10.0   3.9   1.4
  8.0  -2.6   5.6    7.0   9.7   0.3    6.0  17.0 -10.5    5.0   0.0   0.0
  4.0   0.0   0.0

 24. 5.2018  12 Uhr

 99.9 -17.7  -8.3   95.0  -9.3   0.0   93.8  -5.0   1.3   91.7   0.4   0.9
 89.6   5.1  -0.4   85.1   5.1  -0.0   82.9   4.8   1.8   80.4   7.7   2.8
 77.2   4.5   2.6   75.4   0.2   2.0   73.7  -0.4   5.1   70.4   4.4   7.6
 70.0   4.4   7.6   67.3   4.1   7.1   65.1   6.5   3.0   63.5   7.3   2.6
 61.9   5.8  -3.3   59.4   6.2  -3.6   58.3   3.2  -4.6   57.2   0.7  -7.7
 55.1  -1.5  -8.6   52.9 -12.0  -6.9   50.0 -17.2  -3.0   48.0 -19.0   1.7
 44.8 -22.8  -4.0   42.6 -25.6   2.2   37.5 -24.2  -8.8   33.1 -29.7   2.6
 30.0 -29.8   0.0   28.1 -33.4   0.0   25.3 -27.7   2.4   20.0 -35.5   0.0
 17.7 -33.8   3.0   17.0 -37.6   0.0   15.9 -21.0   1.8   15.4 -17.7  -3.1
 14.9 -13.7   2.4   14.5 -12.4  -3.3   14.0 -11.8  -1.0   13.9  -7.0  -3.3
 13.6  -1.9  -5.3   13.5   1.2  -6.6   13.3   5.1  -8.9   12.7   5.9 -10.2
 12.1   5.9  -5.0   11.9   4.0  -4.7   11.7   0.9  -5.1   11.6  -2.1  -5.8
 11.4  -3.9  -6.7   11.0  -0.9 -10.2   10.2  -3.5 -12.9   10.0  -6.7 -14.5
  9.5  -2.0   1.7    8.9  -5.0   1.3    8.8  -7.1   1.3    8.6  -5.0   1.3
  8.4  -0.7   1.9    7.9   2.2   4.7    7.5  14.6  14.6    7.2  18.1  15.2
  7.0  22.8  10.7    6.3  18.9  -6.9    6.1  16.9  -1.5

 99.9 -17.7  -8.3   90.0   4.2  -0.2   80.0   7.3   2.8   70.0   4.4   7.6
 60.0   6.1  -3.5   50.0 -17.2  -3.0   45.0 -22.6  -3.7   40.0 -24.9  -3.3
 35.0 -27.3  -2.4   30.0 -29.8   0.0   25.0 -28.1   2.3   22.5 -31.6   1.2
 20.0 -35.5   0.0   15.0 -14.5   1.3   12.0   4.9  -4.8   10.0  -6.7 -14.5
  8.0   1.6   4.1    7.0  22.8  10.7    6.0  15.9   1.3    5.0   0.0   0.0
  4.0   0.0   0.0

 25. 5.2018   0 Uhr

 99.9 -15.4   1.3   98.5 -17.0   0.0   95.4  -7.2   0.6   94.6  -4.8   1.8
 92.6   0.4   1.0   90.6   5.1  -0.9   84.4   7.1   1.3   82.0   7.7  -0.0
 73.7   3.0   0.8   70.0  11.7  -2.1   67.6  13.7  -2.4   63.0   7.7  -2.8
 60.9   2.6  -4.5   60.0   0.5  -6.1   52.1  -9.1   1.6   50.0 -13.2   2.3
 48.1 -13.5   4.9   45.0 -20.5  -1.8   38.6 -28.2  -2.5   36.7 -26.6  -2.3
 35.1 -34.0   0.0   30.0 -34.3   3.0   28.3 -35.0   6.2   21.2 -39.6   0.0
 20.0 -38.1   0.0   16.9 -36.9  -3.2   15.5 -18.7  -3.3   12.1  -7.5   3.5
 11.2  -5.1   5.1   10.6 -11.3   1.0   10.4  -8.6   1.5   10.0  -2.1   5.8
  9.9  -1.1   6.1    9.8   1.7   6.5    9.2   8.7   8.7    8.8   6.5   9.3
  7.6  29.7   2.6    7.1  23.6   2.1    6.5  13.8  -8.0    5.9  10.0 -17.4
  5.6   1.2 -13.3    5.5   2.8 -15.7    5.3   4.8 -10.3    5.1   6.5  -1.7
  5.0   7.3  -2.6

 99.9 -15.4   1.3   90.0   5.3  -0.7   80.0   6.6   0.2   70.0  11.7  -2.1
 60.0   0.5  -6.1   50.0 -13.2   2.3   45.0 -20.5  -1.8   40.0 -26.4  -2.3
 35.0 -34.0   0.1   30.0 -34.3   3.0   25.0 -37.0   3.5   22.5 -38.7   1.2
 20.0 -38.1   0.0   15.0 -17.2  -2.4   12.0  -7.2   3.7   10.0  -2.1   5.8
  8.0  21.7   4.9    7.0  22.0   0.4    6.0  10.7 -15.8    5.0   7.3  -2.6
  4.0   0.0   0.0

 25. 5.2018  12 Uhr

 99.9 -17.7   3.1   96.4  -5.1   0.0   94.7  -0.1  -0.5   90.6   1.3  -5.0
 85.2   8.0  -4.6   80.4   6.3  -2.3   77.2   4.5  -2.6   74.8   2.6   0.2
 72.8   5.1  -0.0   70.0  14.3  -1.3   68.0  16.9  -1.5   65.0  12.4  -3.3


 99.9 -17.7   3.1   90.0   2.1  -4.9   80.0   6.1  -2.3   70.0  14.3  -1.3
 60.0   0.0   0.0   50.0   0.0   0.0   45.0   0.0   0.0   40.0   0.0   0.0
 35.0   0.0   0.0   30.0   0.0   0.0   25.0   0.0   0.0   22.5   0.0   0.0
 20.0   0.0   0.0   15.0   0.0   0.0   12.0   0.0   0.0   10.0   0.0   0.0
  8.0   0.0   0.0    7.0   0.0   0.0    6.0   0.0   0.0    5.0   0.0   0.0
  4.0   0.0   0.0

 26. 5.2018   0 Uhr

 99.9 -14.4   0.0   95.6  -6.0  -7.1   90.6  -8.0  -5.6   87.8  -6.1  -1.1
 85.9  -0.2  -1.0   81.1   3.6  -3.6   76.5   6.2   3.6   75.5   7.2   5.0
 72.1  13.9  -0.0   70.0  11.9  -3.2   67.1   7.3  -7.3   64.0   3.3  -3.9
 62.8  -0.4  -1.5   61.5  -5.0   1.3   60.6  -5.9   5.0   58.9  -4.1   5.9
 57.2  -7.1   4.1   56.0  -6.6  -1.2   54.0 -10.9  -2.9   51.9 -12.2   2.1
 50.0 -17.9  -1.6   46.9 -23.3  -4.1   40.0 -31.4  -5.5   38.2 -33.8   3.0
 36.7 -30.0  10.9   30.0 -32.3   2.8   21.4 -28.4  -5.0   20.0 -29.4  -5.2
 17.5 -36.5   0.0   16.5 -34.5   0.0   14.1  -9.7   3.5   13.9  -6.7   3.9
 13.2  -2.6   7.3   12.1   2.4   0.9   11.2   2.1   2.9   11.1   1.3   5.0
 11.0  -1.2  13.3   10.6  -2.2  25.6   10.3   1.6  17.9   10.2   5.7   9.8
 10.1   8.4   3.9   10.0   9.4   2.5    9.9  10.3  -0.0    9.2  18.7  -3.3
  7.8   8.4  -5.9    7.6   1.5  -5.5    7.3  -4.4  -6.3    6.9 -11.1  -6.4
  6.8  -9.4  -2.5    6.7  -5.6   0.5    6.6  -0.4   1.5    6.5   3.9   3.3
  6.2  11.1   2.0    5.8  13.1   9.1    5.4   4.3   5.1    5.0  24.8  -4.4
  4.5   9.8  -5.7    4.3  14.4  -3.9

 99.9 -14.4   0.0   90.0  -7.6  -4.6   80.0   4.2  -1.9   70.0  11.9  -3.2
 60.0  -5.3   5.3   50.0 -17.9  -1.6   45.0 -25.4  -4.5   40.0 -31.4  -5.5
 35.0 -30.5   9.0   30.0 -32.3   2.8   25.0 -30.1  -1.5   22.5 -28.9  -3.9
 20.0 -29.4  -5.2   15.0 -19.3   2.2   12.0   2.4   1.1   10.0   9.4   2.5
  8.0  10.0  -5.5    7.0  -9.4  -6.4    6.0  12.1   5.5    5.0  24.8  -4.4
  4.0   0.0   0.0

 26. 5.2018  12 Uhr

 99.9 -10.8   0.9   97.3 -12.6  -8.9   93.9 -13.4 -11.2   90.7 -15.6  -9.0
 87.1 -11.9  -3.2   84.2  -5.1   0.4   79.1  -0.0  -0.0   77.0   5.1   0.4
 74.7   9.6  -1.7   71.3  12.9   3.5   70.0  10.2   3.7   69.0   7.3   2.6
 68.4   5.0   1.3   67.3   1.7  -1.2   64.3  -3.3  -3.9   62.0  -6.7  -0.6
 57.0  -7.1   1.3

 99.9 -10.8   0.9   90.0 -14.9  -7.9   80.0  -0.9   0.1   70.0  10.2   3.7
 60.0  -6.8   0.1   50.0   0.0   0.0   45.0   0.0   0.0   40.0   0.0   0.0
 35.0   0.0   0.0   30.0   0.0   0.0   25.0   0.0   0.0   22.5   0.0   0.0
 20.0   0.0   0.0   15.0   0.0   0.0   12.0   0.0   0.0   10.0   0.0   0.0
  8.0   0.0   0.0    7.0   0.0   0.0    6.0   0.0   0.0    5.0   0.0   0.0
  4.0   0.0   0.0

 27. 5.2018   0 Uhr

 99.9 -13.7  -2.4   96.2 -15.6  -9.0   92.0 -20.8  -3.7   86.6  -4.9   2.8
 85.3  -0.6   3.5   82.7   5.0   1.3   80.8   7.7   0.7   72.3  11.1   4.0
 70.0   8.2  -0.0   69.0   5.1  -0.9   67.5   5.1   0.9   65.9   5.1   0.4
 64.2   0.2   1.0   63.2  -5.0   1.3   61.3  -5.0   1.3   60.1  -5.1  -0.9
 58.2  -4.7   2.2   57.2  -4.7   2.2   56.2  -7.2   0.0   53.2  -8.5  -4.9
 52.0  -8.4  -3.9   50.0 -15.0  -5.5   44.8 -28.2  -2.5   40.2 -32.3   2.8
 36.8 -27.3   0.0   34.6 -28.3  -7.6   32.6 -36.0   0.0   30.0 -31.4   0.0
 20.0 -33.4  -5.9   16.7 -38.9  -3.4   15.4 -18.0   0.0   14.2  -9.4  -5.4
 13.9  -5.0  -1.3   13.8  -3.0   0.8   12.9  -7.6  -4.4   12.5  -5.6  -2.6
 12.3  -5.0  -1.3   10.7   0.9   2.4   10.6   5.0   1.3   10.4   9.7  -0.9
 10.2  16.2  -2.9   10.0  16.2  -2.9    9.1  18.4  -1.6    8.8  14.7  -2.6
  8.5  14.9   7.0    8.1   8.6  10.2    7.7   3.6  13.4    7.0  17.8  10.3
  6.6  19.4  -5.2    6.3  14.0  -6.5    6.1   9.1 -13.1    5.5   5.5 -15.0
  5.2   5.9  -8.4    5.0   3.9 -10.6    4.8   4.9  -2.8    4.7   4.5  -2.6
  4.5   0.7   1.9

 99.9 -13.7  -2.4   90.0 -15.0  -1.3   80.0   8.0   1.0   70.0   8.2  -0.0
 60.0  -5.0  -0.7   50.0 -15.0  -5.5   45.0 -27.7  -2.6   40.0 -32.0   2.7
 35.0 -28.1  -6.2   30.0 -31.4   0.0   25.0 -32.3  -2.7   22.5 -32.9  -4.3
 20.0 -33.4  -5.9   15.0 -15.2  -1.8   12.0  -3.9  -0.7   10.0  16.2  -2.9
  8.0   7.4  11.0    7.0  17.8  10.3    6.0   8.6 -13.4    5.0   3.9 -10.6
  4.0   0.0   0.0

 27. 5.2018  12 Uhr

 99.9 -10.9   2.9   93.5 -18.2  -3.2   90.1  -5.1   4.3   88.5  -4.2   3.0
 86.4  -0.0  -0.0   84.9   4.5  -2.6   83.1   7.6  -5.3   78.2   2.8  -7.7
 76.4   3.0  -6.5   75.1   4.2  -3.0   74.3   5.5  -1.5   71.8  10.8  -0.0
 70.0   8.7  -0.0   67.2   5.8   3.3   63.3   5.1   0.9   61.3  -0.4  -2.0
 57.5  -5.1  -0.9   54.8  -3.5  -0.6   53.0  -6.5  -3.0   50.0 -20.4  -5.5
 48.5 -24.6  -2.2   44.8 -24.1  -2.1

 99.9 -10.9   2.9   90.0  -5.1   4.2   80.0   4.6  -6.8   70.0   8.7  -0.0
 60.0  -1.9  -1.6   50.0 -20.4  -5.5   45.0 -24.1  -2.1   40.0   0.0   0.0
 35.0   0.0   0.0   30.0   0.0   0.0   25.0   0.0   0.0   22.5   0.0   0.0
 20.0   0.0   0.0   15.0   0.0   0.0   12.0   0.0   0.0   10.0   0.0   0.0
  8.0   0.0   0.0    7.0   0.0   0.0    6.0   0.0   0.0    5.0   0.0   0.0
  4.0   0.0   0.0

 28. 5.2018   0 Uhr

 99.9 -18.7  -3.3   96.0 -10.6  -3.9   94.3  -5.1  -4.3   92.9  -4.3  -5.1
 89.1  -6.5  -6.5   85.9  -6.6  -1.2   81.9  -1.9   5.3   80.2   1.9   7.0
 75.0   6.3   4.4   70.6   3.9   3.3

 99.9 -18.7  -3.3   90.0  -6.0  -6.2   80.0   2.0   6.9   70.0   3.6   3.2
 60.0   0.0   0.0   50.0   0.0   0.0   45.0   0.0   0.0   40.0   0.0   0.0
 35.0   0.0   0.0   30.0   0.0   0.0   25.0   0.0   0.0   22.5   0.0   0.0
 20.0   0.0   0.0   15.0   0.0   0.0   12.0   0.0   0.0   10.0   0.0   0.0
  8.0   0.0   0.0    7.0   0.0   0.0    6.0   0.0   0.0    5.0   0.0   0.0
  4.0   0.0   0.0

 28. 5.2018  12 Uhr

 99.9   0.0   0.0   90.0   0.0   0.0   80.0   0.0   0.0   70.0   0.0   0.0
 60.0   0.0   0.0   50.0   0.0   0.0   45.0   0.0   0.0   40.0   0.0   0.0
 35.0   0.0   0.0   30.0   0.0   0.0   25.0   0.0   0.0   22.5   0.0   0.0
 20.0   0.0   0.0   15.0   0.0   0.0   12.0   0.0   0.0   10.0   0.0   0.0
  8.0   0.0   0.0    7.0   0.0   0.0    6.0   0.0   0.0    5.0   0.0   0.0
  4.0   0.0   0.0

 29. 5.2018   0 Uhr

 99.9 -11.6  -6.7   96.4 -13.1  -4.8   94.1 -17.0   0.0   86.3  -4.3   9.3
 79.9  -1.0   5.6   79.3   0.0   5.1   77.6   1.9   0.9   76.6   4.2  -3.0
 71.3  -0.0 -11.8   70.1  -1.0 -11.3   70.0  -2.0 -11.1   66.6 -11.7  -2.1
 63.7  -6.1   1.1   62.4  -3.0   3.5   61.1  -3.0   4.2   60.0  -4.6   3.2
 57.7  -4.4   4.4   56.1  -4.2   3.0   54.1 -10.2  -0.9   50.2 -20.0   1.7
 50.0 -20.5   1.8   43.4 -22.8   4.0   41.1 -24.8  -4.4   36.4 -31.9  -5.6
 34.4 -27.7  -2.4   30.0 -34.0   0.0   26.7 -36.4   3.2   25.3 -33.9   6.0
 20.0 -27.4  -4.8   18.4 -23.8  -4.2   17.5 -31.4  -5.5   16.5 -28.4  -5.0
 15.3 -11.1  -2.0   15.0  -8.0   2.1   14.8  -7.5   6.3   14.1  -6.3  13.5
 13.5  -4.7   4.7   13.3  -4.5   2.6   12.8  -4.7  -2.2   12.3  -4.3  -3.6
 12.2  -3.6  -3.6   12.0   0.7  -1.9   11.8   5.1  -0.0   11.6   8.9   2.4
 10.1  20.3  -3.6   10.0  19.8  -3.5    9.1  11.1   2.0    8.8   7.7   0.7
  8.4   4.6  -5.5    8.2   2.2  -4.7    8.0  -0.0  -0.0    7.9  -1.8   4.8
  7.8  -3.6  13.4    7.6  -9.6  35.8    7.5  -0.6   0.8    7.3   3.6   3.6
  6.9  14.4   3.9    6.4  26.2  -0.0    6.0  27.2   2.4    5.5  19.9  -5.3
  5.1  10.3  -0.0    4.8   7.6  -1.3    4.7   5.1   0.4    4.5  10.6   1.9
  4.2  27.2   2.4    4.0  30.3  -8.1

 99.9 -11.6  -6.7   90.0 -10.4   4.8   80.0  -1.0   5.6   70.0  -2.0 -11.1
 60.0  -4.6   3.2   50.0 -20.5   1.8   45.0 -22.2   3.5   40.0 -26.4  -4.7
 35.0 -29.0  -3.4   30.0 -34.0   0.0   25.0 -33.6   5.4   22.5 -30.6   0.5
 20.0 -27.4  -4.8   15.0  -8.0   2.1   12.0   0.7  -1.9   10.0  19.8  -3.5
  8.0  -0.0  -0.0    7.0  11.7   3.8    6.0  27.2   2.4    5.0   9.4  -0.4
  4.0  30.3  -8.1

 29. 5.2018  12 Uhr

 99.9 -15.9  -1.4   95.3 -16.4   1.4   86.8  -7.4  10.5   81.6  -6.1   0.5
 79.5  -2.8  -2.3   78.4  -3.0  -4.2   76.5  -6.6  -7.9   72.6  -7.2   0.0
 70.8  -9.3  -4.3   70.0  -8.0  -4.6   69.3  -6.3  -4.4   66.8  -6.5  -6.5
 64.7  -6.3  -2.3   63.7  -5.6  -2.6   62.3  -0.8  -3.0   61.0   3.3  -3.9
 59.1   2.2  -4.7   58.0  -2.2  -4.7   57.6  -4.7  -4.7   54.5 -16.4  -4.4
 51.5 -16.5   0.0   50.0 -16.4  -1.4   48.9 -14.2  -2.5   45.7 -17.4   4.7
 39.8 -21.4  -5.7   34.7 -27.9   4.9   30.0 -29.2   2.6   28.4 -32.4   5.7
 23.8 -29.2   2.6   21.8 -30.7  -2.7   20.0 -35.0   0.0   17.5 -40.5   3.5
 14.7 -12.5   7.2   14.3  -3.9   3.3   14.0   0.3   0.4   13.8   5.0  -1.3
 13.3  11.7  -5.4   12.5  11.4  -9.6   12.1  13.4  -3.6   11.7  11.4  -9.6
 11.2  16.9 -11.8   10.5   5.7 -12.1   10.1  -2.0  -7.5   10.0  -2.6  -7.3
  9.7  -0.0  -9.8    9.6  -1.1 -12.3    9.4  -0.0  -9.8    8.8   6.1   1.1
  8.5   5.1  -0.9    8.4   3.0   0.5    8.2   1.3   7.1    7.9   0.0  13.9
  7.4   7.6   7.6    7.2  12.1   4.4    6.8  14.9  -1.3    5.9  25.6   2.2
  5.6  26.1  -9.5    4.9   7.6  -5.3    4.6  11.3  -1.0    4.1  18.7 -10.8


 99.9 -15.9  -1.4   90.0 -10.8   7.0   80.0  -3.6  -1.6   70.0  -8.0  -4.6
 60.0   2.7  -4.3   50.0 -16.4  -1.4   45.0 -17.8   3.5   40.0 -21.2  -5.4
 35.0 -27.5   4.3   30.0 -29.2   2.6   25.0 -30.1   3.4   22.5 -30.2  -0.8
 20.0 -35.0   0.0   15.0 -15.6   6.8   12.0  12.9  -5.1   10.0  -2.6  -7.3
  8.0   0.4  11.6    7.0  13.5   1.6    6.0  24.4   1.8    5.0  10.3  -5.9
  4.0  20.3 -12.9

 30. 5.2018   0 Uhr

 99.9 -17.4  -1.5   94.9 -12.7  -2.2   93.0  -6.7   0.6   90.2  -0.7  -2.5
 88.0   0.4  -5.1   84.9  -1.6  -6.0   82.5  -8.3  -6.9   78.8 -15.6  -9.0
 73.3 -14.2  -2.5   71.1  -8.7  -3.2   70.0  -7.0  -1.9   68.2  -6.2   0.0
 65.7  -1.3   7.6   63.3   3.8   5.5   61.9   4.3   5.1   60.7   3.0  -0.5
 59.7   3.0  -4.2   56.6  -5.5  -1.5   54.8  -5.9   4.1   54.2  -5.9   5.0
 52.5 -10.6   1.9   50.6  -7.6   5.3   50.0  -8.9   5.1   47.4 -13.8  -1.2
 41.2 -23.3  -4.1   38.4 -28.2   2.5   36.9 -23.3   4.1   32.6 -22.6   0.0
 30.0 -27.8   0.0   26.2 -33.9   6.0   20.0 -32.8  -2.9   17.9 -34.5  -6.1
 14.7 -12.1  -4.4   14.1  -6.7  -5.6   13.9  -4.9  -2.8   13.4  -0.6  -3.5
 13.0   4.0  -4.7   12.5   5.3  -3.1   11.9  -2.1  -5.8   11.2  -6.5  -1.7
 10.7  -7.2  -0.6   10.4  -6.7  -4.7   10.0 -10.7  -6.2    8.6   0.0   0.5
  8.5   3.3   3.9    8.3   7.3   8.7    8.1  15.4   4.1    8.0  15.9  -0.0
  7.1  30.9  -0.0    6.6  26.1  -2.3    5.9  13.4 -11.2    5.4  24.3  -4.3


 99.9 -17.4  -1.5   90.0  -0.6  -2.7   80.0 -13.2  -8.3   70.0  -7.0  -1.9
 60.0   3.0  -3.1   50.0  -8.9   5.1   45.0 -17.4  -2.3   40.0 -25.4  -1.3
 35.0 -23.0   2.3   30.0 -27.8   0.0   25.0 -33.7   4.4   22.5 -33.3   0.9
 20.0 -32.8  -2.9   15.0 -14.3  -4.6   12.0  -0.9  -5.3   10.0 -10.7  -6.2
  8.0  15.9  -0.0    7.0  29.9  -0.4    6.0  15.3  -9.9    5.0   0.0   0.0
  4.0   0.0   0.0

 30. 5.2018  12 Uhr

 99.9 -11.7  -5.4   93.8  -8.3  -9.9   83.5 -18.9  -6.9   78.6 -11.1   2.0
 75.7 -14.4  -3.9   71.3 -16.7  -2.9   70.0 -13.3  -1.2   69.7 -12.3  -1.1
 67.8  -7.5   2.0   66.7  -6.1   0.5   64.7  -0.5  -2.0   63.1   3.0  -4.2
 61.4   5.3  -7.6   59.5   1.9  -5.3   58.1  -2.3  -2.8   56.2  -3.3   3.9
 54.7  -1.2   6.6   53.7   0.0   6.2   51.0  -5.1   0.9   50.0  -6.2   0.0
 47.0  -6.3  -4.4   43.0 -20.1   0.0   39.7 -25.6   2.2   32.1 -29.9  -5.3
 30.0 -29.8   0.0   25.2 -32.8   2.9   20.0 -37.9  -3.3   18.7 -40.0  -7.1
 17.0 -38.5  -6.8   14.7  -7.3  -2.6   14.5  -4.5  -2.6   14.3  -0.0  -2.1
 13.8   4.7  -2.2   12.7   9.3   6.5   11.4   2.6   5.6   11.0   6.6   7.9
 10.7   3.3   7.0   10.2   2.2   4.7   10.0  -0.5   2.0    9.4   4.1   0.4


 99.9 -11.7  -5.4   90.0 -12.1  -8.8   80.0 -13.4  -0.6   70.0 -13.3  -1.2
 60.0   2.8  -5.9   50.0  -6.2   0.0   45.0 -13.1  -2.2   40.0 -25.1   2.0
 35.0 -28.2  -2.3   30.0 -29.8   0.0   25.0 -33.0   2.6   22.5 -35.4  -0.2
 20.0 -37.9  -3.3   15.0 -11.5  -3.2   12.0   5.7   6.0   10.0  -0.5   2.0
  8.0   0.0   0.0    7.0   0.0   0.0    6.0   0.0   0.0    5.0   0.0   0.0
  4.0   0.0   0.0

 31. 5.2018   0 Uhr

 99.9  -7.0   3.3   97.5  -5.3   3.1   95.2  -5.6   1.0   92.8  -8.2  -0.7
 87.6  -6.7   0.6   86.3  -7.2  -0.6   83.4 -14.0  -5.1   79.5 -23.9  -6.4
 76.2 -11.4  -3.1   73.7  -7.5   2.0   72.8  -2.0   4.2   72.4   0.4   5.1
 71.1   4.3   5.1   70.0   5.9   4.1   63.8   8.8  -6.2   63.3   8.0  -8.0
 61.2   2.8  -4.9   59.8  -0.8  -3.0   58.5  -5.0  -1.3   56.9  -8.2   0.7
 55.8  -6.5   3.0   54.1  -2.1   5.8   53.4  -1.9   5.3   52.0  -3.5   0.6
 51.5  -5.0  -1.3   50.0  -8.9  -4.1   49.1  -9.8  -5.7   46.2 -18.5   0.0
 44.4 -23.7   0.0   39.2 -28.2  -2.5   34.6 -24.8  -4.4   31.5 -29.2   2.6
 30.0 -29.7  -2.6   24.0 -34.8  -9.3   22.4 -37.0   0.0   20.0 -38.6   0.0
 17.1 -41.5   3.6   15.9 -21.0   1.8   15.6 -14.9  -1.3   15.1 -10.4  -2.8
 14.8  -7.2  -0.6   14.4  -2.9   2.9   13.6   1.8   3.1   13.4   5.3   1.9
 12.4  16.2  -2.9   12.0  13.3  -1.2   11.6   7.2   5.0   11.4   7.2   5.0
 11.0   8.7  -0.0   10.5   8.5   4.9   10.0  12.0   6.9    9.9  11.6   6.7
  9.1  11.6  -4.2    8.4  14.0  -6.5    7.6   2.5 -14.2    7.0   4.3  -9.3
  6.3   8.6  -1.5    6.1  10.6   3.9    5.9   7.5   3.5    5.8   9.3   6.5
  5.4  29.9   5.3    4.9  20.5  -1.8

 99.9  -7.0   3.3   90.0  -7.4  -0.0   80.0 -22.6  -6.2   70.0   5.9   4.1
 60.0  -0.3  -3.3   50.0  -8.9  -4.1   45.0 -21.9   0.0   40.0 -27.5  -2.1
 35.0 -25.1  -4.2   30.0 -29.7  -2.6   25.0 -33.9  -8.1   22.5 -36.9  -0.6
 20.0 -38.6   0.0   15.0  -9.4  -2.1   12.0  13.3  -1.2   10.0  12.0   6.9
  8.0   8.3 -10.3    7.0   4.3  -9.3    6.0   9.1   3.7    5.0  22.4  -0.3
  4.0   0.0   0.0

 31. 5.2018  12 Uhr

 99.9 -16.4  -4.4   86.6 -23.1  -2.0   80.4 -14.4   0.0   77.8  -9.4   5.4
 74.6  -8.5   4.9   73.7  -4.6   3.2   72.4   0.4   1.5   71.2   5.1   0.9
 70.0   8.7  -0.0   68.1  11.7   2.1   59.7   4.6  -5.5   58.0  -1.2  -3.4
 56.4  -3.3  -3.9   51.1  -6.5  -1.7   50.0  -9.2  -3.3   48.0 -14.0  -6.5
 46.3 -22.8  -4.0   44.8 -23.6   2.1   40.1 -27.2   2.4   30.0 -28.9  -5.1
 28.6 -28.8  -7.7   20.0 -36.0   6.3   17.4 -40.5   7.1   15.9  -8.2   3.0
 15.5  -4.7   2.2   15.1   0.2   1.0   14.6   5.1  -0.0   13.3   9.9  -2.7
 11.8  11.0   7.7   11.3   8.8   6.2   11.2   6.8   2.5   11.0   4.5  -2.6
 10.7   3.8  -2.7   10.0   9.3  -0.0    9.8  12.8  -1.1    9.4  17.2  -3.0
  8.8   7.1  -6.0    8.6   9.7  -6.8    7.6  -0.0  -6.7    7.5  -0.4  -5.1
  7.3  -4.7  -2.2    7.2  -5.0  -1.3    7.1  -0.2  -2.0    6.9   4.7  -2.2
  6.6  14.3  -1.3    6.4  13.8   1.2    5.8  12.3   1.1    5.5  16.4  -1.4
  5.3  20.5   1.8    5.0  26.8  -0.0    4.4  14.3  -8.2    3.9  16.9 -14.2


 99.9 -16.4  -4.4   90.0 -21.3  -2.6   80.0 -13.6   0.8   70.0   8.7  -0.0
 60.0   4.9  -5.2   50.0  -9.2  -3.3   45.0 -23.5   1.2   40.0 -27.2   2.3
 35.0 -28.0  -1.2   30.0 -28.9  -5.1   25.0 -31.6  -2.3   22.5 -33.7   1.9
 20.0 -36.0   6.3   15.0   1.2   0.8   12.0  10.8   6.2   10.0   9.3  -0.0
  8.0   4.0  -6.7    7.0   2.2  -2.1    6.0  12.8   1.1    5.0  26.8  -0.0
  4.0  16.4 -13.0


Monatsmittelwind fuer den  5 2018

Niveau Anzahl     U     V   DD FF
 [hPa]        [m/s] [m/s]     [kn]
  99.9     57  -6.9  -1.4   79 14
  90.0     57  -4.7  -1.3   74  9
  80.0     57  -0.0  -1.1    2  2
  70.0     55   5.0  -0.2  272 10
  60.0     50   2.8  -1.0  290  6
  50.0     47  -8.8  -0.6   86 17
  45.0     46 -18.4  -0.2   90 36
  40.0     44 -24.8  -0.5   89 48
  35.0     44 -28.9  -0.3   89 56
  30.0     44 -31.5  -0.1   90 61
  25.0     44 -32.4   0.4   91 63
  22.5     44 -33.1  -0.0   90 64
  20.0     44 -34.9  -0.2   90 68
  15.0     44 -30.1   0.2   90 58
  12.0     44  -4.8   0.0   90  9
  10.0     43   2.9  -1.2  293  6
   8.0     41   8.1  -0.8  276 16
   7.0     41  10.0  -0.6  273 20
   6.0     39  11.7  -2.4  282 23
   5.0     31  13.7  -1.2  275 27
   4.0     11  20.7  -7.3  289 43
