sing20170113.00
TTAA 63001 48698
99007 26414 06503 00081 26017 06004 92767 22231 29508
85499 17208 26515 70141 09456 30013 50586 06149 31005
40757 15723 19007 30968 31332 18007 25094 41950 15013
20242 53760 12037 15420 68961 10562 10654 79162 09018
88999
77125 10579 41645=
TTCC 63001 48698
70854 78163 01018 50055 63776 28538 30370 63776 26043
20625 51783 26526 10072 51783 03011
88756 84958 02527
77999=
TTDD 6300/ 48698
11921 81960 22850 80162 33756 84958 44720 83760 55709
78963 66652 72368 77547 64775 88511 66374 99500 63776
11389 60978 22288 64576 33222 53582 44183 50783 55154
54181 66095 52383 77076 42788 88058 38391 99055 39591
21212 11939 00000 22885 05510 33873 06515 44842 02012
55800 36017 66753 02527 77723 02520 88708 00518 99693
01016 11673 00510 22661 29002 33588 23506 44582 26510
55548 29027 66491 28041 77436 26042 88388 25542 99361
26546 11331 27547 22296 25542 33253 27038 44224 25526
55181 28031 66168 28025 77160 27020 88146 24528 99131
24526 11125 23020 22119 18515 33116 12514 44114 11020
55109 13010 66105 12008 77102 06512 88099 02012 99093
35016 11091 34011 22089 01504 33087 05010 44079 09029
55074 09051 66071 07041 77067 09040 88064 10045 99055
10062=
