sing20170120.00
TTAA 70001 48698
99009 25814 29002 00101 25015 27002 92785 21829 32507
85516 17221 27509 70153 08827 10506 50587 04550 09017
40759 15557 10519 30970 30167 09525 25097 40562 10040
20245 52957 09549 15423 68949 09542 10657 75964 19505
88111 80758 10042
77999=
TTCC 70001 48698
70860 77763 10515 50057 66974 30033 30374 57181 27034
20630 57781 26022 10077 49587 00520
88837 81759 16520
77060 09072 426//=
TTDD 7000/ 48698
11837 81759 22814 81960 33772 81960 44727 76364 55670
78763 66566 68372 77533 69971 88405 59579 99360 61178
11294 56781 22242 59180 33176 57581 44142 50785 55096
48187 66089 49786 77067 41391 88062 44390 99057 39791
21212 11957 25513 22861 17515 33759 12529 44718 09514
55684 11519 66644 10513 77628 11510 88607 00000 99587
30010 11560 27519 22518 30020 33473 28538 44437 29025
55417 29038 66335 26544 77287 27040 88234 24535 99188
26520 11174 29521 22165 28020 33144 27514 44139 25014
55129 23016 66127 21511 77125 18507 88120 07512 99114
05530 11109 01526 22105 35029 33099 00519 44092 35021
55089 02024 66087 04533 77077 09558 88069 09547 99060
09072 11057 08561=
