sing20170126.00
TTAA 76001 48698
99008 25214 30001 00095 24620 00503 92778 21623 03013
85508 16807 05016 70145 08832 04011 50586 05512 02007
40758 16306 03513 30969 30359 10516 25096 41348 13533
20243 53931 12038 15421 69345 10045 10652 77962 11042
88103 84759 11569
77105 11578 414//=
TTCC 76001 48698
70857 77563 03001 50057 69970 28523 30370 59978 25527
20627 51982 33007 10065 55381 04512
88535 70570 27525
77056 10064 410//=
TTDD 7600/ 48698
11936 75166 22794 78762 33750 75964 44705 78363 55649
73967 66630 66375 77619 65376 88535 70570 99490 70570
11414 61377 22339 63176 33219 55780 44198 51383 55157
57979 66107 59377 77094 51383 88086 49983 99050 37990
21212 11964 10016 22941 05508 33923 02510 44908 02012
55886 05012 66870 06510 77794 04019 88767 06513 99701
34501 11668 01513 22646 03012 33643 03010 44632 30010
55567 28530 66541 27525 77457 29523 88444 28019 99419
24524 11385 25538 22261 25524 33247 26016 44226 30511
55208 31520 66203 31510 77194 29504 88188 23010 99172
20019 11155 21018 22149 24016 33140 22025 44130 23515
55123 21517 66115 24511 77113 23510 88108 26502 99102
05010 11099 03510 22094 07006 33093 10510 44087 06022
55079 06049 66070 08051 77068 08045 88063 10057 99058
11048 11056 10064 22050 09058=
