sing20170122.00
TTAA 72001 48698
99010 24817 01002 00114 24217 34007 92797 21020 02527
85527 18643 01018 70167 09237 34505 50589 04756 10016
40761 16756 11515 30971 31149 08023 25097 41532 09029
20245 54157 10045 15422 69946 09551 10657 80559 33523
88999
77999=
TTCC 72001 48698
70856 71175 09016 50057 67773 25533 30371 61578 27539
20627 55981 27509 10074 43789 13518
88817 86743 02517 88082 46786 08051
77054 11068 41318=
TTDD 7200/ 48698
11817 86743 22750 83758 33725 75766 44694 70975 55635
68372 66544 69571 77420 62777 88278 60979 99270 61179
11247 56182 22217 54382 33185 58779 44115 50385 55092
42190 66082 46786 77076 46588 88068 41591 99063 42190
11061 39192 22055 41790 33043 40191
21212 11965 36022 22917 35011 33881 01004 44853 03010
55822 02516 66779 06527 77749 07535 88722 07527 99690
10012 11651 18001 22601 25510 33528 25042 44481 24520
55467 27023 66450 26016 77421 25525 88365 27537 99347
28021 11315 27541 22284 26534 33272 27532 44263 28516
55235 27527 66213 29022 77198 28008 88193 30013 99179
31010 11170 35010 22162 01010 33155 08506 44146 15510
55142 15518 66133 16510 77125 24002 88119 34510 99116
34511 11115 35510 22112 12510 33110 16016 44103 17019
55098 11520 66096 10021 77073 06560 88067 09551 99057
12058 11054 11068 22045 09548 33043 10055=
