sing20170107.12
TTAA 57121 48698
99002 32464 21003 00042 31465 19503 92732 25058 24503
85469 19450 23508 70117 11457 27043 50584 04550 20507
40757 13958 06005 30969 29758 07515 25096 40159 11016
20244 52550 09520 15423 68358 11540 10657 78364 06040
88111 80557 11073
77114 11079 434//=
TTCC 57127 48698
70860 76365 26021
88999
77999=
TTDD 5712/ 48698
11823 80561 22799 77963 33743 80361 44691 73367 55671
73967
21212 11934 05526 22896 06512 33874 13503 44833 20010
55811 22521 66780 23025 77749 20528 88743 20026 99720
25020 11671 28024=
