sing20170111.00
TTAA 61001 48698
99008 26617 09503 00093 25617 02507 92777 22430 36011
85511 18450 29518 70149 09450 24512 50587 05544 27008
40759 15359 07503 30970 30950 13018 25097 40562 16018
20245 53362 10023 15423 68756 11037 10657 78961 10017
88999
77122 10075 43248=
TTCC 61001 48698
70857 74566 24522 50057 63576 28530 30373 60178 27036
20628 56581 26530 10082 48584 03009
88788 85557 01509
77056 10073=
TTDD 6100/ 48698
11788 85557 22765 84158 33721 74765 44693 74166 55622
75765 66583 73168 77540 64376 88485 62377 99406 63376
11232 56181 22209 57980 33170 50184 44159 52582 55138
52582 66126 44787 77087 51183 88068 42389 99063 42988
11060 38792 22054 40190
21212 11983 09010 22958 00000 33925 27010 44901 32011
55875 35514 66828 32517 77812 32512 88802 33510 99779
04512 11759 04010 22741 13503 33728 23010 44678 24521
55656 28024 66645 28526 77620 28017 88595 23013 99578
21520 11557 23017 22550 24517 33543 26519 44489 29033
55430 25046 66388 26040 77357 28540 88320 27039 99219
27031 11201 26530 22177 25036 33165 24526 44156 26022
55140 27025 66134 28531 77126 32024 88121 29012 99117
32510 11110 32502 22098 03510 33096 03515 44086 10017
55085 11020 66077 09037 77071 10547 88069 11542 99064
10033 11061 09064 22056 10073 33054 09568=
