sing20170112.00
TTAA 62001 48698
99007 26014 08002 00080 25819 02004 92767 22846 28509
85498 17624 26516 70137 09037 23004 50586 05731 27511
40758 16333 11008 30969 29360 16016 25096 40560 12527
20243 53558 10042 15422 67762 09558 10655 82559 09044
88108 82556 10568
77113 10574 418//=
TTCC 62001 48698
70855 71568 29017 50056 63976 29032 30372 60179 28044
20628 54382 25033 10075 48986 06003
88854 84158 05523
77052 07580 431//=
TTDD 6200/ 48698
11944 80560 22854 84158 33782 84958 44723 78563 55702
71368 66635 73167 77506 63776 88425 66575 99361 58380
11295 60578 22261 60179 33218 53583 44218 53383 55176
55581 66137 51584 77107 52783 88095 48186 99081 52383
11077 51984 22075 48587 33069 50385 44057 36393 55052
35593
21212 11931 05509 22908 04013 33848 05522 44794 01515
55770 02518 66749 01026 77730 01017 88718 33511 99710
30014 11657 27517 22631 29513 33588 28016 44580 28515
55560 29524 66441 27046 77371 26043 88341 27048 99268
28539 11238 25037 22210 24041 33191 26531 44164 28021
55144 30033 66120 25530 77115 25027 88110 26024 99106
25018 11102 25511 22101 01001 33098 03510 44096 02510
55091 08510 66089 10012 77086 07518 88079 05027 99076
08537 11072 10038 22066 09053 33064 07544 44060 08051
55052 07580 66052 07580=
