sing20140101.00
TTAA  51001 48698
99009 25838 03004 00091 26030 03502 92773 20607 02522
85502 17622 02018 70142 09422 29517 50586 05528 03508
40758 15136 34504 30968 30140 14018 25095 41530 11514
20242 54733 12039 15419 70920 12050 10653 711// 28006
88113 80350 09584
77113 09584 43898=
TTCC  51007 48698
70861 741// 28016
88999
77999=
TTDD  5100/ 48698
11926 733// 22915 733// 33837 749// 44832 749// 55777
767// 66752 759// 77726 767// 88691 737// 99679 723//
21212 11968 27509 22944 30017 33921 28542 44900 29047
55882 29049 66864 28554 77846 28047 88828 27549 99792
27042 11774 28042 22756 28536 33721 30020 44679 /////=
