sing20140119.00
TTAA  69001 48698
99012 24850 04007 00117 24443 01507 92795 18811 02025
85519 17044 00513 70149 09256 29515 50585 05983 06530
40757 13960 07022 30968 30557 23008 25095 41931 18511
20242 53935 11521 15420 68525 13028 10652 829// 10074
88110 82925 10575
77107 10081 43365=
TTCC  69001 48698
70860 697// 25039 50058 717// 30019 30370 605// 25521
20628 549// 28537 10070 517// 08063
88999
77054 10087 429//=
TTDD  6900/ 48698
11956 789// 22920 779// 33777 669// 44768 671// 55710
697// 66637 719// 77585 735// 88520 717// 99479 701//
11410 673// 22385 625// 33361 597// 44357 595// 55309
613// 66306 613// 77294 595// 88268 539// 99251 555//
11226 543// 22221 547// 33187 563// 44117 551// 55107
529// 66097 493// 77082 483// 88080 471// 99068 459//
11061 403// 22058 403// 33053 409//
21212 11928 09025 22883 05524 33808 17509 44768 23525
55730 24036 66482 27508 77425 33012 88419 34506 99412
27002 11398 22506 22391 20007 33360 23521 44287 26021
55277 26024 66249 25031 77205 29038 88178 30526 99171
31017 11156 31513 22153 02506 33148 14015 44143 15516
55124 09035 66115 07544 77103 08061 88066 08583 99063
08551 11061 09077 22057 09074 33054 10087 44053 09584=
