sing20140114.00
TTAA  64001 48698
99009 25042 06004 00092 26456 02503 92773 19815 02023
85500 17850 01017 70135 09858 04509 50585 05559 08507
40757 15757 04026 30968 30537 16002 25094 41532 19006
20241 53739 13023 15420 68934 10062 10656 79138 01011
88999
77999=
TTCC  64001 48698
70859 707// 27513 50061 647// 26536 30373 579// 22023
20631 551// 25023 10075 505// 07548
88953 80341 07507
77066 09585 410//=
TTDD  6400/ 48698
11958 80142 22953 80341 33918 791// 44781 793// 55756
765// 66697 703// 77674 703// 88638 717// 99559 677//
11526 631// 22500 647// 33476 661// 44447 665// 55390
645// 66326 615// 77305 587// 88297 573// 99276 563//
11257 553// 22240 571// 33223 549// 44177 573// 55146
525// 66127 547// 77123 531// 88110 519// 99104 507//
11082 493// 22076 463// 33073 453// 44065 457//
21212 11940 09508 22924 07509 33855 16505 44813 10014
55761 15011 66726 01004 77705 28011 88637 25015 99588
33509 11570 31016 22508 26539 33424 28524 44396 25525
55364 29026 66323 25511 77317 23012 88280 24522 99261
27529 11227 29011 22216 28022 33197 24524 44167 29524
55158 27518 66155 29513 77152 25004 88149 14011 99121
06541 11117 06542 22097 08554 33082 09059 44078 09580
55074 08569 66073 09583 77066 09585 88065 10085=
