sing20140110.12
TTAA  60121 48698
99006 29841 19003 00065 30025 15003 92757 22801 30004
85491 18612 24513 70138 10224 22012 50587 04909 18510
40759 15515 20508 30969 30916 06014 25096 40724 09014
20244 53334 07027 15422 69128 08536 10658 78922 26507
88999
77999=
TTCC  60121 48698
70859 767// 03008 50059 623// 28012 30372 645// 29026
20623 617// 26020 10072 475// 09554
88912 81525 27520
77064 08081 42216=
TTDD  6012/ 48698
11937 80929 22912 81525 33792 805// 44686 759// 55604
705// 66523 637// 77493 617// 88468 637// 99369 649//
11353 635// 22345 629// 33299 645// 44273 623// 55259
605// 66245 593// 77218 621// 88204 625// 99176 537//
11159 501// 22146 511// 33134 509// 44117 497// 55099
469// 66075 455// 77069 473// 88065 459// 99062 421//
11050 423//
21212 11977 24013 22911 27521 33851 21521 44753 22506
55716 01010 66692 04005 77605 03510 88586 12011 99559
14011 11524 01508 22467 26030 33389 30031 44345 27529
55270 31006 66261 25016 77243 26014 88235 23517 99182
29025 11165 34002 22162 16011 33132 08041 44125 07529
55116 11042 66110 10055 77080 09079 88073 06566 99064
08081 11057 09072 22050 11078=
