sing20140108.00
TTAA  58001 48698
99008 25834 03005 00085 26433 35001 92769 21836 35024
85500 17222 33517 70133 08017 30008 50585 05920 28503
40757 15348 26506 30967 30750 17011 25094 41356 12022
20241 53750 10545 15419 69740 09050 10655 721// 28015
88120 78949 10557
77119 10561 40976=
TTCC  58001 48698
70861 771// 34512 50060 655// 24512 30374 555// 24529
20632 561// 26025 10079 527// 09550
88999
77999=
TTDD  5800/ 48698
11852 765// 22780 773// 33722 797// 44662 753// 55626
721// 66595 735// 77577 705// 88573 699// 99535 675//
11503 653// 22472 667// 33443 657// 44438 645// 55433
643// 66417 647// 77370 633// 88347 623// 99337 615//
11288 547// 22270 529// 33248 555// 44243 557// 55190
545// 66162 533// 77130 501// 88118 533// 99113 551//
11111 557// 22102 523// 33096 515//
21212 11964 26524 22886 28528 33775 30023 44711 35513
55666 33517 66627 26509 77607 28508 88586 24003 99567
32509 11522 33504 22513 24509 33504 24514 44480 24009
55464 25502 66448 34011 77441 35516 88434 36013 99397
30512 11364 23519 22315 23526 33298 24528 44254 28536
55204 26027 66194 23017 77187 20026 88165 18516 99162
17007 11159 06504 22156 34505 33150 07516 44141 05026
55136 08036 66133 09541 77119 07549 88113 08055 99096
10054=
