sing20140115.00
TTAA  65001 48698
99010 24844 05006 00102 25046 03009 92781 19420 02526
85507 17023 35515 70141 08857 23508 50585 06157 13014
40758 14760 07036 30969 30960 18013 25095 41558 14010
20242 54147 10526 15420 68742 11056 10656 783// 23007
88125 76142 10586
77125 10588 42775=
TTCC  65001 48698
70861 737// 28508 50061 679// 28021 30375 623// 24028
20653 287// ///// 10103 521// 10553
88999
77999=
TTDD  6500/ 48698
11896 795// 22886 799// 33855 785// 44800 757// 55739
743// 66680 715// 77610 691// 88565 675// 99524 693//
11517 691// 22505 679// 33441 655// 44403 631// 55389
621// 66375 609// 77357 595// 88317 629// 99285 619//
11256 579// 22238 559// 33217 248// 44184 128// 55181
120// 66150 002// 77128 101// 88119 145// 99107 217//
11101 251// 22091 317// 33090 327// 44081 391// 55080
403//
21212 11934 22021 22893 24023 33789 20510 44765 17008
55719 31002 66678 27017 77632 23004 88609 25504 99551
26022 11507 27519 22474 30533 33429 30520 44408 26517
55395 28012 66364 23021 77307 24529 88292 23526 99282
26019 11278 22517 22260 28022 33250 29524 44234 /////
55196 31014 66189 31518 77178 34507 88175 33502 99165
15019 11156 18019 22133 07528 33126 11033 44123 09045
55119 08546 66113 08052 77109 09549 88095 11062 99088
10550 11083 09565 22080 10064=
