sing20140104.12
TTAA  54121 48698
99007 28445 03004 00080 29057 29501 92767 22016 35513
85498 17008 33012 70135 09214 34509 50586 06111 02507
40757 15325 08506 30969 29357 14511 25096 39950 12024
20244 53148 12527 15423 68348 12034 10655 785// 09540
88113 81542 10557
77109 10564 42631=
TTCC  54122 48698
70862 685// 27533 50061 735// 25518 30372 633// 29031
20625 559// 22519
88999
77999=
TTDD  5412/ 48698
11995 785// 22906 771// 33832 727// 44787 717// 55754
727// 66707 689// 77616 707// 88564 723// 99557 725//
11500 735// 22488 721// 33477 711// 44417 651// 55403
641// 66375 653// 77366 641// 88334 621// 99310 637//
11255 605// 22215 571// 33195 551// 44172 531// 55169
523// 66125 497// 77121 495//
21212 11969 08537 22936 09044 33821 27012 44777 29522
55736 27018 66689 27536 77650 29029 88599 27520 99542
26030 11517 24525 22501 26018 33463 25013 44448 27016
55400 25527 66363 27532 77327 29036 88306 28529 99257
31038 11231 31015 22220 32511 33216 01012 44209 29504
55198 22020 66189 21531 77173 21521 88167 19519 99161
14514 11156 15506 22151 06009 33149 04513 44139 12519
55130 07529 66125 05031 77122 05542 88121 06038=
