sing20140116.00
TTAA  66001 48698
99013 24833 04007 00130 24843 01508 92808 19007 02025
85533 16025 32010 70167 09225 24011 50588 07332 19508
40760 14966 07523 30971 31739 14008 25097 41757 10518
20244 54156 11037 15422 69144 09062 10657 78947 07508
88999
77122 10087 42871=
TTCC  66001 48698
70862 717// 23509 50062 675// 28522 30375 613// 28523
20630 583// 27012 10080 487// 09055
88949 81137 31504
77999=
TTDD  6600/ 48698
11949 81137 22919 779// 33905 777// 44837 789// 55750
723// 66728 705// 77677 729// 88653 733// 99591 679//
11534 697// 22499 675// 33479 645// 44449 663// 55443
665// 66431 663// 77410 641// 88382 629// 99344 619//
11335 613// 22331 607// 33278 585// 44208 573// 55199
583// 66182 561// 77172 541// 88156 533// 99152 513//
11142 475// 22133 483// 33124 501// 44119 491// 55111
469// 66101 485// 77085 495// 88074 461// 99065 435//
21212 11922 29011 22831 19502 33815 21009 44800 18005
55773 18515 66761 17011 77727 25010 88706 24508 99671
27006 11638 25509 22607 30011 33579 29027 44532 28533
55500 28521 66475 30531 77428 30010 88407 23020 99389
24016 11376 23020 22345 24021 33321 28528 44278 31528
55237 32520 66212 27516 77197 25012 88190 19519 99176
18524 11160 14013 22144 05032 33129 10528 44124 10529
55118 08536 66108 10542 77102 09555 88089 06549 99082
08048 11077 09060 22076 10052 33069 09567 44065 09561=
