sing20140109.00
TTAA  59001 48698
99008 25037 01002 00082 26056 28001 92764 20405 02014
85492 16801 01509 70128 09228 31011 50585 05137 28509
40757 15158 15011 30968 31157 10518 25094 41757 09524
20242 54156 10038 15420 68957 11055 10656 78156 28518
88999
77125 10570 41472=
TTCC  59001 48698
70859 725// 30506 50059 701// 23005 30375 603// 26038
20628 545// 26017 10078 473// 09549
88944 80149 28537
77999=
TTDD  5900/ 48698
11979 78950 22944 80149 33911 783// 44868 795// 55834
807// 66798 779// 77787 777// 88756 789// 99716 763//
11688 707// 22683 707// 33654 717// 44638 713// 55609
691// 66547 677// 77517 689// 88484 703// 99455 665//
11449 655// 22407 595// 33373 579// 44329 593// 55328
593// 66323 591// 77300 603// 88262 623// 99229 601//
11216 569// 22201 545// 33176 505// 44168 521// 55141
547// 66137 521// 77135 519// 88130 499// 99115 477//
11109 493// 22106 479// 33092 465// 44061 427// 55058
411//
21212 11940 28539 22850 33028 33807 33017 44706 32504
55626 18009 66616 20008 77558 18508 88548 16009 99538
18508 11517 27502 22482 21010 33467 21507 44451 25004
55435 23508 66411 26014 77384 29526 88354 26529 99319
25538 11293 26536 22278 29037 33240 28018 44232 26525
55219 27020 66185 20508 77179 07010 88172 06014 99165
04516 11162 03520 22156 04034 33131 10528 44115 11544
55102 09545 66071 10551 77069 12055 88068 12043 99067
10049 11064 09051 22063 09550 33062 09563 44061 08544
55058 07050=
