sing20140102.00
TTAA  52001 48698
99009 26038 04004 00089 26402 03002 92772 20800 02519
85504 18009 05506 70146 09825 32505 50587 03938 26508
40759 14956 25511 30970 31316 08012 25097 41329 11023
20244 53737 11534 15422 69718 10047 10657 761// 19009
88128 76317 10064
77118 10074 42178=
TTCC  52007 48698
70862 743// 25513
88999
77999=
TTDD  5200/ 48698
11936 777// 22895 769// 33848 769// 44824 779// 55809
785// 66801 789// 77742 763// 88737 763// 99709 751//
11681 733// 22645 717//
21212 11969 23014 22942 26014 33920 29022 44902 31019
55888 30519 66873 30519 77858 27518 88841 26023 99824
26527 11808 26028 22794 26525 33781 27016 44768 26511
55754 25507 66730 21514 77718 22015 88706 26012 99695
25514 11684 25517 22653 27511 33645 28011=
