sing20140106.00
TTAA  56001 48698
99007 24433 07503 00075 25624 00000 92757 20804 01017
85487 17408 02011 70127 09214 32513 50584 05904 27506
40756 15709 29008 30967 30721 13502 25093 41324 03010
20241 54145 09029 15419 69335 11542 10654 727// 12509
88112 79956 10072
77999=
TTCC  56001 48698
70861 739// 27529 50063 635// 28019 30375 633// 26527
20630 517// 18004 10077 501// 09038
88999
77051 10580 408//=
TTDD  5600/ 48698
11987 729// 22878 755// 33867 761// 44847 767// 55833
741// 66819 727// 77799 729// 88755 743// 99659 733//
11651 729// 22597 701// 33567 667// 44562 657// 55546
637// 66441 649// 77395 635// 88349 665// 99328 657//
11309 629// 22254 603// 33241 589// 44227 559// 55214
529// 66206 515// 77197 519// 88178 529// 99164 517//
11138 549// 22122 529// 33107 505// 44097 495// 55091
485// 66085 475// 77082 461// 88077 453// 99075 443//
11072 423// 22057 393// 33053 409// 44052 411// 55049
395// 66048 397//
21212 11962 25505 22857 28522 33763 25542 44649 28523
55485 24521 66385 29534 77336 26022 88280 28534 99251
25026 11204 20507 22198 25502 33195 34505 44190 33515
55180 34524 66172 35510 77165 36012 88163 06509 99147
13030 11134 09029 22115 12545 33110 11058 44087 09053
55082 09061 66051 10580 77048 10080=
