sing20140102.12
TTAA  52121 48698
99006 28843 06011 00069 28650 00000 92756 21817 02518
85488 18635 03510 70133 11457 33006 50586 05513 28007
40759 14565 25021 30970 30157 14512 25097 40359 13030
20245 53357 09535 15423 69150 09033 10659 769// 25522
88119 77556 10060
77999=
TTCC  52121 48698
70863 745// 22511 50062 701// 24509 30376 625// 29021
20629 535// 31523 10084 453// 09550
88999
77050 09077=
TTDD  5212/ 48698
11926 781// 22880 797// 33836 777// 44787 801// 55732
741// 66657 755// 77586 677// 88510 701// 99506 703//
11459 653// 22371 613// 33355 623// 44345 627// 55292
615// 66236 587// 77224 601// 88218 591// 99205 549//
11187 493// 22183 489// 33176 477// 44154 525// 55146
509// 66137 495// 77128 475// 88109 461// 99096 449//
11084 469// 22075 437// 33071 427// 44067 407// 55062
387// 66049 395//
21212 11916 28019 22886 29010 33841 33010 44778 32012
55743 22515 66634 19504 77603 15001 88583 27505 99481
21506 11457 26004 22402 28529 33275 27517 44253 25018
55200 31523 66183 36008 77177 05510 88174 07505 99162
16014 11125 10532 22100 09550 33097 08556 44093 08560
55091 08056 66072 08068 77069 09557 88067 10072 99055
09070 11053 09559 22050 09077 33049 09072=
