  1. 1.2014   0 Uhr

 99.9   3.0  -0.5   96.8   4.6  -0.4   94.4   7.6  -4.4   92.1  20.9  -5.6
 90.0  22.7  -8.3   88.2  23.7  -8.6   86.4  26.8  -7.2   84.6  23.8  -4.2
 82.8  25.1  -2.2   79.2  21.6   0.0   77.4  21.3  -3.8   75.6  17.9  -4.8
 72.1   8.9  -5.1   70.0   8.1  -1.4

 99.9   3.0  -0.5   90.0  22.7  -8.3   80.0  22.4  -0.5   70.0   8.1  -1.4
 60.0   0.0   0.0   50.0   0.0   0.0   45.0   0.0   0.0   40.0   0.0   0.0
 35.0   0.0   0.0   30.0   0.0   0.0   25.0   0.0   0.0   22.5   0.0   0.0
 20.0   0.0   0.0   15.0   0.0   0.0   12.0   0.0   0.0   10.0   0.0   0.0
  8.0   0.0   0.0    7.0   0.0   0.0    6.0   0.0   0.0    5.0   0.0   0.0
  4.0   0.0   0.0
 
  1. 1.2014  12 Uhr

 99.9   0.0   0.0   90.0   0.0   0.0   80.0   0.0   0.0   70.0   0.0   0.0
 60.0   0.0   0.0   50.0   0.0   0.0   45.0   0.0   0.0   40.0   0.0   0.0
 35.0   0.0   0.0   30.0   0.0   0.0   25.0   0.0   0.0   22.5   0.0   0.0
 20.0   0.0   0.0   15.0   0.0   0.0   12.0   0.0   0.0   10.0   0.0   0.0
  8.0   0.0   0.0    7.0   0.0   0.0    6.0   0.0   0.0    5.0   0.0   0.0
  4.0   0.0   0.0
 
  2. 1.2014   0 Uhr

 99.9   0.8   4.6   96.9   5.5   4.6   94.2   7.1   1.3   92.0  10.6  -3.9
 90.2   7.5  -6.3   88.8   8.0  -5.6   87.3   8.0  -5.6   85.8   9.2  -0.8
 84.1  11.7   2.1   82.4  13.8   1.2   80.8  14.2   2.5   79.4  12.8   1.1
 78.1   8.2   0.0   76.8   5.6   0.5   75.4   3.5   0.9   73.0   4.1   5.9
 71.8   5.0   5.9   70.6   6.1   1.1   70.0   6.5   1.7   69.5   7.0   1.9
 68.4   8.4   2.3   65.3   5.6  -0.5   64.5   5.6  -1.0

 99.9   0.8   4.6   90.0   7.6  -6.2   80.0  13.4   1.7   70.0   6.5   1.7
 60.0   0.0   0.0   50.0   0.0   0.0   45.0   0.0   0.0   40.0   0.0   0.0
 35.0   0.0   0.0   30.0   0.0   0.0   25.0   0.0   0.0   22.5   0.0   0.0
 20.0   0.0   0.0   15.0   0.0   0.0   12.0   0.0   0.0   10.0   0.0   0.0
  8.0   0.0   0.0    7.0   0.0   0.0    6.0   0.0   0.0    5.0   0.0   0.0
  4.0   0.0   0.0
 
  2. 1.2014  12 Uhr

 99.9  10.9   2.9   91.6   9.6  -1.7   88.6   4.8  -1.8   84.1   2.6  -4.5
 77.8   4.0  -4.7   74.3   5.5   5.5   70.0   4.0   4.0   63.4   0.5   2.0
 60.3  -0.3   0.4   58.3   2.6  -0.2   50.0   4.2   2.0   48.1   1.8   2.5
 45.7   2.0   0.4   40.2  14.4  -3.9   30.0  10.2  -3.7   27.5   8.7  -0.8
 25.3   8.7   3.2   20.0   8.4  -8.4   18.3   0.0  -4.1   17.7  -4.2  -3.0
 17.4  -2.5  -0.7   16.2  -2.5   6.8   12.5 -15.9   4.3   10.0 -25.6   2.2
  9.7 -28.7  -2.5    9.3 -30.7  -2.7    9.1 -28.4  -5.0    7.2 -34.5  -6.1
  6.9 -29.2   2.6    6.7 -36.5   6.4    5.5 -36.0   0.0    5.3 -30.2   2.6
  5.0 -39.6   0.0    4.9 -37.0   0.0

 99.9  10.9   2.9   90.0   7.1  -1.7   80.0   3.5  -4.6   70.0   4.0   4.0
 60.0   0.2   0.3   50.0   4.2   2.0   45.0   3.5  -0.2   40.0  14.3  -3.9
 35.0  12.4  -3.8   30.0  10.2  -3.7   25.0   8.7   2.6   22.5   8.5  -2.7
 20.0   8.4  -8.4   15.0  -6.6   6.0   12.0 -17.7   3.9   10.0 -25.6   2.2
  8.0 -31.8  -5.6    7.0 -31.0  -0.4    6.0 -36.2   2.8    5.0 -39.6   0.0
  4.0   0.0   0.0
 
  3. 1.2014   0 Uhr

 99.9   2.8  -7.7   97.9   0.0  -9.3   95.6  -2.8 -10.4   93.5  -4.8 -10.3
 89.4  -4.7  -4.7   87.5  -4.6  -3.2   83.8  -2.5  -2.5   82.1  -2.5  -0.7
 80.4  -1.5  -0.5   77.8  -7.5  -2.0   75.0  -2.1   3.6   70.3   1.5   0.3
 70.0   1.5   0.5   68.0   2.1   1.5   66.9   1.5   0.4   64.6   1.4  -0.7
 63.5   3.3  -1.5   61.5   4.9  -8.5   59.7   4.9  -8.5   57.0   6.5  -6.5
 56.2   7.6  -5.3   55.3   7.6  -5.3   53.5   7.5  -2.0   50.9   7.2  -0.6
 50.1   6.7   0.0

 99.9   2.8  -7.7   90.0  -4.7  -5.5   80.0  -2.4  -0.8   70.0   1.5   0.5
 60.0   4.9  -8.5   50.0   6.6   0.1   45.0   0.0   0.0   40.0   0.0   0.0
 35.0   0.0   0.0   30.0   0.0   0.0   25.0   0.0   0.0   22.5   0.0   0.0
 20.0   0.0   0.0   15.0   0.0   0.0   12.0   0.0   0.0   10.0   0.0   0.0
  8.0   0.0   0.0    7.0   0.0   0.0    6.0   0.0   0.0    5.0   0.0   0.0
  4.0   0.0   0.0
 
  3. 1.2014  12 Uhr

 99.9   0.0   0.0   90.0   0.0   0.0   80.0   0.0   0.0   70.0   0.0   0.0
 60.0   0.0   0.0   50.0   0.0   0.0   45.0   0.0   0.0   40.0   0.0   0.0
 35.0   0.0   0.0   30.0   0.0   0.0   25.0   0.0   0.0   22.5   0.0   0.0
 20.0   0.0   0.0   15.0   0.0   0.0   12.0   0.0   0.0   10.0   0.0   0.0
  8.0   0.0   0.0    7.0   0.0   0.0    6.0   0.0   0.0    5.0   0.0   0.0
  4.0   0.0   0.0
 
  4. 1.2014   0 Uhr

 99.9 -11.4  -8.0   94.2 -21.4  -5.7   90.4 -21.8  -7.9   81.3 -12.8   1.1
 77.9  -2.6   3.2   73.1   4.5  -1.2   70.0   5.6   1.0   68.6   8.6   1.5
 57.8  15.9  -1.4   50.0  11.1   4.0   49.7  10.2   3.7   47.3   8.2   0.0
 45.7   9.9  -2.7   42.8   9.4   2.5   41.5   6.3  -2.3   38.8   9.9   2.7
 30.0  19.8   3.5   29.2  20.1   0.0   24.5  16.4  -6.0   23.0   7.9  -6.6
 21.5   8.7  -3.2   20.0   0.9   3.5   19.4   5.6   6.7   19.0   5.0   7.2
 18.4   6.7   4.7   18.0   4.6   5.5   17.4   4.1   0.0   16.5  -0.4   0.3
 16.1  -1.0   0.4   15.0  -9.3  -4.3   13.2 -16.4   4.4   12.5 -12.7   2.2
 10.9 -29.2   2.6   10.5 -29.7   2.6   10.1 -26.6   2.3   10.0 -25.1   2.2
  9.9 -24.1   2.1    9.1 -36.4   3.2    8.0 -35.5   0.0    7.9 -29.2  -2.6
  7.6 -32.3  -2.8    6.7 -23.3  -4.1    6.6 -28.4  -5.0    5.5 -25.8   4.6
  5.0 -38.7  14.1    4.9 -35.9  16.7

 99.9 -11.4  -8.0   90.0 -21.4  -7.5   80.0  -9.0   1.9   70.0   5.6   1.0
 60.0  14.3  -0.8   50.0  11.1   4.0   45.0   9.8  -1.4   40.0   8.3   0.4
 35.0  14.0   3.0   30.0  19.8   3.5   25.0  16.8  -5.3   22.5   8.2  -5.5
 20.0   0.9   3.5   15.0  -9.3  -4.3   12.0 -17.7   2.3   10.0 -25.1   2.2
  8.0 -35.5   0.0    7.0 -26.4  -3.7    6.0 -27.0   0.1    5.0 -38.7  14.1
  4.0   0.0   0.0
 
  4. 1.2014  12 Uhr

 99.9 -20.5   1.8   96.9 -19.0  -1.7   93.6 -22.6   0.0   82.1   6.2   0.0
 77.7  10.3  -4.8   73.6   9.3   0.0   70.0  16.9  -1.5   68.9  18.4  -1.6
 65.0  14.0  -5.1   59.9  10.2  -0.9   54.2  15.2   2.7   51.7  11.7   5.4
 50.1   9.1   1.6   50.0   8.9   2.4   46.3   6.3   2.3   44.8   8.2   0.0
 40.0  13.4   3.6   36.3  16.4  -1.4   32.7  17.4  -6.3   30.6  14.4  -3.9
 30.0  15.0  -5.5   25.7  15.0 -12.6   23.1   5.9  -5.0   22.0   3.2  -4.6
 21.6  -1.1  -6.1   20.9   1.9  -0.9   20.0   6.9   6.9   19.8   6.6   7.9
 18.9   9.1  13.1   17.3   6.2   8.8   16.7   2.5   9.4   16.1  -4.1   5.9
 15.6  -1.3   2.8   15.1  -4.0  -2.3   14.9  -4.7  -4.7   13.9  -8.0   5.6
 13.0 -14.4  -3.9   12.5 -12.2 -10.3   12.2 -17.7 -12.4   12.1 -16.9  -9.8


 99.9 -20.5   1.8   90.0 -13.9   0.0   80.0   8.1  -2.3   70.0  16.9  -1.5
 60.0  10.3  -1.0   50.0   8.9   2.4   45.0   8.0   0.3   40.0  13.4   3.6
 35.0  16.8  -3.2   30.0  15.0  -5.5   25.0  12.6 -10.6   22.5   4.5  -4.8
 20.0   6.9   6.9   15.0  -4.4  -3.5   12.0 -16.2  -7.1   10.0   0.0   0.0
  8.0   0.0   0.0    7.0   0.0   0.0    6.0   0.0   0.0    5.0   0.0   0.0
  4.0   0.0   0.0
 
  5. 1.2014   0 Uhr

 99.9   0.0   0.0   90.0   0.0   0.0   80.0   0.0   0.0   70.0   0.0   0.0
 60.0   0.0   0.0   50.0   0.0   0.0   45.0   0.0   0.0   40.0   0.0   0.0
 35.0   0.0   0.0   30.0   0.0   0.0   25.0   0.0   0.0   22.5   0.0   0.0
 20.0   0.0   0.0   15.0   0.0   0.0   12.0   0.0   0.0   10.0   0.0   0.0
  8.0   0.0   0.0    7.0   0.0   0.0    6.0   0.0   0.0    5.0   0.0   0.0
  4.0   0.0   0.0
 
  5. 1.2014  12 Uhr

 99.9 -11.0   9.3   95.3  -3.0   8.2   92.4   0.0   7.2   91.1   0.0   5.7
 88.4   2.7   1.5   87.1   6.0  -1.6   85.8   7.9  -3.7   84.5   7.6  -5.3
 83.1   9.3  -6.5   81.9   9.7  -6.8   80.2   6.7  -4.7

 99.9 -11.0   9.3   90.0   1.1   4.0   80.0   6.4  -4.5   70.0   0.0   0.0
 60.0   0.0   0.0   50.0   0.0   0.0   45.0   0.0   0.0   40.0   0.0   0.0
 35.0   0.0   0.0   30.0   0.0   0.0   25.0   0.0   0.0   22.5   0.0   0.0
 20.0   0.0   0.0   15.0   0.0   0.0   12.0   0.0   0.0   10.0   0.0   0.0
  8.0   0.0   0.0    7.0   0.0   0.0    6.0   0.0   0.0    5.0   0.0   0.0
  4.0   0.0   0.0
 
  6. 1.2014   0 Uhr

 99.9  -3.8   2.7   96.2   2.5   0.7   85.7  10.9  -2.9   76.3  20.9   5.6
 70.0  14.9  -1.3   64.9  11.4  -3.1   50.0   9.6  -1.7   48.5   9.8   4.6
 38.5  15.9  -7.4   33.6  11.1   2.0   30.0  13.8   1.2   28.0  16.9  -4.5
 25.1  12.6   4.6   20.4   1.5   3.3   20.0   0.0   2.1   19.8   1.0   0.3
 19.5   0.7  -2.5   19.0   3.3  -7.0   18.0   3.2 -11.9   17.2   0.4  -5.1
 16.5   0.0  -6.2   16.3  -4.2  -2.0   14.7 -11.8   9.9   13.4 -14.9   0.0
 11.5 -19.0  13.3   11.0 -28.0  10.2   10.0 -19.5   0.0    8.7 -27.3   0.0
  8.2 -31.4   0.0    5.1 -39.8  10.7    4.8 -40.5   7.1

 99.9  -3.8   2.7   90.0   7.4  -1.4   80.0  16.9   2.2   70.0  14.9  -1.3
 60.0  10.9  -2.6   50.0   9.6  -1.7   45.0  11.8   0.6   40.0  14.9  -5.5
 35.0  12.5  -0.8   30.0  13.8   1.2   25.0  12.3   4.5   22.5   6.7   3.9
 20.0   0.0   2.1   15.0 -10.3   7.6   12.0 -17.9   9.6   10.0 -19.5   0.0
  8.0 -31.8   0.6    7.0 -34.3   3.7    6.0 -37.0   7.2    5.0 -40.0   9.5
  4.0   0.0   0.0
 
  6. 1.2014  12 Uhr

 99.9  -1.2   4.5   97.4   3.2   4.6   92.3   9.6   1.7   90.7   9.7   0.9
 89.2   9.6   1.7   87.5   8.1   1.4   86.0   7.2   0.0   80.8  15.9   4.3
 77.1  22.4   6.0   74.4  16.9   4.5   73.1  16.4   4.4   71.7  18.7   3.3
 70.5  16.2   2.9   70.0  15.2   2.7   69.3  13.2   2.3   64.1   8.2  -3.0
 63.0   7.1  -4.1   61.9   6.5  -1.7   60.8   5.6  -2.6   58.6   7.6   1.3
 56.4   8.7   3.2   54.3   7.6   1.3   53.5   9.7   0.9   51.7   9.9  -2.7
 50.0   9.9  -2.7   49.3   9.4  -2.5

 99.9  -1.2   4.5   90.0   9.7   1.2   80.0  17.3   4.6   70.0  15.2   2.7
 60.0   6.3  -1.2   50.0   9.9  -2.7   45.0   0.0   0.0   40.0   0.0   0.0
 35.0   0.0   0.0   30.0   0.0   0.0   25.0   0.0   0.0   22.5   0.0   0.0
 20.0   0.0   0.0   15.0   0.0   0.0   12.0   0.0   0.0   10.0   0.0   0.0
  8.0   0.0   0.0    7.0   0.0   0.0    6.0   0.0   0.0    5.0   0.0   0.0
  4.0   0.0   0.0
 
  7. 1.2014   0 Uhr

 99.9   1.0   1.2   97.3   4.6  -3.2   94.1   3.3  -5.8   89.5  11.4  -3.1
 82.4  17.4   1.5   74.5  14.7  10.3   70.0   9.3  11.0   69.8   8.0  11.4
 67.6   7.7   2.8   65.5   6.5   1.7   58.5   4.3  -5.1   50.0   8.4  -2.3
 49.7   9.1  -1.6   46.5   9.4   2.5   44.2   9.1  -1.6   38.0   9.7  -3.5
 36.7   8.2   0.7   33.2   7.2  -0.6   31.5   5.6  -2.6   30.4   2.4   3.4
 30.0   3.0   4.2   28.9   3.5   7.5   26.4  10.2   3.7   24.7   7.5  -3.5
 23.8  12.5  -7.2   21.8  15.6 -10.9   20.0  12.2  -8.6   19.6  10.5  -7.4
 17.9   0.9  -2.4   17.6   0.4   0.3   17.2  -3.2   4.6   16.9  -0.3   3.6
 16.3  -5.1   5.1   15.4  -6.7  11.6   14.3 -15.4   7.2   13.9 -11.3   0.0
 11.6 -30.9  -5.4   10.0 -27.7  -2.4    8.5 -44.1  -7.8    8.2 -42.0   3.7
  7.7 -29.9  -5.3    7.4 -34.3  -9.2    7.0 -40.7 -10.9    6.6 -34.8  -3.0
  6.4 -52.8  -4.6    6.3 -42.2 -11.3

 99.9   1.0   1.2   90.0  10.5  -3.4   80.0  16.6   4.1   70.0   9.3  11.0
 60.0   4.8  -3.6   50.0   8.4  -2.3   45.0   9.2  -0.2   40.0   9.5  -2.9
 35.0   7.7   0.1   30.0   3.0   4.2   25.0   7.9  -2.2   22.5  14.5  -9.6
 20.0  12.2  -8.6   15.0  -9.8  10.0   12.0 -27.3  -4.4   10.0 -27.7  -2.4
  8.0 -37.2   0.1    7.0 -40.7 -10.9    6.0   0.0   0.0    5.0   0.0   0.0
  4.0   0.0   0.0
 
  7. 1.2014  12 Uhr

 99.9   6.1  -0.5   97.8   4.8   1.8   96.1   3.9   1.4   94.4   3.5   0.9
 92.5   6.3   2.3   90.6   9.9   2.7   86.8  11.7   5.4   84.9  13.1   6.1
 83.2  13.1   4.8   82.1  13.5   4.9

 99.9   6.1  -0.5   90.0  10.2   3.1   80.0  14.5   5.3   70.0   0.0   0.0
 60.0   0.0   0.0   50.0   0.0   0.0   45.0   0.0   0.0   40.0   0.0   0.0
 35.0   0.0   0.0   30.0   0.0   0.0   25.0   0.0   0.0   22.5   0.0   0.0
 20.0   0.0   0.0   15.0   0.0   0.0   12.0   0.0   0.0   10.0   0.0   0.0
  8.0   0.0   0.0    7.0   0.0   0.0    6.0   0.0   0.0    5.0   0.0   0.0
  4.0   0.0   0.0
 
  8. 1.2014   0 Uhr

 99.9   7.6  -1.3   96.4  12.3   1.1   88.6  13.9  -3.7   77.5  10.2  -5.9
 71.1   0.6  -6.7   70.0   1.6  -6.0   66.6   3.7  -7.9   62.7   4.6   0.4
 60.7   4.0  -1.1   58.6   1.3   0.8   56.7   2.7  -3.8   52.2   0.9  -1.9
 51.3   4.2   2.0   50.4   6.5   3.0   50.0   5.6   2.6   48.0   4.0   2.3
 46.4   1.0   0.3   44.8   1.9  -5.3   44.1   0.7  -8.2   43.4   0.0  -6.7
 39.7   5.1  -3.5   36.4   8.0   5.6   31.5  11.0   7.7   30.0  13.5   6.3
 29.8  13.1   6.1   25.4  17.9  -4.8   20.4  13.7   2.4   20.0  12.7   2.2
 19.4   6.7   5.6   18.7   4.6  12.6   16.5   0.7   8.2   16.2  -0.6   3.5
 15.9  -1.9  -0.9   15.6   0.7  -2.5   15.0  -8.0  -2.1   14.1 -10.2  -8.6
 13.6 -18.2  -3.2   13.3 -21.0   1.8   11.9 -24.3  -6.5   11.3 -27.9  -4.9
 10.0 -25.6   2.2    9.6 -27.4   4.8

 99.9   7.6  -1.3   90.0  13.6  -2.8   80.0  11.1  -5.4   70.0   1.6  -6.0
 60.0   3.1  -0.5   50.0   5.6   2.6   45.0   1.8  -4.6   40.0   4.6  -3.8
 35.0   8.8   6.2   30.0  13.5   6.3   25.0  17.6  -4.3   22.5  15.5  -0.8
 20.0  12.7   2.2   15.0  -8.0  -2.1   12.0 -24.1  -5.9   10.0 -25.6   2.2
  8.0   0.0   0.0    7.0   0.0   0.0    6.0   0.0   0.0    5.0   0.0   0.0
  4.0   0.0   0.0
 
  8. 1.2014  12 Uhr

 99.9   9.2   0.8   97.7  12.8  -1.1   94.8  16.4  -4.4   93.0  20.3  -3.6
 91.1  18.7  -3.3   89.5  17.9  -1.6   88.0  17.2  -3.0   86.7  16.2  -2.9
 85.3  16.2  -2.9   82.3  14.4  -3.9   80.9  12.9  -3.5   79.5  11.1  -4.0
 78.1  10.3  -4.8   76.8   9.8  -5.7   75.5  11.1  -4.0

 99.9   9.2   0.8   90.0  18.2  -2.1   80.0  11.8  -3.8   70.0   0.0   0.0
 60.0   0.0   0.0   50.0   0.0   0.0   45.0   0.0   0.0   40.0   0.0   0.0
 35.0   0.0   0.0   30.0   0.0   0.0   25.0   0.0   0.0   22.5   0.0   0.0
 20.0   0.0   0.0   15.0   0.0   0.0   12.0   0.0   0.0   10.0   0.0   0.0
  8.0   0.0   0.0    7.0   0.0   0.0    6.0   0.0   0.0    5.0   0.0   0.0
  4.0   0.0   0.0
 
  9. 1.2014   0 Uhr

 99.9   8.9  -2.4   94.0  19.4  -5.2   85.0   7.2 -12.5   80.7   4.4  -7.6
 70.6   1.2  -1.7   70.0   2.5  -1.8   62.6   0.0   4.6   61.6   1.4   3.9
 55.8   0.4   4.1   54.8  -1.6   4.4   53.8   0.4   4.1   51.7   1.0  -0.1
 50.0   2.0   1.7   48.2   2.6   4.5   46.7   2.1   2.9   45.1   1.9   0.7
 43.5   3.4   2.4   41.1   7.1   1.3   38.4  12.1  -5.7   35.4  14.9   1.3
 31.9  18.9   5.1   30.0  19.3   3.4   29.3  18.4   1.6   27.8  17.9  -6.5
 24.0   9.1  -1.6   23.2  12.8   1.1   21.9  10.3   0.0   20.0   8.6   1.5
 18.5   1.7   3.7   17.9  -4.8  -1.8   17.2  -6.2  -3.6   16.5  -5.8  -5.8
 16.2  -5.9  -8.4   15.6 -11.2 -13.4   13.1 -13.9   3.7   11.5 -20.5   9.6
 10.2 -23.1   2.0   10.0 -25.1   2.2    7.1 -25.3   6.8    6.9 -24.5  14.1
  6.8 -19.2  11.1    6.7 -24.8   4.4    6.4 -26.2   0.0    6.3 -25.6   2.2
  6.2 -32.3   2.8    6.1 -22.5  -2.0    5.8 -24.2  -8.8

 99.9   8.9  -2.4   90.0  14.1  -8.4   80.0   4.2  -7.2   70.0   2.5  -1.8
 60.0   1.1   3.9   50.0   2.0   1.7   45.0   2.0   0.8   40.0   9.1  -1.5
 35.0  15.3   1.7   30.0  19.3   3.4   25.0  11.5  -2.9   22.5  11.5   0.5
 20.0   8.6   1.5   15.0 -11.9  -9.5   12.0 -18.4   7.7   10.0 -25.1   2.2
  8.0 -25.3   5.2    7.0 -24.9  10.5    6.0 -23.1  -4.2    5.0   0.0   0.0
  4.0   0.0   0.0
 
  9. 1.2014  12 Uhr

 99.9   4.3  -5.1   98.4   6.2  -3.6   90.0  11.4  -3.1   80.4   1.5  -1.5
 78.7   2.5  -0.4   70.0   1.5  -5.5   69.9   1.5  -5.5   61.5   4.7   4.0
 58.4   0.8   4.6   56.6   1.3   2.8   55.6   1.2   4.5   53.7  -1.1   1.1
 52.8  -1.3   2.8   50.0  -0.5  -3.0   49.1   0.0  -3.1   45.7   0.8  -3.0
 44.9   3.4   1.2   43.4   4.3   5.1   41.9   9.1   7.6   39.8   6.7   5.6
 36.9  12.6  -4.6   32.1  15.7   2.8   30.4  18.2   3.2   30.0  18.4   1.6
 26.7  16.0  -9.3   24.7  14.9   1.3   24.2  19.0   1.7   22.5  12.1   4.4
 20.4  11.4   8.0   20.0  10.3   4.8   18.8   8.0   2.1   18.5   7.2  -0.6
 17.8   3.1   1.8   17.1  -5.1   0.9   16.5  -5.5  -1.5   15.9  -2.6  -7.3
 14.4  -9.8  -4.6   13.4 -12.9   7.5   12.4 -16.0  11.2   11.7 -20.5  11.8
 10.0 -24.1  -2.1    9.6 -19.1  -8.9    9.2 -32.4  -5.7    8.9 -16.4  -6.0
  8.6 -29.8  -8.0    8.4 -31.9   0.0    8.0 -20.3  -3.6

 99.9   4.3  -5.1   90.0  11.4  -3.1   80.0   1.7  -1.2   70.0   1.5  -5.5
 60.0   2.8   4.3   50.0  -0.5  -3.0   45.0   3.1   0.7   40.0   6.9   5.8
 35.0  13.8  -1.8   30.0  18.4   1.6   25.0  15.0  -0.3   22.5  12.1   4.4
 20.0  10.3   4.8   15.0  -6.9  -5.7   12.0 -18.6  11.6   10.0 -24.1  -2.1
  8.0 -20.3  -3.6    7.0   0.0   0.0    6.0   0.0   0.0    5.0   0.0   0.0
  4.0   0.0   0.0
 
 10. 1.2014   0 Uhr

 99.9  -2.5  -6.8   96.6   1.8  -1.0   75.5   0.0  -7.7   70.4   1.0  -1.8
 70.0   1.7  -1.2   67.0   5.0   5.9   59.7   1.7   2.0   54.3  -0.5   6.1
 52.5  -0.6  -0.8   50.0  -0.7  -0.7   49.9  -0.7  -0.8   49.0  -0.2  -2.0
 48.2   0.0  -2.6   47.4   1.2   1.0   45.8   8.4   5.9   44.3   8.2   3.0
 42.9  10.2  -0.9   41.3  11.8  -1.0   39.8  12.2  -2.1   38.4  15.9  -1.4
 37.1  19.0  -1.7   30.1  20.4  -5.5   30.0  20.4  -5.5   27.0   9.9  -2.7
 26.6   9.2  -0.8   24.2   6.9  -6.9   21.9   5.3   3.1   20.0   4.1   5.9
 19.7   3.2   4.6   19.4   0.0   4.1   19.0   0.9   1.3   18.0   4.1  -0.7
 17.3   2.2   1.3   16.6  -3.6   0.3   16.3   0.5  -3.0   15.7  -2.4  -3.4
 15.1 -12.6  10.6   13.5 -22.7   8.3   12.7 -23.7   0.0   12.0 -21.8  -3.8
 10.8 -26.9  -4.7   10.4 -18.7 -10.8   10.0 -23.8  -4.2    9.8 -24.8  -6.7
  9.4 -27.7   2.4    8.8 -25.3  -4.5    8.6 -13.7  -2.4    8.3 -33.8  -3.0
  7.7 -20.8  -7.6

 99.9  -2.5  -6.8   90.0   1.3  -3.0   80.0   0.4  -6.2   70.0   1.7  -1.2
 60.0   1.8   2.1   50.0  -0.7  -0.7   45.0   8.3   4.4   40.0  12.1  -2.0
 35.0  19.4  -2.7   30.0  20.4  -5.5   25.0   7.7  -4.8   22.5   5.8   0.4
 20.0   4.1   5.9   15.0 -13.2  10.4   12.0 -21.8  -3.8   10.0 -23.8  -4.2
  8.0 -27.4  -5.2    7.0   0.0   0.0    6.0   0.0   0.0    5.0   0.0   0.0
  4.0   0.0   0.0
 
 10. 1.2014  12 Uhr

 99.9   3.6   0.3   97.7   5.8   3.3   91.1  10.8  -0.9   85.1   6.2   8.8
 75.3   2.2   2.2   71.6  -0.9  -5.1   70.0  -2.1  -3.6   69.2  -1.7  -2.0
 60.5  -3.0  -4.2   58.6  -4.9   2.8   55.9  -3.6   4.3   52.4  -1.1  -4.0
 50.0   6.1  -1.1   46.7  15.2   2.7   38.9  13.8  -8.0   34.5  14.9  -1.3
 30.0  12.6  -4.6   27.0   2.4  -2.0   26.1   7.7   2.8   24.3   7.1   1.3
 23.5   7.2   5.0   20.0  10.1   1.8   18.2  12.1  -4.4   16.5   0.4  -1.0
 16.2  -1.9   5.3   13.2 -20.8  -3.7   12.5 -14.4  -3.9   11.6 -20.3   7.4
 11.0 -27.9   4.9   10.0 -27.7   2.4    8.0 -40.6   0.0    7.3 -30.8 -14.3
  6.4 -41.0  -7.2    5.7 -37.0   0.0    5.0 -37.7  13.7

 99.9   3.6   0.3   90.0   9.9   0.8   80.0   4.2   5.5   70.0  -2.1  -3.6
 60.0  -3.5  -2.4   50.0   6.1  -1.1   45.0  14.9   0.5   40.0  14.0  -6.4
 35.0  14.7  -2.1   30.0  12.6  -4.6   25.0   7.3   1.9   22.5   8.0   4.1
 20.0  10.1   1.8   15.0  -9.1   1.9   12.0 -17.6   2.3   10.0 -27.7   2.4
  8.0 -40.6   0.0    7.0 -34.1 -12.1    6.0 -38.8  -3.2    5.0 -37.7  13.7
  4.0   0.0   0.0
 
 11. 1.2014   0 Uhr

 99.9   0.0   0.0   90.0   0.0   0.0   80.0   0.0   0.0   70.0   0.0   0.0
 60.0   0.0   0.0   50.0   0.0   0.0   45.0   0.0   0.0   40.0   0.0   0.0
 35.0   0.0   0.0   30.0   0.0   0.0   25.0   0.0   0.0   22.5   0.0   0.0
 20.0   0.0   0.0   15.0   0.0   0.0   12.0   0.0   0.0   10.0   0.0   0.0
  8.0   0.0   0.0    7.0   0.0   0.0    6.0   0.0   0.0    5.0   0.0   0.0
  4.0   0.0   0.0
 
 11. 1.2014  12 Uhr

 99.9   3.9   6.7   96.6   7.2   5.0   94.4   7.9   3.7   92.2   7.2   5.0
 88.2   5.4  11.7   86.3   2.8  10.4   84.4   4.6  12.6   82.7   5.1  14.0
 80.8   4.3  15.9   77.8   1.2  13.3   76.4   1.9  10.6   75.1   1.7   9.6
 72.9   0.0   6.7   72.0   1.3   7.6   71.1   1.0   5.6   70.4   0.0   3.6
 69.3   2.1   2.9   66.8   1.0  -1.2   65.0   2.6  -3.2

 99.9   3.9   6.7   90.0   6.2   8.6   80.0   3.4  15.2   70.0   0.7   3.4
 60.0   0.0   0.0   50.0   0.0   0.0   45.0   0.0   0.0   40.0   0.0   0.0
 35.0   0.0   0.0   30.0   0.0   0.0   25.0   0.0   0.0   22.5   0.0   0.0
 20.0   0.0   0.0   15.0   0.0   0.0   12.0   0.0   0.0   10.0   0.0   0.0
  8.0   0.0   0.0    7.0   0.0   0.0    6.0   0.0   0.0    5.0   0.0   0.0
  4.0   0.0   0.0
 
 12. 1.2014   0 Uhr

 99.9   5.6   1.0   88.0   2.9  -2.9   70.7   0.5  -3.0   70.0  -0.8  -4.6
 66.8  -1.2  -6.6   59.7   0.0  -4.6   56.8   9.7   0.9   53.4  18.7   3.3
 50.0  16.4   4.4   39.5  13.5  -4.9   33.3  10.6   1.9   30.0   9.7   0.9
 23.9   8.2   0.7   20.7   4.5  -2.6   20.0   0.9  -1.9   19.7  -0.5  -3.0
 19.1  -2.8   2.3   17.7   4.4   7.6   16.5  -0.6   0.8   16.2  -2.3   1.1
 13.8 -17.3  -8.0   10.0 -23.1   2.0    9.7 -23.3   4.1    8.0 -35.9  -3.1
  7.9 -26.3  -4.6    7.6 -35.0  -6.2    7.2 -28.9  -5.1    7.0 -37.0  -6.5
  4.9 -42.1   7.4    4.6 -52.7   9.3

 99.9   5.6   1.0   90.0   3.4  -2.2   80.0   1.9  -3.0   70.0  -0.8  -4.6
 60.0  -0.1  -4.7   50.0  16.4   4.4   45.0  15.1   0.2   40.0  13.7  -4.4
 35.0  11.5  -0.1   30.0   9.7   0.9   25.0   8.5   0.7   22.5   6.6  -0.7
 20.0   0.9  -1.9   15.0  -9.6  -3.3   12.0 -19.8  -3.6   10.0 -23.1   2.0
  8.0 -35.9  -3.1    7.0 -37.0  -6.5    6.0 -39.2  -0.3    5.0 -41.8   6.7
  4.0   0.0   0.0
 
 12. 1.2014  12 Uhr

 99.9   0.0   0.0   90.0   0.0   0.0   80.0   0.0   0.0   70.0   0.0   0.0
 60.0   0.0   0.0   50.0   0.0   0.0   45.0   0.0   0.0   40.0   0.0   0.0
 35.0   0.0   0.0   30.0   0.0   0.0   25.0   0.0   0.0   22.5   0.0   0.0
 20.0   0.0   0.0   15.0   0.0   0.0   12.0   0.0   0.0   10.0   0.0   0.0
  8.0   0.0   0.0    7.0   0.0   0.0    6.0   0.0   0.0    5.0   0.0   0.0
  4.0   0.0   0.0
 
 13. 1.2014   0 Uhr

 99.9   5.5  -3.8   96.0   0.7  -7.7   94.1  -2.4  -8.9   91.9  -0.6  -6.7
 90.4   3.9  -6.7   87.4   3.9  -8.4   84.0   2.8  -7.7   81.1   1.9 -10.6
 78.8   0.0  -9.8   77.7  -1.8  -4.8   76.5  -3.6  -0.3   75.3  -0.4  -2.5
 72.8   0.0  -5.7   71.6  -1.2  -3.4   70.4  -0.1  -1.0   70.0   0.8  -1.3
 69.3   2.5  -1.8   67.0   5.1  -0.4   60.8   5.1  -3.5   56.8  11.6  -6.7
 55.2  12.3  -1.1   53.5  14.0  -5.1   50.0  10.4   2.8   45.0  12.5   7.2
 40.2  10.2   0.9   37.0   7.1  -4.1   33.8  11.8   1.0   32.7  10.4  -2.8
 30.0  14.6 -12.2   29.4  15.6 -10.9   26.4  11.9  -3.2   22.7  13.9   3.7
 20.0   9.7   6.8   19.6   8.3   9.9   17.8  -5.5  15.0   16.9 -10.2   5.9
 16.2  -4.7  -2.2   15.7  -6.3  -7.5   15.1  -8.4  -3.9   14.5  -6.2  -8.8
 13.4 -11.6  -6.7   12.1 -17.3   8.0   11.5 -24.8   6.7   10.8 -21.3  -3.8
 10.4 -29.7  -2.6   10.0 -23.3  -4.1    9.9 -21.3  -3.8    9.7 -25.1  -9.1
  9.2 -26.8  -7.2

 99.9   5.5  -3.8   90.0   3.9  -6.9   80.0   1.0 -10.2   70.0   0.8  -1.3
 60.0   6.3  -4.2   50.0  10.4   2.8   45.0  12.5   7.2   40.0  10.1   0.6
 35.0  10.0  -0.9   30.0  14.6 -12.2   25.0  12.7  -0.7   22.5  13.6   3.9
 20.0   9.7   6.8   15.0  -8.0  -4.7   12.0 -18.5   7.8   10.0 -23.3  -4.1
  8.0   0.0   0.0    7.0   0.0   0.0    6.0   0.0   0.0    5.0   0.0   0.0
  4.0   0.0   0.0
 
 13. 1.2014  12 Uhr

 99.9   0.4  -4.1   98.4  -1.8  -4.8   96.7  -1.9  -5.3   95.1  -4.4  -4.4
 93.5  -5.9  -4.1   90.1  -2.6  -4.5   88.5   1.1  -6.1   86.9   2.3  -6.3
 85.3   1.7  -6.5   83.7   1.5  -5.5   81.9   1.1  -2.9

 99.9   0.4  -4.1   90.0  -2.3  -4.6   80.0   0.6  -0.1   70.0   0.0   0.0
 60.0   0.0   0.0   50.0   0.0   0.0   45.0   0.0   0.0   40.0   0.0   0.0
 35.0   0.0   0.0   30.0   0.0   0.0   25.0   0.0   0.0   22.5   0.0   0.0
 20.0   0.0   0.0   15.0   0.0   0.0   12.0   0.0   0.0   10.0   0.0   0.0
  8.0   0.0   0.0    7.0   0.0   0.0    6.0   0.0   0.0    5.0   0.0   0.0
  4.0   0.0   0.0
 
 14. 1.2014   0 Uhr

 99.9  -1.0  -5.6   94.0  -4.1   0.4   92.4  -4.5  -1.2   85.5  -0.7   2.5
 81.3  -7.1   1.3   76.1  -2.8   4.9   72.6  -0.4  -2.0   70.5   5.6  -1.0
 70.0   6.7  -0.6   63.7   7.3   2.6   58.8   2.0  -4.2   57.0   6.3  -5.3
 50.8  20.0   1.7   50.0  18.4   1.6   42.4  11.9  -3.2   39.6  12.4   3.3
 36.4  12.6  -4.6   32.3   5.5   1.5   31.7   4.7   4.0   30.0   7.6   9.1
 28.0  10.3   4.8   26.1  14.9  -1.3   22.7   5.3  -1.9   21.6  11.1  -2.0
 20.0  11.1   4.0   19.7  11.2   5.2   16.7  11.2  -5.2   15.8   9.2  -0.8
 15.5   6.1  -2.8   15.2   1.9   0.7   14.9  -3.6   4.3   12.1 -19.1  -8.9
 11.7 -19.6  -9.1   10.0 -23.9  -6.4    9.7 -27.7  -2.4    8.2 -30.4   0.0
  7.8 -41.0   3.6    7.4 -35.4  -3.1    7.3 -42.5   3.7    6.6 -43.6   3.8
  6.5 -43.1   7.6

 99.9  -1.0  -5.6   90.0  -3.2   0.1   80.0  -6.0   2.1   70.0   6.7  -0.6
 60.0   3.3  -2.5   50.0  18.4   1.6   45.0  14.2  -1.5   40.0  12.4   2.4
 35.0  10.2  -2.6   30.0   7.6   9.1   25.0  11.9  -1.5   22.5   6.4  -1.9
 20.0  11.1   4.0   15.0  -1.8   3.1   12.0 -19.2  -9.0   10.0 -23.9  -6.4
  8.0 -35.6   1.8    7.0 -43.0   3.8    6.0   0.0   0.0    5.0   0.0   0.0
  4.0   0.0   0.0
 
 14. 1.2014  12 Uhr

 99.9  -4.0  -1.1   94.4  -5.1   2.4   90.7  -5.3   7.6   83.9   1.9   5.3
 73.5   4.6   3.2   70.0   8.5  -4.9   68.8   9.3  -6.5   63.9   4.7  -4.0
 61.9   1.5  -5.5   53.0  17.9   4.8   50.0  15.9   7.4   49.3  14.7   8.5
 44.9  14.4   0.0   42.6  10.2  -3.7   39.0   7.1   1.3   36.8   7.6  -1.3
 33.6   7.6   4.4   30.7  10.5   7.4   30.0  11.3  11.3   29.6  12.0  12.0
 28.5  14.2  14.2   26.4  14.0   5.1   24.2  14.9  -1.3   23.3  18.0   0.0
 22.0  12.9   0.0   20.2  13.0 -10.9   20.0  13.4 -11.2   17.8  10.6  -8.9
 17.5  10.5 -10.5   16.9   2.8  -7.7   16.6  -1.5  -8.6   15.4  -3.2   2.6
 14.6  -1.8   4.8   12.9 -17.9   1.6   12.2 -16.9 -11.8   11.4 -20.3  -7.4
 10.8 -28.7   2.5   10.2 -26.1   2.3   10.0 -28.4   5.0    9.9 -29.3   7.9
  9.2 -27.9   4.9    9.0 -29.8   0.0

 99.9  -4.0  -1.1   90.0  -4.6   7.4   80.0   2.9   4.6   70.0   8.5  -4.9
 60.0   4.8  -3.4   50.0  15.9   7.4   45.0  14.4   0.2   40.0   8.0  -0.2
 35.0   7.6   1.8   30.0  11.3  11.3   25.0  14.5   1.1   22.5  14.9   0.0
 20.0  13.4 -11.2   15.0  -2.5   3.7   12.0 -17.7 -10.7   10.0 -28.4   5.0
  8.0   0.0   0.0    7.0   0.0   0.0    6.0   0.0   0.0    5.0   0.0   0.0
  4.0   0.0   0.0
 
 15. 1.2014   0 Uhr

 99.9   2.8   2.3   93.4   6.9   8.3   89.3  10.2   5.9   78.9   2.2   4.7
 76.5  -0.7   4.1   71.9   0.8  -0.7   70.0   4.0  -1.1   67.8   8.7   0.0
 63.2   1.6   1.3   60.9   2.0   0.5   55.1  11.1   2.0   50.7   9.7  -0.9
 50.0  10.6  -1.9   47.4  13.9  -9.7   42.9   8.4  -5.9   40.8   8.7   0.8
 39.5   6.1  -1.1   36.4   8.3   6.9   30.7  13.5   6.3   30.0  12.5   7.2
 29.2  11.0   7.7   28.2   9.6   1.7   27.8   6.2   6.2   26.0  11.1  -2.0
 25.0  11.2  -5.2   19.6   5.5  -4.6   18.9   6.5  -6.5   17.8   0.9  -3.5
 17.5   0.4  -0.9   16.5  -4.9   8.5   15.6   0.0   9.8   13.3 -13.9  -3.7
 12.6 -16.0   5.8   12.3 -23.2   0.0   11.9 -23.6  -2.1   11.3 -26.3  -4.6
 10.9 -25.1   2.2   10.0 -26.3   7.1    9.5 -30.0  10.9    8.8 -24.8   6.7
  8.3 -33.3   2.9    8.0 -32.4   5.7

 99.9   2.8   2.3   90.0   9.7   6.3   80.0   3.1   4.8   70.0   4.0  -1.1
 60.0   3.4   0.7   50.0  10.6  -1.9   45.0  11.0  -7.7   40.0   7.1  -0.4
 35.0   9.5   6.8   30.0  12.5   7.2   25.0  11.2  -5.2   22.5   8.7  -5.0
 20.0   6.0  -4.7   15.0  -3.5   6.4   12.0 -23.5  -1.5   10.0 -26.3   7.1
  8.0 -32.4   5.7    7.0   0.0   0.0    6.0   0.0   0.0    5.0   0.0   0.0
  4.0   0.0   0.0
 
 15. 1.2014  12 Uhr

 99.9  -4.4   1.6   96.3   1.3   0.9   93.7   9.3   0.0   86.0   5.6  -0.5
 83.1   5.1  -3.5   75.7  -0.4   2.5   72.9  -1.6   1.3   70.3   6.5   3.0
 70.0   6.5   3.0   65.7   4.0   4.7   62.3   0.0  -1.0   59.1   3.0   0.5
 56.0   8.7   0.8   51.9   6.7  -4.7   50.0  11.7  -5.4   42.7   3.9  -6.7
 39.8   5.1   3.5   39.2   5.9   8.4   36.6   4.6   8.0   35.3   8.4   8.4
 34.1  10.3  12.2   33.4   8.4   8.4   32.3  13.5   4.9   30.6  15.2   2.7
 30.0  13.2   2.3   27.5  10.2  -5.9   26.1  13.1 -13.1   22.3  14.5  -6.7
 20.0   7.4 -10.5   19.4   4.9  -8.5   18.8   4.5  -2.6   17.4   3.0   4.2
 16.5   0.6   7.2   15.9   5.9   8.4   15.3   3.3   7.0   14.8  -3.0   8.2
 14.1  -6.8   2.5   13.3  -9.5  -7.9   11.7 -21.4   5.7   10.0 -20.3   7.4
  9.4 -27.2   2.4    8.9 -30.2   2.6    8.8 -27.4  -4.8    8.3 -34.8  -9.3
  7.6 -40.0  -3.5    7.5 -32.9  -5.8

 99.9  -4.4   1.6   90.0   7.5  -0.2   80.0   2.8  -1.0   70.0   6.5   3.0
 60.0   2.2   0.1   50.0  11.7  -5.4   45.0   6.4  -6.3   40.0   5.0   2.8
 35.0   8.8   9.3   30.0  13.2   2.3   25.0  13.5 -11.3   22.5  14.4  -7.1
 20.0   7.4 -10.5   15.0  -0.5   7.7   12.0 -19.0   3.1   10.0 -20.3   7.4
  8.0 -37.0  -6.9    7.0   0.0   0.0    6.0   0.0   0.0    5.0   0.0   0.0
  4.0   0.0   0.0
 
 16. 1.2014   0 Uhr

 99.9  -4.0  -1.1   92.2   5.3  -1.9   83.1   0.3   1.0   81.5   2.3   4.0
 80.0   0.0   2.6   77.3   0.7   7.7   76.1  -1.0   5.6   72.7   4.8   1.8
 70.6   3.7   1.7   70.0   3.8   2.7   67.1   3.1   0.0   63.8   4.5   1.2
 60.7   4.9  -2.8   57.9  13.1  -4.8   53.2  16.4  -4.4   50.0  10.9  -2.9
 47.5  13.1  -9.1   42.8   4.5  -2.6   40.7   7.9   6.6   38.9   7.1   4.1
 37.6   7.9   6.6   34.5   9.4   5.4   32.1  13.9  -3.7   30.0  11.4  -3.1
 27.8  10.2 -10.2   23.7   5.9  -8.4   21.2   8.2  -0.7   20.0   6.2   0.0
 19.7   5.8   2.1   19.0   2.5   9.4   17.6   1.1  12.3   16.0  -4.3   5.1
 14.4 -12.6 -10.6   12.9 -13.9   3.7   12.4 -14.4   3.9   11.8 -18.4  -1.6
 10.8 -20.9   5.6   10.2 -28.2   2.5   10.0 -28.3   0.0    8.9 -22.8 -10.7
  8.2 -24.3  -4.3    7.7 -30.9   0.0    7.6 -26.3   4.6    6.9 -34.3   3.0
  6.5 -31.3   2.7

 99.9  -4.0  -1.1   90.0   4.1  -1.2   80.0   0.0   2.6   70.0   3.8   2.7
 60.0   6.9  -3.3   50.0  10.9  -2.9   45.0   8.6  -5.7   40.0   7.6   5.7
 35.0   9.1   5.6   30.0  11.4  -3.1   25.0   7.3  -9.0   22.5   7.0  -4.8
 20.0   6.2   0.0   15.0  -9.4  -4.6   12.0 -17.1   0.2   10.0 -28.3   0.0
  8.0 -26.9  -2.6    7.0 -33.2   3.2    6.0   0.0   0.0    5.0   0.0   0.0
  4.0   0.0   0.0
 
 16. 1.2014  12 Uhr

 99.9  -4.7  -4.0   96.0   3.9  -6.7   94.0   8.6 -10.2   90.6   5.3  -6.3
 83.6   5.5   3.8   80.3   3.7   1.7   75.6  -5.1  -0.4   70.0   0.5   0.1
 69.5   0.0   0.0   66.7   1.8   2.5   65.5   3.0   0.8   63.3   4.3   3.6
 56.8  12.8   1.1   53.2  14.4  -3.9   50.0   8.7  -0.8   49.8   7.7  -0.7
 48.1   5.5  -5.5   44.8   3.1  -5.3   43.3   4.6   0.4   41.1   3.3   3.3
 39.6   7.1   4.1   37.4   5.0   1.3   34.7   2.4  -3.4   33.0   8.7  -7.3
 30.4  13.4  -7.7   30.0  14.9  -7.0   27.9  15.6  -9.0   24.6  11.7  -5.4
 22.1  16.7   2.9   20.0  12.5   7.2   18.6  12.0  12.0   17.6  12.2   8.6
 17.0   4.7   6.7   16.4  -1.9   0.7   16.1  -2.9  -2.1   15.5  -8.8  -6.2
 15.0  -3.3  -7.0   14.2  -6.9  -6.9   12.8 -13.1  -9.1   11.8 -10.2   0.9
 11.4 -15.7   2.8   10.0 -22.9   6.1    9.4 -26.3  -4.6    8.3 -28.7   2.5
  8.1 -31.9   5.6

 99.9  -4.7  -4.0   90.0   5.3  -5.5   80.0   3.2   1.6   70.0   0.5   0.1
 60.0   8.6   2.4   50.0   8.7  -0.8   45.0   3.2  -5.4   40.0   6.1   3.9
 35.0   2.7  -2.8   30.0  14.9  -7.0   25.0  12.2  -5.9   22.5  15.9   1.6
 20.0  12.5   7.2   15.0  -3.3  -7.0   12.0 -10.8  -1.2   10.0 -22.9   6.1
  8.0 -33.5   7.2    7.0   0.0   0.0    6.0   0.0   0.0    5.0   0.0   0.0
  4.0   0.0   0.0
 
 17. 1.2014   0 Uhr

 99.9 -11.7   5.4   93.3  -2.5   0.4   91.4  -0.9  -3.5   87.7   2.0  -4.2
 84.1  -0.7  -7.7   77.7  -2.5   2.5   70.3   1.7   1.2   70.0   2.3   1.1
 55.5  11.8   0.0   53.3   8.4  -3.9   50.0   8.9  -2.4   45.6   6.3   2.3
 36.1   7.6  -5.3   34.4  11.8  -8.3   30.0  14.3  -8.2   25.8  10.8  -0.9
 23.7   5.3   1.9   21.8   5.6   0.5   20.0   4.3   3.6   18.2   4.1   5.9
 14.7  -1.8 -10.1   14.1  -6.2  -8.8   13.2  -9.4  -2.5   12.5 -16.0   5.8
 10.5 -24.2   0.0   10.0 -22.3  -3.9    9.1 -20.5  -1.8    6.7 -35.9   3.1
  6.5 -28.3   0.0    6.0 -28.9 -13.5    5.6 -44.1   3.9    5.4 -34.5   0.0
  5.1 -38.0  -6.7

 99.9 -11.7   5.4   90.0   0.2  -3.7   80.0  -1.9  -1.2   70.0   2.3   1.1
 60.0   8.7   0.4   50.0   8.9  -2.4   45.0   6.4   1.8   40.0   7.0  -2.0
 35.0  10.3  -7.2   30.0  14.3  -8.2   25.0   8.7   0.1   22.5   5.5   1.0
 20.0   4.3   3.6   15.0  -1.2  -8.7   12.0 -17.9   4.4   10.0 -22.3  -3.9
  8.0 -27.1   0.3    7.0 -33.8   2.5    6.0 -28.9 -13.5    5.0 -39.2  -9.0
  4.0   0.0   0.0
 
 17. 1.2014  12 Uhr

 99.9 -19.6   9.1   96.7 -11.1   6.4   94.4  -5.9   4.1   92.0  -0.1   1.5
 90.0   2.8   1.3   88.2   3.1   0.3   86.4   2.4  -0.9   84.7  -1.7  -3.7
 82.9  -4.0  -4.0   81.2  -4.5  -2.6   79.8  -3.9   3.3   79.0  -3.8   2.7


 99.9 -19.6   9.1   90.0   2.8   1.3   80.0  -4.0   2.5   70.0   0.0   0.0
 60.0   0.0   0.0   50.0   0.0   0.0   45.0   0.0   0.0   40.0   0.0   0.0
 35.0   0.0   0.0   30.0   0.0   0.0   25.0   0.0   0.0   22.5   0.0   0.0
 20.0   0.0   0.0   15.0   0.0   0.0   12.0   0.0   0.0   10.0   0.0   0.0
  8.0   0.0   0.0    7.0   0.0   0.0    6.0   0.0   0.0    5.0   0.0   0.0
  4.0   0.0   0.0
 
 18. 1.2014   0 Uhr

 99.9 -27.8   7.5   89.7   2.3   1.1   86.4  -2.3  -2.8   84.9  -5.6  -2.6
 82.0  -6.8  -9.7   78.1  -4.7  -4.0   76.9  -1.6  -4.4   75.6   2.8  -6.1
 74.5   4.4  -7.6   72.2   0.5  -5.6   71.0  -1.3  -5.0   70.0   2.9  -2.1
 69.9   3.7  -1.7   67.5   9.1  -1.6   63.9  13.4   0.0   60.8  13.1   6.1
 56.9  10.7   6.2   53.2   8.7   3.2   51.4  11.4   3.1   50.0  10.9   2.9
 48.8   8.2   0.7   47.2  11.8   1.0   44.4   8.9   2.4   43.7   7.2  -0.6
 41.6   6.3  -7.5   37.5   9.4 -13.5   35.2   6.2  -8.8   34.5   6.9  -8.3


 99.9 -27.8   7.5   90.0   1.4   1.3   80.0  -5.7  -6.8   70.0   2.9  -2.1
 60.0  12.6   6.1   50.0  10.9   2.9   45.0   9.6   2.1   40.0   7.5  -9.8
 35.0   6.4  -8.7   30.0   0.0   0.0   25.0   0.0   0.0   22.5   0.0   0.0
 20.0   0.0   0.0   15.0   0.0   0.0   12.0   0.0   0.0   10.0   0.0   0.0
  8.0   0.0   0.0    7.0   0.0   0.0    6.0   0.0   0.0    5.0   0.0   0.0
  4.0   0.0   0.0
 
 18. 1.2014  12 Uhr

 99.9 -26.1   2.3   98.4 -21.8   3.8   94.2 -12.2   2.1   92.2  -6.1   0.5
 90.2  -6.1  -2.8   88.3  -6.1  -1.1   84.8  -7.2   5.0   83.1  -7.5   3.5
 81.4  -8.7   0.8   78.0  -4.8   1.8   76.2  -5.1  -0.4   73.0   2.4  -3.4
 71.5   3.5  -0.9   70.0   7.6   1.3   69.9   7.6   1.3   68.5  13.2   2.3
 67.1  12.7   2.2   65.8  14.7   2.6   64.4  14.2   2.5   63.1  14.2   2.5
 61.8  11.9   3.2   59.8  15.0   5.5   58.6  17.9   4.8

 99.9 -26.1   2.3   90.0  -6.1  -2.6   80.0  -7.1   1.2   70.0   7.6   1.3
 60.0  14.7   5.2   50.0   0.0   0.0   45.0   0.0   0.0   40.0   0.0   0.0
 35.0   0.0   0.0   30.0   0.0   0.0   25.0   0.0   0.0   22.5   0.0   0.0
 20.0   0.0   0.0   15.0   0.0   0.0   12.0   0.0   0.0   10.0   0.0   0.0
  8.0   0.0   0.0    7.0   0.0   0.0    6.0   0.0   0.0    5.0   0.0   0.0
  4.0   0.0   0.0
 
 19. 1.2014   0 Uhr

 99.9 -37.5   6.6   92.8 -12.9   0.0   88.3 -10.1  -7.1   80.8  -0.4   4.6
 76.8  10.5   7.4   73.0  16.0   9.3   70.0  18.9   6.9   50.0   8.5  -4.9
 48.2   4.1  -0.4   42.5   3.1  -5.3   41.9   0.8  -3.0   41.2   1.0   0.0
 39.8   2.2   2.2   39.1   1.2   3.4   36.0   8.8   6.2   30.0  10.4   2.8
 28.7  10.6   1.9   27.7  12.2   2.1   24.9  15.0   5.5   20.5  18.4  -6.7
 20.0  18.4  -4.9   17.8  11.0  -7.7   17.1   6.7  -5.6   15.6   4.7  -4.7
 15.3  -1.3  -2.8   14.8  -5.0   5.9   14.3  -3.5   7.5   12.4 -18.0   0.0
 11.5 -21.9  -5.9   10.3 -30.9  -5.4   10.0 -31.9  -5.6    6.6 -42.5  -3.7
  6.3 -26.1  -2.3    6.1 -39.6   0.0    5.7 -38.1   0.0    5.4 -44.1   7.8
  5.3 -43.0   3.8

 99.9 -37.5   6.6   90.0 -11.2  -4.4   80.0   1.8   5.2   70.0  18.9   6.9
 60.0  14.0   1.3   50.0   8.5  -4.9   45.0   3.5  -3.1   40.0   2.0   1.9
 35.0   9.1   5.7   30.0  10.4   2.8   25.0  14.9   5.3   22.5  16.8  -1.0
 20.0  18.4  -4.9   15.0  -3.5   2.4   12.0 -19.7  -2.6   10.0 -31.9  -5.6
  8.0 -37.8  -4.6    7.0 -41.1  -4.0    6.0 -39.2   0.0    5.0   0.0   0.0
  4.0   0.0   0.0
 
 19. 1.2014  12 Uhr

 99.9 -39.0   6.9   90.4  -8.4   2.3   83.7   2.4  13.7   79.3  11.1   6.4
 76.4  19.9   5.3   71.1  21.6   0.0   70.0  21.6   0.0   57.2  10.8   0.0
 53.4   9.8   5.7   50.0   7.0   1.9   48.7   3.7   1.7   44.6   3.3  -3.3
 37.2  11.2   5.2   33.5  15.4  -1.3   32.3  15.4   0.0   30.0  14.3  -1.3
 21.9  21.8  -3.8   20.0  14.3  -8.2   19.7  13.8  -8.0   18.4  13.7  -2.4
 15.7   1.6  -4.4   15.4  -3.5  -0.6   14.3  -5.9   8.4   13.2 -17.2   3.0
 12.7 -14.3  -1.3   11.4 -26.6   2.3   10.0 -26.8   7.2    8.6 -33.8  12.3
  7.5 -26.9  -4.7    6.9 -41.0  -7.2    6.7 -35.0   0.0    4.8 -50.4   0.0
  4.7 -50.4   0.0    4.5 -42.5  -3.7    4.3 -47.8   0.0

 99.9 -39.0   6.9   90.0  -7.8   2.9   80.0   9.7   7.6   70.0  21.6   0.0
 60.0  13.3   0.0   50.0   7.0   1.9   45.0   3.3  -2.8   40.0   8.1   1.9
 35.0  13.6   1.4   30.0  14.3  -1.3   25.0  18.7  -2.8   22.5  21.2  -3.6
 20.0  14.3  -8.2   15.0  -4.4   2.6   12.0 -20.9   0.6   10.0 -26.8   7.2
  8.0 -30.1   3.2    7.0 -38.6  -6.8    6.0 -40.3   0.0    5.0 -48.6   0.0
  4.0   0.0   0.0
 
 20. 1.2014   0 Uhr

 99.9 -31.4   5.5   97.0 -21.6   0.0   92.1  -3.9  -3.3   88.3   4.7   4.7
 85.5  13.1   4.8   82.3  17.4   4.7   79.5  20.0   1.7   76.8  21.0   1.8
 74.3  22.5  -2.0   71.9  20.6   0.0   70.0  17.9  -1.6   65.2  13.8   1.2
 60.2  10.6   1.9   52.9   8.2   0.7   50.0   5.5  -4.6   48.8   5.1  -5.1
 46.5   8.7  -8.7   41.4   9.1  -1.6   40.7  11.1   2.0   38.1  12.7   2.2
 31.1  13.5   6.3   30.0  17.2   3.0   28.7  21.8  -3.8   22.6  18.6   8.7
 21.0  16.0   9.3   20.0  12.5   7.2   18.5  10.6  -1.9   18.2  12.2  -2.1
 17.8  13.9   3.7   16.2   1.6  -4.4   15.6  -1.2   3.4   15.3  -8.4   5.9
 14.3 -17.7   3.1   12.5 -19.4 -13.6   12.1 -20.3  -3.6   11.2 -22.8  -4.0
 10.7 -24.7   0.0   10.4 -22.4   6.0   10.2 -22.0   1.9   10.0 -19.6   9.1
  9.8 -25.2   0.0    9.4 -31.8   2.8    8.7 -30.2  -2.6    8.1 -26.3  -7.1
  7.4 -32.3   2.8    6.9 -38.4  -3.4    6.7 -37.6   0.0

 99.9 -31.4   5.5   90.0   0.8   1.1   80.0  19.5   2.3   70.0  17.9  -1.6
 60.0  10.6   1.8   50.0   5.5  -4.6   45.0   8.8  -6.7   40.0  11.5   2.0
 35.0  13.0   4.0   30.0  17.2   3.0   25.0  19.9   3.5   22.5  18.5   8.7
 20.0  12.5   7.2   15.0 -11.2   5.1   12.0 -20.5  -3.6   10.0 -19.6   9.1
  8.0 -27.2  -5.7    7.0 -37.2  -2.1    6.0   0.0   0.0    5.0   0.0   0.0
  4.0   0.0   0.0
 
 20. 1.2014  12 Uhr

 99.9 -23.8   4.2   97.7 -17.9   1.6   96.0 -11.1   2.0   92.5   0.8   1.3
 87.4  14.4   3.9   84.3  19.9   5.3   82.8  19.8   3.5   79.7  22.0   1.9
 78.2  21.1   0.0   76.7  20.1   0.0   72.5  14.7  -2.6   71.4  14.7  -2.6


 99.9 -23.8   4.2   90.0   7.4   2.6   80.0  21.8   2.1   70.0  14.7  -2.6
 60.0   0.0   0.0   50.0   0.0   0.0   45.0   0.0   0.0   40.0   0.0   0.0
 35.0   0.0   0.0   30.0   0.0   0.0   25.0   0.0   0.0   22.5   0.0   0.0
 20.0   0.0   0.0   15.0   0.0   0.0   12.0   0.0   0.0   10.0   0.0   0.0
  8.0   0.0   0.0    7.0   0.0   0.0    6.0   0.0   0.0    5.0   0.0   0.0
  4.0   0.0   0.0
 
 21. 1.2014   0 Uhr

 99.9 -28.9   5.1   95.5 -13.1   4.8   92.5   0.7  -2.5   90.1   7.7   0.7
 87.8  12.9  -3.5   83.3  23.6  -2.1   74.6  13.9   0.0   71.5  13.4  -3.6
 70.0  15.2  -2.7   65.9  15.5   5.6   61.7  13.1   4.8   54.7   9.3  -6.5
 50.0   6.0  -1.6   49.7   6.0  -1.6   48.0   7.7   2.8   46.3   5.9   4.1
 44.6  13.9   9.7   35.8  17.4  -6.3   30.0  20.9  -5.6   28.5  23.1  -2.0
 23.6  17.4   6.3   22.0  16.4   4.4   20.5   9.1   9.1   20.0   8.0   5.6
 18.7   4.6   0.4   18.1   6.3  -5.3   17.5   4.0  -4.0   16.5   4.7  -6.7
 16.2   2.7  -9.9   15.7  -0.5  -3.0   15.4  -1.5  -0.3   15.1  -2.7   1.5
 14.5  -9.3   0.0   13.7  -6.3  -7.5   13.0 -11.7  -5.4   12.5 -17.4  -1.5
 11.2 -26.6   2.3   10.2 -24.2   0.0   10.0 -26.2   0.0    9.6 -31.4  -5.5
  8.0 -24.3  -6.5    7.5 -30.5 -11.1    7.2 -28.7  -2.5    7.0 -40.0   3.5
  6.1 -38.1   0.0

 99.9 -28.9   5.1   90.0   7.9   0.5   80.0  20.0  -1.3   70.0  15.2  -2.7
 60.0  12.2   2.1   50.0   6.0  -1.6   45.0  12.0   8.4   40.0  15.7   1.7
 35.0  17.9  -6.2   30.0  20.9  -5.6   25.0  19.1   3.8   22.5  16.7   5.0
 20.0   8.0   5.6   15.0  -3.8   1.3   12.0 -20.9  -0.1   10.0 -26.2   0.0
  8.0 -24.3  -6.5    7.0 -40.0   3.5    6.0 -37.8  -0.4    5.0   0.0   0.0
  4.0   0.0   0.0
 
 21. 1.2014  12 Uhr

 99.9  -5.6   6.7   97.5   0.0   4.6   94.3   6.2   3.6   87.0  18.7  -3.3
 70.2  11.7  -2.1   70.0  11.7  -2.1   66.8  15.9   0.0   60.0  13.8  -8.0
 51.4   7.2  -0.6   50.0   9.6   1.7   49.1  10.9   2.9   46.9   5.6   1.0
 45.5  12.6   5.9   36.7  15.9  -4.3   30.3  24.8  -4.4   30.0  23.6  -2.1
 29.2  21.5  -1.9   28.7  24.7   0.0   21.9  15.4  -4.1   21.2  11.4  -3.1
 20.5  10.2  -0.9   20.0   6.8  -2.5   19.8   4.9  -2.8   18.4   7.1 -10.1
 17.2  -0.4  -1.0   16.6   1.1   6.1   15.7  -3.7  13.9   14.9  -4.0   4.0
 14.7  -6.6   1.2   13.7 -13.1   9.1   11.9 -30.4   5.4   11.1 -27.8   0.0
 10.0 -28.2  -2.5    8.9 -24.8   4.4    8.0 -33.8   3.0    7.6 -34.8   9.3
  7.3 -32.3   2.8    6.5 -37.6   0.0    6.3 -35.4  -3.1    6.1 -38.9  -3.4
  5.7 -31.4  -5.5

 99.9  -5.6   6.7   90.0  13.5  -0.4   80.0  15.9  -2.8   70.0  11.7  -2.1
 60.0  13.8  -8.0   50.0   9.6   1.7   45.0  12.8   5.3   40.0  14.6  -0.3
 35.0  18.2  -4.3   30.0  23.6  -2.1   25.0  19.9  -2.1   22.5  16.3  -3.7
 20.0   6.8  -2.5   15.0  -4.0   5.3   12.0 -29.4   5.6   10.0 -28.2  -2.5
  8.0 -33.8   3.0    7.0 -34.2   1.8    6.0 -37.1  -3.9    5.0   0.0   0.0
  4.0   0.0   0.0
 
 22. 1.2014   0 Uhr

 99.9  17.0   0.0   97.2  20.5  -1.8   94.1  19.9  -5.3   89.6  17.4 -10.0
 79.0  17.9  -4.8   75.4  20.9  -5.6   72.9  12.7  -2.2   70.0  19.0   0.0
 69.6  19.5   1.7   57.6  12.2  -2.1   55.8   7.5  -2.0   52.5   8.9   2.4
 50.0   9.8   0.0   46.7  15.7   2.8   38.4  14.2  -2.5   34.7  18.4  -1.6
 30.0  17.9   6.5   28.5  16.8   7.8   26.0  16.9   1.5   23.0  11.9   3.2
 22.2   6.5   9.3   21.0   5.0   1.3   20.0   5.0   1.3   19.5   3.8  -2.7
 18.5  -0.4   1.5   18.1   0.8   4.6   16.9   2.1   8.0   16.3  -1.6   9.1
 15.4 -10.3  -4.8   14.9  -7.1 -10.1   13.3 -11.8   0.0   12.6 -18.9  -5.1
 11.5 -26.8   0.0   10.5 -21.4  -5.7   10.3 -24.2  -8.8   10.0 -23.7  -8.6
  8.6 -25.6   9.3    8.2 -26.6   2.3    7.9 -22.0   1.9    6.9 -34.5   6.1
  6.6 -26.1   2.3    6.4 -29.2   2.6    6.1 -26.3   4.6

 99.9  17.0   0.0   90.0  17.6  -9.6   80.0  17.8  -5.3   70.0  19.0   0.0
 60.0  13.7  -1.3   50.0   9.8   0.0   45.0  15.4   1.7   40.0  14.5  -1.4
 35.0  18.1  -1.7   30.0  17.9   6.5   25.0  15.3   2.0   22.5   8.5   7.0
 20.0   5.0   1.3   15.0  -7.7  -9.0   12.0 -23.1  -2.3   10.0 -23.7  -8.6
  8.0 -23.6   2.1    7.0 -33.2   5.6    6.0 -25.4   5.4    5.0   0.0   0.0
  4.0   0.0   0.0
 
 22. 1.2014  12 Uhr

 99.9  10.7  -5.0   96.1   3.9  -8.4   89.6   1.6  -4.4   85.9   9.7   0.9
 74.2  15.9   4.3   70.0  12.8  -1.1   69.0  10.2  -3.7   50.0   8.4   2.3
 46.8   9.3   6.5   39.7  19.5   1.7   30.0  21.4   5.7   23.3  13.9   0.0
 21.1   4.7   4.7   20.1   3.4  -2.4   20.0   3.8  -2.7   18.3   0.2  -1.0
 17.5   3.5   7.5   16.9   2.9   2.1   16.6   0.0   1.0   16.4  -3.0  -0.8
 15.6  -5.0  -7.2   14.3  -7.7   0.0   11.5 -28.4   5.0   10.9 -21.5   1.9
 10.6 -27.4  -4.8   10.0 -24.7   0.0    9.8 -21.4   5.7    7.3 -36.8  -9.9
  7.0 -44.1  -7.8    6.4 -31.4 -11.4    6.0 -21.8  -3.8    5.8 -32.9   0.0
  5.3 -31.9   5.6

 99.9  10.7  -5.0   90.0   1.7  -4.6   80.0  12.8   2.5   70.0  12.8  -1.1
 60.0   9.4  -1.0   50.0   8.4   2.3   45.0  11.7   5.3   40.0  19.0   1.9
 35.0  20.3   3.6   30.0  21.4   5.7   25.0  15.9   1.6   22.5  10.6   1.7
 20.0   3.8  -2.7   15.0  -6.2  -3.9   12.0 -24.4   4.0   10.0 -24.7   0.0
  8.0 -32.1  -5.1    7.0 -44.1  -7.8    6.0 -21.8  -3.8    5.0   0.0   0.0
  4.0   0.0   0.0
 
 23. 1.2014   0 Uhr

 99.9   4.7  -4.7   96.6   2.1  -8.0   94.9   0.0  -8.2   91.7  -4.7  -6.7
 86.9   2.8  -2.3   85.2   8.4  -2.3   79.3  10.1   1.8   75.2  12.6   5.9
 71.6   8.2   0.7   70.0  11.3   1.0   67.2  11.6   4.2   61.0  10.7  -6.2
 58.1   6.2   0.0   56.3   6.7   4.7   50.0  11.6   6.7   49.9  11.6   6.7
 46.9  17.7  -3.1   43.9  19.9  -5.3   40.4  22.0  -1.9   36.5  21.0   1.8
 31.0  21.9  10.2   30.0  21.4  10.0   26.0   6.8   2.5   25.1   5.1   4.3
 23.7   5.6   0.5   21.7   3.0  -0.8   21.3   3.5  -3.0   20.9   6.3  -5.3
 20.0   6.1  -2.8   19.8   6.5  -1.7   19.5   4.7  -2.2   17.2  -0.4  -1.0
 16.9  -3.6  -2.1   16.0  -0.7  -7.7   15.4  -9.3  -4.3   14.8  -6.2   0.0
 14.1  -8.7  -0.8   13.8  -7.9  -3.7   13.1 -12.1  -5.7   12.4 -15.4  -7.2
 11.7 -15.2 -10.6   11.1 -19.6 -11.3   10.0 -22.5  -2.0    9.6 -19.0   1.7
  8.9 -26.6  -2.3    8.6 -20.8  -3.7    8.0 -27.2  -2.4    7.8 -23.2   0.0
  7.5 -30.7  -2.7    7.1 -29.2  -2.6

 99.9   4.7  -4.7   90.0  -2.1  -5.2   80.0   9.9   1.3   70.0  11.3   1.0
 60.0   9.2  -4.1   50.0  11.6   6.7   45.0  19.1  -4.5   40.0  21.9  -1.6
 35.0  21.2   4.0   30.0  21.4  10.0   25.0   5.2   4.0   22.5   4.1  -0.3
 20.0   6.1  -2.8   15.0  -7.2  -1.5   12.0 -15.3  -9.1   10.0 -22.5  -2.0
  8.0 -27.2  -2.4    7.0 -28.8  -2.5    6.0   0.0   0.0    5.0   0.0   0.0
  4.0   0.0   0.0
 
 23. 1.2014  12 Uhr

 99.9  -2.8  -4.9   87.1   9.5   7.9   82.6  14.0   6.5   80.0   9.2   3.3
 77.1  10.7   6.2   73.0   8.9  -2.4   71.7   6.0  -1.6   70.0   9.2   0.8
 69.2   9.1   1.6   66.7  10.8   0.0   64.3   7.5   3.5   60.0   2.0  -4.2
 55.4  10.3   4.8   50.0  18.3  10.5   49.9  18.3  10.5   44.8  22.6   0.0
 40.3  17.2  -3.0   36.1  21.5   1.9   31.3  17.4   4.7   30.0  13.7  -2.4
 29.2  11.6  -6.7   26.3  10.9 -10.9   22.7   9.2   0.8   20.0  10.6   1.9
 18.0   0.7   7.7   17.4  -0.4   4.1   17.0  -3.3   3.3   16.7   1.0  -0.3
 16.4   2.0  -2.4   15.8  -1.3  -7.6   15.6  -2.8  -7.7   15.3  -3.0  -0.8
 14.7  -5.9   8.4   14.5  -3.7  10.2   13.7 -10.5  10.5   13.3  -6.3   5.3
 12.2 -11.1   4.0   11.4 -19.1   8.9   10.6 -16.0   5.8   10.0 -24.3   4.3
  9.9 -24.8   4.4    9.6 -21.6   0.0    9.1 -24.8   4.4    8.3 -23.3  -4.1
  7.3 -30.8  -8.3    6.4 -33.3  -2.9    5.6 -36.0  -6.3    4.8 -42.2   0.0


 99.9  -2.8  -4.9   90.0   6.6   4.9   80.0   9.2   3.3   70.0   9.2   0.8
 60.0   2.0  -4.2   50.0  18.3  10.5   45.0  22.5   0.4   40.0  17.5  -2.7
 35.0  20.6   2.5   30.0  13.7  -2.4   25.0  10.3  -6.8   22.5   9.3   0.9
 20.0  10.6   1.9   15.0  -4.4   3.8   12.0 -13.1   5.2   10.0 -24.3   4.3
  8.0 -25.5  -5.3    7.0 -31.6  -6.5    6.0 -34.6  -4.6    5.0 -40.6  -1.7
  4.0   0.0   0.0
 
 24. 1.2014   0 Uhr

 99.9   5.5   3.8   86.5  15.2   2.7   83.0  11.7  -5.4   79.2  13.4  -3.6
 72.8  13.4  -7.7   70.0  11.7  -5.4   68.2  13.9  -3.7   60.9   6.1   1.1
 59.9   4.6   0.0   56.9   8.4   3.9   53.3  14.3  10.0   50.0  16.9   6.2
 42.5  13.8  -8.0   40.4  14.2  -2.5   38.6  11.8   1.0   37.4  14.0   6.5
 34.5  16.8   7.8   31.2  10.6  -1.9   30.0  13.4  -7.7   29.2  13.5  -9.4
 25.5  13.5  -6.3   23.9  13.9   0.0   23.1  17.4  -1.5   21.0  13.1   6.1
 20.0  13.5   4.9   19.5  11.9   3.2   18.8   9.7   6.8   17.3  -1.2   3.4
 16.4  -0.3  -1.5   15.2  -7.1   1.3   14.4  -9.7   6.8   14.2 -14.9   4.0
 13.9 -11.8   0.0   12.2 -19.9   5.3   10.0 -24.1   2.1    9.5 -23.1  -2.0
  9.4 -20.0  -1.7    8.7 -28.2   2.5    8.4 -24.1   2.1    7.6 -20.9   5.6
  7.4 -23.6  -2.1    7.2 -27.6  10.0    6.9 -19.8   7.2    6.7 -30.0  10.9


 99.9   5.5   3.8   90.0  12.6   3.0   80.0  13.0  -4.0   70.0  11.7  -5.4
 60.0   4.8   0.1   50.0  16.9   6.2   45.0  14.9  -3.1   40.0  13.7  -1.7
 35.0  16.3   7.6   30.0  13.4  -7.7   25.0  13.6  -4.4   22.5  16.2   0.6
 20.0  13.5   4.9   15.0  -7.7   2.6   12.0 -20.2   5.1   10.0 -24.1   2.1
  8.0 -22.5   3.8    7.0 -22.4   8.2    6.0   0.0   0.0    5.0   0.0   0.0
  4.0   0.0   0.0
 
 24. 1.2014  12 Uhr

 99.9  13.4  -3.6   96.4  17.5   0.0   83.1  12.0  -6.9   80.1  10.5  -7.4
 78.5   8.4  -3.9   75.8  11.2  -5.2   73.0   5.5  -5.5   71.6   3.8  -2.7
 70.1   2.4  -3.4   70.0   2.4  -3.4   64.0   0.9   1.9   63.0   4.4   6.3
 61.1   6.2   6.2   60.1   7.2   5.0   57.0   8.6  10.2   50.6  13.2   2.3
 50.0  13.9   3.7   49.9  14.4   3.9   47.4  11.6  -4.2   43.9  13.5  -6.3
 41.7  10.3  -4.8   38.8  16.2   2.9   35.0  19.8  -3.5   32.8  16.9  -9.8
 30.0  22.2  -8.1   29.2  24.3  -6.5   28.3  19.8  -3.5   25.1  17.4   1.5
 24.2  19.9   5.3   20.0  17.9   4.8   18.4   9.7   0.9   18.1   8.2  -0.7
 17.5   0.5  -3.0   17.0  -4.3  -3.6   16.7  -3.6  -2.1   16.4  -0.9  -2.4
 15.1  -7.1   6.0   14.5 -11.0   7.7   13.6  -9.4  -5.4   13.1 -10.8   0.0
 12.0 -19.0   0.0   10.3 -26.1  -2.3   10.0 -27.4  -4.8    9.3 -19.8  -7.2
  8.5 -30.7  -2.7    7.9 -27.3  -7.3    7.7 -21.9  -5.9    7.5 -25.8  -4.6
  7.2 -22.3  -3.9    6.9 -34.3  -3.0    6.8 -33.3  -2.9

 99.9  13.4  -3.6   90.0  14.9  -3.3   80.0  10.4  -7.2   70.0   2.4  -3.4
 60.0   7.2   5.2   50.0  13.9   3.7   45.0  12.9  -5.6   40.0  13.7  -0.4
 35.0  19.8  -3.5   30.0  22.2  -8.1   25.0  17.7   1.9   22.5  19.1   5.1
 20.0  17.9   4.8   15.0  -7.7   6.2   12.0 -19.0   0.0   10.0 -27.4  -4.8
  8.0 -27.9  -6.5    7.0 -30.3  -3.3    6.0   0.0   0.0    5.0   0.0   0.0
  4.0   0.0   0.0
 
 25. 1.2014   0 Uhr

 99.9   9.8  -4.6   92.6  11.1  -4.0   87.7   6.3  -4.4   78.8   4.7  -6.7
 72.6   0.4  -2.5   71.4   1.8   1.0   70.3   0.9  -1.3   70.0   0.4  -1.5
 69.2  -0.9  -1.9   63.5   2.7   3.8   61.4   6.3   2.3   57.5  11.0   7.7
 50.7  11.6  -6.7   50.0  12.0  -6.9   40.0  21.0   1.8   34.8  19.9  -5.3
 30.0  18.4  -4.9   22.8  12.7   2.2   20.2   5.9  10.2   20.0   5.1   8.9
 18.2   4.2  -3.0   17.5  -0.3  -3.6   17.2   0.0  -7.7   16.9   2.4  -8.9
 16.3  -4.6  -5.5   15.4  -8.9   4.1   14.9 -13.9  -3.7   13.0 -15.9   1.4
 10.2 -28.3   0.0   10.0 -28.3   0.0    9.3 -22.4  -6.0    8.5 -29.3   0.0
  7.5 -18.2  -3.2    6.9 -42.5   3.7    6.7 -32.9   5.8    6.2 -41.0   3.6


 99.9   9.8  -4.6   90.0   8.6  -4.2   80.0   4.9  -6.4   70.0   0.4  -1.5
 60.0   7.9   4.2   50.0  12.0  -6.9   45.0  16.3  -2.7   40.0  21.0   1.8
 35.0  19.9  -5.0   30.0  18.4  -4.9   25.0  14.5  -0.1   22.5  11.9   3.1
 20.0   5.1   8.9   15.0 -12.9  -2.1   12.0 -20.1   0.9   10.0 -28.3   0.0
  8.0 -23.9  -1.6    7.0 -38.4   2.5    6.0   0.0   0.0    5.0   0.0   0.0
  4.0   0.0   0.0
 
 25. 1.2014  12 Uhr

 99.9   5.6  -8.0   97.2   7.3  -8.7   94.8   7.1 -10.1   92.5   5.2 -11.2
 90.2   2.3 -13.2   85.9  -2.7  -9.9   83.9  -1.8 -10.1   81.9  -0.7  -7.7
 80.0  -0.7  -7.7   78.1  -4.6  -9.8   74.8  -8.3  -6.9   73.2  -8.1  -1.4
 70.0  -4.4   6.3   69.9  -4.4   6.3   67.4  -6.0   7.1   66.3  -6.3   7.5
 65.3  -2.5   9.4   62.8   3.1  11.4   62.1   4.4  12.1   59.4   5.8   5.8
 58.4   9.3   4.3

 99.9   5.6  -8.0   90.0   2.1 -13.0   80.0  -0.7  -7.7   70.0  -4.4   6.3
 60.0   5.5   7.2   50.0   0.0   0.0   45.0   0.0   0.0   40.0   0.0   0.0
 35.0   0.0   0.0   30.0   0.0   0.0   25.0   0.0   0.0   22.5   0.0   0.0
 20.0   0.0   0.0   15.0   0.0   0.0   12.0   0.0   0.0   10.0   0.0   0.0
  8.0   0.0   0.0    7.0   0.0   0.0    6.0   0.0   0.0    5.0   0.0   0.0
  4.0   0.0   0.0
 
 26. 1.2014   0 Uhr

 99.9  -5.6   0.5   98.2  -3.0   0.8   93.9  -2.0  -0.5   90.7  -2.0   0.5
 87.6  -3.5  -0.9   83.2  -4.2   2.0   80.3  -2.0  -0.4   79.1  -5.6  -2.6
 76.3  -3.0   6.5   70.0   5.9   8.4   63.5   7.6   1.3   62.5   8.0  -2.1
 60.6   5.9  -4.1   56.6   5.1  -5.1   53.9   6.5  -9.3   52.2   0.9  -5.1
 50.0  10.7   6.2   49.7  12.0   6.9   45.7  22.4  10.4   39.2  25.1   2.2
 34.8  21.0   1.8   31.3  10.2   3.7   30.0  14.9   4.0   29.7  14.5   6.7
 25.3  15.4  -1.3   22.0  12.4   3.3   21.2   5.9   4.1   20.8   0.9  -0.5
 20.1   4.7  -6.7   20.0   4.7  -6.7   19.3   5.0  -7.2   18.6   0.0  -6.2
 18.0  -2.3  -4.0   17.7  -1.3  -2.8   17.0  -6.8  -2.5   16.1  -5.5   4.6
 15.0 -14.5   5.3   14.1 -12.6  -4.6   13.6 -16.7   2.9   11.5 -22.6   0.0
 10.0 -24.3  -6.5    9.5 -23.7   0.0    8.2 -38.6   0.0    7.7 -30.7   2.7
  7.4 -35.0   0.0    6.6 -37.4   3.3    6.3 -40.7  10.9    6.0 -40.0   3.5


 99.9  -5.6   0.5   90.0  -2.3   0.2   80.0  -2.9  -0.9   70.0   5.9   8.4
 60.0   5.8  -4.3   50.0  10.7   6.2   45.0  22.7   9.6   40.0  24.8   3.3
 35.0  21.2   1.9   30.0  14.9   4.0   25.0  15.1  -0.9   22.5  12.9   2.6
 20.0   4.7  -6.7   15.0 -14.5   5.3   12.0 -21.2   0.7   10.0 -24.3  -6.5
  8.0 -35.5   1.1    7.0 -36.2   1.6    6.0 -40.0   3.5    5.0   0.0   0.0
  4.0   0.0   0.0
 
 26. 1.2014  12 Uhr

 99.9  -3.5   0.6   95.3  -5.5   3.8   87.6   1.3   1.6   82.1   2.6   4.5
 77.8  -4.0   4.7   71.4   3.2  11.9   70.0   3.5  12.9   68.0   0.0   8.2
 63.5  -0.5  -2.0   62.3   0.0  -4.1   61.4   2.1  -5.8   60.5   1.3  -7.6
 57.8   1.7  -3.7   56.0   3.7  -1.7   54.1  -0.2  -1.0   50.0  16.9   6.2
 48.3  18.6   8.7   40.3  26.2   0.0   38.4  19.5   0.0   31.3  12.1   4.4
 30.0  11.9   3.2   26.5  11.7  -2.1   22.6  13.5  -9.4   21.1   8.7  -8.7
 20.4  13.4  -7.7   20.0  11.4  -8.0   18.7  10.2 -10.2   17.5   1.5  -5.5
 16.9   0.4   0.4   16.6  -4.2   2.0   16.1  -0.6   6.7   15.6  -3.2   8.7
 14.8  -2.0   0.5   14.5  -8.6  -1.5   13.8  -9.7   6.8   13.3 -14.4   0.0
 13.1 -10.3   0.0   11.8 -26.6  -2.3   10.9 -20.8  -3.7   10.5 -24.8   4.4
 10.0 -23.3   4.1    8.8 -34.3  -3.0    8.5 -40.6   0.0    8.2 -33.9   6.0
  6.8 -36.9  -3.2    6.4 -41.5  -3.6    5.8 -37.0  -6.5    5.5 -43.6  -7.7
  4.8 -36.4  -3.2    4.4 -41.7 -11.2

 99.9  -3.5   0.6   90.0  -0.8   2.3   80.0  -0.6   4.6   70.0   3.5  12.9
 60.0   1.4  -6.9   50.0  16.9   6.2   45.0  21.7   5.2   40.0  25.2   0.0
 35.0  16.1   2.0   30.0  11.9   3.2   25.0  12.3  -4.8   22.5  13.2  -9.4
 20.0  11.4  -8.0   15.0  -2.3   2.6   12.0 -24.1  -2.0   10.0 -23.3   4.1
  8.0 -34.3   4.7    7.0 -36.5  -1.8    6.0 -38.5  -5.5    5.0 -38.5  -4.5
  4.0   0.0   0.0
 
 27. 1.2014   0 Uhr

 99.9   5.1   3.5   92.3  -0.5   5.6   89.1   3.0   3.5   73.8  -3.2  11.9
 70.0  -1.8   1.8   69.1   0.2  -2.6   64.6  -1.0 -11.3   60.3   1.6  -4.4
 55.3   9.8   4.6   53.5  15.4   4.1   51.6  20.9   5.6   50.0  20.3   3.6
 49.9  19.8   3.5   47.4  22.6   0.0   34.5  14.5   5.3   30.0  16.9   1.5
 26.1  12.2  -8.6   24.8  14.9   0.0   20.9   5.5  -1.5   20.2   4.7  -2.2
 20.0   5.1  -2.4   18.8   1.1   1.1   18.4   0.0   3.1   16.8  -2.5   9.4
 14.9  -9.7  -0.9   14.1 -13.9   9.7   13.0 -21.5  -1.9   12.6 -16.5  -9.5
 10.8 -28.2  -2.5   10.0 -23.8  -4.2    6.1 -41.0  -7.2    5.9 -34.3  -9.2
  5.7 -32.4  -5.7    5.6 -36.8  -9.9

 99.9   5.1   3.5   90.0   2.0   4.1   80.0  -0.6   8.4   70.0  -1.8   1.8
 60.0   2.1  -3.8   50.0  20.3   3.6   45.0  21.3   0.9   40.0  18.2   2.9
 35.0  14.9   5.0   30.0  16.9   1.5   25.0  14.5  -1.3   22.5   9.5  -0.8
 20.0   5.1  -2.4   15.0  -9.3  -0.3   12.0 -20.2  -7.3   10.0 -23.8  -4.2
  8.0 -31.9  -5.6    7.0 -36.5  -6.4    6.0 -37.7  -8.2    5.0   0.0   0.0
  4.0   0.0   0.0
 
 27. 1.2014  12 Uhr

 99.9   8.5   4.9   96.3   9.5   7.9   80.3  -3.2   2.6   75.8  -8.9   4.1
 72.8 -10.1  -1.8   70.0  -8.4  -2.3   68.8  -6.1  -2.8   66.3  -5.6  -8.0
 62.9  -0.5  -6.1   61.8   3.0  -3.5   57.8  12.8   1.1   55.0  16.4   1.4
 52.3  13.1   6.1   50.6  18.6   8.7   50.0  18.6   8.7   46.0  22.8   4.0
 37.3  10.9   2.9   34.3   9.3   6.5   30.9  12.3  -1.1   30.0  10.2  -0.9
 28.0  14.4  -3.9   26.6  12.2  -8.6   24.0  12.1  -5.7   23.2  13.4   0.0
 20.0  13.4   3.6   19.4  10.3   4.8   18.7   6.5   6.5   18.4  10.3   4.8
 17.1   6.0   7.1   16.5  -3.6   6.2   15.7  -7.0  -3.3   14.3 -10.2   3.7
 13.3 -17.7  -3.1   12.7 -14.4  -3.9   11.4 -20.8   3.7   10.8 -17.0   0.0
 10.0 -24.8  -4.4    9.4 -36.0   6.3    9.1 -36.0   6.3    8.9 -37.5   6.6
  8.5 -35.4   3.1

 99.9   8.5   4.9   90.0   4.7   5.9   80.0  -3.5   2.7   70.0  -8.4  -2.3
 60.0   7.3  -1.5   50.0  18.6   8.7   45.0  21.5   3.9   40.0  14.8   3.3
 35.0   9.7   5.6   30.0  10.2  -0.9   25.0  12.2  -6.8   22.5  13.4   0.8
 20.0  13.4   3.6   15.0  -8.5   0.2   12.0 -17.8   0.1   10.0 -24.8  -4.4
  8.0   0.0   0.0    7.0   0.0   0.0    6.0   0.0   0.0    5.0   0.0   0.0
  4.0   0.0   0.0
 
 28. 1.2014   0 Uhr

 99.9   7.1   6.0   92.1   5.7  12.1   85.9  -0.9   5.1   80.2 -12.9   0.0
 77.5 -11.9  -3.2   74.8  -7.1  -4.1   72.1  -2.2 -12.7   70.9  -3.6 -13.4
 70.0  -4.6 -12.6   65.5  -1.5   3.3   64.3   4.1   5.9   62.2   6.7   4.7
 58.2  12.2   8.6   55.5  20.3   7.4   50.0  23.3   4.1   44.7  20.6   0.0
 42.5  20.8   3.7   41.7  16.4   4.4   40.3  18.4  -1.6   37.7  16.9   1.5
 31.1  14.3  -1.3   30.0  12.4  -3.3   24.9   9.8   0.0   24.0  10.2   3.7
 22.3   9.8   5.7   21.6   6.8   9.7   21.2   8.3   9.9   20.4   2.4   8.9
 20.0   1.6   9.1   19.3  -1.2  13.8   17.9  -0.8   9.2   17.3  -2.0   4.2
 16.0 -15.2  -2.7   14.9 -13.1  -9.1   14.3 -10.1  -7.1   13.0 -20.8  -7.6
 12.5 -19.5  -1.7   12.0 -17.7  -3.1   11.6 -21.5   1.9   10.6 -25.6  -2.2
 10.0 -24.6  -2.2    9.4 -22.2  -8.1    8.7 -25.1   2.2    8.4 -29.3   0.0
  6.9 -26.1   9.5    6.4 -34.3   3.0    6.3 -29.2   2.6    6.1 -29.3   7.9
  5.8 -31.8   2.8

 99.9   7.1   6.0   90.0   3.5   9.8   80.0 -12.8  -0.2   70.0  -4.6 -12.6
 60.0   9.7   6.8   50.0  23.3   4.1   45.0  20.7   0.2   40.0  18.3  -1.3
 35.0  15.9   0.4   30.0  12.4  -3.3   25.0   9.8  -0.1   22.5   9.8   5.4
 20.0   1.6   9.1   15.0 -13.3  -8.5   12.0 -17.7  -3.1   10.0 -24.6  -2.2
  8.0 -28.5   2.4    7.0 -26.3   8.8    6.0 -30.1   6.2    5.0   0.0   0.0
  4.0   0.0   0.0
 
 28. 1.2014  12 Uhr

 99.9   6.2   3.6   91.8   0.0  10.3   89.6  -2.4   8.9   87.5  -4.4   6.3
 83.8  -6.1   2.8   82.1  -6.8  -2.5   79.6  -4.7  -4.7   78.6  -5.1  -4.3
 77.6  -5.5  -3.8   76.7  -4.9  -2.8   75.8  -7.5  -2.0   75.0  -6.1  -2.8
 74.1  -5.9  -4.1   73.3  -5.8  -5.8   72.5  -5.8  -5.8   70.3  -8.4  -5.9
 70.0  -8.9  -5.1   69.4  -8.6  -1.5

 99.9   6.2   3.6   90.0  -2.0   9.2   80.0  -5.1  -4.4   70.0  -8.9  -5.1
 60.0   0.0   0.0   50.0   0.0   0.0   45.0   0.0   0.0   40.0   0.0   0.0
 35.0   0.0   0.0   30.0   0.0   0.0   25.0   0.0   0.0   22.5   0.0   0.0
 20.0   0.0   0.0   15.0   0.0   0.0   12.0   0.0   0.0   10.0   0.0   0.0
  8.0   0.0   0.0    7.0   0.0   0.0    6.0   0.0   0.0    5.0   0.0   0.0
  4.0   0.0   0.0
 
 29. 1.2014   0 Uhr

 99.9  -0.7   8.2   91.9 -11.4   3.1   88.7 -10.2   0.9   85.3  -9.2  -0.8
 82.3  -7.2  -5.0   75.5  -8.9 -10.6   70.6  -3.8   5.5   70.0  -3.5   7.5
 69.2  -1.5   8.6   67.8   4.9   8.5   63.4  14.0   5.1   59.4  21.5   1.9
 52.1  17.4   1.5   50.0  19.5  -1.7   49.8  19.5  -1.7   44.6  16.4   1.4
 40.6  13.1   4.8   35.2  13.9  -3.7   34.1  13.4  -3.6   32.3   8.1   1.4
 31.0  13.4   7.7   30.0  12.6   8.9   28.3  15.2  10.6   26.9  11.4   9.6
 20.3   4.3  -3.6   20.0   4.7  -4.7   18.3  -0.9 -10.8   17.4  -1.3  -7.6
 17.3  -0.7  -7.7   16.9  -2.8  -2.3   16.6  -3.5  -0.6   16.2  -4.2   2.0
 15.6  -5.3  -1.9

 99.9  -0.7   8.2   90.0 -10.7   1.8   80.0  -7.7  -6.9   70.0  -3.5   7.5
 60.0  20.4   2.4   50.0  19.5  -1.7   45.0  16.6   1.2   40.0  13.1   3.8
 35.0  13.8  -3.7   30.0  12.6   8.9   25.0   9.5   6.0   22.5   6.9   1.1
 20.0   4.7  -4.7   15.0   0.0   0.0   12.0   0.0   0.0   10.0   0.0   0.0
  8.0   0.0   0.0    7.0   0.0   0.0    6.0   0.0   0.0    5.0   0.0   0.0
  4.0   0.0   0.0
 
 29. 1.2014  12 Uhr

 99.9  -5.1   5.1   97.4  -8.8   6.2   94.3  -8.7   0.8   92.7 -11.7   2.1
 86.5 -10.5  -7.4   83.4 -14.2  -2.5   76.7 -10.3  -4.8   74.1  -4.4   6.3
 70.0   7.7  11.0   69.2   9.3  11.0   66.8   8.0   8.0   61.5  21.0  -1.8
 60.3  22.8  -4.0   56.5  17.9   1.6   52.7  19.3   3.4   51.1  17.2   3.0
 50.0  17.9  -1.6   49.3  18.2  -3.2   45.4  12.3   1.1   43.9  12.3   0.0
 43.1  10.1   1.8   41.0   9.8   0.0   40.3   8.9  -2.4   39.7  11.4  -3.1
 36.4   9.8   0.0   35.8  11.1  -4.0

 99.9  -5.1   5.1   90.0 -11.2  -2.0   80.0 -12.2  -3.6   70.0   7.7  11.0
 60.0  22.4  -3.6   50.0  17.9  -1.6   45.0  12.3   0.8   40.0  10.2  -2.7
 35.0  12.9  -9.5   30.0   0.0   0.0   25.0   0.0   0.0   22.5   0.0   0.0
 20.0   0.0   0.0   15.0   0.0   0.0   12.0   0.0   0.0   10.0   0.0   0.0
  8.0   0.0   0.0    7.0   0.0   0.0    6.0   0.0   0.0    5.0   0.0   0.0
  4.0   0.0   0.0
 
 30. 1.2014   0 Uhr

 99.9 -10.3   0.0   92.0 -13.9  -3.7   83.9 -21.0  -1.8   80.1 -10.2   3.7
 73.6   0.0   6.2   71.1   6.2   3.6   70.0  10.3   0.0   65.6  18.9  -6.9
 63.4  21.4  -5.7   58.6  15.4  -4.1   50.0  14.9  -1.3   47.7  11.8  -1.0
 41.9  16.4  -4.4   41.2  19.4  -5.2   37.3  16.4  -4.4   33.1  16.0   5.8
 31.0  19.3   7.0   30.0  17.9   6.5   26.6  18.9  -5.1   23.0  17.4   1.5
 21.3  11.9   3.2   20.0   9.8  -4.6   18.6   4.4  -6.3   18.3   0.4  -4.1
 17.9   0.0  -3.1   17.6  -1.5  -3.3   16.9 -10.1  -1.8   16.3  -8.1   1.4
 14.5 -18.6   8.7   13.2 -14.9   4.0   12.4 -21.4   5.7   11.5 -23.4  -6.3
 10.0 -26.8   0.0    9.1 -31.8  -2.8    8.4 -32.8   2.9    7.4 -37.4   3.3
  7.0 -34.0   0.0    6.6 -41.5  -3.6    6.5 -27.4  -4.8    6.2 -42.0   3.7
  6.1 -35.4  -3.1    5.7 -34.5  -6.1    5.5 -35.9   3.1

 99.9 -10.3   0.0   90.0 -15.6  -3.3   80.0 -10.0   3.7   70.0  10.3   0.0
 60.0  17.2  -4.6   50.0  14.9  -1.3   45.0  13.9  -2.6   40.0  18.5  -5.0
 35.0  16.2   1.1   30.0  17.9   6.5   25.0  18.3  -2.2   22.5  15.8   2.0
 20.0   9.8  -4.6   15.0 -15.6   6.6   12.0 -22.2   0.5   10.0 -26.8   0.0
  8.0 -34.6   3.0    7.0 -34.0   0.0    6.0 -35.1  -3.8    5.0   0.0   0.0
  4.0   0.0   0.0
 
 30. 1.2014  12 Uhr

 99.9 -12.3   0.0   85.2 -19.5   1.7   78.8   2.1   0.0   71.1  17.7  -3.1
 70.0  18.9  -5.1   68.8  17.7  -8.3   66.6  17.4  -6.3   63.5  15.9  -4.3
 60.5   7.6  -7.6   54.9   4.1  -0.7   54.0   6.1   1.1   50.0   7.6   1.3
 45.1  10.9   2.9   42.3  16.2  -2.9   39.6  13.4  -7.7   36.4  12.2  -2.1
 32.4  16.2   2.9   30.0  17.9   1.6   27.9  20.8  -3.7   23.3  15.4  -4.1
 21.4  13.3   1.2   20.6  10.6   1.9   20.0  11.7  -2.1   19.2   8.5  -4.9
 17.6   3.6   0.0   17.0   0.1   1.0   15.5  -8.2   3.0   13.3 -21.4   5.7
 12.6 -17.9  -6.5   12.1 -18.3 -10.5   10.9 -23.1  -2.0   10.0 -25.6  -2.2
  8.9 -32.4  -5.7    8.5 -28.8   0.0    7.7 -36.5   0.0    7.2 -27.2   2.4
  7.0 -35.4   3.1    6.3 -47.7   4.2    6.0 -42.0  -3.7    5.5 -39.5  -3.5


 99.9 -12.3   0.0   90.0 -17.1   1.1   80.0  -2.1   0.3   70.0  18.9  -5.1
 60.0   7.3  -7.0   50.0   7.6   1.3   45.0  11.1   2.7   40.0  13.8  -7.0
 35.0  13.5  -0.4   30.0  17.9   1.6   25.0  17.5  -3.9   22.5  14.5  -1.9
 20.0  11.7  -2.1   15.0 -11.1   3.6   12.0 -18.7  -9.9   10.0 -25.6  -2.2
  8.0 -33.6   0.0    7.0 -35.4   3.1    6.0 -42.0  -3.7    5.0   0.0   0.0
  4.0   0.0   0.0
 
 31. 1.2014   0 Uhr

 99.9  -8.4   3.9   92.0 -14.9   1.3   87.8 -17.7  -3.1   85.0 -20.3   3.6
 82.0  -7.5  -3.5   79.1   0.4  -2.0   77.4   8.2  -0.7   75.7  10.7  -5.0
 70.0   7.4 -10.5   69.6   6.2 -10.7   62.8   2.6   0.0   60.8   5.5   4.6
 56.0  11.3  -1.0   50.9  20.5  -1.8   50.0  18.4   1.6   42.2  14.9  -4.0
 40.1  13.4   3.6   36.8  12.2   8.6   35.0  13.4   3.6   33.1  12.1   4.4
 30.0  12.2  -2.1   27.9  12.0  -6.9   24.9   7.2   0.0   22.3  11.3   0.0
 20.0   8.0   5.6   19.6   5.1   5.1   18.6   4.3   9.3   17.0   1.3   7.6
 16.3   2.1   3.6   15.7  -3.5   3.0   14.2 -11.8  -9.9   12.5 -23.3 -10.9
 12.0 -27.8  -7.5   11.2 -25.3   4.5   10.8 -30.2   2.6   10.4 -27.7  -2.4
 10.0 -28.8   0.0    8.4 -36.5   0.0    7.8 -29.9  -5.3    6.8 -36.9   3.2


 99.9  -8.4   3.9   90.0 -16.2  -0.8   80.0  -2.1  -2.5   70.0   7.4 -10.5
 60.0   6.5   3.7   50.0  18.4   1.6   45.0  16.2  -1.9   40.0  13.4   3.7
 35.0  13.4   3.6   30.0  12.2  -2.1   25.0   7.4  -0.2   22.5  11.0   0.0
 20.0   8.0   5.6   15.0  -7.3  -2.9   12.0 -27.8  -7.5   10.0 -28.8   0.0
  8.0 -32.1  -3.5    7.0 -35.4   1.5    6.0   0.0   0.0    5.0   0.0   0.0
  4.0   0.0   0.0
 
 31. 1.2014  12 Uhr

 99.9  -8.7   3.2   92.3 -18.4  -1.6   85.9 -10.3   0.0   82.8   2.7   1.5
 80.8   8.1   1.4   76.6  10.6   1.9   71.7   7.5   2.0   70.0   3.5  -0.9
 69.2   0.9  -2.4   68.1  -1.2  -1.7   65.9   2.9  -1.1   63.9   8.6   1.5
 60.9   6.5   3.0   53.6  13.8  -1.2   51.2  14.2   2.5   50.0  14.2   2.5
 47.3  21.1   0.0   44.9  19.9  -5.3   40.0   9.3   0.0   38.8  11.1   4.0
 36.9  10.5   7.4   32.8   9.9   2.7   30.0  11.1   2.0   28.6  12.8  -1.1
 20.0  11.6   6.7   19.7  12.0   6.9   18.3   1.5  -0.5   17.4  -2.0  -0.5
 16.8  -3.7  -1.7   16.5  -4.6   0.8   16.0  -5.6  -2.6   15.4  -8.9  -2.4
 14.3 -12.0  -6.9   13.1 -15.9   0.0   12.6 -16.0  -5.8   11.7 -21.6   0.0
 11.3 -19.3   7.0   10.1 -27.4   4.8   10.0 -27.7   2.4    8.7 -31.3   2.7
  8.3 -24.7  -9.0    8.1 -26.2   0.0    8.0 -28.9  -5.1    7.7 -31.9   5.6
  7.6 -27.8   0.0    6.3 -33.3  -2.9

 99.9  -8.7   3.2   90.0 -15.6  -1.0   80.0   8.6   1.5   70.0   3.5  -0.9
 60.0   7.4   2.5   50.0  14.2   2.5   45.0  19.9  -5.1   40.0   9.3   0.0
 35.0  10.3   5.2   30.0  11.1   2.0   25.0  12.3   1.9   22.5  12.0   4.2
 20.0  11.6   6.7   15.0 -10.0  -4.0   12.0 -19.7  -2.0   10.0 -27.7   2.4
  8.0 -28.9  -5.1    7.0 -30.2  -1.3    6.0   0.0   0.0    5.0   0.0   0.0
  4.0   0.0   0.0
 

Monatsmittelwind fuer den  1 2014

Niveau Anzahl     U     V   DD FF
 [hPa]        [m/s] [m/s]     [kn]
  99.9     57  -3.6   1.0  106  7
  90.0     57   2.2  -0.9  291  5
  80.0     57   4.4  -0.1  272  9
  70.0     52   6.2  -0.1  271 12
  60.0     47   7.6  -0.5  274 15
  50.0     45  11.2   1.1  264 22
  45.0     43  12.2  -0.1  271 24
  40.0     43  12.7  -0.3  271 25
  35.0     43  13.7   0.4  268 27
  30.0     41  14.8   0.5  268 29
  25.0     41  13.0  -1.5  276 25
  22.5     41  11.6   0.1  269 23
  20.0     41   8.5   0.4  268 17
  15.0     40  -7.5   0.5   94 15
  12.0     40 -19.9  -0.5   88 39
  10.0     39 -25.1   0.1   90 49
   8.0     35 -30.7  -1.0   88 60
   7.0     30 -34.3  -0.5   89 67
   6.0     20 -34.5  -1.5   87 67
   5.0      9 -40.5   3.2   95 79
   4.0      0   0.0   0.0    0  0
