sing20190511.00
TTAA 61001 48698
99010 28614 06502 00108 27618 08502 92798 23425 25501
85534 19030 26008 70175 10663 28008 50590 04157 14501
40763 14764 06507 30974 29161 06518 25102 40341 06026
20250 52356 06534 15429 67330 07542 10665 77958 33014
88999
77999=
TTCC 61001 48698
70867 72566 25511 50068 66973 27038 30383 57779 27023
20645 49982 29539 10098 46185 08041
88876 82756 05017
77080 09563 417//=
TTDD 6100/ 48698
11876 82756 22792 82158 33690 72367 44664 73966 55626
68571 66583 66773 77531 68971 88382 63176 99360 58778
11325 60577 22262 52581 33215 48983 44181 52581 55144
47784 66114 51781 77092 41987 88070 43186
21212 11973 32510 22934 02510 33796 10010 44772 09019
55753 14014 66733 15510 77721 19508 88705 25010 99696
26514 11674 26016 22653 28019 33617 24024 44607 24521
55591 28023 66545 29029 77498 26538 88451 30031 99386
28027 11375 25524 22321 24521 33310 24522 44296 27524
55259 28528 66238 26032 77196 29540 88173 29017 99154
23514 11152 22010 22149 16006 33147 10510 44144 09516
55134 13014 66126 13012 77110 06521 88108 05027 99101
08039 11096 08054 22089 08542 33080 09563 44070 08563=
