sing20190502.00
TTAA 52001 48698
99009 28013 02502 00101 27421 05004 92790 23417 21508
85527 19628 27504 70177 11260 33031 50590 05330 24513
40762 16150 12506 30973 29937 05015 25100 39759 10024
20248 52757 09529 15427 66760 08022 10663 82556 08025
88999
77999=
TTCC 52001 48698
70866 74368 28516 50065 67976 26519 30383 58183 30036
20642 55186 27524 10095 50188 08016
88972 83956 08529
77999=
TTDD 5200/ 48698
11972 83956 22802 75965 33678 73169 44642 75168 55582
70573 66550 72371 77440 63779 88434 64179 99387 56585
11338 55585 22294 58583 33151 49188 44135 50388 55128
46189 66113 45589 77100 50188 88088 43790 99080 46389
11061 39991 22054 33394
21212 11946 08537 22908 10520 33884 09012 44871 07009
55856 04011 66824 01514 77779 01016 88742 29012 99702
28516 11631 28534 22612 28043 33583 26539 44544 28032
55526 26523 66512 27519 77468 25518 88456 25020 99435
27519 11402 25524 22368 30032 33333 29045 44296 30031
55285 27523 66282 27024 77271 26533 88229 25527 99208
28024 11179 28020 22167 25515 33149 30024 44142 28521
55138 29522 66131 29019 77126 32518 88120 29511 99118
30010 11115 00000 22109 17010 33100 08515 44098 07521
55093 09020 66088 10539 77084 11536 88063 07050 99054
09546=
