sing20190510.00
TTAA 60001 48698
99008 25819 24005 00097 26243 20008 92786 23856 28015
85520 19457 25014 70172 11057 25512 50590 05356 09012
40761 15333 13006 30973 29156 07022 25100 40528 06016
20248 52150 06533 15428 66361 08048 10665 80157 04016
88999
77999=
TTCC 60001 48698
70865 70573 24506 50067 65775 24536 30382 57781 27034
20642 48987 27027 10097 48188 08034
88839 84756 36013
66068 07567 425//=
TTDD 6000/ 48698
11839 84756 22758 82958 33711 71971 44679 68776 55601
71371 66540 64377 77490 66375 88452 62778 99376 62778
11365 63577 22339 58781 33179 47987 44146 51585 55122
46389 66104 49387 77096 47389 88094 41991 99091 40791
11080 41991 22068 38792
21212 11906 36015 22841 36013 33803 01511 44745 10015
55739 11013 66715 20502 77657 24510 88635 27010 99603
28010 11582 32011 22579 32010 33562 27507 44553 24513
55536 23523 66474 24548 77441 27043 88355 26032 99323
27536 11301 27033 22240 28535 33211 26031 44195 27523
55187 30527 66166 31520 77146 35523 88135 05516 99126
11018 11119 12528 22114 12028 33106 08525 44099 08034
55090 11044 66083 09554 77080 08540 88073 09548 99068
07567=
