sing20190523.12
TTAA 73121 48698
99007 31058 21005 00084 30258 15509 92775 23223 15010
85510 19856 12011 70158 11058 14005 50589 03570 13524
40762 14558 10010 30973 30167 08014 25101 39762 08512
20249 51559 10015 15429 67926 14006 10663 81546 07033
88999
77999=
TTCC 73121 48698
70869 74566 28017 50066 67975 27516 30381 60379 29523
20642 49984 26529 10101 45587 10044
88916 84137 08046 88691 75166 27017
77064 09567 422//=
TTDD 7312/ 48698
11916 84137 22875 80759 33857 74563 44804 69772 55691
75166 66526 72371 77494 67375 88409 62977 99385 58980
11351 63576 22314 59779 33289 60978 44235 48785 55174
50784 66114 43189 77093 46187 88066 34193 99056 34993
21212 11884 08049 22841 09513 33837 10010 44825 17504
55812 23510 66757 25527 77707 28018 88691 27017 99681
25522 11654 25537 22614 24029 33521 28524 44487 27514
55479 25012 66475 24013 77452 24015 88438 26022 99414
25526 11382 29537 22360 30041 33323 29024 44310 31021
55288 29519 66275 26015 77273 25015 88265 24521 99255
26033 11246 27030 22222 25533 33196 26525 44159 25525
55151 24514 66147 24510 77142 28003 88131 09510 99113
07537 11104 10544 22094 09039 33086 11041 44079 10056
55074 10047 66064 09567 77056 09550=
