sing20190528.12
TTAA 78121 48698
99003 31250 24503 00037 30458 24503 92747 24238 13514
85484 20656 14512 70137 11031 11011 50588 02959 03505
40761 13360 25501 30974 28371 04015 25102 38770 04515
20251 51361 05010 15431 66560 06516 10665 83141 03023
88104 84139 06511
77999=
TTCC 78121 48698
70867 77763 32520 50065 66577 22014 30381 62578 30545
20640 47786 25030 10099 39192 08053
88383 63577 27535
77090 09064 41015 77054 10060 41861=
TTDD 7812/ 48698
11965 78957 22938 79558 33833 80757 44717 76763 55692
78164 66669 74167 77608 70971 88559 74369 99512 70773
11483 62579 22439 59180 33383 63577 44339 60779 55286
62578 66243 53583 77199 47786 88169 50785 99144 50185
11123 43390 22115 45388 33102 39591 44086 37592 55077
39991 66063 33594 77056 37192 88047 25796
21212 11966 05035 22918 07523 33874 07010 44858 03004
55801 29503 66781 31510 77757 31511 88739 29012 99704
31521 11687 34521 22675 34524 33655 32015 44623 35012
55613 29506 66603 26010 77589 25015 88548 26020 99526
26510 11516 26005 22507 23011 33494 22516 44481 24528
55474 25027 66421 28531 77352 27042 88291 31045 99274
29524 11257 27037 22250 27030 33238 24023 44233 23025
55216 23035 66210 24039 77194 26028 88178 30020 99168
30015 11163 34510 22149 17502 33144 08010 44138 06525
55126 09059 66123 10057 77117 10053 88107 07557 99098
08549 11090 09064 22077 07555 33059 12040 44054 10060
55051 12021 66050 13015 77049 10520 88048 10011 99047
03003 11047 32007=
