sing20190509.12
TTAA 59121 48698
99005 32260 30504 00066 30858 30506 92760 24840 24512
85498 19638 24014 70146 10659 25519 50588 03962 18010
40760 14571 12010 30972 29362 07017 25100 39359 08524
20249 51535 08035 15429 66163 06548 10665 80358 14514
88999
77999=
TTCC 59121 48698
70865 78563 05006 50066 63778 25532 30380 56785 24536
20641 52987 28541 10099 47789 09538
88881 84356 18512 88104 47589 08535
77057 08581 429//=
TTDD 5912/ 48698
11881 84356 22771 79161 33717 80361 44696 78564 55678
71770 66660 70774 77633 71972 88572 70773 99522 62980
11478 62580 22383 65977 33349 63980 44341 60582 55313
60182 66298 55986 77232 51787 88211 53787 99159 46789
11141 48389 22125 40991 33104 47589 44094 44790 55086
46789 66073 37592 77054 35593
21212 11951 18515 22891 19514 33842 16010 44826 08002
55796 03010 66772 01022 77709 05511 88687 33502 99614
26002 11596 24010 22570 26522 33554 29020 44532 28515
55503 25532 66446 28047 77354 27532 88349 27031 99313
23032 11281 26542 22268 25032 33267 26537 44227 28542
55201 28541 66162 27013 77154 31015 88143 31014 99141
32510 11139 00507 22136 06010 33129 08014 44124 11525
55117 12035 66108 08530 77100 09538 88089 07549 99082
11040 11076 08538 22068 10053 33061 07566 44057 08581
55054 08574=
