sing20220717.00
TTAA  67001 48698
99008 28638 26502 00100 27822 11506 92785 23628 16010
85522 20456 26508 70170 09863 25012 50588 06514 20504
40759 18110 09516 30968 32133 07033 25094 42333 08539
20241 54737 08043 15420 67363 08062 10656 76959 07045
88109 77160 06547
77158 08070 42119=
TTCC  67001 48698
70864 74161 07527 50067 64767 10045 30391 49183 25527
20652 53180 25514 10106 42985 34514
88251 56579 27037
77999=
TTDD  6700/ 48698
11956 72963 22894 75360 33853 72963 44790 76160 55767 73162
66701 74161 77671 67966 88575 67964 99557 64167 11491 64967
22450 57176 33428 55775 44381 58178 55369 58778 66355 57382
77347 53185 88308 48985 99251 56579 11241 56179 22230 51983
33198 53380 44123 48382 55101 43386 66076 40784
21212 11837 11016 22782 09510 33749 07525 44642 10033 55608
09029 66557 08551 77522 10549 88467 09054 99431 08021 11412
02012 22370 05521 33356 04012 44347 35002 55344 30502 66339
27504 77326 29506 88312 25516 99299 25527 11261 27035 22207
26516 33194 24514 44180 27039 55135 28035 66117 33035 77105
36012 88100 34514 99096 03016 11076 09018=
