sing20220715.12
TTAA  65111 48698
99005 29856 20504 00076 29044 12506 92764 22402 16510
85499 18003 20504 70143 10858 28014 50587 05721 14006
40759 15526 08521 30970 30168 07527 25097 39966 08049
20246 52766 08047 15425 67364 10031 10661 75559 09031
88113 78358 09551
77999=
TTCC  65111 48698
70866 73564 09025 50067 66374 09056 30390 49786 25518
20654 46987 27031 10115 43188 24514
88999
77443 09060 40761=
TTDD  6511/ 48698
11948 77959 22910 76161 33841 78759 44733 77361 55701 73564
66643 73965 77615 72167 88599 67971 99550 68171 11503 66774
22494 63577 33456 63777 44436 62379 55430 59582 66415 56583
77356 57584 88334 54985 99328 50986 11308 51586 22299 48987
33248 48987 44228 51786 55219 52586 66205 47987 77190 45787
88159 48387 99148 46587 11136 48787 22128 49586 33120 45388
44108 42388 55075 40393
21212 11946 09027 22884 05518 33851 05018 44728 10029 55663
06529 66588 10537 77443 09060 88390 10002 99389 08002 11387
35002 22386 33002 33379 33002 44372 36002 55367 10502 66366
11002 77363 17002 88354 16502 99339 13008 11336 14008 22325
22510 33310 26014 44250 26041 55219 25529 66172 30037 77154
28537 88134 29027 99117 26033 11100 24514 22095 31506 33093
17506 44092 17010 55089 20016 66081 16512 77075 17508=
