sing20220711.00
TTAA  61001 48698
99007 27036 30501 00095 26221 29504 92780 22442 18510
85511 17833 23516 70146 09843 30016 50587 06918 19008
40758 16706 09531 30969 29756 08539 25096 39962 07037
20244 53356 06041 15422 69756 04051 10656 76160 09039
88110 81757 10058
77118 09560 43426=
TTCC  61001 48698
70866 73571 08512 50063 69179 07554 30387 53985 27041
20650 48187 28025 10111 45787 33518
88675 74971 07514 88290 55385 27041
77474 08072 42928=
TTDD  6100/ 48698
11949 77759 22924 76760 33901 71965 44875 69566 55675 74971
66645 74372 77629 70774 88570 73374 99543 72976 11536 69578
22495 68979 33441 61183 44429 56785 55399 52985 66362 54185
77346 50786 88290 55385 99255 53385 11246 50986 22227 51986
33204 48387 44166 48587 55123 44188 66097 46187 77079 41389
88074 41389 99067 39589 11062 33991 22051 29392 33044 24199
21212 11924 07035 22878 10027 33826 17016 44778 19518 55718
10512 66696 08512 77575 05547 88537 08054 99499 07554 11474
08072 22439 08072 33435 08572 44394 10541 55366 16021 66348
23529 77331 25039 88296 27041 99241 26002 11239 21502 22238
15502 33236 13002 44228 16006 55221 23510 66213 27018 77198
28025 88187 26523 99118 25027 11101 33019 22093 04012 33087
03019 44080 05516 55076 04504 66075 08504 77072 12010 88068
15010 99063 12518 11062 13514 22060 18512 33054 17516 44051
15018 55050 16016 66049 14510 77048 09006 88047 34006 99046
29518 11044 28031=
