sing20220703.12
TTAA  53111 48698
99004 30859 23503 00065 30057 17504 92757 24859 23008
85494 19247 23508 70134 10256 31012 50587 03959 07506
40760 15558 07031 30971 29558 08029 25098 39764 08539
20247 51365 08068 15428 64765 10039 10663 84156 06537
88999
77205 08068 42912=
TTCC  53111 48698
70867 70565 08525 50066 68570 09043 30385 59179 04008
20646 44986 26514 10113 40789 29029
88953 86350 06047 88313 59778 01016
77999=
TTDD  5311/ 48698
11953 86350 22917 86550 33908 86150 44897 81559 55864 76161
66777 76359 77724 71764 88628 73365 99601 72566 11594 69769
22492 68970 33421 60976 44407 55981 55382 54581 66313 59778
77282 60978 88261 57380 99257 54383 11229 48785 22189 43587
33148 41188 44127 43387 55100 40789 66066 42189
21212 11932 06053 22904 06051 33863 06519 44826 02008 55770
06018 66707 08025 77668 07527 88573 10541 99535 08539 11425
09545 22400 07523 33372 34521 44344 30519 55335 31518 66278
11006 77271 22004 88266 26006 99261 33006 11258 35508 22243
00516 33225 31023 44206 32010 55201 27012 66193 26525 77167
27037 88148 28021 99114 25533 11107 28023 22081 32525 33070
28008 44068 31504 55067 35510 66066 00512=
