sing20220718.00
TTAA  68001 48698
99006 28435 21003 00090 27827 12504 92778 23650 17512
85514 19656 28014 70159 10860 27512 50588 05956 20519
40759 17708 08510 30968 32536 09025 25094 42156 08037
20241 53957 08064 15419 68557 07574 10656 72162 15510
88105 77158 14514
77140 07582 41166=
TTCC  68001 48698
70863 69759 08031 50066 64760 09053 30388 54969 25041
20648 51186 27529 10102 45987 13504
88895 77158 23510
77999=
TTDD  6800/ 48698
11895 77158 22789 78158 33759 75960 44743 71562 55697 69958
66646 70559 77575 68559 88559 64961 99515 65959 11480 65159
22444 59562 33406 59958 44388 58362 55379 54164 66347 53562
77294 55568 88269 53778 99245 55585 11198 49986 22169 52386
33148 51786 44138 48987 55113 48387 66098 46387 77069 36190
88062 36190
21212 11983 18012 22858 28004 33847 00504 44840 02506 55776
04019 66754 07525 77620 07531 88581 07553 99466 10054 11422
08539 22393 08547 33368 11023 44350 17019 55317 23527 66291
25543 77244 27033 88227 25516 99193 28033 11161 30029 22137
28529 33115 26008 44112 17004 55103 24004 66102 22502 77101
15502 88100 13504 99097 20008 11092 17012 22090 18510 33086
16008 44084 18506 55082 16504 66081 12508 77075 08521 88072
07510 99068 11006 11066 02506 22065 01010 33064 01510 44062
07012=
