sing20220702.00
TTAA  52001 48698
99005 28050 21002 00077 27841 12504 92768 23457 17516
85503 17821 22518 70140 10456 28019 50587 02562 30004
40760 14359 07506 30971 29957 08535 25098 40550 08047
20246 53340 06543 15425 67556 05566 10659 83158 08076
88101 83358 08080
77110 07093 41679=
TTCC  52001 48698
70865 76770 08521 50063 64383 08054 30387 55585 28527
20647 51786 24027 10105 46387 26510
88999
77435 08062 41057=
TTDD  5200/ 48698
11912 73763 22788 77365 33648 76171 44624 72375 55592 72781
66549 66982 77509 66582 88482 59984 99448 58784 11426 53985
22336 58384 33312 54985 44277 53185 55245 55785 66204 52586
77185 47387 88175 45987 99145 50986 11139 51386 22130 46587
33100 46387 44085 44388 55072 36790 66066 36590 77048 24394
21212 11930 11031 22862 21012 33806 21008 44791 19006 55772
13508 66754 11014 77683 07523 88637 09535 99597 08039 11566
09053 22435 08062 33400 10527 44378 14516 55342 16027 66301
28529 77288 30523 88255 27533 99229 26027 11213 22510 22195
24031 33168 28041 44146 28525 55137 29035 66121 28031 77107
32010 88104 28510 99097 24516 11087 26514 22077 24510 33076
23006 44074 14504 55065 05004 66063 08516 77056 08014 88051
31010 99048 28531=
