sing20220709.00
TTAA  59001 48698
99006 28650 23002 00087 27838 18504 92775 23015 23512
85513 20459 24518 70154 08228 25019 50586 07900 30510
40758 16913 09016 30969 30346 08535 25095 40338 07051
20243 53340 06060 15421 68362 05566 10657 76564 12527
88126 75761 06568
77133 06074 41539=
TTCC  59007 48698
70866 69581 11008
88632 72381 09025
77999=
TTDD  5900/ 48698
11820 76165 22766 67972 33632 72381 44611 68981 55527 70181
21212 11966 12027 22914 07521 33888 06521 44841 09018 55799
07014 66729 12008 77710 12008 88656 07016 99604 12029 11587
12529 22543 08527 33527 08537=
