sing20220713.12
TTAA  63111 48698
99003 29456 19506 00062 28849 17008 92755 23235 22008
85488 19039 28512 70132 11457 29027 50585 05900 30506
40757 15919 08523 30968 29724 08535 25095 40138 08043
20244 52557 06051 15423 68356 06572 10658 69360 11010
88109 79556 09054
77123 07582 41758=
TTCC  63111 48698
70865 76158 08029 50064 64960 09556 30383 55963 25014
20650 48766 27545 10108 44978 24019
88800 78357 34019
77466 09568 41754=
TTDD  6311/ 48698
11800 78357 22654 73559 33606 75757 44537 67161 55485 65359
66419 56961 77357 56960 88331 60160 99312 60360 11307 60160
22298 54163 33279 49163 44251 49562 55231 46565 66196 49765
77147 49369 88119 45174 99105 44175 11093 46581 22089 43986
33061 39589 44058 36790 55043 35399
21212 11979 09002 22974 34002 33968 32504 44852 30016 55749
05021 66674 10531 77567 09537 88544 09053 99466 09568 11438
09566 22392 07508 33384 33504 44372 33508 55365 02506 66355
35502 77352 29504 88347 28006 99319 27021 11291 22518 22275
24523 33241 25519 44214 27045 55187 28054 66143 26521 77132
24531 88110 25523 99093 27004 11092 24502 22091 14004 33090
12004 44088 13006 55086 19006 66084 16504 77083 11506 88078
08518 99072 06504 11071 29502 22070 28006 33068 30006 44066
29508 55063 22512 66061 21510 77059 12508 88057 15006 99055
24004 11050 32510 22048 34508 33047 03012 44045 06014 55043
18510=
