sing20220730.12
TTAA  80111 48698
99005 29456 20006 00075 28450 19010 92763 22618 19510
85499 19040 25014 70145 09831 27014 50587 05135 08512
40759 15336 08029 30970 29922 09535 25098 38961 10035
20246 52357 08551 15425 68741 07554 10659 82558 05029
88999
77127 08072 41840=
TTCC  80111 48698
70862 71763 09043 50065 64773 09547 30390 53785 27543
20651 52786 27035 10107 41988 06508
88973 83758 05033
77999=
TTDD  8011/ 48698
11973 83758 22841 78159 33784 79158 44730 72762 55676 71364
66628 65369 77544 66571 88511 65373 99492 63774 11480 58979
22469 56180 33422 58182 44397 54785 55279 54785 66237 51186
77190 53185 88150 51386 99112 43788 11089 39389 22082 41189
33072 37390 44045 37399
21212 11933 05543 22827 09037 33719 09043 44627 07051 55498
09047 66440 00510 77388 09508 88382 13506 99370 23010 11366
24514 22351 24025 33328 26547 44266 27541 55242 26523 66225
26547 77199 27035 88187 27045 99156 27545 11111 29514 22101
05508 33085 11510 44082 16004 55081 14004 66080 09004 77075
06516 88071 06012 99067 02502 11065 32004 22063 29008 33057
28012 44052 01510 55051 01008 66049 32010 77048 32514 88046
01519 99045 03027=
