sing20131129.00
TTAA  79001 48698
99008 26038 01001 00082 26025 10501 92768 22423 19001
85500 17816 00504 70143 09424 06509 50586 05515 09017
40758 14334 11023 30970 29757 08016 25097 40358 09019
20245 52741 07538 15424 68534 08047 10657 827// 09529
88111 81715 09050
77999=
TTCC  79001 48698
70862 725// 27010 50063 673// 31017 30383 557// 27032
20643 533// 25509 10100 455// 10045
88999
77999=
TTDD  7900/ 48698
11965 829// 22922 827// 33910 815// 44900 809// 55889
801// 66868 767// 77856 737// 88845 731// 99824 729//
11760 717// 22686 715// 33651 691// 44594 681// 55566
695// 66535 697// 77519 679// 88467 635// 99382 573//
11375 567// 22368 561// 33355 547// 44350 545// 55312
567// 66297 557// 77255 569// 88246 551// 99228 527//
11195 517// 22190 495// 33172 511// 44163 495// 55140
477// 66135 459// 77123 471// 88118 459// 99104 447//
11096 417// 22083 365// 33075 375//
21212 11962 08518 22894 08033 33852 03510 44813 35001
55799 27006 66762 24513 77650 30522 88612 27024 99489
30011 11474 27005 22460 30002 33445 19002 44438 20503
55425 15001 66412 02503 77393 31505 88375 26513 99317
24528 11282 28533 22242 31527 33223 33516 44204 27009
55194 23515 66169 32509 77163 13507 88152 15021 99144
18512 11137 05505 22130 08520 33121 13522 44106 09046
55098 08546 66089 05541 77084 09533 88077 11550 99075
11537=
