sing20131116.12
TTAA  66121 48698
99004 29641 07005 00052 29256 07002 92741 22828 05008
85473 19245 32006 70118 10256 31504 50584 04539 07017
40757 14549 08016 30969 28958 20512 25097 39756 19013
20245 52943 17012 15424 68341 10026 10656 831// 08549
88102 83744 08545
77999=
TTCC  66121 48698
70861 775// 25531 50059 661// 28525 30374 573// 27541
20632 511// 30028 10093 423// 14031
88999
77076 07076 45319=
TTDD  6612/ 48698
11963 785// 22957 779// 33919 751// 44902 751// 55849
767// 66820 755// 77741 777// 88666 765// 99618 745//
11571 709// 22548 681// 33472 667// 44441 655// 55431
643// 66397 629// 77374 605// 88330 585// 99313 587//
11300 573// 22271 585// 33253 563// 44238 551// 55234
543// 66229 539// 77203 511// 88175 485// 99159 495//
11157 497// 22151 487// 33132 437// 44130 421// 55127
413// 66113 425// 77097 437// 88090 415// 99083 375//
11078 389// 22063 357// 33058 311// 44050 311//
21212 11975 09038 22958 10026 33915 28002 44874 27516
55848 29516 66797 26032 77732 26039 88645 26023 99623
30014 11602 28506 22592 28515 33571 26514 44516 28022
55491 30028 66434 23516 77377 25027 88366 26021 99354
27030 11300 27541 22276 28547 33239 27536 44227 28028
55197 29529 66184 25023 77178 27526 88150 26532 99136
22513 11132 25512 22128 29504 33126 25006 44112 07024
55108 10532 66102 13531 77090 09536 88082 07545 99078
04541 11076 07076 22075 07063 33074 08071 44069 06563
55066 05562 66062 08056 77059 07542 88054 06043 99050
07550=
