sing20131113.12
TTAA  63121 48698
99005 24239 05007 00054 25448 36003 92739 22835 02509
85474 18825 30505 70119 10850 35503 50584 06130 26504
40757 14344 18508 30969 28357 10008 25096 39159 08510
20245 51964 09531 15425 67958 07541 10658 84158 07038
88999
77999=
TTCC  63121 48698
70860 751// 29036 50057 665// 31506 30374 577// 25045
20632 561// 24533 10091 417// 11530
88935 86958 08551
77999=
TTDD  6312/ 48698
11991 84358 22935 86958 33922 869// 44913 853// 55889
797// 66841 759// 77747 755// 88720 747// 99667 765//
11619 737// 22583 719// 33577 719// 44570 713// 55531
703// 66498 663// 77458 641// 88428 627// 99411 605//
11354 599// 22311 579// 33261 555// 44245 537// 55210
551// 66194 569// 77189 545// 88180 513// 99165 503//
11156 487// 22147 465// 33127 441// 44115 413// 55106
423// 66092 449// 77086 437// 88074 393//
21212 11927 08553 22897 08541 33851 17013 44746 27026
55682 29539 66660 28527 77618 25023 88563 23525 99519
25016 11502 30506 22492 35010 33483 32509 44474 28013
55465 26519 66410 25025 77403 26524 88382 26031 99368
28031 11355 29049 22320 27045 33309 26040 44293 25043
55244 29532 66221 28021 77205 25034 88192 25029 99185
25540 11169 27032 22156 28037 33144 28527 44138 25516
55129 19019 66127 18027 77123 19532 88113 16520 99109
15530 11104 13526 22095 10032 33087 07536 44080 03034
55078 04040 66075 07536 77074 07036=
