sing20131110.12
TTAA  60121 48698
99003 30243 31502 00044 29657 29001 92734 23028 32001
85468 19443 18519 70117 10847 15510 50585 04521 18009
40758 13339 19014 30970 28936 19511 25098 39335 14511
20247 51950 12014 15426 67743 08534 10659 84750 08081
88999
77101 08083 42788=
TTCC  60121 48698
70864 719// 33014 50063 675// 32516 30377 597// 24006
20633 507// 20524 10091 411// 04531
88998 84750 08079
77999=
TTDD  6012/ 48698
11972 843// 22919 821// 33881 803// 44842 741// 55819
745// 66757 715// 77677 725// 88668 725// 99645 713//
11555 703// 22523 671// 33486 681// 44420 667// 55410
647// 66365 603// 77344 587// 88338 577// 99299 597//
11259 615// 22255 615// 33241 595// 44224 549// 55203
503// 66177 515// 77159 507// 88153 491// 99149 479//
11142 445// 22138 441// 33125 469// 44114 457// 55100
411// 66096 393// 77084 369// 88068 391// 99060 377//
11056 257// 22051 221//
21212 11922 08548 22838 19019 33789 16004 44751 36005
55738 32006 66637 29017 77606 24513 88532 28512 99515
31016 11467 34521 22417 02008 33411 33508 44353 35522
55332 01508 66327 36003 77321 29008 88296 22508 99248
20517 11226 20043 22177 29036 33127 26516 44101 04530
55097 05536 66094 05034 77091 05542 88084 08550 99058
12037 11051 09055=
