sing20220427.00
TTAA  77001 48698
99005 27845 07503 00083 27642 03004 92772 23637 00508
85507 18608 33016 70149 10649 26512 50587 05523 22010
40759 14957 06010 30970 29760 06521 25097 39960 08521
20245 52762 09533 15424 68356 08537 10656 84556 06543
88102 84550 06045
77999=
TTCC  77001 48698
70858 79960 06008 50056 69373 09527 30369 57384 10558
20629 45585 26016 10094 43584 28549
88999
77237 08570 43379=
TTDD  7700/ 48698
11964 81358 22932 81957 33907 78560 44754 81559 55728 81759
66701 79960 77683 74964 88579 74166 99546 69772 11427 67177
22355 60384 33323 61180 44302 57584 55275 59781 66245 56980
77235 55780 88228 51584 99204 45785 11166 47381 22148 42386
33137 40786 44120 44182 55094 44183 66086 42386 77078 35590
88055 28386
21212 11942 08045 22846 05004 33834 31502 44827 29506 55771
27018 66718 31508 77703 05006 88684 08508 99663 05002 11655
35002 22641 33006 33588 02518 44562 07519 55544 09519 66456
09545 77414 08054 88381 09549 99325 08553 11284 11556 22237
08570 33208 07004 44207 10002 55206 27002 66199 26018 77185
22012 88178 15008 99174 13008 11169 19508 22150 25531 33126
26551 44117 27541 55099 28549 66074 29519 77068 26016 88060
24018 99055 26008=
