sing20220418.00
TTAA  68001 48698
99007 24814 02003 00095 24812 10504 92779 22635 07010
85508 19049 03004 70154 09227 02504 50588 05302 22504
40760 14912 31002 30972 29323 08508 25099 39733 10510
20248 52537 10008 15427 67356 12006 10661 80356 17012
88999
77999=
TTCC  68001 48698
70860 84724 34012 50054 66141 08541 30370 59158 08541
20629 50558 08027 10095 38772 26023
88861 86525 21002
77238 10560 42136=
TTDD  6800/ 48698
11941 83125 22861 86525 33846 86128 44835 83350 55821 81557
66787 82329 77695 84924 88649 83123 99632 81325 11622 80546
22612 79750 33597 78529 44578 74557 55552 72341 66516 67750
77508 66934 88498 65547 99473 65132 11456 63729 22452 63747
33443 62134 44437 60350 55400 60933 66397 60726 77391 61356
88370 61745 99329 60557 11325 60550 22277 55161 33245 54757
44236 55958 55229 56162 66205 49961 77201 50360 88194 52161
99175 44965 11151 45364 22126 43964 33104 38771 44084 38975
55063 33790
21212 11967 20510 22919 20008 33875 16004 44867 17002 55851
29502 66838 34004 77814 26006 88802 24512 99689 34512 11674
34004 22665 31002 33642 01008 44599 03527 55559 09521 66537
08023 77485 09547 88444 09543 99423 11047 11369 10547 22335
07543 33238 10560 44220 10053 55206 09527 66196 08033 77181
07518 88174 01514 99155 25519 11138 26016 22133 28016 33120
26516 44111 29019 55098 25521 66090 28029 77076 29539 88068
30033 99063 27023=
