sing20220401.12
TTAA  51111 48698
99005 29257 07504 00080 28450 05506 92770 23837 18508
85504 18815 26004 70147 09440 29516 50587 04957 24506
40759 15758 07016 30970 30758 07519 25097 41157 09529
20244 53364 10031 15424 66961 08033 10661 80561 26021
88999
77999=
TTCC  51111 48698
70861 79161 26506 50057 69370 09021 30371 58184 10051
20629 53985 09049 10087 39589 27019
88896 84159 27027
77250 10560 41621=
TTDD  5111/ 48698
11896 84159 22710 80559 33685 77162 44573 75564 55557 71567
66456 69771 77440 65175 88366 59583 99247 58184 11237 55785
22215 56385 33186 50986 44164 53185 55160 53785 66155 52386
77146 45987 88145 43788 99129 44388 11099 39189 22083 38589
33075 35190 44059 32791
21212 11936 27529 22868 26518 33839 28010 44818 31506 55772
08006 66714 24508 77685 26506 88674 24508 99645 23514 11592
17506 22556 11512 33522 12516 44507 09519 55463 07535 66410
07551 77359 07551 88323 10056 99283 09047 11250 10560 22225
08060 33222 08060 44219 08060 55214 08560 66176 11014 77169
07510 88154 10004 99150 07502 11149 04502 22146 27002 33139
25519 44123 23008 55120 28510 66115 30029 77108 30021 88097
26021 99086 24533 11074 27527 22069 27518 33065 31512 44064
34006 55063 05004 66062 07006 77059 04516=
