sing20220407.00
TTAA  57001 48698
99009 26633 27001 00116 25622 23502 92799 21013 32014
85529 16401 30510 70161 07004 35506 50586 05901 18504
40757 15930 20512 30968 30343 14519 25095 40549 11023
20243 53938 11025 15421 68938 10535 10655 80556 29512
88999
77999=
TTCC  57001 48698
70858 72958 07510 50057 74757 23014 30364 60550 09564
20622 48959 09556 10086 42971 28033
88925 81950 16004
77215 09084 40948=
TTDD  5700/ 48698
11925 81950 22828 80956 33808 80557 44797 77360 55759 76157
66692 70959 77628 69557 88501 74757 99481 72159 11445 68358
22421 69750 33396 68158 44367 66540 55350 66943 66341 67357
77307 60957 88289 60946 99273 60749 11263 58758 22253 54757
33246 53758 44227 54545 55214 54556 66202 49558 77190 49361
88186 49558 99179 48361 11143 42563 22111 43770 33096 42970
44092 43570 55087 39575 66080 38973 77070 41174 88059 33186
99048 29589
21212 11955 27506 22942 25002 33928 17004 44920 15504 55805
13512 66797 12010 77779 05508 88737 02512 99706 07510 11671
02514 22640 02510 33601 04002 44594 35002 55587 32004 66548
26504 77536 20004 88496 23012 99490 22008 11479 14008 22455
10019 33412 08529 44326 10054 55215 09084 66184 08535 77163
11006 88161 11002 99159 23502 11157 23002 22154 28002 33135
32521 44127 28023 55114 27029 66092 29025 77083 23529 88079
24523 99072 26039 11066 24019 22056 33529 33050 35512 44049
01004 55048 05504=
