sing20220420.00
TTAA  70001 48698
99008 27428 33503 00098 26414 32504 92789 22822 36012
85518 18857 31506 70161 09620 01004 50588 05359 07004
40760 14968 09014 30973 28959 17510 25099 39360 19010
20247 52758 13514 15426 67938 13012 10657 87946 09029
88999
77999=
TTCC  70001 48698
70857 76962 27018 50053 68970 10521 30366 59979 09556
20623 51979 10553 10092 40984 28031
88949 89727 09535 88090 44183 28037
77259 09572 41311=
TTDD  7000/ 48698
11949 89727 22923 87340 33894 87726 44871 87725 55854 86137
66843 81757 77832 77360 88798 75360 99736 77560 11647 76363
22620 73166 33540 74166 44499 68970 55471 69369 66406 63974
77354 60377 88267 60978 99237 57581 11213 50983 22199 51980
33173 42788 44163 44383 55156 42584 66146 44181 77141 43384
88138 40587 99112 36987 11090 44183 22086 42186 33077 40785
44066 35386 55050 29385
21212 11958 09535 22869 08031 33826 05002 44824 02502 55822
31002 66818 28004 77767 26521 88676 27016 99629 20512 11599
22516 22569 22004 33559 29002 44558 31502 55522 11008 66464
10539 77420 10543 88378 08049 99259 09572 11246 09072 22243
09072 33233 09572 44214 09549 55196 10054 66176 10004 77174
27502 88157 27516 99140 34508 11136 27506 22123 25021 33106
28525 44095 28539 55073 26541 66059 27525 77050 30519=
