sing20200722.12
TTAA 72121 48698
99005 29250 28505 00072 28450 16502 92760 22628 19502
85493 18431 17505 70136 10037 08513 50586 04960 06015
40758 15508 08515 30970 29720 09512 25098 38957 10517
20246 51937 09014 15426 67749 16509 10658 85133 10020
88999
77999=
TTCC 72121 48698
70863 70770 10039 50065 67174 08019 30386 51582 27529
20647 55181 34019 10106 46785 11020
88996 85334 10020 88098 47985 10525
77999=
TTDD 7212/ 48698
11996 85334 22848 76161 33767 72966 44723 73967 55681
69372 66636 68572 77613 69371 88560 63376 99509 67373
11475 62177 22432 63576 33384 60178 44369 60978 55337
54982 66330 49785 77318 49583 88204 55780 99187 50783
11170 52982 22160 52582 33141 43388 44131 42788 55098
47985 66093 42389 77083 47185 88066 41589 99061 36193
11053 39790 22051 37991
21212 11978 11022 22938 07528 33891 06544 44853 08042
55757 08046 66661 12529 77619 09019 88584 11527 99570
12519 11561 12014 22549 09010 33541 07011 44498 08020
55489 09024 66472 11010 77443 05008 88434 05510 99405
03017 11381 05011 22367 06008 33353 04521 44339 07521
55334 08010 66329 00000 77322 26010 88301 27529 99291
26535 11249 28029 22212 32522 33204 32024 44198 35515
55190 33016 66178 03510 77171 05503 88163 16010 99149
09534 11146 08527 22142 05022 33137 06515 44133 05515
55129 10505 66126 12010 77123 12512 88118 09522 99111
13018 11107 12016 22104 14520 33100 10520 44097 10525
55084 24010 66082 00000 77081 08010 88078 06016 99076
09020 11071 08043 22066 10525 33064 10531 44063 11534
55062 12530 66060 11528 77057 15520 88055 15024 99053
15522 11051 11534=
