sing20200718.12
TTAA 68121 48698
99006 27833 30005 00079 27237 05002 92765 21812 13508
85497 18447 14009 70142 09831 14015 50587 04949 14509
40759 14557 09508 30971 29531 11013 25098 39559 11522
20246 52956 12520 15426 67358 20012 10662 79957 12025
88999
77999=
TTCC 68121 48698
70863 71570 09536 50065 56581 13518 30386 53383 19003
20645 52583 35510 10105 49185 34507
88800 85141 07531 88405 62376 24026
77999=
TTDD 6812/ 48698
11813 84934 22800 85141 33767 80359 44756 75562 55728
74566 66696 71170 77616 72768 88591 67174 99540 66374
11521 58182 22494 56381 33405 62376 44327 58180 55290
51383 66258 56181 77231 57180 88139 41789 99101 49985
11091 41990 22078 44388 33057 35793 44053 37792
21212 11940 12524 22924 12023 33797 07532 44777 06042
55751 06558 66700 09036 77669 08032 88638 06036 99600
07536 11569 06543 22541 08052 33520 09534 44499 13518
55481 20014 66474 22015 77450 26026 88430 26033 99407
24026 11382 26013 22366 30515 33348 32014 44341 34010
55321 00000 66283 22010 77269 23016 88260 21510 99250
24511 11239 22515 22201 35510 33189 34501 44175 09509
55164 09536 66153 09018 77142 06512 88138 36007 99136
31510 11126 28032 22109 31018 33105 33016 44101 33510
55097 28502 66093 28018 77092 28010 88089 35502 99087
08510 11084 05022 22079 06533 33073 06511 44071 04006
55067 03519 66065 04013 77064 07517 88061 04528 99058
07031 11053 06045=
