sing20200715.12
TTAA 65121 48698
99005 28630 28505 00067 28038 20005 92756 23238 16007
85490 18417 05505 70135 10844 04016 50587 04144 03508
40759 15350 08021 30971 30358 10015 25098 40356 09021
20246 52962 07032 15425 67560 06542 10661 78159 06505
88999
77999=
TTCC 65121 48698
70866 73167 10033 50065 65575 11539 30386 56181 26023
20647 52783 16015 10104 40591 29017
88930 80357 08015
77999=
TTDD 6512/ 48698
11930 80357 22834 80957 33779 77563 44755 71969 55674
74566 66608 70171 77575 72170 88534 65776 99495 64976
11483 65975 22443 65576 33393 53583 44325 57780 55257
52384 66244 54982 77227 52383 88189 53583 99175 50585
11162 52983 22131 43989 33112 46987 44107 45988 55102
40391 66093 39192 77092 37392 88091 37392 99090 37392
11078 43789
21212 11909 08021 22853 07526 33810 08045 44755 10035
55696 10033 66666 07531 77655 07034 88575 06550 99529
11040 11503 11539 22476 09541 33439 09549 44419 09534
55411 11020 66402 16511 77401 18011 88391 22017 99366
26029 11344 25538 22306 25524 33297 26519 44289 29013
55274 29511 66252 34014 77232 08507 88226 12510 99205
16013 11195 17016 22176 07020 33168 05026 44147 08039
55140 08020 66137 09510 77134 15504 88133 21011 99127
22529 11117 26034 22112 26019 33109 23510 44107 19006
55104 25511 66099 29517 77097 30512 88095 00000 99090
24510 11084 27024 22078 31010=
