sing20200718.00
TTAA 68001 48698
99007 27816 04005 00085 27425 09504 92773 23657 17507
85507 18234 17508 70145 08830 13512 50586 05139 11511
40759 13965 06005 30971 29766 02509 25098 40343 06531
20246 52959 09535 15425 66757 12520 10660 77959 07528
88110 79956 08516
77999=
TTCC 68001 48698
70863 69373 09539 50065 58180 09537 30385 56578 26018
20646 54779 02019 10100 50182 29517
88814 83147 08015
77999=
TTDD 6800/ 48698
11814 83147 22776 81357 33706 69173 44621 71569 55550
68971 66512 62577 77498 57580 88474 55579 99411 60176
11349 61775 22281 53580 33252 54379 44239 51381 55173
55179 66166 53981 77159 46785 88148 44785 99115 50381
11083 46784 22068 37989 33062 36590 44058 36790
21212 11966 09525 22909 08520 33850 10516 44835 09515
55799 06018 66771 06028 77733 09551 88670 10542 99650
08538 11634 07042 22594 09042 33528 07549 44507 09044
55482 10512 66472 17501 77463 25010 88444 26519 99389
24016 11357 25527 22335 27518 33322 25511 44317 24513
55309 25020 66276 29016 77258 27010 88240 19512 99238
19510 11220 32503 22213 04010 33199 02019 44192 02516
55187 05515 66178 10007 77170 10010 88166 09514 99159
08537 11148 08014 22144 07514 33138 02523 44133 02019
55123 31528 66117 31030 77113 31520 88110 29515 99109
28518 11105 28032 22098 31011 33094 07010 44092 00000
55083 08025 66080 09028 77079 09528 88076 13516 99071
13519 11070 16011 22069 15510 33068 12020 44066 10525
55065 08521 66063 03515 77060 08019 88058 07018=
