sing20200703.12
TTAA 53121 48698
99006 30856 24505 00078 29450 14507 92769 23225 14509
85504 19036 15005 70149 10858 24510 50587 05757 07511
40760 15150 09511 30971 29762 08527 25098 40162 05543
20247 51537 04047 15426 68350 05061 10660 78156 10537
88105 82129 08066
77106 08067 418// 77145 05065 41738=
TTCC 53121 48698
70866 75565 07027 50065 65574 07534 30389 49383 26525
20650 49384 06512 10116 39389 29028
88242 55980 30015
77999=
TTDD 5312/ 48698
11902 78758 22855 73964 33696 75765 44591 73967 55560
71770 66543 65376 77523 63976 88483 66574 99439 59579
11403 58579 22386 60577 33363 57380 44339 47185 55242
55980 66230 56380 77198 48984 88169 46985 99161 48584
11131 42588 22124 37191 33068 41389 44064 35793 55058
33194
21212 11951 11532 22865 08529 33813 11521 44785 07519
55763 07515 66747 06520 77705 07026 88674 10025 99602
07527 11557 08050 22518 07531 33456 08551 44407 10516
55384 10513 66366 08514 77360 05509 88358 03510 99349
02011 11335 30512 22315 26522 33294 26523 44266 29032
55240 30012 66211 01501 77202 07010 88189 08510 99184
06516 11177 11021 22161 11036 33151 07024 44143 10520
55137 10010 66130 16006 77128 21012 88122 23028 99111
23515 11109 22510 22106 23005 33105 27010 44095 29543
55081 30037 66072 33025 77069 29525 88067 31510 99066
31507 11065 26014 22063 25019 33059 32018 44054 33524
55051 33012 66050 30514 77049 31011 88048 29510 99047
28010=
