sing20200701.00
TTAA 51001 48698
99007 28227 28504 00086 27837 15508 92773 22636 15014
85506 18856 19506 70148 09222 09507 50587 04957 12013
40759 14958 12522 30970 30956 08026 25097 40756 04530
20244 53341 06543 15423 67358 08036 10659 74164 26505
88109 80133 09550
77999=
TTCC 51001 48698
70864 78362 07030 50065 60577 10042 30386 55778 30014
20647 52980 18011 10106 39987 22012
88829 78560 29003
77999=
TTDD 5100/ 48698
11829 78560 22756 79160 33694 78362 44676 74964 55656
75365 66624 68772 77599 69371 88540 68572 99502 60577
11478 61975 22304 55379 33288 57378 44261 51581 55235
51181 66226 53180 77132 44984 88121 46983 99107 41187
11085 37589 22079 40787 33071 41587 44061 35590
21212 11973 22510 22877 22510 33827 31002 44792 02010
55661 08544 66614 11533 77595 10532 88584 09533 99549
10533 11516 08546 22482 11040 33454 08041 44433 09037
55380 12010 66362 13003 77347 15011 88331 24010 99317
24010 11303 29512 22293 30518 33285 31010 44262 00000
55244 16510 66218 22510 77205 21012 88199 17512 99193
18012 11191 16511 22188 14515 33182 14026 44168 08021
55153 06020 66139 06525 77131 08014 88129 07010 99122
32501 11114 20510 22109 20514 33104 25512 44100 22012
55094 19526 66084 24029 77080 25515 88079 25011 99074
23028 11069 19519 22066 23015 33065 22012 44064 25015
55061 26016=
