USSR01 WSSS 091200
TTAA  59101 48698
99005 30657 22003 00078 30056 07006 92775 23843 16508
85509 19243 20502 70155 09840 09002 50588 05139 09506
40760 13944 09506 30972 29567 07018 25100 39370 06016
20248 52163 07527 15428 66558 06021 10665 76960 20518
88999
77999
31313 73508 81027=



UKSR01 WSSS 091200
TTBB  59108 48698
00005 30657 11895 21850 22873 19815 33844 18850 44783 14619
55721 10640 66684 09656 77586 02057 88564 00036 99484 06150
11447 10734 22436 11356 33429 11930 44423 11157 55387 16323
66378 17350 77359 20156 88358 20145 99348 21565 11280 32772
22187 55563 33173 59758 44144 68359 55113 76759 66100 76960
21212 00005 22003 11987 14506 22946 12506 33931 17006 44898
15006 55890 16506 66868 14508 77851 18502 88850 20502 99842
14502 11834 10502 22823 12506 33813 07504 44805 12006 55795
07508 66777 07508 77765 04502 88762 09002 99758 07002 11754
11002 22734 02006 33726 02006 44720 08004 55717 07006 66709
34504 77703 00502 88700 09002 99696 09502 11691 01002 22687
35502 33676 09502 44672 17002 55666 21004 66656 22004 77648
32504 88636 27008 99624 31008 11607 32508 22596 27512 33584
27008 44578 29012 55567 29516 66545 24006 77536 27006 88519
24502 99512 03004 11496 08002 22491 10002 33485 10504 44479
17002 55471 16502 66469 04502 77464 09506 88458 07506 99426
09512 11402 08508 22396 12508 33388 08510 44383 12008 55362
12518 66339 08018 77317 08518 88285 06518 99274 08014 11260
06514 22234 06018 33224 04518 44205 07525 55188 06023 66163
07525 77153 05519 88135 07531 99110 06525 11100 20518
31313 73508 81027
41414 45438=



ULSR01 WSSS 091200
TTCC  59101 48698
70870 75564 30019 50069 64183 23023 30385 59784 31527
20644 50186 09554 10103 40389 09068
88914 79959 25516
77096 08080 41833
31313 73508 81027=



UESR01 WSSS 091200
TTDD  5910/ 48698
11914 79959 22803 79960 33770 74764 44631 77964 55618 77165
66608 75367 77599 69971 88489 65182 99458 60584 11401 62783
22366 60184 33325 61583 44243 55585 55231 52786 66215 53785
77201 50986 88150 49986 99091 37390 11075 36990 22067 32991
33052 33991 44048 30592
21212 11953 24518 22847 24508 33791 34512 44717 32521 55674
27527 66636 28031 77615 29018 88599 26014 99530 25019 11516
23014 22490 23525 33474 25529 44428 27025 55400 25018 66364
25535 77317 27025 88298 32027 99276 33521 11246 08023 22237
07541 33192 10549 44162 09049 55096 08080 66089 09060 77085
10049 88075 10049 99074 09554 11064 08021 22057 18514 33056
21016 44052 25023 55050 24008 66049 16504 77048 26510
31313 73508 81027=
