USSR01 WSSS 030000
TTAA  53001 48698
99008 28835 20502 00103 28426 00000 92795 24050 17514
85529 20050 19508 70177 09847 15004 50590 05144 09510
40763 13997 11018 30975 29175 13010 25103 40956 08514
20251 53356 06519 15430 68346 08056 10666 81756 04006
88999
77999
31313 73508 82334=



UKSR01 WSSS 030000
TTBB  53008 48698
00008 28835 11007 29837 22978 26411 33918 24058 44805 17228
55761 14031 66749 13456 77733 12659 88727 12045 99675 07834
11648 06832 22640 06657 33577 02059 44567 00842 55547 01133
66536 01957 77516 03740 88486 06943 99467 09160 11451 08176
22433 08994 33374 17972 44359 18985 55331 23964 66311 27378
77296 29568 88251 40756 99147 68950 11144 68158 22131 70162
33100 81756
21212 00008 20502 11990 16004 22963 15012 33953 16014 44935
15510 55925 17514 66905 14014 77845 19010 88837 21012 99799
21008 11778 23006 22768 18508 33754 24004 44748 22006 55736
22510 66728 19008 77720 20504 88716 14004 99708 13502 11705
22502 22702 16502 33694 13008 44686 15006 55680 08508 66676
08510 77668 15004 88656 07004 99645 05006 11629 32504 22619
08502 33616 06002 44593 02510 55564 04002 66563 03002 77556
11002 88546 12004 99543 10004 11532 09510 22524 11010 33504
11012 44496 08010 55481 13508 66454 09514 77437 12016 88417
12518 99393 11516 11378 09514 22361 09518 33335 07512 44315
11506 55300 13010 66267 11012 77261 09014 88253 09014 99246
06014 11196 06021 22163 07049 33153 07056 44146 08051 55131
05519 66109 11521 77105 09516 88100 04006
31313 73508 82334
41414 11432=



ULSR01 WSSS 030000
TTCC  53001 48698
70870 72774 27541 50069 63983 23529 30385 58584 02521
20643 52586 09039 10100 43988 09064
88930 84950 05016 
77090 09072 41012
31313 73508 82334=



UESR01 WSSS 030000
TTDD  5300/ 48698
11930 84950 22882 85356 33841 82957 44836 82557 55829 78362
66822 72965 77813 70765 88625 74780 99605 71581 11559 71581
22503 64183 33370 62383 44346 59384 55328 60384 66297 58984
77282 54585 88234 59784 99213 56785 11210 54185 22180 52586
33173 49986 44113 46387 55087 42188 66064 35590
21212 11993 03008 22937 04516 33879 09514 44856 07021 55829
07018 66799 01010 77773 28512 88731 28037 99656 29035 11612
27025 22527 25021 33517 23521 44491 23527 55439 28025 66384
25516 77355 27019 88346 30523 99310 36019 11287 07527 22260
15518 33254 15521 44243 12021 55219 08035 66208 10039 77174
09560 88118 07558 99090 09072 11081 10072 22077 09562 33072
09062 44064 07560
31313 73508 82334=
