sing20130929.12
TTAA  79121 48698
99004 31050 28006 00048 31058 28003 92741 24450 27015
85476 19037 26529 70120 09850 28019 50584 04337 28006
40756 15930 08008 30967 29950 09019 25095 40357 07028
20243 52550 05044 15422 67750 05566 10659 78358 06542
88999
77135 07075 42733=
TTCC  79121 48698
70867 697// 27548 50066 667// 31024 30382 587// 24040
20641 539// 30042 10095 461// 32018
88939 79557 09027
88583 735// 27033
77999=
TTDD  7912/ 48698
11983 78759 22969 79158 33939 79557 44879 715// 55862
719// 66795 721// 77758 695// 88654 721// 99646 723//
11630 729// 22583 735// 33546 707// 44512 673// 55465
659// 66424 641// 77407 625// 88378 593// 99364 579//
11350 591// 22345 593// 33301 587// 44299 587// 55274
569// 66238 553// 77220 529// 88195 541// 99185 523//
11176 495// 22174 493// 33163 477// 44146 501// 55139
489// 66129 507// 77124 495// 88118 483// 99110 463//
11095 439// 22086 465// 33084 453// 44079 401// 55066
423//
21212 11983 07043 22903 13021 33850 17513 44822 15508
55808 21514 66763 27033 77658 28036 88606 26527 99595
26535 11546 28530 22527 30020 33432 31512 44417 31006
55409 27513 66395 33007 77389 34004 88383 03005 99370
18507 11333 25037 22322 24044 33259 26536 44250 27026
55242 27534 66229 28538 77214 29047 88182 29032 99156
25036 11143 26548 22129 27536 33122 28025 44114 30023
55106 30534 66103 30527 77099 33514 88097 01014 99088
06524 11082 11040 22079 13522 33076 15027 44068 13527
55066 14029=
