sing20130917.12
TTAA  67121 48698
99005 28243 25002 00054 28046 17001 92742 23232 19503
85476 18632 29509 70117 09248 30517 50584 05512 12003
40756 14536 11511 30967 30135 08527 25094 40140 08536
20242 53336 06551 15421 67737 06077 10657 731// 14017
88115 78744 08054
77126 07088 42266=
TTCC  67121 48698
70867 739// 25517 50068 639// 27030 30386 583// 26036
20645 563// 27539 10099 441// 36023
88999
77999=
TTDD  6712/ 48698
11883 747// 22820 713// 33705 739// 44673 715// 55650
727// 66615 691// 77594 679// 88568 665// 99542 639//
11481 643// 22447 653// 33435 641// 44413 599// 55379
579// 66364 587// 77288 567// 88274 549// 99260 541//
11257 537// 22223 551// 33204 565// 44189 551// 55175
535// 66163 511// 77146 487// 88126 491// 99125 487//
11112 443// 22093 457// 33092 459// 44090 447// 55087
437// 66079 427// 77074 417// 88066 441// 99058 355//
11052 273// 22049 227// 33046 191//
21212 11954 13005 22825 34507 33799 29014 44775 26517
55752 26023 66625 29509 77607 23011 88580 19507 99529
24523 11490 28034 22435 33023 33420 35013 44413 36014
55399 01007 66380 22010 77328 24040 88292 27034 99255
30518 11238 28546 22194 27534 33169 28521 44155 24021
55147 23540 66118 28033 77114 30031 88105 31520 99100
00522 11097 36021 22095 00517 33089 04013 44084 10510
55073 15515 66067 10521 77064 09048 88057 09059 99046
10565=
