sing20130911.12
TTAA  61121 48698
99005 29639 18507 00057 28857 19002 92746 23043 13507
85479 18634 27005 70127 10644 23511 50585 05141 11017
40757 14956 09520 30968 30750 05034 25095 40150 06039
20243 53157 08033 15422 68950 06547 10657 725// 14511
88109 79957 08539
77126 07075 42842=
TTCC  61121 48698
70866 721// 29013 50068 605// 29019 30386 595// 27024
20644 551// 27033 10101 431// 21529
88999
77999=
TTDD  6112/ 48698
11933 725// 22881 741// 33774 715// 44631 703// 55600
685// 66585 673// 77578 671// 88563 671// 99535 645//
11529 643// 22522 643// 33498 605// 44456 619// 55423
601// 66418 599// 77387 613// 88352 601// 99318 587//
11283 549// 22253 537// 33238 557// 44230 557// 55186
521// 66152 501// 77150 491// 88138 459// 99105 439//
11094 425// 22081 443// 33076 463// 44068 421// 55063
365// 66056 381// 77055 383//
21212 11932 28512 22795 25016 33769 28014 44606 22514
55548 25512 66449 34014 77427 27023 88374 29034 99356
28024 11298 26024 22275 27038 33233 27524 44176 29039
55156 30524 66141 28022 77125 22010 88114 16015 99104
21527 11094 24021 22080 29520 33073 28015 44071 13503
55069 25506 66068 15506 77065 09016 88062 10043 99055
10523=
