sing20130911.00
TTAA  61001 48698
99006 25634 29002 00067 26017 00000 92751 20610 24509
85482 18437 27005 70123 09022 23008 50584 05725 16009
40756 14758 11025 30967 31122 06510 25094 41156 05025
20241 54356 05535 15419 68346 07062 10654 757// 10031
88109 80150 08052
77121 07572 41435=
TTCC  61001 48698
70864 683// 25015 50069 609// 25513 30388 573// 25027
20647 541// 29523 10096 421// 21025
88999
77999=
TTDD  6100/ 48698
11935 719// 22931 719// 33874 731// 44827 737// 55785
713// 66739 701// 77707 687// 88670 665// 99617 639//
11576 645// 22548 627// 33489 595// 44449 617// 55419
613// 66403 607// 77375 621// 88348 565// 99315 581//
11296 571// 22248 555// 33241 539// 44185 519// 55168
533// 66134 547// 77122 523// 88114 489// 99101 423//
11093 391// 22084 403// 33063 427// 44061 409// 55058
383// 66055 383//
21212 11968 09010 22947 01002 33905 27517 44868 28526
55831 30019 66814 30514 77766 28521 88709 26514 99695
24516 11651 29511 22641 27007 33631 23513 44573 26014
55556 24013 66468 28022 77446 31019 88432 27521 99392
26536 11367 28529 22362 28520 33350 29537 44322 28032
55317 28527 66296 25029 77264 26539 88238 29029 99193
28019 11179 26529 22166 26542 33130 26528 44125 28036
55116 30022 66107 33505 77101 21022 88091 21531 99088
22019 11082 28006 22081 00504 33076 02009 44068 05535
55061 09041 66060 09042 77058 08525 88055 07533=
