sing20130904.12
TTAA  54121 48698
99005 28647 19004 00058 27240 17505 92744 22632 28505
85479 19650 28005 70126 09849 16004 50585 05508 09013
40757 15114 10012 30968 29724 09508 25095 40131 11511
20243 53138 09513 15422 68133 07014 10656 805// 05544
88109 80724 04541
77999=
TTCC  54122 48698
70865 657// 25009 50069 655// 30015 30387 571// 28029
20643 573// 28035
88999
77999=
TTDD  5412/ 48698
11962 819// 22938 809// 33923 805// 44878 743// 55796
691// 66750 647// 77714 659// 88678 649// 99637 677//
11589 661// 22486 651// 33470 641// 44443 607// 55403
591// 66285 557// 77243 573// 88226 583// 99223 581//
11189 543// 22178 553//
21212 11930 07032 22871 10032 33844 09525 44790 04517
55766 12504 66741 27004 77717 22506 88705 24506 99637
26526 11615 27017 22594 24522 33565 27030 44477 32510
55470 33510 66456 29513 77408 23515 88396 24022 99378
27019 11360 25014 22301 28029 33273 29541 44260 29030
55252 28544 66228 28038 77217 27547 88196 28031 99187
26037 11178 27032=
