sing20130914.00
TTAA  64001 48698
99008 28043 18004 00084 28226 00000 92772 22015 15013
85504 18037 18509 70146 09422 09506 50587 05720 11009
40759 15356 08013 30970 29959 09538 25097 40758 07539
20244 53741 06046 15423 68549 06052 10658 775// 07016
88118 77345 08065
77126 07579 43151=
TTCC  64001 48698
70866 677// 29516 50072 605// 24027 30391 583// 31026
20650 523// 26539 10103 475// 28517
88999
77999=
TTDD  6400/ 48698
11956 775// 22891 743// 33777 715// 44733 687// 55700
677// 66669 687// 77646 673// 88632 659// 99553 613//
11535 625// 22515 613// 33492 597// 44446 619// 55430
623// 66411 601// 77359 585// 88275 559// 99243 531//
11206 519// 22157 499// 33151 473// 44136 487// 55134
489// 66127 497// 77104 477// 88090 435// 99086 407//
11085 403// 22081 399// 33076 413// 44060 389// 55057
361// 66055 341// 77051 287//
21212 11946 05520 22904 01008 33879 05008 44829 18504
55754 04004 66731 30013 77570 34504 88552 25513 99512
23529 11317 29534 22273 24521 33177 28035 44171 27539
55165 28524 66159 28013 77151 27527 88107 29527 99096
26009 11093 30505 22090 07511 33083 14019 44077 19522
55071 13521 66058 08058 77052 09078 88051 09570=
