sing20130912.12
TTAA  62121 48698
99006 30443 21004 00066 30257 13501 92756 23019 14509
85490 18427 17010 70131 10846 25514 50586 05525 10020
40759 14160 10518 30970 30358 10025 25097 40957 07039
20244 53757 06050 15423 68157 06573 10659 733// 18017
88117 78357 07059
77134 07078 40840=
TTCC  62122 48698
70866 709// 27504 50070 631// 29010 30386 587// 26026
20645 509// 24029
88999
77999=
TTDD  6212/ 48698
11869 769// 22815 757// 33724 717// 44636 687// 55614
663// 66600 655// 77547 635// 88474 635// 99456 589//
11416 613// 22411 615// 33364 619// 44291 577// 55265
575// 66248 555// 77239 571// 88215 527// 99200 507//
11197 509// 22170 467// 33155 485// 44142 483//
21212 11972 19025 22855 23514 33820 21010 44747 23504
55722 33005 66700 27504 77676 24010 88653 26012 99612
25015 11559 28012 22542 30517 33526 31008 44495 29011
55480 33011 66459 25517 77426 27033 88380 28023 99369
26521 11352 28519 22331 34004 33321 26015 44301 26026
55276 28027 66267 28019 77251 30516 88234 26522 99219
27028 11208 26014 22201 23525 33188 24541 44182 24530
55174 24548 66142 27048=
