sing20141114.00
TTAA  64001 48698
99008 25409 27003 00083 25227 27010 92764 20601 26022
85495 17401 27513 70128 08208 26004 50585 05311 09006
40757 15117 06006 30969 29359 05012 25096 39559 34506
20244 52756 36012 15423 68344 02516 10658 81120 26019
88999
77999=
TTCC  64001 48698
70859 719// 27017 50057 687// 23003 30367 599// 08562
20626 543// 10066 10090 389// 15006
88849 87560 28512
77263 09573 42010=
TTDD  6400/ 48698
11970 82312 22956 82716 33904 84562 44894 85161 55849
87560 66823 863// 77818 855// 88802 819// 99782 771//
11769 747// 22714 729// 33704 723// 44685 705// 55644
725// 66612 737// 77572 725// 88565 723// 99540 711//
11526 703// 22494 683// 33452 707// 44413 649// 55331
633// 66315 607// 77288 563// 88262 551// 99188 503//
11174 467// 22160 481// 33147 459// 44140 449// 55128
425// 66120 397// 77094 361// 88088 387// 99077 339//
11069 331//
21212 11910 29018 22848 28512 33821 25005 44807 24516
55781 29512 66743 31505 77731 00505 88708 26513 99682
23522 11608 24532 22538 26020 33521 25021 44505 24007
55496 16001 66488 09008 77463 09020 88418 09552 99385
07052 11334 09553 22313 08060 33263 09573 44172 08564
55166 07566 66134 08557 77127 09050 88116 09021 99101
16008 11094 28521 22091 26021 33085 29524 44081 26021
55077 27535 66074 26030 77072 26547 88069 26038=
