sing20141107.00
TTAA  57001 48698
99007 25413 06002 00079 26017 26502 92766 23241 30511
85500 18630 29515 70138 08822 31507 50586 04916 21509
40759 14157 18503 30971 29357 30506 25098 40158 32503
20246 53557 03507 15424 68342 06540 10660 749// 29019
88114 78143 12028
77999=
TTCC  57001 48698
70865 785// 29521 50059 679// 10516 30376 543// 09043
20636 547// 10051 10090 371// 05529
88999
77132 08068 41417=
TTDD  5700/ 48698
11949 759// 22891 745// 33865 757// 44853 763// 55819
775// 66751 799// 77695 783// 88661 795// 99628 767//
11581 783// 22546 725// 33525 681// 44468 647// 55433
663// 66406 607// 77390 623// 88336 569// 99297 541//
11182 559// 22144 535// 33127 473// 44108 351// 55100
373// 66097 385// 77094 355// 88087 303// 99072 363//
21212 11922 28523 22844 26543 33749 26025 44665 31023
55632 27521 66600 29018 77571 34503 88562 10006 99552
15008 11534 17509 22506 10014 33442 09536 44435 09031
55406 10041 66372 06538 77336 08547 88256 09052 99206
10053 11143 09567 22132 08068 33111 07045 44099 05529
55092 02511 66089 30522 77084 30540 88079 27542 99074
28033=
