sing20141112.00
TTAA  62001 48698
99008 25611 00501 00080 26424 08002 92767 22842 02002
85500 18241 31007 70137 09059 34506 50586 04557 06013
40758 14756 09511 30970 30159 09007 25097 40558 07016
20244 53359 09011 15423 68956 09022 10656 787// 15510
88108 80547 12502
77999=
TTCC  62001 48698
70861 781// 26536 50057 713// 13004 30371 559// 10061
20631 497// 09061 10089 417// 09024
88999
77267 09070 41305=
TTDD  6200/ 48698
11986 783// 22949 791// 33920 797// 44861 743// 55835
749// 66799 761// 77761 767// 88702 779// 99616 759//
11578 729// 22523 695// 33484 719// 44454 707// 55448
705// 66436 697// 77394 615// 88334 571// 99317 559//
11284 573// 22249 529// 33219 543// 44140 469// 55111
439// 66108 423// 77102 411// 88094 437// 99086 393//
11073 333// 22066 335//
21212 11963 22017 22920 21514 33858 28521 44789 29036
55711 26032 66665 27529 77599 29014 88551 29509 99533
36003 11489 13509 22440 09028 33404 11045 44378 10551
55348 10045 66267 09070 77231 09067 88222 09065 99215
09064 11207 09062 22109 10526 33093 11023 44089 10015
55086 12017 66083 22508 77081 24526 88078 26535 99077
27044 11076 26533 22073 25560 33067 26542 44066 26546=
