sing20141115.12
TTAA  65121 48698
99006 26028 02506 00067 26037 34004 92753 23020 23003
85487 18414 28509 70134 10620 31508 50586 03321 22508
40759 14521 14001 30971 29727 34514 25098 39530 02012
20247 52731 03010 15425 68530 02507 10659 83121 21006
88999
77999=
TTCC  6512/ 48698=
TTDD  6512/ 48698
11992 83324 22981 83524 33914 84319 44909 84521 55897
83927 66885 83526 77869 82323 88853 82928
21212 11990 19006 22977 24503 33963 20004 44950 17003
55938 12504 66915 15507 77905 15010 88894 14016 99884
14015 11873 14516 22853 16513=
