sing20230625.12
TTAA  75111 48698
99005 30458 31003 00079 29657 28512 92770 24050 31002
85502 19435 23512 70151 09438 21006 50587 04357 21508
40760 14358 04502 30972 28540 33510 25099 38950 35514
20249 51964 06519 15429 67756 07529 10664 79343 06021
88999
77999=
TTCC  75111 48698
70870 73562 31041 50070 67969 23512 30388 59975 20516
20642 53785 09051 10098 43188 09064
88990 79742 05521
77086 08586 42262=
TTDD  7511/ 48698
11990 79742 22945 77357 33736 75560 44663 70165 55623 68366
66575 70966 77511 68768 88479 64571 99449 63770 11415 58374
22340 57573 33260 62578 44250 62380 55238 57584 66166 52186
77156 49187 88130 47787 99116 42788 11095 44388 22090 44588
33088 43188 44087 43188 55086 42988 66083 38989 77082 39389
88081 32991 99067 35390 11064 36390 22062 35390 33057 34990
21212 11944 07512 22925 11510 33895 15010 44865 16510 55847
22512 66795 29014 77702 31039 88605 28027 99573 28519 11540
32014 22529 28510 33517 27510 44506 24508 55491 24514 66462
20008 77450 10510 88443 11508 99438 20506 11436 22010 22412
26039 33383 25521 44336 28023 55323 27014 66315 23510 77296
18514 88286 10512 99274 06019 11238 08549 22209 09553 33195
08547 44187 09060 55137 10053 66126 08570 77116 08562 88101
09564 99086 08586 11083 07586 22069 05514 33067 01518 44061
06512 55060 05008 66059 35006 77058 30510 88057 29016=
