sing20230628.00
TTAA  78001 48698
99009 24822 32508 00113 24621 25514 92800 21816 23010
85527 18022 22512 70169 10242 30514 50590 04300 14506
40762 14907 12016 30973 29757 09523 25100 40340 10023
20249 52941 07531 15428 67919 12018 10663 78532 05025
88107 80522 06512
77999=
TTCC  78001 48698
70871 72549 26027 50072 65733 27539 30387 59325 11014
20643 54928 08066 10098 46358 10558
88335 61530 19516
77087 09595 43854=
TTDD  7800/ 48698
11932 75936 22916 73356 33903 71157 44875 71746 55782 74156
66731 74731 77699 72150 88673 70937 99630 68556 11578 68134
22531 65746 33478 65926 44469 66144 55456 66350 66447 65721
77442 66116 88434 65539 99423 65350 11402 65724 22373 58356
33348 60133 44344 60519 55335 61530 66332 61316 77324 61330
88289 59730 99282 60749 11277 59934 22275 59732 33272 59350
44271 58157 55246 56158 66234 54757 77223 55744 88214 55757
99205 54338 11197 55122 22187 55145 33183 54335 44172 51356
55149 48156 66128 48556 77100 46358 88094 45359 99091 45159
11089 44561 22086 39565 33084 36966 44068 36568 55066 37168
66065 37368 77063 36170 88062 33572 99059 34971 11055 34572
22053 34773 33051 32176 44046 33775 55043 31777
21212 11952 06035 22876 05002 33873 30002 44872 28502 55847
26516 66789 27041 77717 27035 88689 25031 99651 26512 11637
22502 22636 20502 33635 14502 44633 09502 55627 08006 66609
09004 77601 33004 88589 29512 99552 30521 11504 27537 22457
29541 33440 28549 44396 32023 55388 35012 66381 09012 77376
07510 88359 18014 99334 19516 11322 23506 22312 11508 33307
14006 44292 09521 55268 08551 66252 07051 77222 08568 88208
09060 99178 08576 11163 09068 22139 09582 33112 09564 44102
10560 55087 09595 66069 11021 77067 14518 88064 13518 99060
11018 11054 11033 22053 10539 33050 13516 44048 22016 55046
24535 66045 25045 77043 25523=
