sing20230620.12
TTAA  70111 48698
99006 30050 21004 00087 29238 15002 92775 23422 12506
85510 19446 23508 70162 11057 32016 50589 06146 11006
40760 15757 07514 30971 30958 09029 25097 41560 10029
20245 52568 09533 15425 65366 09531 10664 74959 25535
88124 74357 04527
77999=
TTCC  70111 48698
70869 77362 28019 50071 62779 28551 30388 58184 09021
20645 49986 08049 10102 42988 10066
88471 64781 28045
77105 10072 42112=
TTDD  7011/ 48698
11879 77360 22705 77562 33654 75163 44632 70967 55578 68169
66547 63175 77523 61377 88471 64781 99412 64383 11364 58584
22310 56585 33292 59384 44277 60184 55220 55785 66206 51386
77183 52786 88151 47587 99132 48587 11107 43188 22074 39189
33063 40589 44060 40589 55055 37190 66050 30992 77049 28392
88048 27393 99041 30192
21212 11921 27049 22845 27033 33749 26535 44697 28019 55632
27031 66579 27516 77564 34008 88551 28512 99526 28541 11495
28051 22448 27531 33418 30027 44397 29023 55388 30512 66378
02008 77367 02502 88364 21002 99349 25002 11348 24002 22346
13002 33335 10008 44316 11516 55301 09521 66292 10025 77279
14019 88253 07535 99210 09543 11196 07549 22150 09551 33133
09047 44105 10072 55093 10560 66077 09066 77070 08053 88060
11035 99057 09545 11049 10008 22048 28506 33046 32514 44044
34004 55043 07004 66041 08518=
