sing20230607.00
TTAA  57001 48698
99008 28438 22002 00103 27827 13502 92794 23640 19010
85525 18628 26510 70165 09227 24502 50589 04150 09014
40762 13756 12516 30974 29758 06010 25101 39562 01519
20250 52557 04029 15429 66960 05051 10664 80160 09014
88999
77999=
TTCC  57001 48698
70870 69581 25531 50070 66582 27527 30384 59584 30014
20642 51986 09062 10099 43388 09053
88987 80759 10012
77142 09064 40612=
TTDD  5700/ 48698
11987 80759 22868 82159 33802 77562 44788 73765 55762 69968
66716 68575 77641 73180 88502 66582 99468 61983 11393 64383
22329 62383 33285 59584 44272 55785 55250 55785 66244 53585
77179 53585 88131 45587 99119 45987 11107 45188 22072 38389
33068 34990 44065 34591 55063 34791 66061 32991 77060 29992
88056 28392
21212 11962 10012 22928 14506 33911 20004 44869 23510 55837
21002 66833 04502 77808 04016 88776 08002 99775 09502 11773
22502 22772 24002 33733 25531 44630 25521 55572 29033 66545
26531 77486 28527 88459 27531 99424 30033 11383 29531 22365
30518 33349 28016 44321 31010 55313 01506 66306 30004 77300
30014 88283 32008 99276 01510 11272 08008 22267 08514 33256
12525 44251 12523 55233 07033 66201 09060 77153 09054 88142
09064 99138 09554 11120 09558 22112 10047 33105 09051 44094
09541 55083 09051 66072 08545 77071 08549 88068 07533 99066
09029 11062 07045 22058 03523 33056 33518=
