sing20230616.12
TTAA  66111 48698
99005 32061 20005 00072 30860 19510 92768 24857 25508
85506 20260 30012 70153 11457 32510 50587 05730 08021
40760 12966 06019 30972 29959 09014 25100 40161 11027
20248 53138 08053 15427 66758 07078 10665 79358 06516
88105 79158 13510
77156 06580 41648=
TTCC  66111 48698
70870 72566 30021 50071 69381 28545 30388 56785 15016
20647 51386 10045 10104 41589 08558
88807 78362 27543
77999=
TTDD  6611/ 48698
11956 74362 22807 78362 33744 78561 44723 77962 55700 72566
66653 69768 77609 71370 88558 66576 99498 69781 11464 67182
22450 62183 33366 61983 44324 56385 55264 57984 66213 51986
77191 52786 88155 47387 99119 47187 11101 42188 22091 43188
33081 42188 44075 38789 55058 39589
21212 11937 11502 22934 27502 33929 28504 44857 25525 55811
27041 66764 29533 77728 29033 88669 31514 99636 26025 11614
25535 22578 29021 33569 27021 44499 28545 55445 35014 66424
31512 77415 33012 88390 28523 99377 28019 11351 31502 22348
15002 33341 11004 44295 16018 55252 07031 66216 10049 77150
08556 88125 08047 99078 09060 11077 09062 22071 08541 33065
12019 44061 09018 55058 07021=
