sing20160712.12
TTAA 62121 48698
99005 32259 22502 00068 30857 15504 92761 24223 16504
85499 19440 26507 70149 10248 23516 50587 03962 11022
40760 14362 07525 30972 29765 09033 25099 40170 10537
20248 52557 07549 15427 67538 12034 10660 82556 07536
88106 83956 10029
77999=
TTCC 62121 48698
70865 72168 09530 50067 63376 06021 30384 57380 27018
20644 54381 29525 10104 46186 31505
88999
77999=
TTDD 6212/ 48698
11891 82756 22851 75961 33785 71969 44757 73167 55644
71969 66611 66574 77574 68572 88489 62976 99440 66575
11412 59978 22380 61377 33280 57180 44274 51584 55197
54981 66168 45586 77159 47584 88143 44986 99091 47385
11056 36592 22054 37191
21212 11942 06543 22862 07551 33740 11036 44683 08530
55612 08549 66568 10543 77535 08046 88493 05016 99470
02512 11458 01510 22447 02512 33432 00512 44420 03018
55411 04010 66369 20001 77354 22510 88351 22510 99338
19011 11330 15010 22322 21010 33299 27017 44287 29011
55279 25510 66257 30027 77224 27532 88212 30027 99203
29028 11189 34010 22180 23502 33171 21510 44160 15515
55158 15513 66155 20511 77154 22513 88150 25522 99139
28043 11125 29521 22122 31513 33117 31011 44113 01513
55104 00512 66100 32005 77094 25010 88090 28016 99088
28010 11084 31502 22081 03010 33079 05521 44077 04510
55075 04004 66072 09010 77069 04513 88065 06023 99064
07516 11058 08052 22054 08536=
