sing20160725.12
TTAA 75121 48698
99007 28857 09003 00082 27856 07503 92770 23257 11503
85505 20059 18019 70148 09034 18516 50586 06300 14503
40758 15728 10512 30969 30128 07528 25096 40529 07037
20244 53938 07542 15421 69550 06544 10655 75963 08045
88109 81550 09066
77114 08571 429//=
TTCC 75127 48698
70865 71169 14522
88999
77999=
TTDD 7512/ 48698
11966 69770 22854 72966 33666 70170 44627 72168
21212 11943 05028 22866 07530 33744 17019 44715 17016
55699 14522 66671 16025 77647 15023 88627 12521=
