sing20160715.00
TTAA 65001 48698
99007 27825 08502 00084 27630 06503 92772 23444 18506
85506 18434 16002 70147 09418 07007 50586 04956 10019
40759 14765 10519 30970 30164 09514 25097 40168 11519
20245 53360 13017 15424 68343 09518 10657 81556 10040
88103 83947 08536
77999=
TTCC 65001 48698
70864 69770 11529 50065 64575 08524 30384 51981 29034
20645 53781 27037 10103 45385 06010
88999
77999=
TTDD 6500/ 48698
11981 80757 22968 76959 33919 76561 44823 76363 55772
71567 66700 69770 77613 70170 88540 69372 99528 65375
11489 63575 22412 66773 33369 59978 44356 54980 55298
51581 66208 54380 77134 48184 88126 42787 99099 45785
11093 41788 22081 39789 33078 39789
21212 11961 12036 22894 08025 33872 06528 44836 06537
55807 08038 66773 11027 77721 10536 88690 12028 99646
08535 11582 07040 22555 08548 33535 10044 44485 08518
55467 09014 66431 09528 77391 10023 88377 12015 99368
11515 11363 13512 22353 21011 33345 24515 44329 25011
55325 26009 66320 27513 77298 29035 88266 32033 99252
33514 11248 31010 22245 28013 33241 28013 44233 31012
55229 29013 66226 27017 77217 25526 88208 26538 99184
27522 11176 23014 22173 23510 33168 23002 44161 18512
55157 15513 66145 22012 77138 21010 88131 22509 99128
25016 11123 24533 22117 25520 33109 29519 44104 34013
55099 06511 66091 00000 77088 09510 88085 08523 99084
07516 11082 02008 22081 34510 33080 33012 44078 35514=
