sing20160708.12
TTAA 58121 48698
99006 30658 19005 00075 29858 13506 92765 24660 17516
85502 20457 22512 70152 10459 26522 50588 05556 08503
40760 14982 11021 30971 29564 09025 25099 40159 08038
20247 52932 06546 15427 65761 09551 10662 79758 06526
88106 80157 07044
77175 07065 42029=
TTCC 58121 48698
70867 73966 12517 50065 64176 09044 30386 55979 27534
20646 51382 29024 10102 42587 34523
88397 60777 31015
77999=
TTDD 5812/ 48698
11928 75162 22835 78360 33762 77762 44711 73366 55546
71370 66536 71770 77507 64976 88466 62177 99460 58580
11445 56979 22397 60777 33371 60977 44338 56180 55283
56779 66254 53581 77221 54781 88203 51182 99160 54581
11152 48184 22143 47784 33091 40388 44081 43986 55051
34192
21212 11977 06035 22959 07041 33928 07525 44915 09019
55866 13510 66770 16504 77737 09023 88696 12516 99651
08524 11596 08049 22568 08532 33528 09053 44473 09544
55449 11510 66437 02501 77410 31010 88377 29522 99364
32016 11352 30511 22341 32013 33326 29515 44317 28023
55300 27534 66289 28027 77281 26024 88246 24530 99236
26021 11226 26528 22219 26017 33208 27530 44202 29027
55181 28512 66174 34506 77167 07510 88161 11015 99156
12018 11152 16512 22139 24030 33121 30031 44118 30021
55115 33511 66112 31516 77108 00517 88102 34026 99099
34520 11096 01018 22090 32522 33085 30522 44082 31512
55077 00510 66075 04509 77075 06010 88071 06021 99063
09041 11058 08554 22052 10032 33051 11529=
