sing20160706.00
TTAA 56001 48698
99007 29234 19003 00085 28632 13006 92775 24050 19511
85511 19857 24515 70155 09656 20515 50587 06158 23004
40759 14568 03508 30971 30365 06522 25098 40550 06038
20247 51547 03037 15427 66933 05046 10661 76558 21004
88110 81548 04023
77999=
TTCC 56007 48698
70865 76164 07017
88999
77999=
TTDD 5600/ 48698
11782 80959 22734 75964 33676 77163
21212 11927 24022 22901 22528 33861 24515 44842 27012
55823 31010 66794 01504 77781 07510 88725 11510 99705
07515 11676 07018=
