sing20160731.00
TTAA 81001 48698
99008 27421 08502 00091 27027 10001 92777 22631 18506
85512 19458 29507 70153 09256 32009 50587 04950 00515
40759 16316 07513 30969 31146 09014 25095 41935 09019
20242 54339 07528 15420 69750 08051 10657 79558 04539
88999
77135 08068 42142=
TTCC 81001 48698
70864 70170 05511 50067 61578 08508 30383 51985 25015
20644 58581 27540 10102 45390 10505
88997 79758 04540 88444 66775 10518
77999=
TTDD 8100/ 48698
11997 79758 22899 72765 33787 76763 44701 70170 55621
69571 66581 70971 77556 63378 88517 61179 99444 66775
11396 67774 22363 60380 33339 58582 44321 51386 55275
49787 66201 58781 77174 49588 88169 50587 99136 42590
11096 46989 22073 38992 33062 37592 44058 37992
21212 11986 05040 22937 07539 33920 09029 44889 12513
55883 14012 66856 19513 77817 21516 88795 20019 99771
16016 11753 15511 22731 09007 33717 08010 44699 05511
55674 04519 66629 09522 77613 08521 88578 09543 99538
12036 11510 09010 22504 08007 33471 12514 44454 12520
55404 04014 66386 08024 77377 08016 88372 06510 99370
05009 11341 06510 22334 02010 33328 02510 44321 33501
55305 25010 66288 24024 77256 27045 88234 27538 99218
27552 11188 27518 22184 28517 33180 33515 44176 35016
55171 33010 66166 03001 77156 10010 88145 12510 99133
24510 11127 14010 22124 12514 33102 05501 44097 10010
55094 12012 66090 12012 77073 03511 88070 03011 99067
06015 11066 06513 22064 07017 33060 06535 44058 08526=
