sing20160718.12
TTAA 68121 48698
99006 27219 08002 00075 26821 31504 92763 23650 26009
85497 19049 28003 70140 09435 15002 50586 04116 09508
40759 14163 06510 30971 29563 08009 25098 39732 10518
20247 53342 10511 15425 67956 10508 10659 83147 09036
88999
77999=
TTCC 68127 48698
70864 73167 03517
88953 85346 08537
77999=
TTDD 6812/ 48698
11953 85346 22926 85557 33905 81761 44899 74963 55864
71168 66792 74165 77631 71368
21212 11885 08034 22826 10520 33766 07521 44729 07517
55713 05513 66704 03515 77631 07526=
