sing20160724.12
TTAA 74121 48698
99006 26620 21003 00080 26225 19506 92766 22237 18507
85498 18444 18012 70140 11056 14513 50586 05710 08002
40758 15314 08519 30970 29722 11017 25097 40345 11020
20245 53336 09528 15423 68159 09534 10656 82956 06547
88105 84550 08540
77999=
TTCC 74121 48698
70863 73765 07022 50065 60179 09023 30386 54981 23009
20646 53781 29526 10101 44786 12509
88727 74764 03523
77051 08079 463//=
TTDD 7412/ 48698
11848 70768 22727 74764 33665 73766 44628 67573 55558
69771 66512 64576 77499 59979 88479 59578 99448 62177
11437 57980 22399 59778 33372 56380 44338 58778 55275
52382 66224 56180 77183 50983 88168 52182 99142 51582
11122 44586 22108 43787 33089 46785 44063 35592 55052
37790 66047 28396 77044 29395
21212 11957 09050 22879 11032 33809 03519 44771 01015
55724 03523 66667 09538 77597 10034 88523 07547 99498
09022 11484 08510 22463 15501 33449 28510 44443 30015
55435 29518 66421 27518 77380 22503 88361 24514 99343
27011 11310 13510 22309 13510 33303 19506 44299 23510
55269 27030 66242 28043 77215 28036 88208 29519 99181
28534 11160 30013 22158 31010 33154 02010 44147 04010
55143 00000 66124 04510 77121 06517 88114 06028 99108
08017 11106 10512 22105 12012 33101 13511 44095 11011
55092 14010 66089 10016 77084 10005 88081 07025 99078
07539 11074 08033 22072 08545 33068 09031 44061 13525
55059 13021 66059 11520 77057 09025 88051 08079 99047
09036 11044 09025 22044 09027=
