sing20160701.00
TTAA 51001 48698
99009 27622 07002 00099 27823 10507 92788 23226 18003
85524 19656 24513 70168 10459 31521 50589 07330 11009
40760 16157 07026 30971 31359 10030 25097 40372 09534
20246 52173 12037 15425 67562 10041 10661 75364 12012
88115 78956 06044
77999=
TTCC 51001 48698
70866 71370 11519 50065 68173 08542 30383 51383 26022
20646 52983 27527 10101 46388 11009
88860 80559 07508
77999=
TTDD 5100/ 48698
11860 80559 22824 80759 33760 75167 44747 71370 55720
71170 66612 72969 77536 69573 88522 65777 99464 68374
11350 59379 22327 50785 33278 50384 44250 53782 55189
53583 66154 46587 77123 48587 88083 41991 99077 42790
11070 37192 22063 38992
21212 11971 13517 22930 13019 33892 11511 44827 00505
55812 04010 66777 04516 77753 09018 88718 12518 99690
11020 11665 12524 22633 09522 33599 10530 44578 09033
55544 11038 66527 09044 77483 08045 88442 08555 99421
09551 11386 08515 22371 05013 33346 08506 44339 07510
55326 11012 66310 23510 77300 26522 88285 27021 99269
23528 11252 24021 22237 25038 33226 24535 44201 28027
55167 26526 66163 27519 77161 29517 88160 31019 99145
31519 11141 30020 22133 30024 33123 32013 44118 35010
55114 06004 66107 11510 77105 10013 88102 12010 99095
07513 11093 08011 22088 20510 33084 23512 44080 22510
55078 18009 66077 15013 77073 11528 88071 12517 99068
18514 11063 23508=
