sing20160701.12
TTAA 51121 48698
99006 31456 20004 00076 30256 08508 92769 24846 16001
85505 20259 29509 70155 11056 33008 50588 06939 03011
40760 15157 10026 30971 30569 10536 25098 40172 10047
20246 52365 09052 15426 65764 05540 10663 77162 08015
88999
77999=
TTCC 51121 48698
70866 74567 14513 50063 65578 07548 30384 52986 23529
20646 52787 25524 10107 42391 23513
88877 83157 08517 88634 76365 06514
77999=
TTDD 5112/ 48698
11877 83157 22810 81159 33752 71968 44634 76365 55593
76566 66548 73969 77530 68574 88425 56783 99382 59781
11343 58382 22316 52586 33265 51787 44222 53786 55177
47589 66144 49388 77112 40591 88087 44190 99073 39192
11063 41191 22055 37992 33054 38392
21212 11953 11513 22884 09017 33856 06010 44831 07505
55798 11010 66762 12011 77741 15515 88716 16017 99671
11008 11644 06511 22608 05024 33579 08527 44542 09541
55521 08050 66457 09545 77433 10026 88423 11017 99411
12513 11387 09013 22376 08510 33366 05502 44324 21012
55288 25030 66257 25042 77226 25537 88211 26019 99205
25525 11196 26025 22184 32517 33176 29019 44152 32023
55146 32014 66143 35010 77138 31014 88134 29517 99127
35501 11118 22510 22110 22510 33106 24016 44099 23010
55090 14001 66087 25010 77084 26519 88079 29010 99077
28510 11073 00504 22072 06010 33069 06525 44064 34013
55064 32514 66062 32518 77058 02518 88057 04026 99055
04039 11054 04036=
