sing20160723.12
TTAA 73121 48698
99006 28649 24003 00079 27646 12508 92765 21819 13508
85497 18237 19507 70140 10042 15516 50586 04910 05512
40758 14940 09530 30970 30132 11525 25097 40148 10520
20244 53549 09018 15423 68558 08020 10656 81559 07041
88106 83358 08540
77999=
TTCC 73125 48698
70864 75765 02003 50062 63783 09535
88677 76964 05010
77999=
TTDD 7312/ 48698
11947 74165 22879 75364 33802 70173 44677 76964 55637
76366 66575 69575 77544 70974 88462 57785
21212 11967 08051 22887 12039 33796 07512 44718 29501
55677 05010 66596 09044 77553 09536 88533 09050 99480
08518 11474 09515 22462 14507=
