sing20160726.00
TTAA 76001 48698
99008 26820 10501 00093 26420 02502 92781 23258 15514
85514 18447 23010 70149 07800 19013 50586 05122 15509
40758 16317 12004 30968 31709 06011 25094 41160 06028
20242 54158 06540 15420 69356 07558 10655 74163 05522
88122 77159 10053
77128 09061 41223=
TTCC 76001 48698
70863 72169 10512 50064 59179 13018 30387 56781 27541
20646 53783 23025 10102 44988 05012
88590 72768 05045
77999=
TTDD 7600/ 48698
11913 77360 22860 72566 33783 71967 44730 73966 55681
68972 66590 72768 77575 72969 88542 68974 99531 61981
11509 58980 22462 60978 33405 58580 44378 52783 55321
56980 66203 54382 77163 47187 88118 46787 99108 47187
11093 40791 22054 40991
21212 11908 07038 22893 07541 33826 12018 44815 13513
55782 20512 66757 22018 77729 22012 88725 22010 99713
16003 11702 10510 22685 08523 33660 06025 44616 04540
55577 06048 66545 08556 77503 12521 88497 14016 99485
18016 11466 19510 22454 23510 33431 13002 44388 18004
55383 23510 66343 27043 77317 27035 88306 27547 99291
27529 11274 27544 22245 29510 33238 25005 44219 19508
55203 23530 66201 23027 77191 22514 88183 25013 99176
20504 11170 22510 22167 24017 33150 24534 44143 25021
55129 26532 66119 28518 77115 28029 88112 30017 99108
35014 11106 36018 22101 04513 33097 04509 44094 07522
55085 08029 66082 10034 77074 13033 88067 12028 99063
14522 11061 14519 22059 11526 33056 10548 44054 11044=
