sing20160730.12
TTAA 80121 48698
99006 30056 21003 00079 29256 18005 92768 23024 18502
85503 18838 24501 70145 09428 33008 50587 04756 06510
40759 15160 11519 30971 29927 08026 25098 40525 07023
20245 53950 07526 15423 68757 08558 10659 79758 05033
88999
77139 07577 44046=
TTCC 80121 48698
70866 70369 09012 50068 61578 10007 30384 57581 26004
20648 51583 28047 10104 40190 00507
88927 81757 05033 88181 55980 29033
77999=
TTDD 8012/ 48698
11927 81757 22917 81558 33899 74962 44873 73165 55823
74365 66708 70170 77659 71769 88625 67773 99568 71570
11506 61378 22399 65175 33349 58979 44313 61578 55295
54583 66240 46985 77181 55980 88165 55781 99152 48186
11140 49185 22124 46586 33113 41190 44090 39590 55082
40590
21212 11941 04531 22891 08521 33867 08517 44775 13518
55741 12511 66726 12013 77688 08012 88644 09020 99625
06517 11612 05521 22584 05527 33552 08045 44505 09510
55492 14004 66477 17010 77453 16518 88441 15010 99432
10004 11407 02010 22395 06510 33380 17004 44369 24510
55343 25513 66334 29010 77311 30017 88305 30010 99301
27004 11286 25010 22274 26512 33263 22008 44261 25010
55258 27015 66251 28517 77244 26526 88231 26545 99209
27052 11177 29528 22169 29535 33162 29516 44160 30510
55145 00000 66124 24010 77116 26510 88112 29010 99109
28013 11096 00510 22085 03010 33082 06011=
