sing20160709.12
TTAA 59121 48698
99006 31057 20004 00081 30257 17506 92772 23429 16008
85508 20865 22008 70157 11460 25506 50588 04556 07502
40760 14757 09011 30972 29359 08518 25099 40156 07526
20247 52564 06048 15427 67160 07067 10663 79159 08533
88105 80950 08057
77116 07574 425// 77149 07067 43007=
TTCC 59121 48698
70865 77563 07520 50065 65775 07549 30385 55181 28523
20646 53782 02503 10100 44786 23010
88121 52982 30016
77999=
TTDD 5912/ 48698
11963 77960 22815 82357 33611 69971 44572 70371 55494
65775 66474 65975 77432 58379 88373 60577 99350 54980
11312 58778 22293 52982 33269 51582 44206 54580 55188
49983 66172 52582 77162 46785 88121 52982 99095 42988
11068 37191 22057 39990
21212 11915 12019 22793 07507 33776 06510 44753 09516
55726 10522 66691 06523 77668 05529 88625 08035 99600
07031 11540 09055 22485 08051 33449 10025 44440 13018
55435 15019 66412 13022 77393 17526 88374 19019 99368
21514 11364 24017 22355 27028 33347 27034 44314 29037
55305 29526 66300 28523 77294 27024 88279 27021 99264
31018 11246 27514 22231 30522 33219 33015 44209 01015
55203 03010 66197 00000 77191 27010 88180 24026 99170
24019 11167 22510 22165 23008 33163 26513 44156 26538
55147 27046 66136 28044 77124 28522 88121 30515 99119
34510 11115 05012 22110 09011 33107 14010 44104 13012
55100 22510 66099 23510 77096 26503 88089 05010 99086
05512 11084 08012 22080 10525 33077 09536 44070 11041
55067 11033 66063 14520 77062 14018 88057 11521=
