sing20210210.00
TTAA 60001 48698
99008 25815 03009 00090 25223 02505 92772 21224 35510
85505 19049 29015 70150 10859 28515 50587 05756 28010
40759 14959 21506 30970 31156 13003 25097 40746 18015
20245 53527 15522 15423 68945 13026 10659 78761 27028
88999
77999=
TTCC 60001 48698
70859 79760 28019 50055 70770 04504 30369 61778 31012
20625 56781 18017 10071 43589 09557
88806 86157 24511 88345 65176 29015
66064 09076=
TTDD 6000/ 48698
11806 86157 22717 79361 33676 80360 44558 69372 55504
70770 66454 61779 77408 59779 88345 65176 99232 55182
11202 56981 22181 54382 33155 53983 44142 56981 55103
46587 66098 42390 77080 38592 88079 38592 99068 41391
11064 39591
21212 11944 28519 22910 26011 33834 24021 44784 00000
55731 29510 66710 28021 77666 29016 88623 35003 99478
07010 11465 09013 22421 22510 33388 27015 44345 29015
55316 33011 66286 30014 77275 31514 88247 30517 99236
29011 11225 20505 22219 18010 33213 17012 44205 18518
55199 18016 66188 13506 77185 13010 88173 15029 99156
07033 11146 06539 22133 09030 33124 08548 44112 08051
55101 10056 66089 09065 77079 08564 88068 09062 99064
09076=
