sing20210226.12
TTAA 76121 48698
99004 29856 04507 00057 28650 08009 92746 24242 30007
85483 19037 29514 70125 10872 01520 50584 05759 05513
40756 13563 09526 30968 29570 12031 25095 40169 11540
20244 52364 11045 15423 68150 11051 10655 84942 09042
88999
77999=
TTCC 76121 48698
70858 71768 28529 50058 67373 29020 30373 59178 25017
20629 54781 31512 10085 40988 09564
88930 87140 09054
77102 09564 412//=
TTDD 7612/ 48698
11930 87140 22880 85357 33865 83759 44855 78761 55719
70969 66661 72767 77570 68771 88526 69970 99431 61377
11382 65175 22355 61377 33261 59778 44238 55580 55216
57979 66152 50383 77151 50583 88141 45985 99124 47784
11114 43187 22096 39989
21212 11916 09056 22839 09537 33778 17519 44761 22513
55752 25516 66723 28031 77688 28530 88661 27534 99609
26524 11579 24024 22492 30521 33475 28015 44469 26515
55443 27019 66413 24025 77386 24516 88350 29019 99333
30019 11318 29520 22299 25017 33285 25521 44272 24521
55242 28010 66234 31020 77223 30524 88204 29510 99199
32513 11191 33513 22180 07517 33171 09511 44153 09040
55144 10054 66134 11555 77125 10559 88117 09054 99102
09564 11096 09562=
