sing20210202.00
TTAA 52001 48698
99010 25814 05008 00114 25025 01012 92795 19805 02521
85522 16000 03014 70161 09027 35503 50588 07120 02506
40759 15562 23502 30970 30956 13519 25097 41558 11018
20244 54550 11527 15421 69557 12047 10654 78163 09526
88116 82150 10568
77112 10580=
TTCC 52001 48698
70858 77162 27513 50057 70170 26018 30366 60977 26518
20618 58379 07503 10064 45985 10061
88999
77063 10085=
TTDD 5200/ 48698
11959 75165 22760 80161 33638 74965 44593 68971 55531
68172 66485 71369 77313 60578 88252 63776 99175 53381
11162 55380 22129 54980 33104 46386 44090 44786 55079
45786 66060 37191
21212 11976 08011 22953 04504 33924 34010 44895 34516
55875 31013 66833 29019 77792 29520 88772 31017 99740
26013 11708 27512 22666 27010 33650 30011 44624 24008
55616 23010 66578 21523 77540 22014 88527 25015 99499
26518 11473 30015 22400 25504 33339 26017 44314 27023
55280 24517 66257 25517 77247 22010 88242 22510 99236
26506 11231 29010 22219 31010 33210 35019 44205 36010
55184 11010 66179 13517 77169 12536 88163 12036 99154
07529 11137 11038 22124 08052 33116 07544 44100 10061
55078 09055 66063 10085 77060 09572=
