sing20210228.12
TTAA 78121 48698
99006 30258 05010 00075 29058 05010 92764 22834 11006
85497 18850 15003 70136 08623 01508 50586 04957 09522
40758 15162 09524 30969 31344 08532 25096 40958 09037
20243 53146 10538 15422 68557 10549 10657 81358 09027
88999
77124 09067 42337=
TTCC 78121 48698
70860 72566 28015 50060 66972 25528 30373 61377 34021
20631 53381 06509 10088 42387 11057
88888 84757 09037 88329 64775 31014
77057 09077=
TTDD 7812/ 48698
11888 84757 22809 74763 33747 76164 44660 70568 55627
71567 66469 65573 77444 67173 88398 60977 99329 64775
11240 52581 22212 54580 33182 50783 44155 52382 55124
43187 66110 45385 77103 41588 88098 42787 99086 38790
11077 41188 22067 38590 33059 40989 44056 39390
21212 11864 08545 22835 07523 33822 08513 44804 13509
55788 18012 66742 24516 77704 28016 88676 26514 99633
27522 11613 25020 22568 26023 33550 23020 44516 25528
55480 25024 66440 27024 77386 24525 88337 29016 99317
35015 11296 34022 22270 33510 33264 06503 44259 13011
55236 17030 66226 17529 77215 16522 88209 13016 99204
07510 11196 07009 22186 08017 33178 04519 44174 05021
55168 08527 66147 10024 77136 08534 88130 10039 99114
09046 11097 10562 22084 08563 33060 09573 44057 09077
55056 08570=
