sing20210213.00
TTAA 63001 48698
99010 25616 04508 00110 24821 04507 92792 20618 02020
85523 17823 30011 70163 09240 30020 50588 07519 31512
40759 15169 05523 30970 29970 04515 25097 40965 06020
20245 53161 09517 15423 68158 10537 10658 81756 01506
88999
77999=
TTCC 63001 48698
70859 79760 24504 50057 65174 21011 30368 64776 32010
20624 56179 21012 10070 46584 08047
88911 83758 06514 88192 57778 20509
77094 08062 41509=
TTDD 6300/ 48698
11911 83758 22864 77960 33708 80960 44614 76163 55581
68969 66480 64174 77440 66773 88403 63176 99346 66573
11309 66574 22228 53381 33192 57778 44183 54581 55162
57578 66122 53781 77110 46185 88104 47384 99085 46185
11077 41987
21212 11978 05511 22958 04515 33926 05516 44903 07011
55890 35502 66878 30010 77823 31527 88797 32023 99776
30515 11763 33010 22697 00000 33601 06510 44592 04011
55587 03510 66518 08001 77502 21010 88496 21010 99476
29010 11448 27518 22431 28012 33406 24510 44381 24014
55359 17010 66343 27006 77336 30510 88313 31012 99304
32510 11269 27010 22264 25007 33260 21512 44242 22527
55197 21011 66187 19507 77179 17011 88170 09512 99165
07512 11163 08011 22156 11521 33140 09541 44137 08539
55099 08047 66094 08062 77087 08048 88077 08551=
