sing20210213.12
TTAA 63121 48698
99008 28248 06010 00097 27048 04511 92782 20600 02513
85512 17000 32011 70154 09634 33009 50588 05571 33006
40759 14966 08514 30970 30968 05519 25097 40960 06019
20244 53357 08014 15423 68337 12036 10659 81357 27506
88999
77999=
TTCC 63121 48698
70859 79961 18015 50057 64178 20512 30369 61579 33508
20621 58980 25002 10071 47787 08049
88891 83958 07511 88364 67174 28029
77062 09591 421//=
TTDD 6312/ 48698
11891 83958 22734 79362 33705 80561 44611 70570 55554
69371 66534 70171 77494 63178 88459 62178 99364 67174
11332 66975 22292 60780 33261 60579 44214 60979 55121
46588 66120 46587 77103 48786 88090 42390 99074 39392
11066 28196 22062 27196
21212 11987 33502 22944 04514 33924 05020 44903 05515
55886 08510 66871 07004 77839 02010 88810 01510 99763
09504 11743 14010 22719 19012 33707 19516 44687 14516
55678 14018 66663 15517 77641 13010 88619 04010 99597
02517 11572 04510 22537 10504 33525 17510 44512 18013
55501 19513 66491 25512 77482 27520 88438 27020 99423
28522 11400 27029 22377 28032 33326 31522 44310 34515
55304 35010 66294 26003 77266 21010 88254 20517 99247
21518 11230 24513 22214 23010 33190 26501 44177 15511
55171 12011 66163 13017 77153 07018 88114 09054 99095
08047 11091 09050 22085 09567 33077 10054 44066 10586
55062 09591=
