sing20210206.12
TTAA 56121 48698
99006 28656 06015 00076 28057 02008 92762 22243 36017
85494 18039 35011 70133 09456 00513 50586 03975 02506
40759 14363 32009 30971 29561 21508 25098 40756 22005
20245 53162 11013 15424 68557 10553 10656 79759 11029
88107 83756 10572
77109 10579=
TTCC 56121 48698
70860 72166 24519 50057 73167 25016 30366 62576 29520
20621 56379 34510 10072 44986 09563
88999
77070 09090=
TTDD 5612/ 48698
11845 81360 22809 76962 33769 78562 44683 71167 55577
73766 66476 72568 77457 68771 88379 63576 99333 65375
11256 60578 22253 60578 33233 56380 44186 57179 55146
49783 66136 50783 77129 46985 88111 49384 99098 44187
11069 36991 22067 37391
21212 11962 12010 22938 18502 33918 28511 44908 30013
55886 29510 66838 23510 77826 24012 88779 01510 99767
04010 11749 00000 22736 22510 33723 22019 44694 25523
55640 27536 66595 28025 77567 26516 88544 27520 99532
26019 11492 25015 22405 00501 33396 26010 44389 25010
55355 27515 66326 25515 77310 29510 88285 31021 99265
29029 11243 27020 22231 27010 33218 33012 44209 33512
55195 02008 66190 07010 77185 09512 88173 09517 99163
05530 11157 06037 22144 10541 33126 08545 44070 09090
55067 09084=
