sing20210216.12
TTAA 66121 48698
99007 27656 05511 00083 26656 03012 92767 20211 00515
85495 16408 27019 70136 12497 00505 50587 04571 15501
40759 14568 06510 30970 30366 12514 25097 40962 17527
20245 53957 14519 15423 68958 11029 10658 83547 12015
88999
77999=
TTCC 66121 48698
70859 72766 05513 50058 73767 27023 30369 61777 33006
20623 58379 23507 10080 41388 09549
88896 85556 09024
77072 09578 419//=
TTDD 6612/ 48698
11896 85556 22796 81160 33765 74763 44633 69569 55499
73767 66413 64175 77355 63576 88214 57579 99188 58579
11183 53982 22167 49184 33166 49184 44165 49184 55161
48783 66146 49383 77137 46185 88123 46385 99116 40789
11107 43387 22095 38590 33085 41588 44071 36192 55068
36591
21212 11950 09016 22896 09024 33855 09018 44821 13518
55799 13016 66787 11017 77770 06018 88757 05519 99734
08516 11718 08518 22697 05011 33683 35006 44670 29510
55635 27035 66562 30016 77549 29514 88537 26517 99500
27023 11478 25514 22463 27510 33445 27005 44414 26510
55403 27518 66387 30510 77315 35010 88289 28006 99276
24510 11241 23520 22220 23515 33204 26512 44203 25510
55191 17505 66182 03010 77165 04026 88151 08032 99133
07545 11115 10558 22104 10045 33082 10563 44077 09558
55072 09578 66068 09068=
