D20210201.00
D20210201.12
100.0 100 30
 70.0 225 15
 96.4 115 14
 95.6 125 10
 94.2 185  6
 92.4 235 10
 90.4 300 10
 88.3 345 10
 84.8 300 12
 80.8 295 21
 76.0 285 10
 73.3 235 11
 67.5 200 15
 61.6 260  2
D20210202.00
100.0  95 26
 70.0 275 13
 50.0 260 18
 30.0 265 18
 20.0  75  3
 10.0 100 61
 97.6  80 11
 95.3  45  4
 92.4 340 10
 89.5 345 16
 87.5 310 13
 83.3 290 19
 79.2 295 20
 77.2 310 17
 74.0 260 13
 70.8 275 12
 66.6 270 10
 65.0 300 11
 62.4 240  8
 61.6 230 10
 57.8 215 23
 54.0 220 14
 52.7 250 15
 49.9 265 18
 47.3 300 15
 40.0 255  4
 33.9 260 17
 31.4 270 23
 28.0 245 17
 25.7 255 17
 24.7 220 10
 24.2 225 10
 23.6 265  6
 23.1 290 10
 21.9 310 10
 21.0 350 19
 20.5 360 10
 18.4 110 10
 17.9 135 17
 16.9 125 36
 16.3 120 36
 15.4  75 29
 13.7 110 38
 12.4  80 52
 11.6  75 44
 10.0 100 61
  7.8  90 55
  6.3 100 85
  6.0  95 72
D20210202.12
100.0 115 25
 70.0 265 11
 50.0 260  5
 30.0 285 14
 20.0 205 15
 10.0 100 63
 96.0 110 14
 93.0 140 10
 90.9 200  4
 88.4 260 10
 85.5 295 11
 82.7 250 12
 78.1 250 23
 72.8 280 11
 69.9 265 11
 59.1  75  1
 55.7 265 16
 52.8 275 10
 50.3 285  5
 48.8 225 10
 45.1 220 11
 43.5 245 13
 38.3 210 16
 36.9 230 18
 34.5 240 13
 29.6 290 14
 24.6 310 28
 23.3 330 32
 21.7 345 10
 21.3 275  1
 20.9 210 10
 19.4 205 19
 18.8 195 17
 18.3 170 14
 17.6 140 14
 16.9 130 20
 16.2  90 25
 15.5  60 22
 14.2 110 30
 12.9  85 44
  9.3  90 69
  8.2  85 54
  6.6 100 89
D20210203.00
100.0 110 34
 70.0 255  8
 50.0 250 13
 30.0 280 13
 20.0 210 16
 10.0  95 63
 93.8  75 10
 92.0  35  6
 88.2 340 11
 86.2 335 15
 83.6  15 13
 82.7  15 12
 80.3 325 11
 78.7 330 13
 75.8 360 18
 73.9 355 14
 63.7 200  4
 61.9 175 10
 56.8 260 11
 55.1 255 16
 54.0 275 10
 50.7 245 14
 49.1 265 13
 47.1 235 16
 44.4 255 17
 43.2 275 22
 40.8 275 32
 37.6 265 15
 36.3 275 16
 34.9 310 12
 31.9 310 20
 29.2 265 17
 27.2 265 21
 26.4 270 16
 25.9 245 10
 24.6 285 18
 23.3 260 19
 22.3 265 17
 21.6 225 17
 19.6 205 18
 19.4 190 13
 19.2 160 11
 19.1 140 13
 16.0  45 41
 15.2  45 42
 14.0  85 34
 13.3  70 41
  9.8 100 67
  8.5  95 58
  7.9  95 70
  7.5  95 63
  6.4  90 87
  5.9  95 58
  5.3  95 54
  4.7 110 65
D20210203.12
100.0 110 29
 70.0  10 12
 50.0 295 23
 93.8 140 10
 91.4   0  0
 88.4  25 10
 86.6  50 17
 84.2 100 10
 78.3   0  0
 72.9  10 15
 70.9  20 12
 67.6 360 22
 61.8 350 15
 58.8 330  3
 57.7 300 10
 55.8 295 21
 52.5 305 17
 50.3 295 23
 48.3 280 20
 43.5 265 19
 42.4 245 15
 41.4 265 13
 40.1 250 17
 38.7 260 17
 37.8 240 10
 36.3 250  8
D20210204.00
100.0 110 36
 70.0 305  5
 50.0 275 30
 30.0 250 22
 20.0 120  5
 10.0  85 76
 94.5  70 22
 93.0  50 19
 92.2  35 19
 87.7  40 27
 86.3  50 29
 81.1  95 12
 79.4  70  8
 77.2  40 10
 75.7  45 13
 70.8 340  4
 67.4 285 10
 64.9 340 12
 63.5 350 10
 61.8 295  4
 60.6 260 10
 59.6 240 14
 50.0 275 30
 48.2 285 24
 44.5 280 21
 43.0 300 13
 41.0 305 15
 39.3 295 20
 35.7 235 14
 34.1 225 13
 32.6 250 15
 31.8 235 14
 31.1 255 17
 28.2 265 20
 27.4 255 16
 26.3 275 23
 25.0 270 17
 23.6 225 13
 22.7 225 13
 21.9 185 11
 20.1 145  5
 18.6  55 16
 18.1  20 17
 17.5  20 23
 15.4 110 28
 14.7 120 36
 14.4 115 42
 13.7 105 34
 13.2  95 40
 12.4 110 51
 10.3  90 77
  9.2  85 60
  8.5  90 78
  8.2  80 65
  7.0  80 69
  6.8  80 89
  6.2  80 69
  6.1  80 78
D20210204.12
100.0 100 39
 70.0 130 12
 50.0 285 38
 30.0 275 16
 20.0 330 13
 10.0  80 64
 93.6  70 11
 91.5  55 13
 84.5  75 33
 80.0 115 20
 74.3 120 10
 71.5 145 10
 69.8 130 12
 69.2 130 10
 67.2 255  1
 62.5 280 10
 57.4 285 35
 50.8 290 38
 42.0 275 11
 41.4 255 10
 40.8 240  7
 37.9 230 11
 37.0 210 10
 34.0 285  2
 33.3 310 10
 32.6 305 17
 31.5 295 12
 30.5 275 16
 27.3 290 21
 24.6 290 17
 23.0 255 21
 21.5 245 14
 21.0 260 11
 20.4 310  9
 20.2 325 10
 19.4 325 19
 17.6  30 15
 16.3 110 26
 15.7 135 31
 15.0 120 30
 14.4  85 32
 11.6 105 60
 10.1  80 66
  9.1  80 60
  8.6  85 78
  7.7  85 67
  6.7  95 94
  5.8  90 69
D20210205.00
100.0 100 37
 70.0 310  6
 50.0 295 24
 30.0 270 19
 20.0 300  3
 10.0  85 76
 96.8 100 25
 90.0  65  5
 86.6  50 10
 82.7  75 24
 80.0  75 10
 75.0   0  0
 67.7 210 10
 65.8 250 12
 60.8 275 28
 56.2 280 34
 47.4 300 21
 46.1 290 17
 45.0 245 14
 42.9 225 11
 42.4 225 10
 41.0 230  1
 40.3 330 10
 39.7 320 14
 37.1 335 11
 33.7 310 17
 32.0 275 18
 24.8 250 35
 22.3 260 16
 21.6 240 10
 19.8   0  0
 19.1  30 10
 17.9  45 20
 16.1 120 27
 14.9  90 44
 14.4  80 39
 13.8  90 39
 12.9 105 47
 10.5  80 63
  9.9  85 77
  7.5  90 58
  6.4  95 87
  6.2  95 79
D20210205.12
100.0 110 39
 70.0 295  4
 50.0 265 26
 30.0 250 32
 20.0 355 31
 10.0  90 60
 92.9 115 12
 90.7  25  2
 86.5  90 10
 84.9 100 15
 83.3 135 10
 75.1 190 12
 73.3 180 10
 71.8 255  2
 67.1 275 10
 63.6 290 20
 59.6 280 27
 55.2 255 22
 51.0 255 25
 46.4 295 21
 43.6 305 10
 42.3 325 10
 41.0 360 12
 38.6 305  4
 36.9 280 10
 29.7 250 33
 25.7 270 29
 23.7 295 23
 22.9 325 20
 21.9 345 29
 19.7 355 31
 18.7  30 22
 17.8  95 24
 16.7 125 26
 15.4  85 29
 14.9  85 39
 14.4  70 36
 12.9 100 55
 10.2  85 57
  9.6 100 66
  8.6  95 82
  7.5  80 66
  6.3  90 92
  5.3  85 67
D20210206.00
100.0 120 31
 70.0 280 12
 50.0 270 23
 30.0 265 22
 20.0 135  5
 10.0  90 69
 93.5 155 16
 90.3 205 12
 88.8 245 10
 86.3 165  1
 77.9  15 13
 76.8  20 12
 75.8  10 10
 73.0 240 10
 72.1 240 10
 70.8 270  9
 70.5 280 10
 60.5 275 39
 50.1 270 23
 48.1 295 17
 46.3 265 10
 42.8 315  1
 40.7 330 10
 39.8 305 15
 34.1 260 26
 31.1 245 17
 27.6 295 18
 25.2 305 19
 24.1 285 17
 22.1 290 10
 20.3 170  3
 19.8 135 10
 19.1 145 17
 17.8 140 19
 16.5  80 34
 15.7  70 38
 14.5 100 45
 13.7  95 51
 11.3  80 60
  9.9  90 70
  9.0  90 64
  8.3  85 77
  6.9  95 71
D20210206.12
100.0 110 29
 70.0 245 19
 50.0 250 16
 30.0 295 20
 20.0 345 10
 10.0  95 63
 96.2 120 10
 93.8 185  2
 91.8 285 11
 90.8 300 13
 88.6 295 10
 83.8 235 10
 82.6 240 12
 77.9  15 10
 76.7  40 10
 74.9   0  0
 73.6 225 10
 72.3 220 19
 69.4 255 23
 64.0 275 36
 59.5 280 25
 56.7 265 16
 54.4 275 20
 53.2 260 19
 49.2 250 15
 40.5   5  1
 39.6 260 10
 38.9 250 10
 35.5 275 15
 32.6 255 15
 31.0 295 10
 28.5 310 21
 26.5 290 29
 24.3 270 20
 23.1 270 10
 21.8 330 12
 20.9 335 12
 19.5  20  8
 19.0  70 10
 18.5  95 12
 17.3  95 17
 16.3  55 30
 15.7  60 37
 14.4 105 41
 12.6  85 45
  7.0  90 90
  6.7  90 84
D20210207.00
100.0 110 23
 70.0 280 21
 50.0 275 18
 30.0 270 21
 10.0 100 74
 97.9 110 10
 96.0 195  1
 91.3 320 10
 90.5 320 10
 87.7 285 10
 85.3 280 13
 83.8 275 10
 78.3 105  3
 77.0 205 10
 74.2 240 23
 73.0 250 26
 71.2 260 21
 68.7 295 23
 64.3 290 22
 61.6 265 21
 54.9 275 13
 52.8 295 19
 49.5 270 17
 48.1 265 10
 44.5 300 10
 43.5 335  4
 41.7 355 10
 40.0 290 13
 38.9 275 16
 36.7 305 14
 35.2 295 16
 32.8 300 23
 30.0 270 21
 28.0 280 29
 25.8 245 24
 23.3 245 24
 17.6 140 28
 16.7 100 31
 16.0  85 36
 14.5 115 51
 12.6  80 57
 11.8  85 72
 10.2 105 72
  8.2  90 92
  7.5  85 89
D20210207.12
100.0 120 26
 70.0 285 19
 50.0 260  8
 30.0 265 21
 20.0 160  7
 10.0  95 66
 96.3 135 10
 93.9 220  2
 89.6 250 10
 86.6 250 16
 85.1 255 15
 82.2 290 14
 80.5 285 12
 79.7 270 11
 78.4 250 19
 75.2 255 32
 70.0 285 19
 59.2 300 17
 57.0 290 10
 43.0   0  0
 42.0 240 10
 41.3 250 14
 38.8 265 15
 35.8 240 14
 34.2 255 21
 31.0 250 20
 28.6 280 23
 25.1 250 27
 22.3 245 10
 21.5 190  1
 19.6 155 10
 19.0 165 14
 18.5 145 16
 17.9  85 17
 17.1  50 24
 15.7  95 32
 13.8  70 43
 12.5  65 51
 11.7  90 62
 11.3 100 60
  8.1  85 77
  7.0  90 80
D20210208.00
100.0 115 22
 70.0 260 17
 50.0 225 18
 30.0 260  6
 20.0  75  5
 10.0  75 68
 97.2  95 10
 95.4  10  1
 92.7 265 10
 86.1 285 24
 82.0 265 23
 79.4 280 21
 76.6 250 21
 75.4 250 25
 60.8 295 18
 54.5 245 20
 52.4 255 19
 49.7 220 18
 48.1 230 16
 45.6 210 12
 43.9 265  5
 42.6 275 10
 40.7 255 16
 39.1 285 14
 35.4 300 26
 31.8 305 14
 30.2 265  6
 26.6 215 15
 25.3 215 15
 24.2 200 19
 23.6 190 16
 22.4 205 10
 21.2 115  2
 19.0 100  6
 17.8  55 21
 17.4  55 27
 16.3  95 43
 15.9 105 39
 15.2 105 41
 14.0  75 49
 12.0  95 60
 10.4  80 71
  9.4  70 72
  8.5  80 74
  7.8  85 60
  6.5  90 70
D20210208.12
100.0 120 28
 70.0 270 22
 50.0 190  4
 30.0 250 20
 20.0 340 17
 10.0  85 65
 96.0 145 14
 95.0 150 10
 92.6 200  6
 91.6 255 10
 89.9 280 20
 86.0 300 30
 84.1 310 25
 82.9 305 20
 80.6 260 17
 77.3 235 14
 74.6 240 21
 72.7 215 20
 69.8 270 22
 67.3 290 19
 64.0 285 20
 61.1 315 11
 59.0 350  1
 40.0 215  2
 39.2 270 10
 37.7 295 19
 31.9 275 14
 29.3 245 21
 23.2 255 14
 22.8 260 10
 22.2 305  5
 21.4 355 10
 20.6 335 16
 19.9 340 17
 19.0  60 24
 18.9  15 18
 17.9  30 23
 16.6  90 35
 15.3 105 32
 14.5  80 37
 12.4 100 53
 10.1  85 67
  9.6  90 57
  7.5  90 60
  6.0  95 81
  5.6  95 74
D20210209.00
D20210209.12
100.0 215 13
 70.0 260 27
 50.0 295  4
 30.0 335  6
 20.0 220 11
 10.0  90 56
 97.4 245 19
 94.7 270 30
 93.7 280 29
 87.0 285 25
 83.7 290 10
 81.9 305  3
 78.7 280 13
 75.4 225 11
 72.2 265 24
 70.1 260 27
 64.3 295 17
 61.8 285 10
 60.6 215  1
 46.9 360 13
 45.7  40 15
 45.0  60 10
 44.1   0  0
 38.4 215 10
 34.7 205 10
 28.0 345 10
 27.1 355 14
 22.4 305 19
 21.3 285 12
 20.6 230  7
 19.7 205 13
 19.0 205 20
 18.3 210 10
 17.8 195  3
 17.5 120 10
 16.5 125 19
 15.5  75 34
 14.7  95 32
 13.4 105 38
 12.7  90 43
  9.6  90 58
  6.3  95 84
  5.0  95 77
D20210210.00
100.0 270 28
 70.0 280 19
 50.0  45  4
 30.0 310 12
 20.0 180 17
 10.0  95 57
 94.4 285 19
 91.0 260 11
 83.4 240 21
 78.4   0  0
 73.1 295 10
 71.0 280 21
 66.6 290 16
 62.3 350  3
 47.8  70 10
 46.5  90 13
 42.1 225 10
 38.8 270 15
 34.5 290 15
 31.6 330 11
 28.6 300 14
 27.5 315 14
 24.7 305 17
 23.6 290 11
 22.5 205  5
 21.9 180 10
 21.3 170 12
 20.5 185 18
 19.9 180 16
 18.8 135  6
 18.5 130 10
 17.3 150 29
 15.6  70 33
 14.6  65 39
 13.3  90 30
 12.4  85 48
 11.2  80 51
 10.1 100 56
  8.9  90 65
  7.9  85 64
  6.8  90 62
  6.4  90 76
D20210210.12
100.0 260 20
 70.0 315  8
 50.0 360  3
 30.0 275 10
 20.0 200  8
 96.4 275 23
 88.5 260 11
 85.5 285 10
 71.8 300 10
 70.7 305 10
 59.1 115 10
 56.8 145 10
 52.1 180  2
 45.5 100 10
 44.5 115 14
 41.5 200 10
 34.9 315 10
 28.4 260 17
 25.5 270 19
 23.0 235 22
 21.5 235 18
 19.8 185  7
 18.8 130 10
 18.0  60 13
 17.8  50 17
 16.7  85 26
 16.1  90 23
 15.1  75 33
D20210211.00
100.0 345 17
 70.0 280 16
 50.0  50  7
 30.0 275 10
 20.0 140 10
 10.0  95 51
 96.8 335 16
 93.3  20 15
 88.3  60 10
 85.3  55  1
 83.6 155 10
 81.1 180 20
 76.9 185 13
 74.6 255 11
 69.5 285 14
 62.2  60 10
 60.6  80 12
 59.9 110 10
 54.6  20  1
 49.2  55 10
 48.0  55 15
 46.0  90 14
 45.0 110 10
 40.3 300 10
 37.4 315 19
 35.5 320 16
 34.6 340 11
 33.9 320 12
 31.1 285  7
 29.8 270 12
 28.8 230 13
 27.4 245 22
 25.1 240 16
 24.1 220 19
 23.3 240 17
 22.6 230 11
 21.5 170  9
 21.3 155 10
 18.8 115 16
 18.2  75 12
 17.3 110 20
 16.8 105 24
 16.3  65 29
 15.3  85 40
 14.5 105 40
 13.5  90 45
 11.4 105 61
  8.1  95 45
  7.1  80 53
D20210211.12
100.0 280 10
 70.0 295  9
 50.0  40 21
 30.0 270 15
 20.0  15 13
 10.0 105 52
 99.6 275 10
 93.9   5  4
 89.6  85 10
 86.9 100 21
 84.1  90 13
 80.6 145 10
 78.6 205  2
 77.0 290 10
 72.8 300 19
 70.5 295 10
 67.4  60  2
 64.7 115 10
 62.2 130 15
 59.5 115 17
 57.3 125 11
 56.1  75  6
 55.4  45 10
 53.6  20 22
 51.4  35 24
 49.3  45 18
 45.5 110 15
 45.1 115 10
 44.5 175  4
 42.6 275 10
 38.2 270 13
 36.8 245 12
 35.9 250 11
 35.0 290  9
 32.7 295 23
 31.3 285 11
 31.1 275 10
 30.8 270 11
 27.7 270 14
 26.6 250 15
 25.5 270 19
 24.5 280 16
 23.6 265 15
 22.7 280 14
 21.2  10  2
 19.4  35 21
 18.5  35 31
 17.3  70 23
 16.5  55 32
 15.3 105 32
 12.0 100 48
 11.4 115 58
 10.5 105 47
  7.9  95 49
  7.5  90 64
  6.7  80 54
D20210212.00
100.0  55  6
 70.0 325  7
 50.0  55 20
 30.0 200  7
 20.0  40 12
 10.0  75 35
 95.8  35 12
 92.0  65 18
 88.5  85 14
 84.5 135 17
 83.2 150 10
 80.4 360  4
 78.3 295 10
 74.9 275 18
 71.3 290 10
 66.1 215  1
 62.7  40 10
 57.6  50 10
 52.5  30 16
 50.1  55 20
 48.1  80 10
 47.5  85 10
 46.4  20  4
 45.5 310 10
 43.5 285 16
 37.6 260 29
 34.1 295 20
 31.9 290 10
 31.2 270  2
 27.8  55  2
 26.7 345 16
 22.6   0  0
 19.5  45 13
 19.2  60 11
 18.8 115 15
 18.1 135 20
 16.2 105 34
 15.3 130 31
 13.7 100 37
 12.0 100 43
 11.6  85 51
 11.1  75 46
  9.9  75 34
  9.3  80 48
  8.7  65 39
  7.8  75 36
D20210212.12
100.0  20  3
 70.0 300 14
 50.0 160 12
 30.0 100  4
 20.0 285  6
 94.3  85 12
 90.9  75 18
 86.3 110 16
 85.1 105 12
 84.4  90 10
 83.1  20 10
 81.4 335 15
 77.5 310 23
 74.3 305 24
 64.2  60  3
 62.0  70 10
 59.9  65 14
 58.1  90 18
 57.1 105 16
 53.7 105 14
 52.4 115 18
 51.1 155 16
 49.8 160 10
 48.9 215  5
 48.1 265 10
 47.2 280 17
 44.1 280 28
 40.3 295 15
 37.4 255 15
 35.7 270 10
 34.3 320  3
 24.2 235 10
 23.8 255 11
 22.7 240 15
 21.5 255 10
 17.4   0  0
 16.2  50 10
 15.9  75 15
 14.4  75 28
 12.9 105 40
 12.1  95 32
 11.2  90 52
 10.8  80 41
 10.1  90 44
D20210213.00
100.0  15  6
 70.0 245  4
 50.0 210 11
 30.0 320 10
 20.0 210 12
 10.0  80 47
 97.8  55 11
 95.8  45 15
 92.6  55 16
 90.3  70 11
 89.0 355  2
 87.8 300 10
 82.3 315 27
 79.7 320 23
 77.6 305 15
 76.3 330 10
 69.7   0  0
 60.1  65 10
 59.2  40 11
 58.7  35 10
 51.8  80  1
 50.2 210 10
 49.6 210 10
 47.6 290 10
 44.8 275 18
 43.1 280 12
 40.6 245 10
 38.1 240 14
 35.9 170 10
 34.3 270  6
 33.6 305 10
 31.3 310 12
 30.4 325 10
 26.9 270 10
 26.4 250  7
 26.0 215 12
 24.2 225 27
 19.7 210 11
 18.7 195  7
 17.9 170 11
 17.0  95 12
 16.5  75 12
 16.3  80 11
 15.6 115 21
 14.0  95 41
 13.7  85 39
  9.9  80 47
  9.4  80 62
  8.7  80 48
  7.7  85 51
D20210213.12
100.0 275  6
 70.0 180 15
 50.0 205 12
 30.0 335  8
 20.0 250  2
 10.0  80 49
 98.7 335  2
 94.4  45 14
 92.4  50 20
 90.3  55 15
 88.6  85 10
 87.1  70  4
 83.9  20 10
 81.0  15 10
 76.3  95  4
 74.3 140 10
 71.9 190 12
 70.7 195 16
 68.7 145 16
 67.8 140 18
 66.3 155 17
 64.1 130 10
 61.9  40 10
 59.7  25 17
 57.2  45 10
 53.7 105  4
 52.5 175 10
 51.2 180 13
 50.1 195 13
 49.1 255 12
 48.2 275 20
 43.8 270 20
 42.3 285 22
 40.0 270 29
 37.7 280 32
 32.6 315 22
 31.0 345 15
 30.4 350 10
 29.4 260  3
 26.6 210 10
 25.4 205 17
 24.7 215 18
 23.0 245 13
 21.4 230 10
 19.0 265  1
 17.7 155 11
 17.1 120 11
 16.3 130 17
 15.3  70 18
 11.4  90 54
  9.5  80 47
  9.1  90 50
  8.5  95 67
  7.7 100 54
  6.6 105 86
  6.2  95 91
D20210214.00
100.0 355  5
 70.0 230 13
 50.0 260 31
 30.0 175 13
 10.0  90 40
 96.6  55 14
 90.6 150 13
 89.2 165 17
 87.7 180 12
 84.2 135  5
 73.5 175 10
 69.9 230 13
 68.9 235 10
 67.4 205  1
 64.9  75 10
 63.1  95 15
 61.4  90 19
 59.2  90 17
 57.0 125 13
 54.5 170 19
 53.2 230 16
 51.1 255 28
 46.0 270 34
 36.5 270 18
 35.5 285 15
 32.9 270 21
 30.7 185 10
 29.9 175 13
 28.8 180 10
 27.4 235  4
 26.5 275 10
 24.8 310  9
 19.7 360 13
 18.0  45 12
 17.0  45 25
 15.0  80 21
 14.6  95 13
 14.4 115 10
 14.3 150  7
 14.1 195 10
 14.0 215 16
 13.6 105 36
 11.8 100 53
 10.8 105 48
 10.1  90 39
  9.2  90 62
  8.4  60 51
  7.6  65 50
  7.4  70 57
  7.0  55 55
  6.6  75 67
  6.5  75 67
D20210214.12
100.0 230  1
 70.0 155  7
 50.0 280 34
 30.0  25  2
 20.0 345 24
 10.0  95 41
 90.1 130 12
 88.3 155 15
 86.3 155 23
 81.1 170  8
 74.1 210 11
 68.7 125  5
 66.7  90 12
 65.4  50 13
 63.6  40 17
 60.6 110 13
 58.8 120 11
 56.7 170 13
 55.9 210 12
 55.5 230 13
 53.3 270 28
 51.6 275 37
 41.9 275 22
 38.2 260 14
 36.7 215 13
 35.3 220 12
 33.0 190 10
 30.2  75  1
 27.1 275 10
 25.5 260 16
 24.4 300 16
 22.9 295 15
 22.0 320 20
 20.1 345 24
 18.4 355 14
 17.6  25 10
 17.4  30 12
 16.9  30 15
 16.4  65 17
 15.4  75 19
 14.1 110 29
 13.1  90 32
 10.6  95 47
 10.2  95 38
  8.3 105 67
  7.8 110 51
  7.1 110 62
  5.9  75 65
  5.6  95 80
  5.5  95 78
D20210215.00
100.0 345  6
 70.0  95 13
 50.0 280 37
 30.0 255  8
 20.0 135 12
 10.0  80 57
 92.6  45 13
 91.4  45 10
 89.2 135 10
 87.6 165 15
 85.8 170 10
 82.5 150  2
 73.8  75 10
 68.2 110 14
 66.1  90 16
 64.6 110 18
 62.1 105 10
 60.8 195  3
 60.2 260 11
 57.2 275 38
 54.0 275 48
 50.4 280 38
 48.8 260 34
 46.9 220 52
 46.8 265 28
 39.2 275 20
 35.7 250 13
 31.2 190  2
 29.0 260 16
 27.7 295 18
 26.1 310 20
 24.1 320 10
 21.3 240  1
 20.6 135 10
 19.1 155 18
 17.5 125 15
 16.8  95 15
 16.1 120 19
 14.7 105 24
 13.3  80 47
 12.7  80 36
 11.0  90 41
  9.8  80 59
  8.5  85 66
  7.8  80 44
  7.2  95 51
  6.6  90 55
D20210215.12
100.0 335  5
 70.0 115 12
 50.0 290 34
 30.0  10 14
 20.0 225 12
 10.0  90 53
 82.9 220  5
 77.8 155 15
 74.2 130 22
 71.2  95 11
 69.8 120 13
 67.7 105 17
 65.6 115 20
 64.4 115 10
 63.5   0  0
 62.4 300 10
 59.5 290 32
 55.1 285 49
 47.3 290 29
 45.9 275 21
 44.1 285 20
 41.3 275 13
 39.2 240 18
 36.1 220 11
 34.0 165  4
 32.5  45 10
 32.1  20 14
 27.8 345 23
 25.5 310 20
 23.1 300 10
 21.6 260  8
 19.3 215 11
 18.9 200 10
 18.3 145  9
 17.8 105 16
 17.3  90 27
 17.3 115 15
 16.5 110 16
 14.9  95 29
 13.7 100 48
 12.5  85 32
 11.5  90 56
  9.4  90 55
  8.7  80 61
  8.5  70 59
  7.4  90 74
  6.7  90 64
D20210216.00
100.0  15  7
 70.0 100  9
 50.0 270 22
 30.0 335 11
 20.0 200 21
 10.0  80 54
 92.0  85 14
 87.9  50 17
 83.1  80 11
 82.6  85 10
 80.6 160 10
 76.0 165 17
 74.7 155 19
 72.0  95 10
 68.7  80 10
 67.4 265  1
 61.8 270 42
 54.8 285 23
 51.0 260 22
 49.0 285 22
 46.2 260 12
 44.6 275 13
 40.7 265 10
 39.6 240 10
 37.6 285  2
 35.1 335 10
 33.5 350 14
 29.1 330 12
 28.0 280 10
 26.3 280 12
 21.8 210 18
 20.8 200 24
 19.3 190 24
 18.6 155 17
 17.8  80 10
 17.7  75 10
 17.1  50 13
 14.7  80 44
 13.9  90 51
 12.5  70 46
 11.6  75 63
  7.1  95 51
D20210216.12
100.0 120 15
 70.0  55 13
 50.0 270 23
 30.0 330  6
 20.0 235  7
 10.0  95 49
 95.0  90 16
 89.6  90 24
 85.5  90 18
 82.1 135 18
 79.9 130 16
 78.7 110 17
 77.0  60 18
 75.7  55 19
 73.4  85 16
 71.8  85 18
 69.7  50 11
 68.3 350  6
 67.0 295 10
 63.5 270 35
 56.2 300 16
 54.9 295 14
 53.7 265 17
 50.0 270 23
 47.8 255 14
 46.3 275 10
 44.5 270  5
 41.4 265 10
 40.3 275 18
 38.7 305 10
 31.5 350 10
 28.9 280  6
 27.6 245 10
 24.1 235 20
 22.0 235 15
 20.4 265 12
 20.3 255 10
 19.1 175  5
 18.2  30 10
 16.5  40 26
 15.1  80 32
 13.3  75 45
 11.5 105 58
 10.4 100 45
  8.2 105 63
  7.7  95 58
  7.2  95 78
  6.8  90 68
D20210217.00
100.0  55 14
 70.0 270 32
 50.0 260  8
 30.0 260 12
 20.0  40 13
 10.0 100 59
 95.7  90 16
 88.7  95 26
 86.1 100 19
 83.2  70 13
 82.2  85 10
 77.1   5 11
 75.6  10 10
 74.0 320  4
 73.0 265 10
 67.7 260 37
 61.1 285 21
 58.7 275 15
 56.5 295 10
 55.7 300  8
 54.7 285 11
 46.3 315  7
 45.3 295 10
 43.2 255 17
 41.5 265 22
 39.3 255 21
 38.0 235 16
 36.4 240 14
 34.9 270 18
 32.9 260 19
 31.8 275 16
 29.9 260 12
 28.2 225 17
 26.7 230 16
 25.4 220 21
 23.5 195 14
 22.7 170 12
 21.0 360  2
 20.7  75 10
 20.4  80 16
 19.8  20 14
 19.4  10 17
 18.9  25 14
 18.4  60 18
 17.4  55 20
 15.9 100 23
 15.0  90 25
 14.4  80 35
 13.6  85 47
 12.7  95 44
  9.0 105 65
  8.7  95 71
  7.5  75 61
  7.1  85 80
  6.9  85 76
D20210217.12
100.0  70 19
 70.0 255 17
 50.0 200  7
 30.0 155  6
 20.0 345 16
 10.0 100 57
 97.2  75 13
 92.6 115 12
 91.3 175  3
 89.8 260 10
 86.2 285 23
 80.6 280 14
 79.8 285 12
 77.4 330 14
 72.6 260 14
 66.4 245 22
 58.5 255 27
 55.5 255 14
 54.3 225  5
 52.5 215 10
 47.5 195  4
 42.9 260 10
 42.1 275 14
 37.2 295 19
 34.5 305 10
 31.7   0  0
 29.2 170 10
 28.7 175 12
 24.3 265  2
 23.2 340 10
 21.1 335 28
 20.1 340 16
 19.4 345 22
 18.7 325 23
 18.3 315 14
 18.1 320 10
 17.6  95  3
 16.5 165 10
 16.0 150 13
 15.3  95 19
 13.8 115 38
 10.9 105 59
  9.8 100 54
  8.7  85 81
  8.2  75 58
  7.5  70 80
  6.7  75 82
  6.6  75 81
D20210218.00
100.0  85 11
 70.0 230 14
 50.0 230  9
 30.0 225 10
 20.0 330  4
 10.0  85 67
 99.4  90 10
 97.4  20  3
 95.8 315 10
 92.1 305 28
 72.2 235  3
 69.4 220 18
 68.0 200 23
 64.3 205 13
 62.8 240 17
 60.8 250 15
 58.7 220 10
 52.2 245  2
 45.6 300 11
 42.4 290 17
 34.8 290 15
 33.8 260 10
 29.6 220 11
 28.0 285  8
 27.6 305 10
 25.8 280 13
 24.3 315 21
 23.4 320 28
 21.0 330 10
 20.3 350  3
 19.6 345 10
 18.5 100 10
 17.8 140 20
 17.2 145 25
 14.8  90 27
 13.8 100 34
 12.8  80 40
 10.9  70 68
 10.3  80 69
  9.0  90 62
  8.2  95 79
  7.4  90 75
D20210218.12
100.0 200 17
 70.0 245 10
 50.0 305 18
 30.0 295  8
 20.0 230 11
 10.0  80 53
 91.7 230 26
 83.6 290 23
 78.0 305 22
 74.4 295 15
 72.0 245 13
 69.7 245 10
 59.2  35 10
 56.6 170  1
 53.6 280 10
 50.1 305 18
 47.9 310 17
 46.3 290 16
 44.3 290 14
 41.1 325 14
 37.1 330 10
 30.6 335  2
 26.8 265 16
 25.2 290 28
 23.0 300 25
 22.2 285 17
 21.2 215 12
 20.3 235 11
 18.5 245  5
 17.0 190 17
 15.7 155 12
 15.2 115 11
 14.2 110 37
 12.2 115 50
  9.6  65 63
  8.7  90 71
  6.2  90 69
D20210219.00
100.0 265 19
 70.0 325  8
 50.0 355 14
 30.0 270 17
 20.0 200 20
 10.0  85 63
 91.9 225 10
 87.8 295 12
 83.5 320 15
 80.4  15 16
 78.8  20 14
 77.3 345 10
 55.6 320  1
 50.3 355 14
 49.1 350 10
 48.4 320  7
 47.9 300 10
 44.0 305 13
 40.4 250 11
 37.9 240 11
 36.1 265 10
 33.5 260 15
 32.7 245 12
 32.0 265 12
 28.7 260 22
 25.2 285 21
 23.7 255 12
 22.3 205 23
 21.3 205 30
 19.5 195 14
 19.0 210 13
 17.8 160 26
 16.8 135 37
 16.1 110 22
 14.5  55 25
 13.5  65 51
 12.1  75 42
 10.9  80 64
  9.8  80 67
  8.8  95 69
  7.7  90 62
D20210219.12
100.0 280 14
 70.0  20 13
 50.0 260  5
 30.0 300 24
 20.0 135  3
 10.0  85 58
 91.0 220 10
 88.9 230 11
 88.1 240 10
 82.3 355  1
 80.5  85 10
 77.9 105 10
 70.4  20 13
 62.3 355 21
 60.4  10 20
 58.3   5 10
 56.7 245  1
 48.6 240 10
 47.6 270 15
 43.6 250 10
 42.4 255 12
 38.7 220 23
 33.2 205 17
 32.1 245 10
 31.8 265 11
 30.1 300 24
 28.3 275 25
 24.7 285 29
 22.4 240 18
 21.3 240 14
 18.4 100  1
 17.0 105 10
 16.2  55 21
 15.5  50 24
 14.3  85 46
 12.4  95 50
  5.6  85 64
  5.3  90 57
D20210220.00
100.0 350 22
 70.0  10 11
 50.0 245 31
 30.0 265  9
 20.0 360 10
 10.0  90 55
 93.9 340 18
 89.7 345 12
 88.4 350 10
 83.2  30  3
 81.3  90 10
 80.1  95 15
 78.9 105 10
 77.6  80  5
 75.8  35 10
 71.0   5 12
 69.4  25 10
 64.9  50 13
 62.9  50 19
 61.3  55 10
 59.9 110  4
 58.0 110 10
 54.0 225 21
 51.7 245 31
 46.5 260 23
 44.8 245 21
 42.2 270 25
 36.8 255 14
 35.9 235 11
 33.2 290 13
 30.7 270  8
 28.4 230 22
 26.1 250 24
 24.5 235 27
 22.1 215 17
 21.7 215 10
 21.0 315  1
 19.6 335 17
 18.4 335 13
 17.8   5 19
 17.1  20 24
 16.8  25 23
 15.8  75 22
 15.6  80 24
 14.9  90 33
 13.6  85 55
 12.4  85 42
 10.7 100 60
  8.1  90 64
  7.9  90 64
D20210220.12
100.0 350 18
 70.0  60 13
 50.0 270 23
 30.0 270 15
 20.0 335 16
 10.0  95 62
 98.2 360 15
 95.0 350 11
 91.5  60  3
 88.2 115 10
 82.9 150 18
 80.7 160 11
 76.2   0  0
 72.0  60 10
 68.6  70 15
 64.6  40 12
 61.5  60 23
 56.1  75 11
 55.9  80 10
 54.9 135  2
 54.1 250 10
 52.7 280 16
 46.4 250 26
 42.3 270 18
 38.0 275 11
 35.7 260 16
 33.2 290 22
 31.3 295 18
 30.5 270 15
 29.7 270 16
 28.8 245 19
 26.7 270 23
 25.6 265 22
 24.8 245 22
 23.3 250 27
 22.0 270 17
 20.6 340 10
 19.6 330 20
 19.2 335 17
 18.6  10  8
 18.1  35 11
 17.6  10 12
 17.3  25 12
 16.7  85 17
 16.2 105 27
 14.0 100 45
 13.6 110 46
 11.7  90 48
  9.0  95 66
  7.9  80 62
  6.1  80 75
D20210221.00
100.0  40 22
 70.0  90  5
 50.0 255 23
 30.0 280 12
 20.0 315 21
 10.0  85 59
 94.4  55 16
 88.7  50 14
 83.6  85 13
 79.9 140 10
 77.9 140 12
 76.2 170 10
 74.5   0  0
 66.8  30 10
 63.4 145 12
 60.7 165 12
 59.7 215 10
 59.1 245 12
 58.1 270 19
 55.8 280 27
 53.3 270 32
 50.5 255 24
 44.9 255 18
 43.4 245 11
 41.9 235 12
 38.6 305 15
 33.3 270 14
 32.4 245 13
 30.3 280 12
 29.4 260 16
 28.2 270 17
 26.4 250 20
 25.8 230 24
 25.5 225 24
 23.8 210 20
 23.0 215 16
 21.8 260 13
 21.6 275 11
 21.4 295 14
 20.3 315 24
 19.3 310 23
 18.5 320 19
 17.7 350 10
 16.4 185  1
 16.1 135 10
 15.7 155 16
 14.9 125 25
 13.6 105 51
 13.0  90 44
 12.4  80 49
 11.8  85 62
  9.8  90 60
  8.3  75 66
  6.6  85 77
  6.2  90 72
D20210221.12
100.0  65 13
 70.0 115  9
 50.0 270 20
 30.0 285  9
 20.0 295 29
 10.0  95 70
 95.4  65 14
 89.8 105 14
 86.8 100 10
 85.0 115  7
 82.9 150 15
 80.9 160 22
 72.2 155 12
 70.6 125  8
 64.9  80 19
 63.6 110 10
 62.8 185  3
 61.5 255 10
 58.6 265 21
 57.7 275 22
 56.0 305 18
 52.8 300 17
 46.3 245 21
 43.1 245 15
 37.4 320 19
 34.9 320 16
 31.0 275 10
 29.9 285  9
 29.4 275 10
 27.9 260 18
 26.3 275 17
 25.3 300 21
 23.4 285 22
 21.6 305 25
 20.1 295 29
 19.2 300 16
 18.9 285 11
 18.5 220  7
 18.1 175 10
 17.5 195 10
 17.2 160  7
 17.0 130 12
 16.3 130 24
 15.0  95 40
 14.3 100 54
 13.3  80 49
  7.0 100 70
  6.2  90 75
  5.6  90 73
D20210222.00
100.0  75 24
 70.0  60 20
 50.0 260 14
 30.0 240 14
 20.0   5  3
 10.0  75 72
 96.9  90 20
 87.8  55 25
 82.3  65 24
 72.3  45 27
 68.6  60 20
 64.0 135 20
 61.6 120 11
 60.6 195  3
 59.1 260 10
 57.7 260 18
 53.8 250  9
 46.2 285 25
 45.7 280 25
 44.6 275 21
 38.8 300 24
 35.8 275 15
 34.0 280 14
 32.3 245 13
 31.3 245 11
 30.8 255 12
 27.8 225 27
 25.1 275 26
 23.6 285 28
 21.9 305 16
 21.1 280 10
 19.5 115 10
 18.8 150 15
 18.2 150 23
 17.7 160 21
 17.2 120 16
 16.8 115 14
 15.7 125 30
 14.3  85 41
 13.2  75 58
 10.0  75 72
  8.5  90 74
  6.3  90 71
D20210222.12
100.0  55 28
 70.0 100 24
 50.0 285 29
 30.0 240 16
 20.0 280 13
 10.0  90 69
 89.0  75 28
 76.5  65 35
 73.1  70 29
 66.8 140 24
 65.3 140 24
 63.7 135 11
 62.7 190  3
 60.5 245 10
 57.5 295 16
 51.3 275 21
 48.0 285 33
 44.1 290 23
 40.5 320 19
 38.1 305 18
 36.6 275 12
 35.6 280 15
 34.3 255 12
 33.5 260 12
 32.8 235 14
 30.1 245 15
 27.3 235 24
 25.2 255 37
 23.3 280 23
 22.3 265 19
 20.9 285 17
 20.4 275 15
 19.6 295 10
 19.2 250  5
 18.8 195 10
 18.0 185 13
 17.5 125 12
 16.9  80 12
 16.1  80 12
 15.6  65 29
 15.1  75 42
 12.6 100 65
 11.8 100 55
 10.1  90 67
  8.0 100 83
  6.5  90 74
D20210223.00
D20210223.12
100.0  95 19
 70.0 115 26
 50.0 275 31
 30.0 260 29
 20.0 310 15
 10.0  95 64
 85.7  95 37
 79.7  75 35
 77.0  95 38
 72.1 120 31
 67.4  90 14
 65.1 355  4
 63.7 280 10
 57.7 270 48
 52.6 255 32
 45.6 285 27
 42.3 280 15
 39.6 240 11
 38.7 215 14
 36.8 250 10
 35.8 280 13
 34.1 290 14
 32.9 255 22
 31.1 250 28
 27.8 275 41
 24.7 295 32
 22.8 275 21
 18.8 320 10
 18.6 360  6
 18.4  45 10
 18.0  65 18
 17.3  45 20
 15.2  95 54
 13.4 110 63
 10.5  90 66
  7.9  70 62
D20210224.00
100.0  65 30
 70.0  40 15
 50.0 255 23
 30.0 275 21
 20.0 175  9
 10.0  75 52
 92.4  75 23
 88.5 105 25
 74.7  80 27
 70.5  35 17
 69.0  50 10
 68.1 315  2
 67.0 245 10
 65.7 240 16
 61.0 265 40
 59.5 275 38
 52.1 270 34
 49.7 255 24
 38.3 285 23
 35.4 260 17
 28.9 275 25
 24.7 325 30
 22.1 315 15
 21.7 310 10
 21.1 230  6
 20.6 185 10
 17.7  60 16
 17.5  55 17
 16.5  95 34
 15.3 110 57
 13.8 100 51
 12.9  80 57
 11.1  85 63
 10.6  90 55
  9.8  75 53
  7.8  90 55
D20210224.12
100.0  75 39
 70.0  70 21
 50.0 295 28
 30.0 300 33
 20.0 170  3
 10.0 100 60
 99.3  80 40
 92.6 110 34
 77.7 110 30
 71.1  75 26
 69.2  55 14
 67.5 335  5
 66.3 290 10
 61.4 270 29
 58.9 280 36
 52.2 300 26
 46.7 285 20
 43.6 295 19
 41.7 255 14
 38.8 255 10
 37.8 280 12
 37.1 275  8
 34.8 255 11
 34.0 280 14
 30.6 305 33
 27.0 290 33
 25.5 300 41
 22.6 310 18
 21.8 300 12
 21.7 295 10
 20.0 150  3
 19.1  85 10
 18.3  40 20
 17.7  35 22
 17.0  80 24
 16.7 100 29
 15.3 125 55
 14.5 110 48
 13.3 100 65
 12.6  85 59
 10.2 100 60
  9.6  95 52
  8.3  85 59
  7.0  90 59
D20210225.00
100.0  75 49
 70.0 285 21
 50.0 290 24
 30.0 275 19
 20.0 120 15
 10.0  80 57
 89.8  60 48
 82.2  80 36
 77.7  80 47
 75.2  70 16
 74.8  65 10
 74.0 360  3
 73.1 290 10
 66.9 280 33
 63.3 270 34
 53.9 310 30
 51.3 285 22
 47.2 275 24
 44.9 245 23
 39.2 235 24
 36.3 275 29
 31.7 285 23
 29.0 270 22
 27.9 285 26
 27.4 295 24
 25.4 300 12
 24.5 225  5
 23.9 190 10
 21.8 180 13
 19.8 115 16
 18.9 105 27
 18.0  80 17
 16.8 110 24
 15.0  75 46
 13.9  75 60
 12.1  85 50
 10.6  90 62
  7.2  90 53
D20210225.12
100.0 100 51
 70.0 270 30
 50.0 255 27
 30.0 260 22
 20.0  35 13
 10.0  75 50
 84.9  70 59
 80.8  90 18
 79.6  90 10
 78.4  35  1
 77.5 275 10
 72.2 280 35
 53.6 270 18
 52.1 250 22
 50.1 255 27
 43.8 265 16
 40.4 300 17
 36.9 275 25
 28.9 255 18
 28.1 270 21
 24.0 240 13
 23.3 255 10
 22.6 310  9
 22.4 330 10
 21.2 340 12
 20.1  35 13
 19.6  30 14
 19.1  55 16
 18.6  45 15
 17.9 110 15
 17.6 120 16
 17.2 110 17
 16.5  95 24
 15.7 100 36
 14.5  80 45
 14.1  85 50
 13.6  80 41
 12.5 100 44
 11.1  95 47
 10.1  75 49
  7.8 100 52
  5.3  75 70
  5.3  75 69
D20210226.00
100.0  80 53
 70.0 290 35
 50.0 270 34
 30.0 250 12
 20.0 175  4
 10.0  90 56
 90.5  85 64
 86.4  85 54
 80.8 115 40
 77.5 140 17
 76.7 150 11
 75.5 205  5
 74.0 265 10
 70.9 290 34
 67.4 290 37
 61.9 265 27
 57.3 275 23
 52.7 260 28
 47.6 285 31
 45.4 285 30
 42.9 245 35
 39.9 240 31
 38.2 265 27
 35.8 260 20
 33.8 280 20
 31.1 275 15
 30.3 250 12
 29.7 250 12
 27.6 260 13
 25.7 225 18
 24.2 215 15
 23.2 235 18
 22.1 195 15
 21.4 215 10
 19.6  75  1
 19.0  50 10
 18.7  40 16
 17.8  85 19
 17.5  90 19
 16.9  70 25
 13.7  70 61
 10.9  80 50
  9.3 100 55
  6.8  90 74
D20210226.12
100.0  90 42
 70.0 285 29
 50.0 290 20
 30.0 250 17
 20.0 315 12
 10.0  95 64
 91.6  90 56
 83.9  95 37
 77.8 175 19
 76.1 225 13
 75.2 255 16
 72.3 280 31
 68.8 285 30
 66.1 275 34
 60.9 265 24
 57.9 240 24
 49.2 305 21
 47.5 280 15
 46.9 265 15
 44.3 270 19
 41.3 240 25
 38.6 245 16
 35.0 290 19
 33.3 300 19
 31.8 295 20
 29.9 250 17
 28.5 255 21
 27.2 245 21
 24.2 280 10
 23.4 310 20
 22.3 305 24
 20.4 295 10
 19.9 325 13
 19.1 335 13
 18.0  75 17
 17.1  95 11
 15.3  90 40
 14.4 100 54
 13.4 115 55
 12.5 105 59
 11.7  90 54
 10.2  95 64
  9.6  95 62
D20210227.00
100.0 105 41
 70.0 280 27
 50.0 275 16
 30.0 240 23
 20.0  45 10
 10.0  85 59
 91.0 105 34
 86.7  80 39
 84.6  90 26
 83.6 110 19
 82.3 130 19
 79.6 155 17
 78.1 195 12
 75.1 260 17
 73.7 275 22
 67.0 280 38
 59.9 280 19
 49.1 275 16
 47.7 245 16
 45.4 235 19
 41.9 270 19
 39.4 255 10
 37.0 285 22
 33.4 275 22
 30.8 245 25
 30.1 240 23
 28.7 240 17
 27.2 300 18
 26.3 315 17
 24.1 315 36
 22.2 335 16
 21.7 325 10
 20.3  10  7
 18.9 115 20
 17.9 135 19
 17.0  85 21
 15.5  80 37
 14.8  95 48
 13.5  95 45
 13.1  90 58
 12.7  85 54
  6.8  90 79
  6.2  90 73
D20210227.12
100.0 105 31
 70.0 265 20
 50.0 275 18
 30.0 285 20
 20.0  75  5
 10.0  95 47
 94.5 115 25
 85.2  80 44
 81.6  90 22
 80.6 110 15
 79.5 155 11
 79.1 165 12
 75.4 240 17
 71.9 265 21
 66.8 270 31
 60.0 255 16
 54.2 290 22
 47.8 250 21
 42.4 300 27
 39.0 280 17
 37.6 275 19
 36.2 250 22
 33.8 240 32
 30.9 255 23
 29.6 295 20
 27.4 305  9
 24.4 330 26
 22.2 360 18
 20.0  70  5
 19.3 130 10
 18.5 145 21
 16.6  95 34
 14.9 105 47
 12.8  85 55
 12.1  85 46
  8.5 100 59
  8.4 100 56
D20210228.00
100.0  75 24
 70.0 290 20
 50.0 245 24
 30.0 295 21
 20.0 150  9
 10.0  90 64
 94.8  60 28
 84.8  80 41
 81.0  80 15
 80.3  80 10
 79.1 130  5
 77.6 200 10
 71.4 290 13
 69.2 290 22
 59.9 280 13
 58.8 300 18
 56.2 305 18
 53.7 265 17
 48.3 235 24
 46.6 245 21
 45.2 270 20
 40.1 250 19
 36.7 245 34
 34.2 235 31
 31.3 255 19
 30.8 270 17
 28.9 315 24
 25.7 330 26
 24.9 360 14
 24.7  20 11
 24.3 100  5
 24.0 160 10
 23.5 180 19
 22.0 185 29
 20.5 170  9
 18.8 110 21
 18.2  60 18
 17.1  60 30
 15.2  90 41
 13.4  80 45
 12.5  95 49
 11.2  80 52
  9.3  90 71
  6.5 100 82
D20210228.12
100.0  90 27
 70.0 280 15
 50.0 255 28
 30.0 340 21
 20.0  65  9
 10.0 110 57
 86.4  85 45
 83.5  75 23
 82.2  85 13
 80.4 135  9
 78.8 180 12
 74.2 245 16
 70.4 280 16
 67.6 265 14
 63.3 275 22
 61.3 250 20
 56.8 260 23
 55.0 230 20
 51.6 255 28
 48.0 250 24
 44.0 270 24
 38.6 245 25
 33.7 290 16
 31.7 350 15
 29.6 340 22
 27.0 335 10
 26.4  65  3
 25.9 130 11
 23.6 170 30
 22.6 175 29
 21.5 165 22
 20.9 130 16
 20.4  75 10
 19.6  70  9
 18.6  80 17
 17.8  45 19
 17.4  50 21
 16.8  85 27
 14.7 100 24
 13.6  85 34
 13.0 100 39
 11.4  90 46
  9.7 105 62
  8.4  85 63
  6.0  95 73
  5.7  90 77
  5.6  85 70
