USSR01 WSSS 010000
TTAA  51001 48698
99005 27840 20005 00079 27431 18508 92768 24058 20018
85495 19057 21518 70139 10258 26525 50587 04737 25525
40759 16132 19010 30969 31328 12010 25095 40942 08537
20243 53156 05549 15422 69158 05562 10655 82759 09551
88999
77119 07086 42644
31313 73508 82333=



UKSR01 WSSS 010000
TTBB  51008 48698
00005 27840 11938 23429 22927 24058 33878 20043 44836 18860
55620 05261 66595 02657 77584 02260 88552 00246 99534 01157
11485 06919 22442 10339 33363 21124 44348 22756 55304 30728
66281 34550 77239 43530 88208 51327 99204 51956 11174 61160
22157 66760 33148 69756 44125 76957 55114 77961 66100 82759
21212 00005 20005 11983 18012 22950 18516 33886 23018 44857
21518 55740 26025 66664 25031 77542 25539 88471 25521 99426
20016 11397 19010 22391 20008 33366 33510 44346 27502 55343
14002 66338 12502 77325 12004 88321 14502 99313 14504 11297
11012 22234 08051 33193 05049 44168 04553 55119 07086 66100
09551
31313 73508 82333
41414 11432=



ULSR01 WSSS 010000
TTCC  51001 48698
70865 72773 07016 50064 62383 08562 30385 52386 25012
20647 50986 25033 10105 43788 27516
88998 82959 09551
77502 08560 43301
31313 73508 82333=



UESR01 WSSS 010000
TTDD  5100/ 48698
11998 82959 22975 82359 33966 81360 44949 74365 55898 69966
66631 74574 77589 73174 88560 70775 99545 66578 11502 62583
22457 63383 33419 61583 44394 56585 55343 58384 66315 53385
77292 51186 88270 53585 99247 51186 11219 54585 22200 50986
33174 50386 44147 46387 55126 47587 66116 47587 77093 41989
88076 39989 99067 33991 11065 30992 22049 30592
21212 11935 11027 22843 22016 33794 21012 44732 09512 55691
06016 66647 06531 77611 09531 88502 08560 99429 08558 11408
08554 22385 08029 33375 06525 44347 07537 55315 13008 66305
23006 77281 27537 88206 25033 99182 26537 11166 25023 22157
27531 33137 28016 44134 31008 55132 00506 66128 34506 77127
31006 88123 27019 99119 26527 11098 27516 22091 31508 33087
30502 44085 16502 55083 23004 66078 28506 77077 26004 88075
14002 99073 21008 11068 20012 22065 16006 33061 24004 44060
28504 55059 29506 66054 25012 77052 26008 88051 24012 99049
24519
31313 73508 82333=
