USSR01 WSSS 201200
TTAA  70111 48698
99006 29657 20504 00083 29256 17008 92777 23233 17512
85511 19232 25012 70156 11059 25008 50588 05326 15516
40760 13560 12029 30972 29541 10023 25099 38568 05029
20249 51361 03547 15428 67560 06047 10665 73959 07514
88109 79956 06023
77999
31313 73508 81045=



UKSR01 WSSS 201200
TTBB  70118 48698
00006 29657 11958 25229 22895 21023 33790 16656 44748 13036
55714 11248 66684 10463 77663 08050 88588 01614 99539 02707
11522 03539 22471 08130 33462 09304 44442 09740 55409 12561
66378 16564 77341 23142 88307 28335 99297 30140 11292 30758
22254 37768 33177 58558 44164 62561 55109 79956 66107 79756
77105 77958 88104 74760 99100 73959
21212 00006 20504 11982 16514 22969 18512 33923 17510 44892
23008 55861 25012 66831 23516 77805 25014 88775 22512 99738
25516 11727 24512 22696 25008 33669 22508 44660 23510 55644
21012 66579 23508 77560 12506 88547 09008 99530 12008 11524
16004 22518 13506 33511 15510 44457 16512 55447 13508 66428
13521 77412 11527 88337 12025 99284 08521 11271 06016 22228
04541 33180 04051 44149 06045 55131 09029 66115 05021 77106
05531 88100 07514
31313 73508 81045
41414 11532=



ULSR01 WSSS 201200
TTCC  70111 48698
70873 73366 27527 50074 65377 26514 30388 60783 12541
20644 54185 08062 10098 43588 09084
88999
77090 09091 41525
31313 73508 81045=



UESR01 WSSS 201200
TTDD  7011/ 48698
11921 76759 22879 73362 33723 74164 44646 72367 55608 68371
66431 63180 77384 65379 88357 65779 99343 63980 11332 59184
22299 60783 33228 58184 44215 54985 55165 54385 66137 50986
77129 46387 88122 44188 99095 43988 11074 37390 22066 31799
21212 11990 07510 22959 13502 33946 19504 44893 14002 55889
29502 66841 29006 77818 26004 88742 27039 99677 28521 11642
23510 22629 28006 33601 32502 44595 14502 55577 17008 66565
16006 77549 21514 88539 21012 99525 24016 11500 26514 22481
25525 33418 29031 44365 30027 55351 33516 66331 10029 77310
12539 88276 10049 99206 08058 11166 08570 22119 09060 33090
09091 44083 09076 55066 10066
31313 73508 81045=
