USSR01 WSSS 010000
TTAA  51001 48698
99008 28249 19505 00106 27432 17508 92790 22018 14012
85524 19459 16004 70169 09420 33016 50589 05550 01008
40762 13365 07514 30974 29368 07021 25101 40562 06533
20249 52760 05543 15428 66960 07058 10665 81558 05531
88101 81558 05533
77139 07566 41547
31313 73508 82330=



UKSR01 WSSS 010000
TTBB  51008 48698
00008 28249 11974 25216 22888 19815 33870 19850 44859 20060
55821 16821 66752 12415 77730 12436 88669 07409 99662 08047
11651 07658 22612 04429 33543 02509 44521 03356 55484 07358
66478 06964 77470 07961 88460 09329 99454 08963 11438 08974
22417 11565 33375 16375 44344 22365 55300 29368 66267 36767
77228 46138 88204 51559 99175 59550 11163 63341 22153 66358
33118 74161 44101 81558 55100 81558
21212 00008 19505 11990 16010 22925 14012 33892 16012 44873
14506 55844 16502 66837 23502 77830 17002 88825 04502 99818
34504 11802 34006 22780 01010 33765 35508 44739 01508 55725
32514 66698 33016 77676 01516 88650 33008 99641 35010 11613
34010 22594 00514 33567 36008 44557 33508 55549 00508 66532
00508 77526 05004 88489 01004 99482 05508 11465 05012 22437
09527 33412 07016 44389 08512 55380 11514 66337 09019 77331
06521 88307 06521 99263 08535 11252 06535 22234 06527 33166
06556 44139 07566 55125 08533 66117 06019 77100 05531
31313 73508 82330
41414 11438=



ULSR01 WSSS 010000
TTCC  51001 48698
70872 69369 25510 50075 65175 26508 30388 59380 10033
20645 55981 09553 10089 50386 08591
88999
77103 09091 42310
31313 73508 82330=



UESR01 WSSS 010000
TTDD  5100/ 48698
11954 79958 22925 74562 33762 75164 44695 68369 55636 65972
66537 67176 77516 64377 88462 66974 99421 64179 11387 66375
22329 60979 33302 59380 44276 61978 55255 56582 66225 54183
77179 57181 88151 57383 99109 50386 11095 50186 22083 44188
33069 41989
21212 11944 06504 22941 02502 33937 30502 44935 29004 55879
25018 66836 25519 77780 27535 88722 27016 99698 25012 11650
25523 22540 27018 33529 30512 44506 26508 55488 28002 66483
36002 77481 35502 88474 27004 99465 25510 11456 28514 22437
29523 33411 33027 44375 01014 55360 07502 66359 10002 77358
19502 88353 23502 99351 21002 11349 10502 22336 13012 33317
12518 44295 08531 55265 10547 66140 09574 77128 10066 88103
09091 99100 08591 11091 09591 22086 10091 33076 09084 44069
08549
31313 73508 82330=
