USSR01 WSSS 130000
TTAA  63001 48698
99009 28445 26502 00107 27231 12008 92794 22013 09008
85526 17816 26508 70167 09437 29010 50589 04165 11008
40761 14570 07014 30972 30369 10512 25099 40750 07004
20246 53956 06529 15424 68159 08056 10661 76959 08014
88107 78559 05019
77147 08560 43237
31313 73508 82331=



UKSR01 WSSS 130000
TTBB  63008 48698
00009 28445 11954 23809 22909 21637 33882 19811 44752 12218
55745 12244 66692 09024 77644 06656 88623 04635 99603 03250
11583 02262 22579 02271 33569 01878 44538 01558 55523 02956
66504 04162 77498 04365 88491 05359 99448 10160 11439 11356
22419 11967 33293 31569 44272 36367 55265 37965 66257 39156
77238 43557 88211 50932 99210 51124 11207 51956 22190 57132
33155 67557 44145 69760 55140 67964 66107 78559 77100 76959
21212 00009 26502 11987 11008 22959 13014 33938 12510 44923
09508 55909 17008 66898 16010 77862 20506 88855 26006 99838
26510 11821 23508 22780 29506 33771 28008 44763 31508 55729
27010 66722 30506 77711 28008 88698 28510 99689 23506 11667
29508 22649 28510 33618 29508 44609 24004 55605 31004 66597
32504 77594 27002 88588 25004 99580 17006 11542 14502 22538
03502 33535 06502 44523 12506 55514 13006 66502 11010 77495
07006 88480 08008 99473 06010 11453 06012 22434 35010 33412
02014 44404 06012 55389 07508 66380 10014 77367 10516 88351
07512 99341 08512 11310 06010 22302 10512 33282 05006 44277
01002 55272 03502 66265 11002 77264 15002 88263 21002 99261
26502 11251 04004 22248 09006 33242 05508 44232 10010 55228
07512 66214 06512 77197 08035 88171 06029 99165 07537 11151
08054 22147 08560 33135 07029 44117 05039 55105 04016 66100
08014
31313 73508 82331
41414 48438=



ULSR01 WSSS 130000
TTCC  63001 48698
70869 71169 22519 50072 64382 21008 30387 62783 11523
20638 57784 09554 10085 47387 09080
88999
77076 09093 41935
31313 73508 82331=



UESR01 WSSS 130000
TTDD  6300/ 48698
11955 78159 22915 73363 33752 74964 44688 68371 55548 67179
66513 63783 77373 61183 88321 63383 99292 61183 11271 63183
22223 58384 33183 58784 44163 55185 55130 53385 66114 48387
77096 47387 88084 44788 99068 36590 11052 32591
21212 11935 07002 22930 20502 33922 25504 44916 27006 55875
28018 66827 25529 77723 25019 88698 23018 99682 26012 11650
22002 22644 15002 33622 11006 44600 23006 55593 23006 66581
16006 77564 19508 88549 25514 99512 24510 11495 20008 22488
23010 33477 24510 44468 29508 55446 29523 66419 32019 77401
30529 88357 01012 99347 01012 11329 34012 22322 01008 33313
09508 44302 11521 55273 07035 66231 09056 77189 09053 88142
09080 99122 09070 11090 09076 22076 09093 33073 10082 44064
07553 55059 07547 66054 09518 77052 14510
31313 73508 82331=
