USSR01 WSSS 180000
TTAA  68001 48698
99008 28645 22502 00104 27837 18504 92794 22014 17010
85526 18646 24010 70161 09023 27514 50588 05543 11504
40761 13168 11012 30972 29762 05514 25099 39767 03523
20248 53759 04541 15426 68361 07045 10663 78762 13506
88103 79761 12021
77999
31313 72208 80002=



UKSR01 WSSS 180000
TTBB  68008 48698
00008 28645 11952 23811 22892 19822 33862 19650 44824 16222
55729 11637 66689 08025 77609 03025 88592 02256 99578 01231
11564 00857 22518 04319 33500 05543 44461 11311 55457 06960
66418 10968 77341 23359 88336 23762 99319 27158 11291 31363
22249 39967 33194 55557 44166 63957 55135 69569 66103 79761
77100 78762
21212 00008 22502 11992 18506 22978 21504 33961 15006 44939
15010 55910 19508 66895 17012 77873 18512 88811 30510 99784
27510 11767 29014 22731 27014 33673 27510 44659 24508 55650
29502 66647 22002 77645 21502 88639 28502 99629 30502 11625
24002 22619 25506 33611 23004 44603 29002 55597 25002 66575
04004 77574 06502 88572 16002 99570 18506 11563 19510 22558
15506 33548 14504 44544 07504 55534 12010 66520 08508 77507
08004 88497 12002 99493 04004 11484 08004 22472 03004 33467
07504 44458 05514 55451 07014 66445 06012 77440 08016 88430
07518 99401 11012 11384 10510 22378 07508 33360 10508 44356
08008 55320 07514 66308 04512 77295 04516 88290 08514 99272
07519 11267 04516 22251 03521 33228 05027 44200 04541 55194
06047 66156 06049 77143 09037 88133 09521 99117 06525 11108
12525 22100 13506
31313 72208 80002
41414 12432=



ULSR01 WSSS 180000
TTCC  68001 48698
70872 67582 27516 50075 65782 31010 30390 61383 08041
20646 52386 09562 10101 45787 08568
88999
77073 08078 41032
31313 72208 80002=



UESR01 WSSS 180000
TTDD  6800/ 48698
11909 76762 22854 71368 33802 72571 44754 71974 55736 68778
66572 68782 77520 67382 88479 62183 99423 64982 11385 59784
22331 62383 33315 60384 44292 62383 55242 58184 66235 55385
77223 56585 88199 51586 99161 51986 11141 48587 22116 47787
33102 46787 44082 40389 55080 38389 66075 36990 77064 37790
88063 37990 99062 38589 11059 35590 22058 32991 33051 34391
21212 11963 14502 22957 33002 33938 29510 44868 25016 55846
27016 66805 26525 77773 28525 88734 33510 99714 27514 11626
27545 22555 28035 33512 33010 44498 30510 55446 04514 66421
07019 77403 10523 88389 12025 99361 18519 11316 08533 22283
07554 33226 07554 44209 09564 55175 09554 66119 09058 77103
08570 88082 08568 99073 08078 11065 10558 22060 10066 33053
13531 44051 12527
31313 72208 80002=
