USSR01 WSSS 110000
TTAA  61001 48698
99009 27042 04502 00118 26445 23502 92799 22850 19508
85537 18439 22510 70170 08418 22012 50589 05922 31008
40761 16721 35504 30970 31556 08525 25097 41756 09035
20244 54359 08537 15422 68960 06547 10654 77562 09037
88108 83161 09054
77999
31313 73508 82354=



UKSR01 WSSS 110000
TTBB  61008 48698
00009 27042 11898 21656 22759 11418 33631 05035 44484 07326
55372 21308 66322 28156 77237 44756 88223 47959 99191 56757
11108 83161 22100 77562
21212 00009 04502 11984 19002 22955 20006 33928 19008 44906
22006 55881 20508 66847 23010 77796 23514 88702 22012 99635
28019 11547 30018 22517 33014 33479 30504 44476 29004 55471
32004 66468 29502 77460 28002 88457 29002 99454 22002 11447
20004 22436 19506 33429 22502 44419 33002 55411 01004 66390
35506 77374 02008 88358 01508 99322 08016 11236 09535 22142
06547 33107 09056 44100 09037
31313 73508 82354
41414 11438=



ULSR01 WSSS 110000
TTCC  61001 48698
70862 70171 08037 50069 64583 25039 30388 56385 28523
20649 49986 26035 10103 44588 30018
88558 64183 26035
77999
31313 73508 82354=



UESR01 WSSS 110000
TTDD  6100/ 48698
11916 73364 22810 76164 33724 72569 44706 71370 55671 62981
66624 60384 77558 64183 88440 63583 99417 59384 11275 56785
22255 52786 33209 49586 44164 52985 55144 49786 66116 49386
77095 43588 88080 42188 99068 36390 11059 34191
21212 11927 02506 22911 34004 33900 32506 44812 02506 55744
05531 66714 07541 77663 08502 88661 25002 99646 27010 11582
26533 22519 25041 33435 24523 44414 29523 55364 31539 66312
30029 77292 27023 88260 26031 99227 28529 11202 26037 22154
25033 33111 28043 44098 31516 55090 26525 66064 24012 77063
25008 88062 30004 99060 01006 11059 02012
31313 73508 82354=
