USSR01 WSSS 261200
TTAA  76111 48698
99006 27445 34003 00088 26834 29506 92774 22638 30019
85509 18638 28518 70152 09828 31010 50588 04326 24512
40761 14343 22014 30973 29335 27506 25100 39944 21002
20248 52949 07525 15427 69147 08535 10657 85350 08058
88102 85942 08056
77999
31313 73508 81040=



UKSR01 WSSS 261200
TTBB  76118 48698
00006 27445 11959 24013 22930 22840 33624 04007 44496 04531
55401 14340 66328 24329 77216 48357 88121 80146 99102 85942
11100 85350
21212 00006 34003 11990 28010 22943 30019 33874 29519 44806
27514 55776 31008 66665 32008 77637 30006 88615 32506 99576
27016 11543 27018 22484 22514 33436 24018 44377 21014 55359
16508 66334 20004 77318 17504 88314 20504 99313 19504 11310
24004 22301 27506 33285 29006 44264 28502 55252 22502 66244
14004 77237 10506 88187 07527 99100 08058
31313 73508 81040
41414 28478=



ULSR01 WSSS 261200
TTCC  76111 48698
70864 70164 12002 50067 63370 29527 30386 56771 30535
20648 49586 25039 10106 43188 30041
88999
77996 08060 40768
31313 73508 81040=



UESR01 WSSS 261200
TTDD  7611/ 48698
11981 85746 22956 80559 33945 77560 44868 76158 55806 71961
66770 73959 77728 73961 88686 66967 99594 69366 11487 62171
22396 59371 33370 61767 44317 55574 55293 57170 66267 52177
77187 51186 88166 48187 99141 48987 11108 45388 22091 39989
33067 39589
21212 11996 08060 22976 08058 33908 04510 44879 29010 55866
27012 66836 26508 77817 23008 88710 14506 99700 12002 11697
06502 22686 34004 33643 27512 44602 27027 55539 27021 66457
31025 77421 29018 88383 26529 99310 30533 11289 30029 22270
26027 33225 24539 44149 27535 55129 27039 66098 30041 77088
27537 88073 27029 99067 23519
31313 73508 81040=
