USSR01 WSSS 280000
TTAA  78001 48698
99006 25822 34004 00083 25625 30508 92769 23038 28518
85501 19043 28014 70140 08819 28519 50586 05121 26029
40758 15133 26523 30969 29758 07010 25096 40134 05021
20244 53156 07527 15423 69556 07545 10654 83560 08562
88105 84161 08072
77106 08072 41264
31313 72208 82338=



UKSR01 WSSS 280000
TTBB  78008 48698
00006 25822 11972 24023 22945 24656 33701 08820 44672 08231
55558 01113 66518 03514 77452 10505 88417 13737 99371 18918
11349 21926 22342 22356 33316 26959 44271 35728 55195 54557
66165 64550 77105 84161 88100 83560
21212 00006 34004 11993 30512 22891 27516 33710 29018 44567
25031 55483 26529 66424 25523 77345 28516 88329 32004 99321
04002 11314 06504 22282 06510 33269 03516 44199 07527 55172
07529 66141 08060 77106 08072 88100 08562
31313 72208 82338
41414 83478=



ULSR01 WSSS 280000
TTCC  78001 48698
70862 68574 15510 50065 60182 25531 30386 56385 24027
20648 52986 29037 10103 44988 25023
88999
77999
31313 72208 82338=



UESR01 WSSS 280000
TTDD  7800/ 48698
11937 76164 22872 74165 33817 75965 44722 70572 55713 67975
66644 70777 77610 70178 88548 62583 99516 59781 11430 61783
22345 56185 33300 56385 44275 52985 55217 51586 66185 54185
77171 50986 88126 49386 99110 43988 11097 45188 22079 42988
33069 37990 44058 35990
21212 11961 08539 22917 11012 33875 07506 44847 00506 55824
35004 66797 04508 77780 05008 88736 14512 99684 15506 11676
18004 22662 25504 33599 03012 44571 12508 55558 20510 66509
25527 77448 25535 88357 24523 99342 26025 11314 24027 22211
29033 33178 27529 44162 27039 55148 28031 66111 25019 77094
25527 88083 24539 99074 24031 11067 21018 22058 27014
31313 72208 82338=
