USSR01 WSSS 240000
TTAA  74001 48698
99008 26430 34002 00105 25623 32006 92789 22639 32516
85520 17008 33018 70153 08837 25506 50587 05909 06002
40759 15120 03510 30970 30127 07514 25098 40138 06518
20246 53344 07531 15424 69747 07539 10654 82756 08053
88115 83135 06549
77999
31313 73508 82343=



UKSR01 WSSS 240000
TTBB  74008 48698
00008 26430 11945 24046 22854 17410 33717 09426 44691 09444
55585 00409 66482 07314 77396 15520 88293 31129 99171 62550
11143 72339 22133 76356 33115 83135 44108 82950 55100 82756
21212 00008 34002 11991 30510 22969 29514 33914 33018 44735
31508 55721 28004 66676 21004 77645 21006 88604 25004 99592
22006 11572 26504 22569 23502 33565 14002 44562 10502 55551
09502 66544 03502 77528 03502 88519 02002 99517 34002 11504
07002 22502 05502 33501 07002 44499 04502 55497 06502 66494
05502 77492 01502 88490 03502 99488 02502 11487 04002 22485
03002 33483 05002 44481 35502 55474 33002 66451 35004 77438
03504 88429 08504 99414 04506 11393 02512 22364 04010 33335
09510 44244 06518 55208 07531 66177 08519 77161 08037 88105
08058 99100 08053
31313 73508 82343
41414 28478=



ULSR01 WSSS 240000
TTCC  74001 48698
70861 69958 07008 50067 63756 27037 30386 55761 27525
20649 50364 28039 10104 44973 29039
88502 63956 27037
77999
31313 73508 82343=



UESR01 WSSS 240000
TTDD  7400/ 48698
11950 77358 22802 74529 33750 73757 44712 71756 55699 69758
66673 69742 77614 63956 88602 60358 99575 59742 11559 60156
22539 61337 33509 63539 44502 63956 55472 63534 66460 62557
77450 62358 88436 61539 99432 61533 11423 61158 22409 60958
33400 60143 44385 59538 55376 59556 66363 59145 77326 58958
88317 58362 99261 50764 11191 51566 22150 50964 33132 46367
44119 47169 55075 42585 66072 41589 77069 37790 88066 35590
99063 34791 11058 37390 22049 28193
21212 11893 12010 22867 24508 33836 28518 44758 28512 55733
35006 66707 04008 77691 11508 88683 13510 99621 16006 11608
24012 22593 26027 33560 26541 44467 26523 55356 25533 66310
28029 77245 26533 88194 28041 99168 25047 11126 28533 22110
26035 33094 30537 44071 27525 55068 19516 66064 20039 77055
17533 88053 18033 99050 10021 11049 07533
31313 73508 82343=
