USSR01 WSSS 121200
TTAA  62111 48698
99004 30257 36002 00068 29256 14506 92758 23836 12514
85494 19228 15008 70147 11063 35006 50588 04358 09006
40759 14962 07519 30971 30936 11029 25098 39963 09533
20246 52368 08529 15425 67759 09025 10659 79558 06537
88109 80357 08021
77999
31313 73508 81039=



UKSR01 WSSS 121200
TTBB  62118 48698
00004 30257 11970 27240 22958 26257 33900 22229 44730 12456
55704 11262 66642 07267 77628 05661 88619 05467 99608 04467
11602 03660 22533 01360 33452 09757 44412 13162 55399 15362
66386 16947 77364 20323 88297 31333 99289 32557 11278 34957
22275 35559 33229 44571 44178 58367 55133 73957 66109 80357
77100 79558
21212 00004 36002 11003 14006 22947 12014 33839 16006 44818
19002 55802 23004 66771 21502 77764 26002 88752 23502 99746
29502 11736 31002 22731 04002 33722 36004 44707 01506 55700
35006 66648 29510 77591 27504 88584 23502 99550 26008 11523
23504 22519 19002 33517 12002 44492 07008 55422 09014 66404
07518 77383 11023 88308 11529 99217 08025 11184 09025 22158
07525 33138 10027 44127 08019 55115 08521 66100 06537
31313 73508 81039
41414 11532=



ULSR01 WSSS 121200
TTCC  62111 48698
70865 77162 03525 50066 59180 09043 30391 52985 26039
20653 50586 26537 10116 40389 27031
88726 78561 00521
77999
31313 73508 81039=



UESR01 WSSS 121200
TTDD  6211/ 48698
11948 78758 22926 74362 33726 78561 44628 72366 55577 65372
66514 62377 77495 57182 88474 54785 99389 58584 11341 58784
22315 53985 33242 53585 44229 51186 55181 48787 66169 50386
77160 46387 88119 42188 99085 40389 11077 42188 22066 41589
33052 34399
21212 11960 06531 22876 14016 33830 15008 44813 11506 55792
03508 66744 36018 77722 00521 88692 05027 99620 08553 11532
08056 22515 08556 33477 12514 44462 20012 55433 20016 66402
28025 77336 29027 88316 26523 99299 26039 11244 25527 22231
23019 33209 25535 44173 30037 55162 31023 66149 28518 77120
26533 88099 27031 99079 29508 11077 33506 22076 01006 33070
06521 44062 06014 55058 11014 66056 08012 77053 12008 88052
09506
31313 73508 81039=
