USSR01 WSSS 020000
TTAA  52001 48698
99005 28236 00501 00077 28030 33502 92769 22831 15508
85503 18826 17004 70140 08818 16006 50587 03557 12510
40759 14956 08521 30970 30349 06039 25097 40158 05535
20245 52940 04545 15424 68750 04554 10655 83556 07558
88105 86146 06566
77115 05568 41134
31313 73508 82332=



UKSR01 WSSS 020000
TTBB  52008 48698
00005 28236 11948 23604 22924 22832 33755 12015 44728 11257
55711 09618 66599 02826 77557 01458 88442 09559 99410 13944
11359 21139 22348 21758 33332 24549 44316 27541 55302 29949
66296 30559 77205 51537 88140 72150 99120 79739 11105 86146
22100 83556
21212 00005 00501 11988 11502 22915 16008 33873 14004 44836
19002 55824 22004 66786 23504 77781 19002 88770 20004 99765
18004 11745 22006 22729 20504 33709 15002 44696 16508 55668
14012 66567 11514 77544 13010 88524 10008 99505 12510 11476
10512 22430 10519 33395 08523 44187 04045 55115 05568 66100
07558
31313 73508 82332
41414 32432=



ULSR01 WSSS 020000
TTCC  52001 48698
70859 71766 07547 50067 54385 13004 30388 58584 23512
20647 52384 27018 10104 43385 28514
88366 63383 36010
77999
31313 73508 82332=



UESR01 WSSS 020000
TTDD  5200/ 48698
11905 83550 22886 80358 33845 79956 44808 79557 55756 73562
66679 71766 77661 70169 88651 66373 99580 59983 11570 55985
22518 53585 33366 63383 44340 57984 55303 58584 66289 55585
77226 55581 88129 46185 99111 45783 11097 42985 22091 44184
33082 43585 44077 39988 55068 38786 66048 31587
21212 11792 10043 22703 07547 33649 07556 44577 07547 55510
08506 66472 24004 77430 28021 88381 30010 99345 09508 11339
20008 22313 26514 33288 21006 44279 23502 55277 27002 66276
26502 77271 08002 88254 13504 99251 21504 11246 26008 22239
28510 33197 26516 44180 25531 55166 25027 66138 30527 77110
26023 88097 29012 99092 33008 11086 29502 22085 14002 33084
12506 44076 10027 55069 09531 66053 11021 77052 13014 88051
17508 99050 19010 11048 13510
31313 73508 82332=
