USSR01 WSSS 060000
TTAA  56001 48698
99007 27056 26001 00098 26850 32002 92787 23058 28508
85522 18040 29514 70162 09656 19516 50586 07108 25008
40758 17101 15504 30968 31739 08519 25094 41756 05027
20241 53357 06556 15420 68160 06060 10655 76161 10054
88115 79158 07551
77191 06562 42304
31313 73508 82333=



UKSR01 WSSS 060000
TTBB  56008 48698
00007 27056 11976 25237 22966 25457 33851 18041 44772 14456
55731 11034 66708 10250 77645 04031 88614 02201 99415 15517
11402 16701 22390 18130 33375 19921 44332 25545 55240 43958
66165 64156 77148 68761 88115 79158 99106 78757 11100 76161
21212 00007 26001 11984 17504 22962 21504 33946 28006 44898
30012 55817 28508 66785 22510 77731 21518 88674 17512 99624
18512 11595 23506 22548 25510 33531 24010 44477 24514 55450
21012 66442 21510 77401 15506 88393 20002 99389 33002 11381
03504 22346 10508 33335 09010 44319 10018 55269 04519 66191
06562 77158 06562 88149 06062 99100 10054
31313 73508 82333
41414 11432=



ULSR01 WSSS 060000
TTCC  5600/ 48698
88999
77999
31313 73508 82333=



UESR01 WSSS 060000
TTDD  5600/ 48698
11958 76757 22922 69361
21212 11922 09045
31313 73508 82333=
