USSR01 WSSS 160000
TTAA  66001 48698
99008 28034 12001 00104 27625 12502 92789 21602 18508
85523 17420 21008 70162 07820 24514 50587 06559 24019
40758 16159 09521 30969 29765 06543 25096 41363 07037
20244 54343 08045 15421 68950 06056 10658 76163 23508
88999
77140 06568 41754
31313 73508 82336=



UKSR01 WSSS 160000
TTBB  66008 48698
00008 28034 11908 20206 22867 18005 33842 17850 44776 14449
55713 08615 66612 03258 77567 00744 88532 03940 99498 06559
11448 12726 22422 13559 33396 16758 44382 18722 55375 19910
66366 20337 77364 20735 88361 20956 99360 20960 11325 26157
22315 26963 33249 41564 44209 51741 55192 56750 66176 61325
77138 72950 88130 73959 99123 70964 11100 76163
21212 00008 12001 11991 12002 22987 13002 33950 15504 44887
21510 55849 21008 66832 25504 77805 27006 88734 24014 99683
24510 11639 18010 22616 21010 33564 21508 44537 23518 55492
24018 66457 19010 77420 09516 88410 08519 99388 10521 11339
10029 22313 07039 33201 08045 44162 06053 55140 06568 66133
06562 77119 06516 88114 12014 99104 10502 11103 20502 22102
23004 33100 23508
31313 73508 82336
41414 29432=



ULSR01 WSSS 160000
TTCC  66001 48698
70863 72570 08045 50068 56785 13518 30394 54785 28039
20654 53585 29521 10112 45987 29033
88892 82159 23504
77629 07560 41825
31313 73508 82336=



UESR01 WSSS 160000
TTDD  6600/ 48698
11892 82159 22827 80559 33796 75763 44763 72765 55653 72570
66554 61383 77542 57384 88449 59184 99431 58984 11407 53385
22280 56185 33263 53585 44219 54385 55177 50786 66170 48187
77157 48987 88135 44188 99103 46387 11093 40989 22085 41389
33072 36990 44060 36190 55047 27793
21212 11876 24002 22863 18502 33842 13002 44837 04002 55831
02502 66754 06539 77691 08545 88629 07560 99559 08554 11511
11523 22470 21016 33411 19510 44399 28008 55375 30027 66363
31027 77342 29031 88261 27535 99223 28535 11186 28514 22175
03010 33166 18510 44163 20518 55151 23537 66142 24531 77133
25545 88116 27045 99105 28541 11098 29027 22092 32012 33089
31016 44085 01014 55083 01512 66076 09006 77075 08506 88073
31004 99072 30010 11071 32010 22069 04010 33068 06016 44052
11518 55047 25010
31313 73508 82336=
