USSR01 WSSS 111200
TTAA  61111 48698
99005 31058 20008 00073 30657 17010 92765 24026 15516
85501 19631 19010 70146 11864 28012 50587 05757 19504
40759 15950 07018 30969 31159 10035 25096 40759 07041
20244 52759 06566 15423 67160 08047 10659 75561 08031
88111 80359 06543
77187 06070 40716
31313 73508 81047=



UKSR01 WSSS 111200
TTBB  61118 48698
00005 31058 11931 24421 22904 23658 33849 19630 44791 16457
55762 14241 66711 12463 77643 08473 88597 03873 99577 01263
11546 00968 22476 08537 33415 14535 44355 22750 55341 23360
66291 32959 77282 34559 88273 35963 99261 38367 11238 43556
22213 49360 33189 56160 44177 59956 55150 67160 66111 80359
77100 75561
21212 00005 20008 11991 17012 22922 15018 33896 18016 44854
19010 55832 21008 66795 20504 77770 24502 88759 22502 99758
24002 11753 24002 22752 22502 33750 16002 44747 23002 55745
22002 66738 29002 77720 30006 88700 28012 99668 30518 11591
30016 22569 26514 33544 25014 44509 25506 55501 20504 66482
15004 77469 07006 88413 06516 99346 09529 11294 10037 22257
07539 33187 06070 44181 06070 55166 06568 66148 08045 77132
08031 88110 06545 99100 08031
31313 73508 81047
41414 21532=



ULSR01 WSSS 111200
TTCC  61111 48698
70869 74366 04012 50068 64576 09049 30391 51786 24016
20655 48187 28029 10116 42388 30021
88768 75766 24010
77999
31313 73508 81047=



UESR01 WSSS 111200
TTDD  6111/ 48698
11957 73562 22944 68966 33919 67167 44768 75766 55593 73967
66493 64376 77477 60381 88431 54985 99339 58384 11307 52586
22232 52586 33215 49187 44185 46787 55150 48587 66109 44788
77085 39389 88057 37190 99047 34191
21212 11945 07023 22879 17004 33823 22506 44748 26004 55734
34004 66671 08016 77656 09016 88626 07023 99563 08547 11439
10008 22431 21006 33427 22510 44405 24023 55368 26023 66350
29025 77326 29025 88311 31010 99302 24512 11284 24035 22228
30031 33215 28025 44191 26525 55173 26543 66126 27025 77095
30018 88086 26508 99081 35008 11074 04018 22067 05529 33058
07514 44052 03514 55049 34516 66047 34018
31313 73508 81047=
