USSR01 WSSS 261200
TTAA  76111 48698
99006 26029 34503 00086 25419 30504 92771 22643 17010
85502 19249 15506 70147 09637 08014 50587 05137 08521
40759 15716 07537 30971 29734 04527 25098 40349 05021
20246 53350 05531 15424 69149 04058 10657 75958 08066
88117 80956 05068
77125 04572 41144
31313 73508 81043=



UKSR01 WSSS 261200
TTBB  76118 48698
00006 26029 11972 23206 22953 23630 33845 19256 44771 13418
55654 06647 66637 05218 77609 03249 88588 01422 99519 03338
11408 14710 22335 23333 33264 36946 44117 80956 55111 80156
66100 75958
21212 00006 34503 11991 29004 22984 29006 33972 25004 44930
17010 55900 18012 66853 16006 77845 18006 88811 18006 99763
09508 11730 08012 22649 09518 33600 07523 44473 09525 55399
07537 66336 04529 77206 05527 88125 04572 99110 07560 11100
08066
31313 73508 81043
41414 18478=



ULSR01 WSSS 261200
TTCC  76111 48698
70865 72963 09518 50068 60369 14523 30391 54772 27047
20653 52586 27031 10111 42788 15502
88999
77999
31313 73508 81043=



UESR01 WSSS 261200
TTDD  7611/ 48698
11912 77357 22837 71561 33720 74761 44608 70565 55551 62169
66525 59171 77491 60968 88420 56371 99202 52586 11149 49386
22106 44388 33097 40989 44081 38789 55064 42788 66062 43588
77058 38989 88054 36790
21212 11898 09558 22748 09516 33607 08535 44532 10527 55501
14523 66429 06008 77419 30506 88415 29008 99358 26545 11326
27056 22241 26041 33179 28539 44150 29016 55144 25512 66135
27035 77117 26523 88105 27504 99101 08002 11100 15502 22098
18004 33094 11506 44091 16006 55086 14004 66084 18004 77082
14004 88081 13504 99079 08006 11076 10004 22075 12502 33074
20002 44069 20006 55067 18004 66064 07008 77063 06012 88060
07533 99054 05521
31313 73508 81043=
