USSR01 WSSS 200000
TTAA  70001 48698
99007 27837 07003 00093 27424 11502 92782 22415 12510
85512 18426 20004 70157 09456 34004 50588 05756 15510
40760 15957 11508 30971 30563 08033 25098 40937 10035
20246 52362 07551 15426 68147 09033 10658 84550 02521
88101 84550 02021
77999
31313 73508 82336=



UKSR01 WSSS 200000
TTBB  70008 48698
00007 27837 11961 24608 22864 19441 33722 10218 44688 09458
55557 00737 66486 06958 77482 07350 88475 07559 99426 13143
11415 13958 22395 16557 33388 16962 44363 20359 55345 21964
66290 32564 77286 33159 88277 34560 99272 35759 11269 36556
22261 38524 33254 39937 44252 40536 55251 40736 66248 40959
77246 40965 88226 45371 99177 59363 11149 68544 22133 73534
33101 84550 44100 84550
21212 00007 07003 11979 12508 22878 13504 33866 15004 44862
17502 55834 23502 66830 20502 77810 24002 88802 27504 99780
28006 11776 26506 22734 29002 33724 35002 44722 03502 55719
35002 66714 01502 77706 33004 88684 35502 99681 03502 11671
36002 22659 01004 33655 34504 44635 32504 55618 07004 66614
05004 77606 07504 88584 07506 99509 13510 11500 15510 22452
12006 33431 10002 44428 13002 55427 12002 66424 17002 77421
14502 88416 15004 99412 13004 11381 09016 22333 09521 33301
08031 44256 10033 55211 07051 66144 08527 77116 04010 88110
00508 99100 02521
31313 73508 82336
41414 18432=



ULSR01 WSSS 200000
TTCC  70001 48698
70863 69569 08551 50073 55385 29014 30394 56385 26527
20656 50786 24021 10114 46387 33510
88999
77648 08564 42735
31313 73508 82336=



UESR01 WSSS 200000
TTDD  7000/ 48698
11957 80957 22927 81150 33868 80950 44827 74161 55776 75360
66635 66581 77560 54985 88519 54185 99465 58384 11428 56984
22393 59584 33346 59984 44243 51386 55174 50386 66150 46787
77115 47787 88087 43188 99083 43188 11078 39189 22076 37790
33067 39989 44066 40789 55063 38589 66061 35790 77041 30392
21212 11946 07516 22897 06521 33825 09043 44765 09037 55648
08564 66644 08564 77634 08564 88611 09064 99580 10058 11531
07510 22522 03004 33516 31504 44511 29508 55485 28518 66449
27002 77443 03502 88438 05002 99428 24502 11404 25018 22362
24019 33297 26527 44275 29527 55253 30018 66185 23021 77160
24554 88142 26054 99126 26521 11105 28512 22098 36008 33096
06008 44093 05504 55092 02504 66091 32502 77089 27008 88087
26010 99083 28510 11076 04012 22071 05516 33065 05527 44058
07502 55057 14002 66056 14504 77054 23008 88047 22510 99046
24014 11041 24521
31313 73508 82336=
