sing20210914.12
TTAA  64111 48698
99008 28843 02506 00105 28033 15502 92795 21802 20504
85527 20059 00000 70167 08456 28523 50587 05510 13016
40759 14723 09527 30971 30326 09023 25098 41350 06525
20245 53533 07537 15423 69156 06058 10659 73959 09023
88126 75557 08056
77143 05566 42513 77116 06566 41358=
TTCC  64115 48698
70868 68761 20012 50070 65963 31016
88999
77999=
TTDD  6411/ 48698
11800 75958 22705 68961 33539 68562 44483 65959
21212 11929 20516 22882 23014 33819 21518 44769 16008 55730
14512 66692 21514 77635 25025 88601 28516 99573 27519 11521
30519 22483 31519=
