sing20210929.12
TTAA  79111 48698
99005 29644 04007 00079 28838 19502 92768 22804 29004
85504 19602 19010 70153 07818 17008 50587 04716 11512
40759 15133 12519 30971 29959 07521 25099 38941 08016
20247 52550 10016 15427 67756 09539 10661 84139 09025
88999
77127 09570 43333=
TTCC  79115 48698
70867 72158 27023 50069 66561 33014
88988 84538 08525
77999=
TTDD  7911/ 48698
11988 84538 22955 81556 33887 79350 44869 74759 55849 71160
66791 72157 77690 72158 88658 71759 99634 67761 11526 67960
22449 65761
21212 11898 05533 22846 03510 33828 30508 44814 28012 55762
27025 66644 27508 77630 24510 88552 25018 99503 33014 11471
28510 22463 31504 33457 01504 44450 04502 55449 03502=
