sing20210914.00
TTAA  64001 48698
99009 27833 31505 00113 26829 21002 92797 21624 23510
85531 20059 27014 70171 08024 28523 50588 06114 12018
40760 15521 10525 30971 30333 08535 25098 40956 07041
20245 54156 06045 15423 70756 07058 10657 73363 07016
88117 81950 07570
77122 07072 41452=
TTCC  64001 48698
70869 66982 24008 50072 65174 29521 30386 61172 07554
20644 52981 08074 10107 40589 12510
88999
77184 09078 40615=
TTDD  6400/ 48698
11975 70766 22904 72369 33881 70170 44814 73370 55752 66774
66570 68379 77502 65374 88464 66771 99431 66170 11415 62972
22308 61571 33280 57574 44218 54578 55142 42588 66116 42788
77106 39989 88087 40589 99085 40989 11081 38190 22067 37390
33047 23994 44043 22998
21212 11976 10008 22951 20508 33869 29019 44792 34006 55785
36004 66774 08002 77766 10504 88735 14506 99704 24006 11655
25521 22619 29514 33590 27016 44549 27516 55528 30518 66499
29521 77446 34021 88437 00516 99420 09519 11383 16529 22350
12025 33310 07049 44289 08556 55184 09078 66182 09078 77171
09078 88169 09078 99155 10574 11131 08562 22108 08029 33101
13512 44098 09008 55097 06006 66094 08504 77093 08004 88091
16004 99087 18508 11083 18512 22082 19510 33080 27016 44079
29021 55066 00506 66065 06002 77064 31002 88063 17502 99062
14004 11059 18514 22054 13021 33048 21014 44047 21510 55043
28510=
