sing20210927.12
TTAA  77111 48698
99006 26619 33507 00083 26219 02002 92773 22616 04502
85507 18423 07012 70142 09420 09012 50586 04912 06010
40759 14531 06516 30971 29361 05021 25099 39129 07527
20247 52741 07525 15427 67958 08031 10660 77558 12014
88112 80556 07531
77999=
TTCC  77111 48698
70868 71961 17508 50071 67771 28035 30384 59977 09049
20642 51786 09568 10108 39189 16504
88999
77200 09568 42003=
TTDD  7711/ 48698
11982 74759 22931 76556 33854 78356 44808 74160 55703 71960
66692 71761 77678 65966 88655 64166 99585 68170 11534 66173
22473 69171 33417 64176 44362 61775 55343 63374 66325 59976
77290 56580 88229 55582 99168 46387 11151 40789 22120 42788
33109 42788 44105 42588 55098 36990 66082 34191 77064 38789
21212 11960 21510 22859 23010 33848 21508 44802 10510 55779
10510 66751 16010 77736 17510 88703 17008 99676 24518 11651
27031 22460 30027 33447 34012 44437 06012 55405 16010 66383
10512 77343 11035 88304 09549 99266 09558 11248 08060 22147
08558 33133 08543 44108 11010 55098 18504 66095 23506 77089
24019 88083 24512 99079 24021 11072 27033 22064
28045=
