sing20130625.00
TTAA  75001 48698
99008 28658 05002 00085 28832 06502 92776 24645 33503
85515 20858 29506 70160 10262 35506 50588 07147 06516
40758 16923 07534 30969 28770 11036 25097 39567 11542
20245 52363 10040 15424 67558 07042 10660 783// 10545
88108 78557 06560
77108 06560 42550=
TTCC  75001 48698
70867 737// 09016 50069 613// 26502 30391 527// 27531
20653 507// 26031 10116 453// 24520
88999
77999=
TTDD  7500/ 48698
11975 781// 22928 771// 33874 729// 44844 743// 55769
727// 66715 739// 77589 687// 88545 599// 99488 623//
11482 619// 22475 611// 33420 623// 44380 555// 55333
539// 66316 525// 77286 513// 88265 537// 99262 539//
11255 547// 22233 531// 33224 511// 44197 503// 55180
489// 66150 441// 77130 413// 88092 463// 99074 453//
11070 441// 22067 419// 33062 409// 44059 377// 55053
357// 66052 355//
21212 11942 14040 22869 11517 33790 07012 44574 12528
55545 19008 66476 32005 77468 28009 88453 28014 99438
29014 11431 31011 22410 00507 33333 26035 44322 27018
55301 27532 66281 29522 77218 25527 88171 28527 99154
25506 11149 29010 22141 03006 33136 29511 44132 28502
55123 26021 66086 19012 77081 22010 88077 18012 99069
22018 11066 25528 22064 22517 33060 19010 44058 25019
55054 19005 66052 27515=
