sing20130605.12
TTAA  55121 48698
99006 24809 01003 00067 28058 01002 92754 24456 02508
85490 19029 30014 70131 09429 21013 50585 04518 11011
40758 14525 07514 30970 28341 05515 25098 38737 06515
20247 51739 10012 15427 67333 04529 10660 82922 05521
88999
77999=
TTCC  55122 48698
70861 719// 07551 50064 663// 24030 30382 557// 28024
20644 447// 27523
88888 85133 06039
77999=
TTDD  5512/ 48698
11994 83122 22950 83941 33918 84534 44888 85133 55865
817// 66833 789// 77810 797// 88801 803// 99789 807//
11743 761// 22716 725// 33708 719// 44668 707// 55596
651// 66501 661// 77436 649// 88429 631// 99409 617//
11374 583// 22371 575// 33353 581// 44330 559// 55312
569// 66299 557// 77281 569// 88254 553// 99241 511//
11239 509// 22225 477// 33194 431// 44175 417// 55162
433//
21212 11962 08025 22911 05532 33860 06048 44761 08558
55702 07551 66670 08537 77631 07032 88612 07510 99602
15507 11580 22022 22552 24525 33489 24526 44455 26510
55437 33505 66427 29008 77413 33020 88395 36015 99390
01014 11372 05512 22364 03006 33360 36008 44352 32010
55344 30514 66329 25525 77305 27527 88282 29036 99261
34018 11255 00512 22253 33511 33250 33011 44247 29011
55242 33006 66232 27514 77229 25015 88220 26032 99213
26534 11202 27023 22192 27532 33183 27550 44162 27560=
