sing20130617.00
TTAA  67001 48698
99004 28658 00502 00048 29059 00501 92737 23228 26019
85472 20058 25525 70125 10860 27040 50585 06309 23008
40757 14912 12022 30968 30158 08531 25095 39743 08037
20243 52335 07050 15423 67534 05555 10656 845// 10546
88101 84344 10547
77141 06564 41318=
TTCC  67001 48698
70862 699// 07522 50068 627// 28514 30387 553// 27030
20650 515// 29030 10111 433// 25535
88999
77070 31560 44249=
TTDD  6700/ 48698
11982 847// 22958 819// 33952 805// 44929 795// 55915
775// 66900 757// 77891 755// 88819 745// 99755 753//
11717 693// 22713 693// 33657 667// 44636 657// 55615
629// 66479 591// 77450 617// 88443 619// 99401 603//
11365 581// 22302 551// 33269 527// 44236 495// 55214
515// 66213 517// 77186 493// 88175 469// 99137 443//
11122 447// 22093 403// 33085 391// 44078 357// 55069
383// 66057 351// 77055 365// 88050 347// 99044 243//
11040 249//
21212 11992 10546 22916 09013 33900 13502 44885 28505
55762 10509 66739 06514 77677 09024 88620 12509 99574
25021 11540 28021 22472 25033 33444 23530 44422 25522
55397 33021 66385 30508 77373 25520 88356 27036 99308
28023 11222 29544 22194 27521 33147 26537 44139 /////
55138 26536 66096 25042 77077 28530 88072 30553 99070
31560 11066 35529 22063 32514 33062 35506 44058 29511
55054 36011 66052 02519 77048 35509 88044 05014 99043
05522 11040 /////=
