sing20130606.12
TTAA  56121 48698
99004 25834 16002 00053 27650 16001 92744 23816 06505
85481 19214 33011 70128 09826 30513 50585 05332 07525
40757 14121 10519 30970 28759 09532 25097 39557 09533
20246 52144 07032 15425 66942 09536 10660 83340 07521
88999
77999=
TTCC  56127 48698
70862 73542 09039
88999
77999=
TTDD  5612/ 48698
11921 84941 22893 81946 33872 81357 44839 78350 55798
76735 66790 75937 77772 76550 88743 73546 99725 73537
11681 72342
21212 11988 07523 22964 08025 33951 08528 44939 08528
55925 08528 66890 08040 77882 08546 88871 08539 99830
12023 11821 11523 22765 08040 33755 08538 44726 09043
55716 09043 66706 09041 77690 09034 88681 09025=
