sing20150105.00
TTAA  55001 48698
99007 25848 01504 00077 25846 30007 92760 22036 32521
85491 18037 28518 70135 09826 27021 50586 05139 29018
40758 15150 20509 30969 30334 09034 25096 40531 11537
20243 53335 10538 15422 68531 10046 10657 78332 06006
88120 79339 09069
77121 09071 42363=
TTCC  55001 48698
70860 75576 29018 50056 71975 11519 30361 64977 09056
20615 50181 09069 10074 47382 24535
88999
77222 10076 41417=
TTDD  5500/ 48698
11993 78532 22852 79975 33819 80575 44756 76176 55568
73775 66543 71975 77513 73375 88499 71975 99473 73575
11449 72575 22422 70376 33376 68976 44352 65577 55284
63977 66256 59978 77240 58979 88222 56979 99198 49981
11174 47782 22149 44782 33140 42383 44130 44982 55120
48181 66098 46782 77077 48181 88072 46382 99069 45182
11064 43383 22050 41383 33047 38784
21212 11980 01006 22938 24008 33900 29006 44863 31505
55810 05004 66684 29020 77615 30532 88590 32022 99566
35020 11544 03010 22523 11013 33487 12022 44431 08542
55335 10056 66222 10076 77169 09550 88148 16008 99138
23525 11134 24029 22122 25045 33116 26032 44095 25027
55092 23543 66073 26525 77067 30023 88066 26017 99064
24521 11059 27535 22047 23035=
