sing20150106.00
TTAA  56001 48698
99007 26428 06004 00076 25829 01003 92760 23040 32009
85493 18236 28515 70134 09834 29517 50585 04950 29515
40757 14950 31505 30969 29948 09529 25096 40537 11531
20243 53337 11540 15422 67741 10563 10660 78717 35508
88999
77130 10583 42370=
TTCC  56001 48698
70860 78950 28014 50054 73375 12024 30364 59379 09546
20621 56379 08053 10073 49581 26041
88848 83530 27026
77172 09070 42164=
TTDD  5600/ 48698
11984 79518 22923 82142 33872 83130 44848 83530 55833
83724 66768 78947 77753 78744 88668 80142 99636 74956
11612 75370 22505 73775 33466 72575 44432 71176 55401
67576 66354 60578 77304 59379 88278 57379 99261 56379
11210 55180 22199 56779 33179 53980 44162 49781 55153
50981 66143 46182 77133 47182 88123 50381 99088 49381
11082 48181 22065 47382
21212 11970 29016 22920 29531 33817 25526 44781 32012
55747 35003 66714 28011 77651 34010 88623 33520 99610
34516 11596 02506 22552 09513 33533 14015 44455 08038
55412 09540 66355 11047 77316 09546 88285 09055 99281
08550 11226 09566 22203 08053 33179 09060 44172 09070
55159 08032 66156 07537 77148 03014 88133 28526 99119
27519 11113 26025 22103 28538 33101 25044 44099 28041
55097 25046 66094 24033 77087 28034 88086 27532 99083
32545 11081 30049 22078 29551 33074 28040 44071 30540
55070 28535 66069 30050=
