sing20150113.00
TTAA  63001 48698
99009 25634 05006 00091 25032 02008 92773 21443 02027
85505 19860 33011 70142 07629 35016 50586 03574 27504
40759 15767 32008 30970 31359 26506 25096 41359 12518
20244 52758 13538 15424 66558 21023 10660 80350 31507
88999
77999=
TTCC  63001 48698
70859 80758 26023 50052 74175 09530 30363 58579 10555
20619 59178 08554 10071 47781 26038
88857 84756 35010
77171 09574 42447=
TTDD  6300/ 48698
11924 83150 22857 84756 33846 83950 44835 83156 55772
83557 66734 81357 77690 79958 88650 80358 99623 78759
11600 77963 22586 74769 33549 73776 44471 72775 55437
68776 66426 67576 77379 63977 88360 59778 99338 61578
11322 59578 22298 58579 33259 57179 44256 56779 55249
56579 66208 59978 77187 57379 88180 58379 99153 49581
11130 47382 22127 45982 33122 44582 44111 45782 55100
47781 66099 48181 77094 45982 88077 40983 99066 42983
11061 40383 22056 40583
21212 11935 24003 22859 35010 33774 34509 44761 32006
55736 20512 66678 26526 77633 29015 88592 02502 99583
11005 11553 06522 22535 07528 33516 07526 44499 09530
55483 09036 66467 08538 77380 10562 88281 10051 99171
09574 11159 10538 22146 11027 33135 09548 44122 06507
55116 33515 66112 32521 77108 27021 88097 26541 99067
25524 11066 25537 22064 22009 33058 29522=
