sing20150108.12
TTAA  58121 48698
99008 25607 06005 00086 25427 04006 92769 21421 35510
85499 17620 29007 70137 09630 33510 50586 04724 28014
40758 14537 25515 30970 29142 07009 25098 39736 21507
20246 52537 09524 15425 68331 09552 10660 79719 09537
88999
77117 11585 42757=
TTCC  5812/ 48698=
TTDD  5812/ 48698
11989 80123 22973 80526 33908 83150 44876 82922 55850
81926 66846 82127 77802 83734 88795 83733 99764 77534
21212 11972 09530 22950 09527 33929 09523 44889 08516
55849 18509 66831 18511 77812 19007 88794 14505 99776
27501 11764 26507=
