sing20150116.12
TTAA  66121 48698
99009 28058 06008 00090 27457 02009 92774 21850 00519
85504 17450 33514 70142 10266 02511 50587 03159 14506
40760 13762 22512 30972 29760 12515 25099 40359 09530
20247 49759 11533 15429 65759 16016 10664 82756 15521
88999
77999=
TTCC  66121 48698
70862 80958 11513 50057 70577 09526 30365 62779 09559
20617 56181 09575 10082 40985 27038
88854 87357 12530
77185 09585 41639=
TTDD  6612/ 48698
11913 85757 22854 87357 33833 86156 44792 80959 55730
83959 66702 81157 77652 75358 88594 74774 99514 71977
11496 70577 22385 66778 33353 64179 44307 62979 55267
61379 66220 59580 77192 54981 88177 51982 99168 48783
11154 46383 22144 41185 33124 34587 44115 36186 55096
419//
21212 11932 11524 22900 13521 33854 12530 44786 08513
55628 21509 66617 18504 77606 10508 88585 05501 99564
10007 11545 05514 22486 10030 33411 09046 44359 10061
55331 09070 66299 09559 77209 09573 88185 09585 99162
09048 11144 06013 22137 02521 33131 35513 44121 30542
55113 29553 66096 25033=
