sing20171228.12
TTAA 78121 48698
99006 27028 06005 00076 26025 03009 92760 22219 01012
85494 18833 30515 70141 10039 27517 50587 04145 28003
40760 14156 25003 30971 30713 07509 25098 40957 10021
20246 53959 11044 15424 68158 11567 10661 78761 15008
88999
77140 10579 41838=
TTCC 78121 48698
70861 78761 27008 50056 71969 24518 30363 64777 09549
20618 53582 08558 10084 34593 29507
88805 85357 17012
77150 09074 41145=
TTDD 7812/ 48698
11805 85357 22727 77362 33697 78961 44575 72767 55427
68773 66411 69572 77391 66175 88358 69572 99190 51583
11179 51783 22148 45586 33142 41389 44122 38790 55117
39390 66113 35193 77100 34593 88083 38591 99080 36193
11062 38591 22044 34793 33043 35393
21212 11964 09002 22916 04511 33892 06015 44809 16510
55797 16013 66779 11013 77750 03504 88662 31010 99636
30515 11614 31510 22604 29007 33593 27010 44550 27026
55532 27522 66497 24018 77460 26013 88439 29002 99412
03010 11407 07514 22390 12020 33374 12527 44349 08532
55306 10047 66264 09561 77226 08553 88219 08059 99190
08060 11173 10065 22150 09074 33136 08549 44130 10030
55125 11029 66117 10523 77114 10010 88111 14001 99101
23001 11099 29010 22095 27524 33090 29044 44086 28033
55070 25544 66063 25039 77060 22021 88059 23017 99055
22537 11049 22523 22047 24010 33046 00000 44045 04510
55045 04011 66043 31010 77043 31010=
