sing20171207.00
TTAA 57001 48698
99007 26826 02503 00086 26230 35503 92772 22425 32007
85505 18040 28021 70147 09208 30015 50587 05911 03013
40759 14940 06009 30971 28961 09020 25098 39563 10030
20247 52564 10033 15426 67358 07546 10659 82756 08058
88103 82956 08557
77101 08059 412//=
TTCC 57001 48698
70861 75363 25516 50060 69771 25529 30368 62380 08559
20625 54983 09079 10089 35993 24521
88093 38392 26531
77127 09589 41162=
TTDD 5700/ 48698
11883 79760 22813 82358 33751 75163 44620 73966 55584
69371 66482 70371 77355 66576 88336 66976 99257 56583
11223 54383 22207 55782 33167 46388 44128 45189 55104
35193 66093 38392 77087 38992 88085 36792 99076 38592
11068 32394 22053 28396 33049 29395
21212 11942 08035 22917 06518 33904 04511 44893 00508
55882 32510 66847 29513 77791 30513 88773 27014 99716
27015 11689 25020 22641 27526 33625 28020 44609 26011
55588 24020 66501 25529 77478 26021 88455 30512 99450
33008 11429 03015 22403 08510 33385 08012 44366 11028
55313 09558 66298 08558 77224 08574 88193 09580 99127
09589 11115 07547 22110 10027 33107 13018 44105 18012
55105 19013 66101 23518 77094 26531 88089 25038 99085
25528 11082 27040 22077 28532 33073 25028 44071 25529
55069 21522 66068 21522 77066 26037 88055 27543 99051
24540 11049 25040=
