sing20171225.00
TTAA 75001 48698
99006 26225 02502 00075 25629 33005 92758 20821 00523
85489 18437 31007 70132 09820 27511 50586 04365 34510
40758 14526 27020 30970 29346 28011 25098 39732 24007
20246 52931 10504 15425 68356 07033 10659 80958 14507
88999
77999=
TTCC 75001 48698
70859 80559 30023 50055 67573 27016 30368 61180 08562
20621 56583 08555 10077 44390 14016
88946 83356 15512
77155 09576 41225=
TTDD 7500/ 48698
11946 83356 22810 83757 33782 79960 44732 79560 55645
79960 66615 72567 77590 74166 88527 66974 99451 68573
11372 62179 22260 59381 33235 61180 44142 47988 55137
44790 66121 46789 77097 43990 88079 45989 99075 38792
11073 40391 22066 36792 33062 31194 44055 30795 55054
30795
21212 11953 16011 22912 16026 33834 11010 44801 07002
55777 35510 66753 00510 77708 30524 88686 29020 99662
30517 11579 30004 22534 24510 33517 24513 44502 27015
55478 27019 66459 28510 77450 23502 88439 18510 99431
18014 11396 09016 22384 07023 33357 09540 44317 09558
55300 08562 66286 07556 77253 09554 88227 08570 99215
08058 11186 09557 22177 10071 33162 09562 44155 09576
55141 09074 66124 07045 77113 09026 88111 11020 99107
13518 11098 15012 22097 16010 33094 21007 44092 27010
55090 28519 66088 29015 77086 32510 88080 31005 99078
25010 11076 20514 22073 18518 33071 19512 44070 17013
55068 13020 66066 11530 77065 11520 88064 16012 99063
19517 11059 20531 22054 18525=
