sing20171222.00
TTAA 72001 48698
99008 25827 26503 00090 25230 28006 92772 21641 32515
85501 16616 30518 70140 09230 29025 50586 04943 27021
40758 15163 33503 30969 30933 09523 25096 40556 11527
20244 53556 12035 15423 67363 10057 10659 82356 35517
88999
77140 09565 42545=
TTCC 72001 48698
70859 78161 01007 50054 71970 25512 30365 60181 09061
20624 55182 10073 10084 44789 19009
88860 86956 06028
77151 09080 41044=
TTDD 7200/ 48698
11904 86148 22860 86956 33830 82960 44819 77762 55807
78362 66749 76164 77696 78162 88655 74165 99553 76564
11426 64178 22372 68374 33346 60581 44304 61379 55253
53784 66233 53583 77198 55382 88162 48586 99152 48587
11148 44790 22134 41391 33101 45389 44092 44590 55076
36193 66065 41591 77059 37992
21212 11926 02015 22888 05522 33842 06032 44793 08525
55750 06010 66689 30001 77678 24510 88652 26528 99565
25536 11507 26514 22501 26012 33480 17507 44474 16010
55458 15018 66447 12015 77426 08528 88313 09064 99244
07067 11226 09571 22204 10071 33164 09068 44151 09080
55144 08571 66126 10022 77122 09023 88109 35510 99107
04507 11102 13501 22100 19010 33096 22017 44095 22516
55088 22014 66086 23512 77083 20010 88082 15505 99080
11510 11070 11021 22067 11010 33066 00000 44064 29010
55063 30023 66060 28033 77059 27528=
