sing20171224.00
TTAA 74001 48698
99006 26230 31003 00076 25430 29006 92758 21006 33016
85490 17406 29017 70135 09822 31019 50586 03358 30015
40758 15913 14505 30969 29556 14010 25097 40145 08513
20245 52318 06530 15424 68539 08533 10656 81957 09032
88110 84349 08554
77999=
TTCC 74001 48698
70859 77162 25032 50054 67973 32004 30365 61780 10555
20621 53983 09054 10079 45789 03013
88999
77144 09073 41656=
TTDD 7400/ 48698
11898 76563 22618 79760 33532 69172 44462 66574 55455
67174 66428 63178 77383 66975 88355 63578 99314 64578
11295 60980 22260 61379 33220 53784 44168 51585 55139
43590 66126 42590 77099 46189 88087 39591 99080 42590
11076 42191 22072 36792 33061 40991 44056 40191 55053
33794 66049 30195 77045 31394
21212 11935 09513 22928 10510 33917 15007 44901 20010
55866 24016 66832 26527 77814 27525 88747 28022 99731
26027 11699 25032 22625 25022 33599 28010 44586 27011
55485 35501 66467 01010 77443 07519 88437 08021 99408
11517 11388 09516 22372 08029 33352 09538 44319 08540
55297 10557 66262 08555 77242 10558 88202 08553 99179
10057 11144 09073 22134 08547 33132 07537 44122 04022
55108 06011 66106 04012 77100 03012 88098 36008 99093
28012 11087 26532 22076 27534 33074 27040 44070 25031
55064 18515 66061 12016 77060 12010 88059 17502 99058
26510 11055 29028 22055 29524 33053 36013 44051 03010
55049 30001 66046 21510 77045 23013=
