sing20140305.12
TTAA  55121 48698
99007 30457 07009 00075 30061 00000 92762 22442 01516
85494 17629 31515 70141 11684 31002 50586 07165 07527
40758 15558 16009 30970 30766 10513 25096 41761 12513
20243 53360 12523 15422 68357 11528 10656 771// 13039
88105 80957 12549
77999=
TTCC  55121 48698
70861 775// 27505 50060 693// 29014 30373 613// 24528
20628 565// 23003 10078 449// 10569
88999
77068 10080 422//=
TTDD  5512/ 48698
11967 737// 22904 753// 33880 741// 44845 755// 55778
779// 66674 767// 77618 715// 88580 685// 99519 699//
11486 661// 22422 685// 33395 663// 44352 597// 55289
617// 66268 591// 77267 591// 88251 563// 99222 577//
11205 565// 22195 551// 33167 531// 44159 513// 55139
497// 66129 513// 77126 515// 88113 485// 99108 447//
11091 415// 22086 427// 33085 427// 44084 427// 55074
395// 66067 373// 77063 351// 88060 349//
21212 11948 15012 22899 27504 33868 26518 44738 24510
55677 36005 66655 18003 77613 23004 88583 07508 99528
24507 11476 30530 22401 28518 33374 25022 44256 27517
55231 31525 66201 23002 77194 23503 88175 36015 99161
13524 11139 09038 22127 09039 33123 09038 44119 09039
55114 09056 66110 10567 77082 09555 88068 10080 99065
09557 11064 09073 22060 08077=
