sing20140331.00
TTAA  81001 48698
99006 27249 06501 00065 27850 07503 92752 22217 10506
85482 17635 16502 70126 10239 13007 50586 04150 02504
40758 13962 09017 30970 29365 09511 25098 38762 12525
20247 51961 19507 15427 66958 02510 10661 82547 28016
88999
77999=
TTCC  81001 48698
70860 729// 16514 50063 655// 27041 30376 559// 23018
20634 525// 03517 10090 465// 09053
88859 85558 34514
77124 06068 45130=
TTDD  8100/ 48698
11960 83945 22905 84757 33859 85558 44848 857// 55804
859// 66736 791// 77683 711// 88678 711// 99650 689//
11588 659// 22566 639// 33543 643// 44472 673// 55454
685// 66431 665// 77404 653// 88376 617// 99310 573//
11306 561// 22276 569// 33250 555// 44210 577// 55199
523// 66192 491// 77182 515// 88169 547// 99158 521//
11136 445// 22134 439// 33131 441// 44121 469// 55093
431// 66082 391//
21212 11948 31013 22888 33515 33831 36013 44737 15018
55700 16514 66678 15010 77655 32003 88634 26507 99604
26017 11555 29528 22518 27542 33451 28536 44427 30029
55413 29520 66369 22525 77326 28019 88294 22017 99284
24016 11268 21519 22242 28014 33234 24011 44226 23014
55213 24507 66210 32006 77206 00515 88202 36018 99192
09531 11185 10039 22169 11041 33160 09532 44148 11043
55141 10059 66127 05064 77124 06068 88111 08550 99090
08565 11082 09059=
