sing20140301.00
TTAA  51001 48698
99009 25450 06003 00094 27050 02503 92776 20004 03013
85505 18044 29506 70144 08629 15517 50586 05364 16010
40758 15772 10520 30969 30570 03005 25096 41565 05009
20243 52962 27018 15422 68360 27509 10657 82159 03017
88999
77999=
TTCC  5100/ 48698=
TTDD  5100/ 48698
11935 84963 22903 85358 33829 81962 44815 80763 55748
71561 66727 68159
21212 11990 03517 22968 03514 33946 03014 44925 04014
55904 07015 66883 06523 77863 08030 88844 10530 99826
11523 11807 15017 22790 17519 33772 14515 44745 15509
55735 22001 66727 23003=
