sing20140313.12
TTAA  63121 48698
99006 30857 08007 00063 30660 08501 92752 23635 01511
85488 19026 31510 70133 10665 01504 50586 04768 08023
40758 14766 10520 30969 29368 14009 25096 40563 12006
20244 53761 12022 15423 64560 15522 10660 80958 21025
88999
77999=
TTCC  63121 48698
70859 745// 03510 50060 661// 24015 30371 645// 25522
20627 557// 22508 10081 425// 09563
88838 86760 26505
77069 08578 41307=
TTDD  6312/ 48698
11864 85960 22838 86760 33784 825// 44753 821// 55669
699// 66666 699// 77551 673// 88544 671// 99493 663//
11482 641// 22448 659// 33422 641// 44391 653// 55342
639// 66316 659// 77308 655// 88297 643// 99286 615//
11256 585// 22240 553// 33215 541// 44190 563// 55180
545// 66164 535// 77152 517// 88148 501// 99140 493//
11135 471// 22125 455// 33123 449// 44109 421// 55091
409// 66065 387// 77059 367// 88056 357//
21212 11820 30505 22792 02517 33778 01522 44738 10019
55699 03510 66687 34514 77654 28516 88556 23015 99528
24522 11511 26009 22495 24018 33401 28031 44357 26529
55290 28519 66246 33519 77241 32009 88237 27008 99230
22006 11226 25010 22201 22009 33194 30002 44163 08517
55158 08520 66152 10028 77093 09072 88082 08074 99079
07573 11077 07574 22074 07566 33072 08071 44070 08069
55069 08578 66067 09062 77059 08574 88056 09066=
