sing20140308.00
TTAA  58001 48698
99010 25456 06505 00104 25025 03009 92785 21428 04513
85515 17027 30008 70149 10681 08513 50587 05163 08020
40759 14368 07516 30970 30364 05009 25097 42159 06020
20243 54350 09523 15422 68745 10542 10659 79143 05017
88999
77137 09564 42952=
TTCC  58001 48698
70861 747// 06523 50062 641// 27018 30377 613// 27021
20635 527// 36010 10092 437// 09554
88818 83157 33012
77999=
TTDD  5800/ 48698
11978 79742 22929 79937 33871 81356 44818 83157 55793
815// 66772 795// 77768 793// 88634 681// 99573 715//
11514 639// 22445 643// 33395 617// 44327 603// 55306
625// 66303 619// 77297 607// 88276 547// 99232 571//
11217 559// 22201 533// 33198 521// 44188 499// 55185
493// 66182 493// 77160 471// 88148 493// 99124 481//
11112 463// 22108 439// 33089 399// 44071 381// 55067
365// 66066 361//
21212 11958 35012 22895 29513 33837 31015 44809 34512
55734 04021 66667 11512 77656 10009 88594 18005 99546
35511 11530 28513 22505 26519 33374 31027 44322 26519
55261 23522 66247 25022 77222 21520 88211 21010 99208
13005 11204 32503 22201 35509 33193 03519 44186 06008
55159 12033 66140 12042 77133 09534 88109 07549 99101
09554 11092 08552 22072 10049 33066 10553=
