sing20140502.12
TTAA  52121 48698
99005 31057 35002 00055 31256 03002 92749 24022 11004
85486 19843 28002 70136 11046 15504 50587 03565 08002
40760 13757 09002 30972 28962 04004 25100 39565 06513
20248 52162 05503 15428 66161 06007 10663 82160 35505
88999
77999=
TTCC  52121 48698
70866 72959 28540 50064 68360 28543 30374 59362 14505
20632 48967 08540 10096 399// 10051
88905 84559 06506
77170 09061 42113=
TTDD  5212/ 48698
11905 84559 22869 783// 33827 795// 44796 763// 55754
729// 66722 715// 77655 747// 88630 735// 99551 707//
11525 693// 22518 685// 33481 683// 44474 679// 55437
681// 66416 665// 77356 653// 88322 635// 99298 591//
11269 601// 22265 599// 33239 573// 44227 511// 55224
507// 66219 499// 77187 483// 88175 467// 99151 449//
11134 445// 22121 425// 33110 405// 44100 399//
21212 11974 34505 22938 00505 33887 08008 44844 08506
55816 10016 66773 27004 77746 29522 88692 28542 99611
29517 11589 28526 22523 29531 33506 29043 44472 27534
55403 29030 66369 30034 77333 31520 88323 36014 99317
02012 11307 12003 22292 17012 33278 15523 44254 11537
55241 08541 66225 10558 77203 09039 88186 09556 99170
09061 11162 10051 22156 09061 33146 09549 44141 08558
55139 08550 66127 08557 77123 08546 88115 08560 99109
08550 11100 10052=
