sing20140531.00
TTAA  81001 48698
99006 27826 23001 00064 28030 20003 92753 23230 20011
85487 18820 20012 70134 10022 24505 50586 04358 08014
40758 14559 07013 30970 29162 13524 25098 39363 12007
20246 51957 07507 15426 67353 09510 10660 79354 10042
88112 81329 07029
77999=
TTCC  81001 48698
70864 747// 29015 50066 641// 25020 30383 605// 09037
20641 525// 08556 10099 415// 09055
88999
77110 09066 41515=
TTDD  8100/ 48698
11926 775// 22723 773// 33663 695// 44656 693// 55633
667// 66621 671// 77589 691// 88570 689// 99532 643//
11480 627// 22455 621// 33443 609// 44358 603// 55352
591// 66334 601// 77321 613// 88317 613// 99313 613//
11294 589// 22257 569// 33241 533// 44229 549// 55202
529// 66200 525// 77194 517// 88174 495// 99158 477//
11119 447// 22110 435// 33102 415// 44081 367// 55068
341// 66059 317// 77053 217// 88052 221//
21212 11951 11018 22918 17511 33890 10002 44877 08005
55851 08508 66826 04503 77813 29007 88774 28523 99717
30020 11676 27011 22656 24520 33616 22527 44562 22518
55537 23025 66468 29026 77454 28530 88407 31015 99394
35010 11387 02008 22381 08007 33368 11014 44338 06033
55311 09542 66276 06046 77245 08050 88237 09045 99204
08556 11166 09555 22122 09052 33110 09066 44089 08544
55080 10555 66070 10063 77065 09535 88063 10526 99061
12533 11057 09006 22056 10005 33054 26512 44052 27524=
