sing20140519.00
TTAA  69001 48698
99008 26016 26002 00081 26017 22507 92767 22207 23510
85500 19028 28511 70146 09620 32513 50587 05508 05512
40759 14508 14007 30971 29525 12008 25098 39927 12515
20247 51948 09018 15426 67535 07033 10662 76526 07002
88999
77999=
TTCC  69001 48698
70864 777// 15002 50064 615// 25020 30383 591// 10527
20641 529// 11053 10098 445// 09063
88785 82941 26019
77068 09093 42150=
TTDD  6900/ 48698
11993 76725 22930 79122 33880 80918 44810 82136 55794
82541 66785 82941 77758 805// 88735 805// 99717 797//
11694 773// 22671 755// 33657 741// 44605 743// 55532
623// 66492 607// 77456 595// 88426 589// 99410 585//
11349 597// 22348 597// 33276 575// 44256 597// 55246
545// 66213 537// 77206 525// 88181 513// 99171 495//
11161 483// 22153 463// 33115 451// 44091 407// 55084
387// 66079 365// 77074 347// 88073 345// 99071 345//
11063 275// 22059 261// 33054 233// 44051 209// 55048
219//
21212 11922 26521 22905 26027 33801 25024 44742 31012
55699 14502 66689 12506 77632 21515 88553 23513 99536
23017 11497 24520 22483 26517 33450 30532 44430 31025
55415 31534 66402 33025 77367 24002 88361 16004 99356
13006 11351 13013 22326 05509 33295 11027 44273 07031
55259 07025 66251 09533 77231 09552 88214 10561 99203
11052 11175 09546 22159 09565 33138 09058 44129 09071
55103 08062 66096 08072 77093 08565 88084 09084 99077
10574 11068 09093 22062 10550 33060 08048 44055 13008
55052 26025 66049 25541 77048 26036=
