sing20140514.12
TTAA  64121 48698
99005 29857 27004 00062 29457 24503 92751 22215 26511
85485 19030 28513 70135 10642 29509 50586 04935 34501
40759 14549 07512 30971 28936 07521 25099 38750 07516
20248 51356 04015 15428 66350 10026 10662 82950 05544
88999
77999=
TTCC  64121 48698
70867 77156 24530 50065 68557 28538 30377 61161 10540
20636 50968 09043 10098 38579 07558
88983 83350 06045
77139 08560 41209=
TTDD  6412/ 48698
11983 83350 22920 755// 33896 751// 44748 771// 55701
771// 66664 759// 77617 713// 88609 711// 99549 689//
11485 673// 22379 649// 33361 623// 44334 609// 55329
603// 66292 617// 77260 549// 88250 523// 99235 531//
11232 533// 22207 515// 33190 499// 44179 481// 55136
459// 66112 409// 77101 385// 88085 359// 99080 341//
11066 357// 22064 353//
21212 11984 06045 22881 21526 33819 23032 44777 25525
55721 24020 66666 27033 77616 28527 88552 28537 99534
28540 11517 28038 22500 28538 33484 27045 44470 27046
55455 26539 66439 26042 77422 27531 88407 28536 99393
29534 11380 32011 22374 25005 33368 22509 44356 21012
55332 16016 66320 11021 77298 10541 88279 07540 99260
09034 11251 10051 22242 08551 33234 07543 44227 06552
55206 09545 66172 08550 77139 08560 88109 08051 99086
07543 11084 09056 22079 09046 33075 09539 44064 08551=
