sing20190422.12
TTAA 72121 48698
99004 29850 24502 00058 29250 34502 92749 23628 05504
85485 18821 12506 70133 10410 13505 50587 02550 11021
40761 12349 12013 30974 27945 14007 25103 37746 19009
20252 50361 25026 15433 66542 26010 10666 84346 09026
88102 84739 07520
77999=
TTCC 72121 48698
70868 82958 15509 50062 66175 29013 30379 59380 26026
20637 51384 27032 10096 43989 34015
88719 82758 15009
77069 10061 447//=
TTDD 7212/ 48698
11923 82756 22860 75963 33719 82758 44641 78363 55590
80562 66559 78566 77546 71171 88531 67976 99503 67575
11482 62778 22442 58980 33377 63776 44257 55182 55234
56781 66187 48586 77139 44788 88114 46787 99102 45188
11091 39591
21212 11963 08538 22864 08016 33839 07017 44759 11510
55733 15010 66695 14510 77642 01010 88627 03010 99561
00000 11500 29012 22475 25521 33411 29039 44387 27547
55331 25034 66289 25525 77261 24525 88242 27535 99234
27531 11221 24525 22209 25535 33179 30529 44161 31027
55152 27521 66148 25524 77144 24522 88119 27523 99115
28523 11105 32037 22100 34013 33099 34010 44098 24002
55096 17010 66094 17016 77092 18515 88088 13011 99087
11013 11081 07013 22078 09526 33069 10061=
