sing20190405.00
TTAA 55001 48698
99009 27237 36004 00106 26442 36009 92790 22861 35021
85524 18429 31016 70168 09630 34012 50589 06142 26007
40761 15149 32004 30972 30166 07504 25099 39762 23006
20247 52758 12013 15427 67356 02009 10663 78359 19512
88999
77999=
TTCC 55001 48698
70864 81960 33005 50060 69374 34009 30376 53387 29028
20635 54187 26034 10090 45390 29023
88928 81956 18517 88772 81759 32005
77055 08073 413//=
TTDD 5500/ 48698
11928 81956 22851 77961 33772 81759 44698 81960 55657
76165 66625 77366 77574 71173 88547 72971 99445 62181
11400 65378 22291 53187 33226 56586 44171 50388 55097
44390 66089 47389 77078 45989 88075 42191 99070 42191
11068 36593 22063 38192 33057 32994 44053 33194
21212 11940 19517 22910 17516 33868 20015 44837 20010
55746 32502 66677 36004 77667 01010 88648 01021 99614
06018 11604 05510 22597 13001 33585 25010 44576 27018
55558 27023 66529 27015 77514 32013 88500 33510 99492
07001 11476 18010 22460 18018 33445 21020 44416 23535
55365 26536 66322 24517 77318 25514 88312 28521 99250
30546 11193 25534 22143 29529 33129 29528 44120 27029
55114 29026 66100 29023 77097 31016 88092 32525 99089
33021 11087 36013 22086 02012 33085 05515 44079 09031
55074 14025 66072 14026 77069 08540 88061 09571 99055
08073 11053 09063=
