sing20190413.12
TTAA 63121 48698
99007 30656 23004 00085 29856 12004 92776 24850 16004
85513 20057 13501 70161 10623 20003 50589 05907 12508
40761 14559 05518 30973 28750 08526 25101 39336 10528
20250 52157 08022 15429 67936 07022 10664 77562 09541
88106 80358 07535
77999=
TTCC 63121 48698
70866 74966 06024 50064 68973 29030 30381 55382 28526
20639 50187 27524 10104 49587 28518
88759 83358 11017
77051 07565 421//=
TTDD 6312/ 48698
11969 75964 22759 83358 33729 82561 44713 75765 55700
74966 66594 74169 77579 73172 88572 68175 99565 67376
11475 69772 22416 61979 33376 62379 44351 56983 55308
54384 66273 57981 77221 56782 88194 47789 99178 46189
11156 48388 22131 47389 33125 42191 44109 47588 55093
48788 66078 42191 77067 45589 88058 37392 99046 33594
21212 11942 12511 22861 15502 33839 10010 44789 12013
55739 11026 66732 10526 77711 06525 88673 06010 99642
05002 11575 17501 22564 25010 33505 28531 44484 30524
55451 31525 66438 30530 77418 28516 88403 27021 99376
29016 11331 29519 22313 27022 33282 29525 44260 25530
55225 26538 66187 27520 77181 28522 88171 27018 99162
28520 11154 27516 22141 30015 33133 26506 44122 22029
55112 21520 66101 28017 77092 30517 88091 32015 99086
02525 11081 07019 22075 08552 33066 11065 44061 09547
55051 07565 66046 08558=
