sing20190428.00
TTAA 78001 48698
99008 26614 01003 00091 25823 32005 92781 25261 25012
85520 21258 22518 70166 08602 23010 50589 04107 25506
40762 15101 06506 30974 27958 07013 25103 38161 08525
20252 50760 10032 15433 66361 08024 10667 82159 07522
88999
77999=
TTCC 78001 48698
70868 77565 20009 50067 68773 26027 30382 54784 23022
20644 51986 27023 10101 46189 10022
88902 85157 05031
77999=
TTDD 7800/ 48698
11902 85157 22783 79362 33766 75365 44695 77765 55681
71171 66666 69375 77574 72970 88539 69373 99400 64976
11397 65176 22335 55983 33267 51986 44208 54584 55162
47189 66132 46989 77131 46789 88119 49588 99109 44790
11096 46789 22090 43990
21212 11909 05029 22857 07044 33790 08531 44759 13523
55726 15016 66681 21007 77669 26511 88581 28031 99564
28526 11468 24024 22445 26529 33418 26039 44366 30021
55348 30516 66332 25012 77327 23514 88308 22021 99267
27035 11215 29033 22191 25519 33179 28013 44164 28514
55136 25512 66130 23510 77108 05501 88105 06510 99099
10524 11096 11030 22092 08529 33089 09033=
