sing20190403.00
TTAA 53001 48698
99008 23800 09503 00096 24017 34007 92776 22048 24517
85509 19457 22526 70155 10250 23529 50588 05306 28503
40760 14718 01005 30972 29725 18003 25099 40135 07509
20247 53347 07015 15425 67157 07033 10662 80156 31021
88999
77999=
TTCC 53001 48698
70865 77965 24507 50063 67774 27031 30376 60383 25023
20635 45789 27528 10093 44790 25029
88935 82956 35016 88469 70771 26525
77059 10072 46115=
TTDD 5300/ 48698
11935 82956 22853 77365 33836 77165 44717 78964 55598
76368 66541 65578 77469 70771 88412 63977 99386 64778
11332 58983 22306 60782 33250 53987 44226 54387 55190
44590 66158 48988 77117 49188 88096 44190 99086 47789
11076 43590 22071 45989 33070 41991 44063 38392 55061
33794 66058 31194 77046 29795
21212 11923 34512 22918 34010 33902 27004 44882 19510
55796 21014 66714 15002 77585 29503 88551 29510 99544
27514 11505 28031 22473 26528 33436 27021 44419 30014
55410 32021 66389 32025 77353 26525 88341 27037 99310
27025 11295 24022 22269 25035 33244 22540 44231 24028
55222 25035 66197 27528 77165 28034 88141 26027 99124
28033 11110 28525 22105 25519 33094 24035 44087 23534
55084 23014 66082 25010 77081 28509 88080 31511 99074
33533 11072 34032 22070 36021 33068 06024 44066 08031
55063 09043 66059 10072 77057 11069 88051 08563 99046
09552=
