sing20190417.12
TTAA 67121 48698
99006 32259 07005 00074 31459 04507 92768 24432 06008
85504 20257 00507 70155 11661 00501 50589 03758 04507
40762 14359 09507 30974 29557 10019 25102 39761 10013
20250 51944 06008 15430 67937 06508 10664 75961 09006
88106 80757 07523
77999=
TTCC 67121 48698
70865 80560 04510 50064 64575 31516 30381 57579 23012
20639 53782 27523 10099 40189 24015
88802 83957 12019
66046 10072 426//=
TTDD 6712/ 48698
11802 83957 22761 79959 33734 81159 44670 80161 55617
73367 66601 73768 77585 68172 88563 68572 99531 63775
11429 65374 22339 58179 33182 53381 44157 47385 55136
47784 66104 39789 77091 39390 88078 42188 99058 40390
11046 34593
21212 11850 12010 22830 10012 33799 12020 44772 10022
55723 07513 66702 04510 77647 00501 88632 02010 99618
03018 11601 05515 22587 03511 33568 05010 44542 18503
55527 29510 66510 32018 77482 31010 88472 28005 99465
25510 11444 26024 22431 26018 33399 33021 44368 33514
55356 30011 66349 30011 77310 27014 88298 22513 99279
22528 11233 26520 22224 28518 33204 26523 44166 30519
55157 29015 66147 22012 77136 22520 88129 20523 99112
22529 11104 20523 22104 22022 33099 25013 44091 34013
55086 01011 66084 04508 77081 07510 88072 11029 99064
09053 11058 07050 22052 09558 33046 10072=
