sing20190423.12
TTAA 73121 48698
99005 27217 30002 00066 27031 34004 92756 23216 03009
85492 20056 03509 70140 10841 03505 50588 03547 08508
40761 13162 11016 30974 26935 16018 25103 37145 17016
20253 50157 15013 15434 65950 16524 10668 85542 06523
88999
77999=
TTCC 73121 48698
70867 74772 15019 50065 63577 27527 30380 59581 28534
20638 51586 25027 10100 40191 18021
88916 89330 08532 88617 78564 25002
77045 09580 408//=
TTDD 7312/ 48698
11916 89330 22810 83750 33783 84158 44737 73169 55617
78564 66567 72772 77539 64180 88518 62779 99467 64777
11344 60580 22323 61380 33279 56982 44263 58781 55219
55983 66186 47189 77185 47189 88149 49787 99140 48788
11130 42391 22106 40391 33094 42591 44087 40191 55071
45589 66062 45389 77043 31794
21212 11919 08531 22855 08049 33784 08536 44761 05020
55754 05518 66732 12018 77653 20011 88614 30001 99596
01010 11581 36015 22566 01516 33538 31019 44508 27525
55495 27528 66424 29034 77388 26029 88357 25533 99331
27039 11313 28534 22274 29032 33251 27526 44238 25520
55226 24031 66182 26522 77165 25526 88152 26033 99131
27525 11124 26019 22120 27020 33115 31018 44113 32515
55111 34510 66108 07003 77106 14010 88102 18015 99096
16531 11094 15531 22087 06532 33086 05536 44080 07541
55077 08552 66068 07579 77058 07562 88051 10573 99045
09580 11043 10077=
