sing20190409.00
TTAA 59001 48698
99008 27829 04003 00094 26832 05004 92781 21814 02014
85515 18612 30006 70159 10256 26009 50589 04563 10009
40762 14372 06009 30973 30358 10521 25101 39163 12034
20250 51735 12515 15429 67744 25010 10664 81532 06032
88999
77999=
TTCC 59001 48698
70863 78365 08022 50063 69973 21013 30380 59782 25541
20638 52987 29018 10092 45390 19036
88933 84528 07030 88519 70572 24013
77055 10066 413//=
TTDD 5900/ 48698
11933 84528 22855 84943 33727 81361 44664 73171 55645
73772 66618 67378 77581 66377 88519 70572 99489 69574
11475 64979 22425 62979 33423 63179 44395 57184 55364
56784 66287 60981 77256 53986 88218 52987 99207 53786
11167 46589 22116 53187 33104 44990 44085 47389 55074
39791 66068 41191 77062 40791 88058 36593 99049 36193
21212 11866 08518 22834 07525 33815 08533 44766 13523
55707 08021 66652 07029 77628 09515 88610 07010 99591
13001 11564 25510 22549 25518 33523 24514 44492 20012
55473 22018 66455 19515 77451 20012 88445 23510 99440
27012 11432 29017 22392 25033 33370 24036 44348 26538
55321 26044 66300 25541 77264 27529 88246 25529 99209
29021 11188 27512 22175 27015 33158 31024 44143 30515
55141 29010 66140 26508 77138 23010 88134 21517 99121
22535 11110 22536 22104 20543 33093 17517 44091 16510
55089 09503 66087 01510 77081 35026 88079 03020 99077
09016 11075 11020 22064 08564 33058 10558 44055 10066
55052 08053 66049 09064=
