sing20190417.00
TTAA 67001 48698
99009 28236 24003 00105 27238 17004 92793 22824 09505
85527 19858 01007 70173 10059 28502 50590 05357 04511
40762 14758 09515 30973 29759 11512 25101 39764 13016
20249 52327 10017 15429 66957 05515 10663 82356 07033
88101 82950 07533
77999=
TTCC 67001 48698
70866 79362 27011 50063 65177 29519 30379 58380 22510
20641 50785 30520 10094 49586 21524
88683 79962 28512
66052 09572 408//=
TTDD 6700/ 48698
11836 74966 22683 79962 33553 69373 44540 69573 55492
64976 66413 65575 77389 61380 88298 58381 99291 55583
11217 49786 22172 52984 33130 50186 44126 46789 55098
49986 66085 43390 77078 44590 88074 38792 99072 39791
11062 29795 22052 33194
21212 11905 09529 22868 12020 33835 17513 44798 19014
55779 18510 66736 24510 77677 29010 88611 34503 99596
04010 11588 04512 22518 22004 33510 27510 44479 32023
55439 26519 66413 25517 77399 27515 88389 31512 99334
29007 11319 26012 22308 26513 33303 25010 44299 22510
55297 21512 66278 23037 77237 28525 88214 28019 99193
31516 11177 34022 22142 36029 33131 35010 44121 11004
55118 16510 66105 20529 77094 24522 88088 22014 99085
14505 11079 11010 22073 13543 33068 10551 44065 09542
55060 09563 66055 08061 77052 09572=
