sing20190412.12
TTAA 62121 48698
99006 30657 06002 00078 29657 04503 92769 23215 30504
85503 18200 27013 70151 10222 20504 50588 02957 09016
40761 13356 08512 30974 28940 14509 25102 39325 14005
20250 51763 12013 15430 67157 10513 10664 82756 07031
88102 83356 09030
77999=
TTCC 62127 48698
70864 75567 07022
88999
77999=
TTDD 6212/ 48698
11937 84356 22862 81358 33752 82359 44721 76365 55684
75567 66660 71771 77659 71770
21212 11958 06538 22851 09017 33833 10018 44745 10039
55692 06520 66678 02013 77668 02510 88659 29504=
