sing20190428.12
TTAA 78121 48698
99006 31456 30502 00073 30250 09504 92766 24015 10007
85503 19850 24507 70156 11862 24023 50589 04509 30509
40761 14329 31505 30974 28556 11519 25102 38961 10533
20251 50961 09537 15432 65361 04029 10668 83156 11528
88999
77999=
TTCC 78121 48698
70867 69776 26019 50068 63175 24526 30384 56380 24027
20641 53781 24024 10104 45785 11021
88908 87356 10526 88097 46985 11528
66057 09570 414//=
TTDD 7812/ 48698
11908 87356 22846 87546 33776 81960 44735 74770 55727
70373 66708 69578 77609 73368 88497 62775 99438 66573
11297 55580 22238 57579 33199 53981 44186 48984 55145
45185 66143 45585 77124 39389 88097 46985 99093 43986
11086 47185 22080 43987 33070 45986 44062 38990 55057
37990
21212 11948 12525 22872 08032 33815 07548 44747 12024
55735 14514 66727 19011 77724 20511 88704 25018 99656
27032 11631 27522 22611 26517 33582 24521 44503 24025
55480 25532 66378 31019 77356 30515 88347 27011 99344
26012 11318 23529 22295 24029 33258 29036 44241 27538
55217 27527 66201 24024 77194 24026 88184 27517 99178
29019 11160 30523 22145 29020 33137 27510 44126 17501
55118 05010 66115 04510 77099 11522 88088 10044 99068
11567 11065 10070 22057 09570=
