sing20190422.00
TTAA 72001 48698
99004 28823 23003 00062 28227 14503 92752 23231 13010
85487 18820 10005 70133 10235 12512 50587 03964 08512
40760 11568 10509 30974 28950 29504 25102 38556 29001
20251 50350 20012 15431 66756 22014 10664 86129 02519
88999
77999=
TTCC 72001 48698
70862 77763 16505 50061 66175 30510 30379 59179 25540
20637 54182 27539 10091 47786 31529
88966 87324 05526 88368 61377 27535
77049 09074 428//=
TTDD 7200/ 48698
11966 87324 22920 86521 33849 87528 44784 79560 55723
81360 66686 76165 77631 79364 88614 71771 99563 65576
11514 67973 22469 65375 33441 56581 44368 61377 55327
57180 66304 59179 77241 56981 88222 51583 99191 54182
11141 45987 22109 49785 33088 43189 44078 44788 55071
44388 66064 35993 77054 35793
21212 11926 08038 22863 08529 33797 04027 44736 08513
55715 08014 66709 09510 77700 15505 88685 22010 99664
23010 11645 22512 22518 00000 33501 30510 44453 28009
55448 25516 66425 26532 77373 27537 88317 25042 99232
29532 11214 27038 22191 27036 33165 29529 44153 26023
55141 28527 66135 27525 77125 29022 88120 31019 99110
33526 11104 31531 22099 31527 33096 32510 44095 06002
55093 14511 66091 16523 77086 14514 88080 08511 99073
11040 11068 09569 22062 11561 33057 10552 44049 09074
55047 09073=
