sing20190407.00
TTAA 57001 48698
99009 26225 02002 00103 25834 03509 92789 24863 02505
85525 20261 35511 70171 10461 21505 50590 04761 27009
40762 15368 03506 30973 30364 19005 25100 40163 13025
20249 51163 13532 15429 65562 21022 10665 81540 03004
88999
77999=
TTCC 57001 48698
70864 77163 10518 50063 65374 27013 30379 52981 26037
20638 56979 26528 10090 40789 25026
88810 86137 09514 88218 57778 26034
77999=
TTDD 5700/ 48698
11810 86137 22664 75365 33646 75766 44630 71369 55607
70170 66557 71969 77525 66574 88481 64375 99443 67972
11378 63776 22315 52782 33281 51982 44280 51982 55218
57778 66156 50183 77132 50983 88097 40589 99088 44786
11074 42188
21212 11943 35521 22933 35520 33850 11013 44819 10513
55778 05022 66765 04526 77749 05023 88706 10019 99664
10012 11638 12011 22621 02002 33598 30510 44556 28510
55510 23510 66496 28015 77434 27031 88416 26525 99359
30519 11345 29019 22329 29027 33315 26526 44264 25049
55249 24540 66234 25030 77208 26530 88175 24521 99163
27021 11142 31027 22119 31038 33108 30014 44102 26526
55097 21025 66088 19036 77085 17026 88079 08510 99078
04005 11076 01010 22074 02516=
