sing20190411.00
TTAA 61001 48698
99008 27614 03002 00101 27022 01503 92783 23242 26503
85517 18846 29012 70164 09407 24508 50589 04756 12010
40761 14750 08516 30973 28537 14517 25101 39129 15519
20250 51759 14518 15429 67756 14021 10662 84756 07538
88999
77999=
TTCC 61001 48698
70862 74569 07508 50063 64779 27521 30378 57985 27023
20640 49388 29515 10095 38192 31018
88997 84756 07537 88085 42790 17028
77999=
TTDD 6100/ 48698
11997 84756 22725 80361 33693 72171 44670 70976 55651
71973 66603 71373 77592 67776 88578 68376 99532 64180
11454 68576 22439 65180 33384 64581 44338 58785 55319
59585 66219 48588 77147 50988 88109 47189 99100 38192
11085 42790 22083 39592 33068 44990 44066 41791 55055
37392 66054 37392 77051 36792
21212 11967 09528 22909 08021 33852 10016 44829 09015
55809 06013 66786 04021 77747 04535 88704 07510 99687
14503 11557 15002 22541 26010 33513 28517 44445 25029
55419 25040 66397 27524 77365 26527 88336 29526 99314
27020 11276 26521 22259 29022 33237 29019 44226 26514
55205 29516 66193 29516 77186 26012 88181 25511 99177
27010 11148 27021 22133 29523 33119 29524 44105 27529
55103 27025 66099 32018 77094 34512 88093 35010 99092
07001 11090 17010 22085 17028 33082 13529 44079 12039
55075 11031 66073 10034 77068 10033 88065 08047 99060
09556 11056 08547 22051 10555=
