sing20210405.12
TTAA 55121 48698
99007 25813 01511 00088 25222 35008 92773 22841 34522
85506 18008 32014 70150 08608 31521 50587 05705 28515
40759 15111 13009 30971 28760 11525 25099 39362 12537
20247 51960 11548 15427 67956 11551 10662 76959 28517
88111 79758 09543
77999=
TTCC 55121 48698
70865 76564 04014 50065 67173 23534 30378 59180 24020
20637 53583 09036 10091 41590 09066
88899 79759 27537
77105 09068 41012=
TTDD 5512/ 48698
11899 79759 22801 80758 33618 74766 44564 62777 55449
69971 66415 60580 77375 59380 88336 62577 99233 53183
11212 56181 22199 53583 33176 57980 44173 55383 55159
56381 66133 45188 77112 42589 88081 37792 99069 38992
21212 11919 27541 22834 27523 33797 29515 44782 32010
55758 00000 66707 04510 77687 03521 88674 04022 99611
05520 11600 06512 22598 07010 33590 13502 44580 23010
55556 24524 66524 23031 77476 24538 88450 25034 99415
30533 11385 29527 22369 31026 33334 26521 44311 28011
55309 27010 66296 23022 77275 23519 88267 22019 99263
21518 11256 18011 22248 24004 33235 33510 44225 36018
55210 06529 66201 09035 77178 08537 88166 11055 99151
09545 11145 09049 22132 10058 33125 09561 44105 09068
55069 09562=
