sing20210430.12
TTAA 80121 48698
99008 29850 32005 00092 28850 11505 92780 23244 07507
85514 18827 07007 70157 09825 02006 50588 05332 09510
40760 14959 10508 30971 29967 10509 25098 39961 08015
20247 51731 04507 15426 68530 02007 10657 82346 09039
88105 86139 10026
77999=
TTCC 80127 48698
70863 75364 27533
88999
77999=
TTDD 8012/ 48698
11939 83150 22910 75960 33876 72763 44690 75963 55578
73166
21212 11955 08041 22907 08014 33887 36004 44861 28511
55830 26024 66768 27041 77731 26039 88681 29029 99578
32025=
