sing20210402.00
TTAA 52001 48698
99005 27610 04506 00071 27018 03503 92760 23645 30015
85495 18623 31519 70145 11661 30031 50587 05350 32009
40759 16331 29505 30970 30362 06009 25097 40749 06011
20245 52539 08021 15424 67744 08032 10657 83748 07046
88104 84540 08052
77999=
TTCC 52001 48698
70860 75764 26017 50061 62376 25025 30373 61978 28009
20634 53781 10027 10090 44386 08569
88402 67573 26530
77062 09595 422//=
TTDD 5200/ 48698
11993 83948 22932 83357 33900 75760 44883 74961 55758
78161 66680 75364 77665 72366 88593 71368 99590 71368
11563 66173 22486 60977 33402 67573 44355 62377 55324
63776 66302 62577 77275 55980 88249 54781 99231 47784
11204 53980 22183 50183 33170 51982 44142 50183 55133
44987 66120 43587 77106 45386 88080 42588 99069 35792
11062 36392
21212 11938 06032 22916 06012 33914 06010 44905 00503
55890 27511 66827 27042 77687 25514 88681 26510 99676
28507 11652 02010 22629 04011 33599 14003 44557 20510
55542 20014 66524 23516 77488 26530 88473 27031 99434
28032 11412 26532 22371 26029 33353 23025 44309 24012
55303 26510 66286 26004 77249 29512 88246 31010 99240
05010 11236 06515 22198 10529 33189 08528 44176 09550
55136 08069 66082 09057 77076 08065 88062 09595=
