sing20210401.00
TTAA 51001 48698
99005 28250 32507 00064 28056 31003 92753 24258 29025
85489 20259 27537 70135 09216 27027 50586 05534 35008
40757 15522 21508 30969 28963 13012 25097 39358 13518
20246 52358 12522 15425 67545 09527 10657 85926 08546
88999
77999=
TTCC 51001 48698
70860 74965 30530 50059 67372 20511 30/// 60378 /////
20631 53382 08516 10088 46386 09553
88924 87130 09540
77059 08577=
TTDD 5100/ 48698
11961 86324 22924 87130 33873 84757 44855 76362 55818
73167 66686 75564 77540 66973 88509 67772 99409 62976
11259 54581 22236 58578 33211 58379 44189 51383 55188
51383 66184 51383 77183 51383 88157 47585 99123 45386
11103 46586 22095 45787 33077 36792
21212 11938 10042 22907 08034 33880 08034 44859 06517
55843 00509 66831 31512 77820 30017 88763 29041 99683
31025 11635 31012 22626 31510 33605 03501 44536 19010
55520 17516 66494 20511 77483 25514 88410 29034 99291
23511 11261 29501 22232 08010 33197 08017 44187 06530
55163 09052 66140 09062 77128 08057 88093 09547 99080
10551 11072 08558 22059 08577 33058 08575=
