sing20210413.12
TTAA 63121 48698
99007 28646 03505 00087 28457 06505 92775 23445 13503
85509 18639 21002 70153 10044 14507 50588 05141 30503
40760 15715 07007 30971 30366 11516 25098 40769 10010
20246 52159 08511 15426 66346 21017 10660 82744 18016
88999
77999=
TTCC 63121 48698
70859 76363 31505 50061 65574 29035 30376 60178 31521
20631 56979 10528 10091 40789 09062
88935 85934 17022
77080 08565 406//=
TTDD 6312/ 48698
11935 85934 22823 86531 33790 84156 44754 76162 55695
76564 66686 75765 77676 69969 88647 68771 99616 70769
11531 64774 22457 66374 33398 61777 44377 62177 55319
62177 66307 59579 77290 60778 88277 56780 99236 59579
11228 56181 22197 57380 33170 46585 44152 48784 55077
34593
21212 11954 17524 22885 18010 33818 12502 44795 06510
55779 08015 66767 09012 77695 31004 88686 27511 99673
25522 11643 27527 22515 28533 33480 31034 44464 30036
55439 29025 66411 27028 77383 27031 88365 28534 99352
30027 11316 29023 22292 32019 33287 34012 44284 02509
55281 05510 66277 08514 77268 09517 88252 09523 99240
12513 11236 14512 22233 16015 33226 15527 44222 14525
55212 10519 66192 12036 77177 08544 88161 08065 99138
11054 11130 10052 22117 09057 33080 08565 44077 08564=
