sing20190127.12
TTAA 77121 48698
99009 28656 05006 00102 27450 03011 92788 21827 00520
85519 16810 36016 70156 08600 25513 50587 04360 02009
40760 14559 10010 30971 29766 11008 25098 40560 11016
20246 53360 11043 15425 68343 13547 10659 76965 10533
88118 80156 11567
77115 11570 432//=
TTCC 77121 48698
70858 85958 11006 50053 67374 05515 30371 56185 28531
20631 52187 26028 10086 45190 28525
88686 86758 10511
77999=
TTDD 7712/ 48698
11839 83560 22686 86758 33596 76765 44586 76966 55572
73171 66566 68574 77552 66977 88523 65776 99477 69373
11397 58182 22383 59582 33343 54385 44315 56583 55084
44190 66074 46989 77045 33394
21212 11924 09511 22907 09510 33845 04010 44825 06012
55787 07515 66768 06515 77745 09510 88710 11506 99659
11528 11649 13033 22589 08540 33566 10537 44537 05523
55504 05515 66491 06515 77482 08015 88470 11517 99459
11524 11451 10514 22440 07510 33424 02501 44408 27510
55387 23010 66379 25007 77374 28513 88361 29033 99336
29544 11283 29529 22278 28526 33244 25530 44222 26528
55205 25031 66181 27537 77168 28535 88139 24523 99124
25029 11108 29540 22092 28020 33087 23515 44084 23013
55080 19511 66075 19010 77073 18005 88069 11014 99067
11510 11063 08014 22060 07516 33053 13025 44049 10525
55047 10044 66045 08533=
