sing20190124.00
TTAA 74001 48698
99010 26031 04503 00115 25236 02009 92797 20211 03525
85525 17024 02512 70161 09039 28510 50588 05361 28507
40760 15957 34508 30971 31943 31502 25097 41332 10022
20244 54332 11535 15422 69534 11560 10658 78561 29517
88999
77129 11089 43385=
TTCC 74001 48698
70859 79564 13513 50053 73368 08028 30370 58182 27030
20628 52585 24015 10082 49588 28521
88871 81761 29021 88283 59980 27537
77999=
TTDD 7400/ 48698
11871 81761 22776 82362 33637 78764 44614 78964 55547
74768 66537 71370 77502 73568 88456 70772 99442 67176
11434 61581 22354 57383 33340 58381 44331 55584 55283
59980 66245 52785 77220 54384 88167 52386 99137 46389
11098 49988 22069 41191 33057 37792 44049 38992 55044
35193 66041 37592
21212 11908 28027 22864 29019 33819 35014 44795 33014
55773 34510 66750 02505 77708 12513 88691 13513 99672
11510 11624 12516 22587 07524 33540 07535 44503 07530
55474 10506 66455 09518 77444 09510 88441 14006 99437
18510 11419 15525 22393 20014 33383 23017 44363 22529
55331 28034 66316 28539 77275 28033 88262 26521 99259
25520 11256 24520 22236 27517 33219 25519 44210 26513
55197 22518 66189 24516 77176 26015 88171 28014 99158
27011 11151 25508 22149 24510 33140 27515 44134 25017
55125 28514 66119 28018 77114 31015 88099 28022 99093
28016 11090 29515 22087 25017 33085 25513 44084 29010
55079 28504 66073 31010 77071 29510 88068 23010 99064
24514 11061 22014 22060 22516 33058 24502 44049 06010
55047 06013 66046 09020 77045 09019 88044 07019 99041
09025=
