sing20190130.00
TTAA  80001 48698
99010 26626 06003 00099 25834 02006 92782 21230 04026
85512 17636 03521 70151 09442 35010 50587 06135 29510
40759 15934 05514 30970 30750 13522 25097 40945 17018
20244 54137 13013 15422 69722 11035 10656 79902 24518
88999
77999
31313 41708 82355=
TTCC  80001 48698
70855 81150 05024 50055 60165 00523 30375 56575 22019
20634 48383 16004 10090 49383 29017
88913 82702 26510
77999
31313 41708 82355=
TTDD  8000/ 48698
11913 82702 22778 84103 33690 79759 44670 78311 55505
59964 66474 62165 77393 56970 88348 59372 99240 57979
11171 47383 22100 49383 33047 31188 44046 30773
21212 11827 05501 22801 15011 33719 04518 44690 05026
55500 00523 66464 32021 77206 13505 88177 32004 99166
24009 11152 36014 22104 28515 33086 03016 44066 12011
55046 08012
31313 41708 82355=
