sing20190120.00
TTAA 70001 48698
99008 26221 00503 00093 25426 01504 92777 21422 01523
85508 17627 01515 70148 09637 33009 50587 05337 12506
40760 13361 02513 30972 28970 35518 25100 40557 35011
20248 52761 14506 15427 68550 13015 10659 81359 04010
88111 82756 10539
77999=
TTCC 70001 48698
70859 79363 14013 50053 69973 08517 30368 55986 29522
20631 51987 28026 10081 49388 30510
88999
77999=
TTDD 7000/ 48698
11832 83161 22605 77364 33582 78564 44553 76566 55520
69174 66476 66577 77416 68975 88398 67378 99379 60984
11330 54387 22286 56386 33265 49788 44164 53387 55069
45789 66054 42191 77049 36792
21212 11977 02510 22897 17010 33820 00000 44785 10010
55722 14510 66698 14013 77672 10012 88662 07010 99659
06011 11571 05536 22543 05534 33526 08028 44496 09013
55492 10010 66488 13008 77482 17510 88462 22012 99433
24517 11418 23014 22405 24510 33388 24501 44366 21010
55350 21516 66329 27023 77321 28025 88303 29523 99281
28521 11267 30027 22241 27028 33224 28526 44194 28030
55184 27526 66177 29526 77164 30022 88156 33016 99149
31515 11133 32516 22125 31012 33119 33013 44109 32005
55087 25511 66083 26012 77079 23516 88072 27017 99069
25014 11065 27519 22063 30010 33060 27504 44051 15010
55049 15508=
