sing20130317.12
TTAA  67121 48698
99007 28064 06006 00072 28462 04002 92759 22008 03013
85491 18203 01006 70135 10003 04005 50585 04540 08007
40758 14564 10518 30969 30561 04518 25096 39940 09014
20245 52343 16015 15424 66542 01006 10662 77537 33024
88999
77999=
TTCC  67121 48698
70862 793// 21004 50051 763// 09038 30366 513// 26039
20629 491// 26540 10089 413// 25533
88794 85142 19507
77117 26062 41730=
TTDD  6712/ 48698
11865 83341 22850 83546 33794 85142 44784 851// 55692
791// 66681 793// 77616 829// 88602 829// 99525 787//
11505 767// 22492 753// 33435 695// 44423 679// 55395
597// 66371 609// 77347 577// 88326 525// 99313 501//
11293 521// 22254 537// 33238 519// 44197 493// 55162
473// 66156 463// 77109 439// 88106 423// 99097 405//
11078 379// 22076 381//
21212 11922 30509 22888 24503 33858 17513 44729 28505
55718 29503 66705 23002 77692 20007 88679 21510 99616
17512 11593 18016 22535 10524 33490 10039 44459 09044
55414 07561 66393 10051 77359 08536 88347 07530 99324
20006 11318 23515 22292 27046 33282 28047 44273 28037
55241 27545 66233 27528 77210 28039 88185 26545 99157
27055 11152 27044 22142 27059 33123 27062 44117 26062
55113 27551 66104 26038 77087 28534 88084 28025 99083
27520 11082 25027 22079 29525 33076 29024=
