sing20130313.00
TTAA  63001 48698
99009 26059 07002 00092 26259 00000 92776 22456 34009
85506 17019 30508 70145 11065 03009 50587 05170 04010
40759 13384 03520 30970 30763 06011 25097 41558 11514
20245 52959 13029 15425 63962 04519 10662 81756 36014
88999
77999=
TTCC  63001 48698
70860 787// 07518 50055 679// 11031 30375 519// 26548
20634 541// 28521 10093 429// 27545
88852 86558 03504
77999=
TTDD  6300/ 48698
11970 82550 22921 84157 33892 85161 44852 86558 55831
861// 66824 855// 77791 841// 88768 827// 99759 815//
11739 795// 22693 783// 33686 777// 44630 781// 55585
733// 66556 717// 77548 709// 88494 677// 99431 643//
11389 583// 22370 559// 33330 525// 44322 511// 55305
513// 66291 529// 77248 563// 88238 547// 99219 559//
11204 543// 22178 503// 33170 489// 44155 499// 55139
429// 66128 445// 77104 427// 88089 415// 99082 375//
11077 363// 22073 351//
21212 11960 05506 22943 07006 33910 28002 44836 04006
55808 09507 66752 05523 77698 08018 88685 10512 99671
11017 11648 09006 22556 08026 33519 11533 44474 11543
55415 08546 66382 04510 77375 34008 88357 32025 99345
34513 11339 32007 22328 27024 33316 27545 44304 26551
55284 26045 66246 25521 77234 25036 88221 26538 99208
28034 11197 28014 22190 29530 33176 28020 44147 25023
55134 28531 66108 28045 77097 27041 88088 28548 99078
26524 11074 24533 22073 25531=
