sing20130323.12
TTAA  73121 48698
99004 29458 07008 00052 29457 07004 92742 22821 06013
85477 19621 00505 70125 10232 24502 50586 04163 14503
40758 14559 12005 30970 29762 09013 25097 39938 16504
20245 52538 29009 15425 66536 23025 10660 82936 12506
88999
77999=
TTCC  73127 48698
70857 745// 06006
88882 87357 06522
77999=
TTDD  7312/ 48698
11954 84950 22924 85562 33882 87357 44866 873// 55828
869// 66806 855// 77745 819// 88707 745// 99700 745//
11619 733// 22532 751// 33525 749//
21212 11976 12007 22956 11509 33897 05515 44859 07032
55847 07532 66810 10029 77775 11039 88755 10536 99725
06015 11697 06005 22684 07003 33659 16506 44645 17006
55632 11509 66607 08019 77595 10022 88583 10522 99573
12521 11563 13022 22553 12023 33544 12025 44535 11029
55525 12029=
