sing20130326.12
TTAA  76121 48698
99003 29247 29002 00041 29440 31001 92733 24027 10505
85470 19009 34504 70121 11427 01008 50586 04158 05009
40759 13747 12512 30971 29157 17013 25098 39565 11009
20247 52150 10512 15427 67948 31501 10661 82926 08512
88999
77999=
TTCC  76125 48698
70858 795// 10517 50053 701// 10045
88821 88346 08518
77999=
TTDD  7612/ 48698
11968 83326 22925 83939 33900 84957 44861 86358 55821
88346 66804 879// 77769 857// 88765 857// 99730 809//
11723 805// 22696 795// 33691 797// 44671 781// 55662
775// 66655 775// 77633 783// 88574 741// 99533 707//
11527 705// 22509 701// 33485 711//
21212 11954 08518 22938 09019 33919 09019 44886 10522
55851 10523 66815 08017 77797 04520 88780 05523 99764
05528 11750 08023 22719 11023 33705 11017 44678 07006
55652 02510 66627 03014 77579 05528 88569 05529 99551
07531 11533 09038 22517 08542 33502 10045 44489 10543
55485 10545=
