sing20130320.12
TTAA  70121 48698
99005 30464 19004 00061 30859 14002 92752 23432 06004
85487 19428 27506 70138 12469 16505 50587 05156 07510
40759 15932 12516 30971 30167 08013 25097 41157 10019
20245 52956 14027 15425 65157 02011 10662 83141 20026
88999
77999=
TTCC  70127 48698
70858 84569 07026
88999
77999=
TTDD  7012/ 48698
11980 83941 22929 84742 33871 84756 44841 85544 55807
86748 66780 85946 77753 86756 88727 86559 99689 84362
11671 825//
21212 11987 19525 22964 19033 33941 19033 44919 17527
55898 15024 66855 12521 77836 12025 88818 12526 99800
12030 11782 10030 22726 07027 33709 07026 44693 07027
55671 07020=
