sing20130322.12
TTAA  72121 48698
99005 28250 05003 00054 29035 05504 92745 24050 08507
85480 19020 00000 70126 10440 06008 50585 04362 06012
40758 15549 11011 30969 29738 15008 25096 38750 20019
20245 51550 21518 15426 66548 25030 10660 83930 19014
88999
77999=
TTCC  72127 48698
70857 78149 11517
88999
77999=
TTDD  7212/ 48698
11991 84134 22936 86343 33897 87536 44861 87130 55852
86334 66833 85145 77825 85550 88770 82550 99741 81147
11715 78950 22690 75550 33682 74945 44673 74349 55659
74350
21212 11961 14510 22946 14011 33916 15014 44887 08011
55874 08015 66852 06029 77845 06531 88835 07533 99826
07536 11816 08536 22807 09037 33797 09536 44782 11537
55775 12040 66761 12546 77748 11546 88736 11039 99729
11033 11715 11027 22704 11521 33691 10513 44679 10003
55659 01505=
