sing20130328.00
TTAA  78001 48698
99007 27830 04002 00074 27824 00000 92763 22610 14506
85498 19402 21003 70140 09408 12006 50587 03956 08008
40760 14547 03012 30971 29760 08508 25099 39761 12009
20247 51942 16019 15427 67934 14012 10659 85724 07029
88999
77999=
TTCC  78001 48698
70859 775// 10505 50055 719// 08543 30372 555// 23009
20638 461// 28542 10101 433// 27528
88978 86118 07027
77999=
TTDD  7800/ 48698
11994 85920 22978 86118 33961 859// 44933 835// 55891
815// 66886 817// 77858 805// 88837 789// 99828 789//
11779 807// 22695 773// 33544 723// 44526 701// 55496
721// 66461 693// 77431 587// 88386 605// 99377 569//
11340 585// 22296 547// 33274 529// 44256 527// 55241
459// 66219 437// 77197 467// 88188 453// 99145 429//
11137 431// 22132 447// 33123 465// 44105 441// 55088
421// 66075 379// 77064 395// 88062 381// 99057 247//
11054 205// 22052 183// 33046 135//
21212 11825 12015 22692 09003 33605 11510 44575 08521
55547 07532 66523 08542 77503 08544 88483 07048 99465
08059 11412 13516 22399 16010 33386 28502 44349 24515
55275 34004 66263 21004 77214 27029 88204 29037 99188
27039 11139 24545 22100 27028 33080 32025 44070 29519
55063 23018 66061 17519 77060 21516 88055 19015 99054
24003 11052 06013 22050 10008 33049 05506 44048 09019
55046 05515=
