sing20130311.00
TTAA  61001 48698
99009 25857 05004 00092 26250 04501 92776 22223 00505
85510 19856 34008 70156 09434 34009 50588 05557 20003
40760 14564 25502 30972 30159 12004 25098 40745 16010
20246 52359 14023 15425 68157 10537 10662 81138 05025
88999
77999=
TTCC  61001 48698
70861 813// 11516 50056 713// 06029 30374 571// 28015
20636 503// 26540 10093 433// 26530
88874 86357 06022
77999=
TTDD  6100/ 48698
11978 82145 22929 84562 33897 85959 44874 86357 55866
857// 66845 855// 77835 851// 88825 841// 99815 819//
11797 787// 22777 795// 33732 805// 44708 811// 55645
741// 66622 751// 77585 741// 88527 727// 99507 713//
11463 667// 22452 641// 33435 657// 44430 659// 55399
613// 66375 557// 77348 543// 88301 571// 99277 553//
11256 503// 22247 487// 33228 517// 44210 507// 55179
523// 66151 497// 77145 475// 88118 441// 99096 423//
11084 403// 22078 385// 33074 359// 44069 375// 55064
373//
21212 11976 04028 22856 06521 33793 14514 44757 17508
55745 16006 66718 10510 77647 15026 88607 13518 99519
06530 11469 07540 22402 08040 33390 09526 44377 14517
55364 18017 66350 22521 77305 27518 88294 29517 99278
26016 11263 28521 22255 27533 33236 29547 44228 29542
55212 28534 66197 26542 77177 25035 88146 27026 99133
26033 11131 25527 22119 28034 33113 25027 44089 28540
55081 30032 66076 27528 77073 25539 88071 25023 99068
26032 11067 26019 22065 21015 33064 23520=
