USSR01 WSSS 181200
TTAA  68111 48698
99005 28256 06511 00081 27448 03012 92765 21617 02019
85495 17815 34514 70135 09409 27508 50586 05559 23018
40759 14562 31510 30969 31928 10008 25095 41562 10541
20243 51764 10076 15426 63969 12521 10662 82750 22033
88999
77204 10078 42527
31313 73508 81040=



UKSR01 WSSS 181200
TTBB  68118 48698
00005 28256 11957 23622 22826 16614 33787 15456 44692 08604
55621 06056 66574 01857 77558 00464 88515 03765 99507 04758
11500 05559 22491 05169 33488 05562 44480 04964 55457 06973
66401 14363 77381 17762 88349 24147 99314 29517 11273 37326
22251 41361 33222 47568 44185 52973 55150 63969 66100 82750
21212 00005 06511 11977 02018 22950 03521 33860 34014 44802
34010 55790 32014 66771 32018 77759 30018 88724 32012 99714
28516 11700 27508 22684 29014 33671 26014 44640 25512 55624
23010 66611 25510 77606 23510 88593 23514 99577 25516 11549
26521 22508 23018 33478 23512 44467 26012 55439 26512 66431
28014 77411 28016 88403 31010 99387 29010 11376 31008 22369
27508 33353 30008 44348 34008 55336 01502 66335 03502 77330
36004 88322 02506 99314 08504 11308 07006 22303 09508 33272
12018 44204 10078 55199 10078 66185 11053 77150 12521 88130
21016 99124 20523 11115 22531 22100 22033
31313 73508 81040
41414 22432=



ULSR01 WSSS 181200
TTCC  68111 48698
70859 82558 08021 50056 67371 18519 30371 61783 28516
20624 61783 28029 10070 46187 12029
88873 85756 18518 88219 61183 29533
77999
31313 73508 81040=



UESR01 WSSS 181200
TTDD  6811/ 48698
11873 85756 22756 85556 33715 84157 44656 75961 55535 70367
66514 66771 77486 66772 88473 63776 99423 61181 11387 64181
22266 58184 33219 61183 44200 61783 55175 54785 66157 56785
77122 51386 88112 49986 99100 46187 11099 46587 22097 45388
33096 42788 44084 43988 55071 38390 66046 40189
21212 11934 22519 22877 18518 33845 18008 44786 11010 55767
13002 66760 06002 77740 10012 88665 06021 99599 08521 11576
11012 22554 15510 33538 15012 44518 18018 55492 18514 66470
21508 77451 22004 88440 33502 99415 33519 11366 31512 22347
27012 33334 27510 44325 29508 55317 28010 66294 29019 77279
25523 88235 29537 99181 27525 11154 21516 22148 26006 33147
28504 44146 35002 55145 00504 66142 33512 77136 01012 88133
35018 99130 36018 11126 33521 22117 02519 33112 35512 44109
02008 55107 09512 66101 11527 77090 08539 88080 11535 99071
06541 11068 08545 22064 08039 33061 10543 44046 09041
31313 73508 81040=
