USSR01 WSSS 151200
TTAA  65111 48698
99007 27450 07010 00089 26635 03014 92775 21431 01019
85505 19670 04016 70143 09430 29010 50587 05150 29018
40759 15932 31016 30970 31144 29512 25096 41137 20016
20243 53536 16523 15421 69556 12041 10659 76765 28035
88999
77138 11572 44664
31313 73508 81042=



UKSR01 WSSS 151200
TTBB  65118 48698
00007 27450 11959 23008 22866 18256 33863 19062 44842 19271
55820 18073 66767 12621 77722 10215 88689 09456 99641 05647
11612 03861 22600 02649 33579 01060 44558 00363 55523 02557
66504 04747 77469 08361 88450 10163 99433 11960 11421 13528
22355 21946 33322 27325 44305 30147 55192 56130 66182 58956
77136 72758 88126 70564 99100 76765
21212 00007 07010 11992 03016 22936 01019 33884 02016 44821
04518 55796 02512 66784 35510 77706 29510 88682 25514 99665
26516 11653 24516 22598 25019 33555 28025 44545 27016 55530
30016 66497 29018 77480 25514 88431 28023 99419 30518 11378
31508 22364 01004 33359 33504 44347 31506 55328 01010 66314
35006 77308 31006 88280 26016 99261 19512 11252 20016 22228
14514 33198 16523 44158 13027 55138 11572 66130 11537 77123
11516 88114 16506 99112 25006 11111 27010 22107 28518 33100
28035
31313 73508 81042
41414 38438=



ULSR01 WSSS 151200
TTCC  65111 48698
70862 75563 25521 50058 68369 29504 30371 62383 26514
20625 56585 26021 10076 45787 12516
88769 83761 29018
77999
31313 73508 81042=



UESR01 WSSS 151200
TTDD  6511/ 48698
11769 83761 22740 76765 33621 77162 44545 73965 55483 66171
66403 62775 77351 64378 88257 59184 99235 60384 11186 54785
22164 54985 33159 55185 44151 50386 55146 48187 66125 49586
77109 48387 88106 46387 99088 46987 11078 43588 22053 44388
33045 42388
21212 11952 27027 22897 28035 33769 29018 44724 27519 55660
23519 66614 23516 77587 22019 88545 24012 99531 19510 11522
21006 22507 18502 33501 28502 44489 33008 55468 34514 66434
31014 77305 28518 88293 23014 99279 23027 11253 21535 22227
21521 33216 26023 44183 27014 55179 28518 66152 28023 77132
29018 88118 21514 99114 16512 11108 22010 22106 17006 33104
10508 44099 14018 55090 12027 66084 12523 77078 09023 88072
08029 99066 10043 11053 10054 22045 08566
31313 73508 81042=
