sing20200601.00
TTAA 51001 48698
99010 28234 31503 00111 27442 16002 92800 23441 16003
85534 18225 20505 70175 10043 10007 50590 04938 07508
40762 14758 06518 30974 28772 07017 25102 38960 09012
20251 52156 06010 15430 67926 10512 10665 76960 01510
88999
77999=
TTCC 51001 48698
70867 74966 14507 50061 72970 08540 30381 56379 13508
20640 50183 09016 10103 40189 05023
88826 83550 13505 88249 58578 23528
77999=
TTDD 5100/ 48698
11826 83550 22759 81559 33736 74964 44716 73967 55632
78762 66598 73367 77597 73367 88526 76965 99509 75767
11474 66175 22394 56979 33368 59377 44337 54181 55292
57179 66280 53781 77249 58578 88226 52782 99197 49982
11141 46585 22136 42987 33124 43586 44119 39589 55103
41787 66097 38989 77073 44586 88064 36991 99060 29995
11052 30795
21212 11991 01010 22789 09501 33742 10013 44620 11006
55483 09053 66425 08558 77364 07051 88342 07019 99327
14007 11319 12510 22309 11512 33290 12003 44277 21515
55251 23529 66231 24011 77223 36002 88213 05510 99200
09016 11194 13512 22188 14518 33182 12017 44178 14013
55174 13012 66171 14011 77168 12012 88164 12012 99160
08512 11157 07014 22140 08036 33135 09520 44130 15519
55127 15518 66124 12013 77123 11510 88120 16504 99118
24010 11113 26510 22107 35512 33101 04026 44100 05023
55095 15007 66092 19510 77089 20511 88085 26018 99081
29033 11080 29530 22075 30511 33074 33506 44072 34510
55071 32511 66070 32010 77068 02510 88067 03010 99063
02505 11060 30014 22056 31025 33052 29017=
