sing20200602.12
TTAA 52121 48698
99007 30250 30003 00086 29456 12506 92777 23421 13007
85512 18204 24002 70160 10448 29506 50589 04557 04508
40762 13758 12004 30974 29165 09513 25101 39141 04013
20250 51569 05027 15430 66956 03527 10667 81147 23015
88999
77999=
TTCC 52121 48698
70866 84356 06513 50060 71571 09560 30382 54381 26533
20643 48185 25011 10104 41189 23511
88992 81348 22015 88277 57579 26031
77472 09570 42211=
TTDD 5212/ 48698
11992 81348 22703 84956 33618 81362 44610 76764 55532
70771 66501 71771 77491 67575 88463 64176 99438 59779
11402 60778 22352 49584 33277 57579 44200 48185 55158
50783 66133 42388 77124 44387 88105 40989 99100 41589
11093 35793 22079 41789 33067 38591 44065 32394 55060
30595 66059 25197 77057 24997 88050 31794 99045 30595
21212 11962 18017 22912 20517 33852 20021 44824 20010
55781 09503 66732 03010 77717 03011 88700 06513 99655
09028 11618 07538 22554 09551 33519 08050 44472 09570
55396 09557 66386 08552 77363 06513 88361 06010 99355
35505 11347 28010 22340 26016 33325 25533 44311 27035
55280 26032 66257 29022 77236 30522 88221 28516 99216
29010 11209 21510 22206 20511 33201 24511 44192 26012
55187 28510 66178 02002 77173 09010 88148 11047 99144
09551 11136 10024 22125 12521 33122 11021 44117 13512
55113 20012 66112 21015 77110 20010 88104 16004 99097
25528 11094 28520 22080 26535 33075 28514 44071 26030
55068 26520 66067 25510 77065 17001 88061 07510 99060
06510 11059 35505 22057 27524 33050 26553 44045 30028=
