sing20200630.12
TTAA 80121 48698
99005 29840 26505 00071 29244 13010 92761 22805 14512
85496 18426 15509 70140 10048 13009 50587 04756 05504
40759 15144 13525 30970 30535 12017 25097 40134 05519
20245 52162 04035 15425 67557 05561 10661 75361 13013
88109 80334 09547
77141 07574 43930=
TTCC 80121 48698
70865 79361 08024 50062 68372 08553 30385 54180 23026
20647 48784 34502 10112 40788 27021
88822 79759 20510
77999=
TTDD 8012/ 48698
11965 75163 22822 79759 33705 79960 44602 77164 55569
68174 66504 68972 77474 61377 88438 60378 99395 53781
11315 56179 22180 47984 33159 42787 44114 41388 55107
38790 66089 42587 77078 38790 88070 39589 99057 32593
21212 11931 20010 22829 21012 33819 20010 44801 14010
55757 12005 66739 07510 77660 07541 88616 07045 99597
08049 11575 09038 22548 10545 33493 08558 44465 10551
55437 08544 66421 08527 77406 07012 88405 07010 99396
31001 11383 24010 22363 20012 33339 25019 44327 26520
55300 23026 66282 23516 77267 27014 88264 27510 99258
25502 11243 19510 22231 25515 33226 26017 44201 00000
55192 08511 66184 10014 77171 07024 88165 07033 99158
08022 11147 06022 22141 07022 33138 09015 44137 10010
55134 16004 66131 22510 77125 24015 88114 20516 99111
21521 11108 20015 22105 23520 33100 27521 44093 25523
55090 22016 66088 18510 77087 19009 88084 24015 99078
28521 11067 20001 22057 25010=
