sing20200621.12
TTAA 71121 48698
99004 27615 26504 00057 27022 18505 92744 22007 21514
85480 20256 19008 70131 11447 06001 50587 02956 01504
40760 14527 01517 30972 28929 02001 25099 39520 03501
20248 51764 08510 15428 67344 10521 10662 80157 07022
88114 80556 06529
77999=
TTCC 71121 48698
70865 69971 23009 50062 69972 09041 30383 54382 26548
20643 48586 19001 10110 39791 26529
88600 75765 08016
77455 08564 43529=
TTDD 7112/ 48698
11930 81950 22817 78559 33787 79759 44704 69971 55600
75765 66521 72569 77452 62778 88442 63177 99416 62778
11363 53183 22332 51984 33277 56781 44229 55182 55174
43988 66157 47386 77138 45188 88120 38592 99085 41391
11071 40991 22069 37992 33062 41591 44049 34993 55048
29195
21212 11930 08026 22797 06042 33765 08028 44733 07010
55714 17004 66697 23510 77675 25510 88629 04002 99609
07510 11586 08525 22550 11032 33455 08564 44405 08563
55390 09543 66376 12024 77366 18016 88363 19517 99351
23025 11331 25534 22300 26548 33252 28524 44238 27519
55229 23014 66220 21513 77209 00000 88189 06011 99174
04024 11164 04530 22155 07022 33151 04013 44146 04518
55138 07027 66136 08020 77134 10510 88133 11508 99130
10010 11127 07018 22125 05512 33123 33003 44121 27010
55112 26533 66103 28016 77096 27046 88085 27053 99070
28528 11066 31517 22062 28513 33060 25011 44059 23510
55058 21008 66057 18010 77055 21516 88053 20513 99051
25021 11050 25523 22048 29019=
