sing20150917.00
TTAA 67001 48698
99008 28036 19003 00095 27439 15008 92782 22227 15516
85516 19241 19011 70158 08819 23005 50588 05538 27008
40759 16121 09026 30970 29547 01519 25098 39933 02028
20246 53134 01042 15424 67360 03555 10661 77957 16007
88999
77127 06059 42861=
TTCC 67001 48698
70867 70370 08522 50072 63577 30010 30397 55381 23540
20658 54982 28533 10114 44187 25042
88949 78957 05004 88548 67972 29033
77999=
TTDD 6700/ 48698
11949 78957 22811 77560 33739 74564 44699 70370 55681
63377 66665 61379 77548 67972 88486 58980 99411 54381
11360 55981 22328 51783 33290 56580 44249 51184 55203
55381 66158 52982 77129 44187 88119 46186 99105 42988
11095 44786 22081 42189 33072 36592 44056 42987 55051
38191
21212 11958 11002 22919 32011 33886 31510 44825 03505
55809 10011 66796 11015 77757 08523 88724 08029 99692
07512 11684 01506 22675 32510 33659 28520 44638 27030
55618 26030 66567 28538 77527 29025 88509 31017 99502
31010 11493 27516 22453 28524 33407 26036 44357 25546
55297 23540 66255 27029 77232 29534 88184 28029 99177
26030 11142 24040 22125 27033 33119 26027 44116 25030
55098 24544 66089 24040 77075 29514 88074 28514 99072
26015 11069 25016 22066 28517 33061 32027 44057 32520
55056 34514 66055 04010 77052 10010 88051 09512=
