sing20150924.12
TTAA 74121 48698
99009 31057 23003 00102 28850 23005 92791 22615 17007
85525 20069 18016 70166 09660 27010 50589 04944 29508
40761 15168 02508 30973 30366 11507 25099 40956 08513
20247 53161 09032 15426 67142 09064 10662 82131 07542
88101 82132 08043
77139 09084 43317=
TTCC 74123 48698
70870 70169 29011 50073 63776 30522 30394 54581 27040
20653 /////
88999
77999=
TTDD 7412/ 48698
11957 79950 22921 70763 33900 69966 44738 73765 55638
65974 66576 67972 77308 54181 88240 54581
21212 11951 07052 22908 07523 33893 06013 44882 02010
55877 00511 66853 30514 77817 30025 88790 29021 99730
30016 11718 31510 22710 31507 33695 29013 44674 30012
55642 27021 66626 27027 77597 27025 88567 30025 99536
28514 11518 28517 22494 31024 33482 32521 44454 33007
55441 28021 66432 27531 77414 28532 88400 30031 99374
29028 11314 25029 22292 28044 33272 25036 44240 26049=
