sing20150901.00
TTAA 51001 48698
99009 28246 18505 00108 27239 16507 92785 21413 16016
85516 18864 13509 70158 11678 10521 50588 05550 07011
40760 13978 11021 30971 31357 10011 25097 42156 09023
20244 53766 08538 15424 65961 05540 10661 77158 06025
88109 78357 06033
77999=
TTCC 51002 48698
70869 73567 14026 50072 56781 28520 30395 54783 25538
20656 50786 27523 10116 /////
88999
77999=
TTDD 5100/ 48698
11812 71966 22688 74366 33654 72968 44621 66574 55555
65775 66546 65975 77527 58582 88511 56582 99411 59180
11327 56582 22310 53384 33264 56982 44196 50387 55173
44790 66149 43790 77123 48388 88104 46789
21212 11928 06530 22907 07022 33893 09018 44880 10519
55831 09527 66781 15021 77694 14025 88668 10018 99650
09523 11609 07511 22592 05012 33575 07511 44562 07510
55529 12501 66511 27010 77504 28517 88492 28525 99454
30028 11428 30527 22391 29011 33386 27508 44382 26010
55334 27529 66295 25543 77274 27539 88220 28041 99210
29030 11200 27022 22196 26526 33174 25543 44157 26040
55139 29544 66104 27040=
