sing20150913.12
TTAA 63121 48698
99007 30256 18004 00088 29250 14505 92777 23429 20506
85512 18426 19504 70156 10256 32503 50587 05903 36012
40760 13978 10512 30972 29772 07025 25099 40167 08536
20247 52949 05537 15427 67950 07544 10664 74961 35511
88131 75150 08552
77999=
TTCC 63121 48698
70869 76963 12516 50074 59579 36013 30396 52782 28038
20658 48585 28023 10119 39790 25037
88862 77960 05010
77999=
TTDD 6312/ 48698
11862 77960 22765 74963 33705 77762 44631 65975 55585
61578 66536 63976 77502 59579 88445 61377 99410 60378
11385 55781 22338 55181 33321 56180 44304 52582 55262
55580 66195 47985 77168 50184 88085 36992 99075 40990
11069 41989 22056 38991 33054 40191 44052 34593 55050
34793
21212 11916 35502 22860 05510 33823 06510 44793 04518
55768 10014 66722 15014 77683 09514 88668 07010 99648
34006 11636 32010 22536 31527 33526 31018 44507 34017
55494 02011 66485 34004 77476 27510 88447 26533 99380
27034 11324 28021 22307 28038 33277 26032 44263 26543
55221 28029 66208 30025 77202 28522 88157 29530 99140
27033 11102 24539 22080 25033 33068 28524 44060 26016
55058 26015 66054 02005 77053 05010 88050 07044 99050
07540=
