sing20150910.00
TTAA 60001 48698
99011 26829 00501 00120 26228 27504 92805 21216 19011
85536 18456 20518 70171 07006 19516 50588 06564 02004
40760 14580 10021 30971 30157 03026 25098 41136 04534
20245 54141 06535 15423 70540 07042 10659 74761 08038
88131 75326 08548
77999=
TTCC 60001 48698
70870 70969 33503 50073 62577 13506 30397 55980 26032
20659 48584 27528 10117 45785 26540
88732 73765 31005
77999=
TTDD 6000/ 48698
11977 75562 22943 70166 33854 67970 44732 73765 55593
64975 66567 66373 77506 63776 88473 57779 99422 59777
11381 54381 22351 56379 33250 54781 44230 49384 55211
48184 66154 49783 77136 45185 88112 47184 99086 42188
11077 43386 22062 33193 33054 35192
21212 11941 12532 22903 12027 33861 11010 44839 00000
55686 33510 66650 36017 77638 34517 88620 35010 99574
26510 11562 26510 22547 35501 33528 09510 44512 11517
55503 12510 66496 20003 77477 25010 88467 27515 99444
28531 11414 27020 22387 25535 33370 26546 44298 26031
55245 29028 66237 28024 77216 27028 88209 28528 99180
28535 11172 26531 22169 25535 33158 25546 44117 27541
55085 25038 66080 26037 77076 27029 88070 24013 99062
27513 11060 31010 22059 28012 33058 28513 44056 33013
55055 01511 66054 04012=
