sing20150905.00
TTAA 55001 48698
99011 28228 30501 00123 27222 12503 92809 22221 14510
85540 17213 16009 70178 10267 15519 50589 04558 09530
40761 15377 08525 30972 30164 08521 25099 41162 04517
20247 54150 09022 15425 67359 03519 10661 76759 07029
88116 78143 07527
77999=
TTCC 55001 48698
70869 65176 11512 50076 64576 27032 30396 52385 26527
20660 49188 26541 10118 41991 25523
88999
77999=
TTDD 5500/ 48698
11732 71769 22712 65375 33661 63377 44611 61579 55487
65376 66444 61579 77415 62978 88340 53385 99298 51986
11145 49988 22080 37592 33063 40191 44056 37992
21212 11955 06031 22890 08542 33807 13026 44728 11033
55690 11510 66659 20502 77617 28010 88606 25515 99543
27032 11462 27021 22426 30012 33402 26508 44385 22014
55371 20020 66346 21516 77336 24524 88318 25034 99307
26025 11282 28539 22261 28029 33241 27044 44231 27036
55177 27048 66156 29547 77141 29525 88135 31522 99132
30018 11122 26022 22113 26031 33101 25524 44090 28524
55081 25020 66076 25525 77072 21525 88068 21517 99063
24519 11058 20010 22056 21511=
