sing20150924.00
TTAA 74001 48698
99009 27433 32002 00105 26630 21502 92791 21831 17512
85524 18859 17017 70163 09460 21508 50588 05350 30506
40760 15364 35006 30971 30765 06513 25097 40962 05518
20245 53160 06022 15424 68338 08548 10659 80739 07046
88105 81139 06541
77138 09562 41927=
TTCC 74007 48698
70868 72368 28514 50072 /////
88999
77999=
TTDD 7400/ 48698
11834 68371 22723 72767 33608 66575
21212 11908 08548 22857 07516 33836 00505 44812 30510
55759 26521 66738 28021 77667 28520 88610 27024 99608
27024=
