sing20151009.12
TTAA 59121 48698
99007 30859 19003 00095 29658 16505 92778 23443 15510
85512 19461 15014 70154 09656 14510 50588 04173 08010
40760 14170 10510 30972 30166 06506 25099 40764 07009
20246 53759 08033 15425 66957 06043 10664 77158 10519
88999
77999=
TTCC 59121 48698
70869 66375 08005 50076 65176 26024 30393 55583 26027
20653 50986 29027 10116 43190 24530
88925 79957 12020 88543 64976 27531
77999=
TTDD 5912/ 48698
11925 79957 22787 74363 33751 75963 44664 60780 55543
64976 66486 66376 77403 58581 88352 61579 99300 55583
11255 56382 22239 52785 33217 53984 44176 47188 55158
50187 66125 39592 77090 43190 88088 41791 99080 45589
11064 42191 22057 36792 33051 38592
21212 11957 12526 22930 12522 33900 08517 44850 12026
55818 12032 66761 08510 77742 15003 88692 36004 99683
31013 11670 30530 22635 29544 33567 29032 44448 24022
55434 27020 66428 28522 77399 30528 88361 26029 99333
25031 11304 25029 22277 28030 33258 27528 44235 31036
55222 30037 66200 29027 77189 31022 88176 29509 99163
31521 11139 31033 22123 28529 33117 25531 44095 23530
55091 24529 66088 27025 77077 26031 88074 25522 99072
29513 11071 30514 22069 31021 33067 31513 44067 31010
55066 24503 66065 18510 77063 18516 88061 14014 99058
11038 11055 08032 22054 07035 33052 07548 44051 08044=
