sing20151017.00
TTAA 67001 48698
99010 28649 20503 00097 27642 14504 92796 21416 13012
85528 18450 18006 70170 10056 34009 50589 03975 20004
40762 14377 15511 30974 29574 13507 25101 40756 12006
20248 53357 13008 15427 68157 08039 10664 79357 11520
88999
77126 09080 44156=
TTCC 67001 48698
70871 72766 31514 50074 63379 27011 30394 54584 27027
20657 52586 26029 10115 46189 29518
88972 80557 09013
77999=
TTDD 6700/ 48698
11972 80557 22884 72764 33849 74563 44683 73966 55631
65775 66568 67374 77465 59581 88437 60580 99321 58182
11278 51987 22236 49788 33196 52986 44179 49788 55159
52387 66139 44590 77119 42990 88094 48388 99080 40991
11077 42191
21212 11965 08012 22947 10015 33922 14512 44893 24010
55845 31516 66823 33022 77789 33018 88759 29516 99723
28016 11697 31514 22676 31010 33662 34012 44651 32510
55643 30008 66637 26511 77622 25018 88602 26524 99588
27020 11543 24512 22495 28010 33460 28504 44425 29510
55400 26512 66380 29024 77367 29529 88259 26026 99242
27022 11217 25030 22194 25527 33186 27534 44159 27533
55146 25533 66140 25522 77133 23013 88130 23510 99126
29504 11123 36010 22119 32515 33113 32026 44100 29518
55095 31022 66092 31013 77091 30010 88090 26507 99089
23010 11086 23026 22083 20522 33077 22028=
