sing20151028.12
TTAA 78121 48698
99008 29858 06002 00093 28658 05509 92782 22439 05508
85514 17201 09012 70152 09032 11015 50588 05514 10014
40760 14940 10015 30971 29356 07008 25099 39361 01507
20247 52347 05015 15427 66761 07017 10660 84542 12023
88999
77999=
TTCC 78121 48698
70867 71368 25039 50069 59980 30523 30387 57781 27532
20647 48987 24539 10107 44590 27027
88972 85350 11024
77999=
TTDD 7812/ 48698
11972 85350 22947 76959 33926 74760 44864 76161 55821
75562 66757 68569 77614 72168 88570 71170 99506 59980
11489 59380 22365 61778 33254 54783 44238 55783 55224
52585 66220 48388 77206 47787 88192 49786 99157 49787
11154 46989 22138 47989 33112 42590 44089 44390 55076
40591
21212 11977 11025 22957 11512 33943 19004 44931 25010
55906 25017 66869 29020 77677 24539 88581 25527 99506
30524 11434 29518 22414 31017 33400 29020 44380 30024
55325 27024 66293 27537 77242 26023 88239 25522 99227
22536 11194 24540 22166 22032 33133 24523 44117 24027
55106 27525 66101 27028 77095 27023 88091 25020 99087
25510 11084 30510 22078 30511 33077 02002 44076 05004=
