sing20151009.00
TTAA 59001 48698
99010 27222 06003 00114 26824 11004 92801 23862 14012
85534 18250 15008 70171 08656 16013 50588 04370 09007
40761 14568 11007 30972 31350 35005 25098 41160 06013
20246 53558 09017 15425 67757 07537 10662 77558 06515
88999
77999=
TTCC 59001 48698
70868 71767 13512 50074 62377 29027 30397 53982 25533
20655 53582 29036 10109 44786 26523
88896 79558 08012
77999=
TTDD 5900/ 48698
11896 79558 22797 72965 33761 74164 44686 71769 55676
67172 66642 66374 77615 61178 88549 63976 99294 53582
11227 56780 22160 49784 33139 52582 44116 45587 55098
44386 66092 45985 77077 38790 88066 41589 99060 39590
11055 32794 22053 32994
21212 11967 09018 22940 07512 33923 08509 44902 07511
55876 13018 66851 14025 77799 09014 88735 15502 99693
14012 11683 12511 22664 02002 33652 31510 44602 28041
55518 27530 66492 29027 77440 25518 88424 26016 99381
23528 11304 25034 22291 27037 33247 26521 44233 28525
55222 27523 66171 30511 77166 34509 88147 33531 99113
30523 11108 27519 22088 27020 33085 27525 44082 28016
55080 26010 66078 13001 77075 01510 88074 03512 99072
11516 11070 13524 22066 14522 33064 11520 44061 13028
55060 12030 66058 08028 77055
07544 88053 07543=
