sing20151014.00
TTAA 64001 48698
99010 27627 05502 00113 27024 10502 92799 22433 10005
85532 18858 14508 70169 08833 11506 50589 05361 09005
40761 14569 04006 30972 30562 07002 25099 40765 04507
20246 53361 00000 15426 66958 13524 10662 80150 13016
88107 79343 32507
77999=
TTCC 64001 48698
70867 72567 28521 50070 62178 27526 30391 58179 27026
20649 51183 24544 10107 47585 16505
88128 48785 30015
77999=
TTDD 6400/ 48698
11978 77757 22893 80756 33866 77159 44674 69570 55630
70769 66535 64175 77508 65175 88494 59979 99461 56980
11265 59778 22220 52582 33190 50583 44178 44388 55147
47585 66142 45187 77128 48785 88117 45588 99103 48984
11097 45387 22086 47584 33081 43389 44074 44787 55069
41590 66064 43588
21212 11906 10522 22878 06524 33834 06516 44825 05510
55796 32003 66769 25010 77723 29026 88614 27014 99485
27518 11436 26533 22405 27538 33379 28530 44340 23029
55329 22525 66299 27027 77269 28033 88244 27031 99233
25023 11197 24546 22187 25040 33165 21538 44158 22035
55146 21018 66139 27510 77138 28010 88129 30014 99123
28026 11113 23015 22107 25015 33103 24014 44102 23010
55096 05503 66092 33510 77087 32024 88079 34536 99075
36020 11073 02514 22072 04016 33064 05530=
