sing20151012.12
TTAA 62121 48698
99009 29859 20003 00104 29059 13510 92792 23450 12008
85527 19257 17010 70167 09443 09507 50589 03966 02005
40761 14964 02010 30972 29965 01505 25100 39766 06517
20248 52950 08018 15427 67956 05519 10662 77757 05028
88112 78537 03521
77999=
TTCC 62121 48698
70870 70768 24531 50072 62377 27014 30390 59180 27036
20650 48786 28040 10114 45588 25029
88339 61577 28038
77044 08575 414//=
TTDD 6212/ 48698
11970 74960 22922 76360 33837 76361 44820 72164 55754
69569 66576 72169 77529 61778 88456 63776 99392 57380
11339 61577 22312 62177 33292 56781 44265 55181 55216
51983 66185 45787 77175 47786 88146 41390 99104 46587
11076 40791 22068 44789 33065 41191 44062 41391 55061
36393 66057 35193 77054 36992 88050 36593 99049 33194
11042 35193
21212 11942 11010 22917 08505 33853 13511 44831 20014
55761 27028 66682 24535 77626 25524 88602 29020 99582
30016 11574 31018 22545 29017 33530 26014 44513 28015
55495 26514 66474 29514 77453 28012 88436 28515 99400
26530 11368 28543 22248 26037 33223 29033 44172 25539
55135 26027 66126 28039 77114 26032 88105 26533 99096
23527 11094 22530 22087 21535 33079 23511 44078 26506
55076 32510 66074 34012 77072 34010 88069 33502 99067
06510 11066 10017 22061 11546 33052 07071 44048 09562
55044 08575 66042 09070=
