sing20151004.12
TTAA 54121 48698
99009 30256 20003 00084 29456 20003 92792 22820 13507
85525 18645 11009 70168 10866 19007 50589 05557 04012
40762 14162 02512 30973 30359 09020 25100 40730 06529
20248 52933 05549 15427 67747 06568 10665 78757 00512
88999
77144 07072 41556=
TTCC 54121 48698
70871 65574 10030 50075 66773 29510 30393 55579 23035
20652 53180 28536 10110 42187 22524
88951 80550 04511 88531 69970 25025
77999=
TTDD 5412/ 48698
11951 80550 22827 80357 33806 78561 44786 70366 55753
71569 66662 62576 77531 69970 88476 64575 99414 63975
11412 63975 22390 57579 33365 56779 44292 54779 55250
58377 66231 53581 77221 54180 88171 47583 99157 49382
11096 42586
21212 11973 01510 22914 11013 33888 12011 44872 11011
55821 08528 66760 07532 77730 08543 88682 11513 99670
18005 11655 24510 22638 25514 33595 23016 44552 24530
55524 25021 66501 29510 77485 33014 88455 33523 99420
32011 11401 11501 22382 21010 33360 23025 44341 21025
55323 21029 66299 23534 77280 21535 88273 22538 99253
23529 11238 22526 22215 27032 33207 28039 44196 28028
55182 23511 66176 25017 77169 23021 88156 24533 99152
23526 11146 25534 22141 25042 33129 26033 44119 25011
55117 18506 66115 13510 77112 13513 88107 21513 99106
22515 11096 22526=
