sing20151024.12
TTAA 74121 48698
99007 29857 18501 00088 29056 10004 92777 23431 09508
85513 19040 13510 70155 08814 08010 50588 04359 05007
40760 13958 11509 30973 28969 09504 25100 38962 35515
20249 51144 31008 15430 67339 33511 10663 81943 09042
88999
77999=
TTCC 74125 48698
70868 71966 25517 50073 62975 28033
88917 84532 08546
77999=
TTDD 7412/ 48698
11917 84532 22878 81756 33851 74760 44834 73762 55635
70569 66621 65373 77585 62375 88559 63574 99527 60976
11377 62975 22338 58178 33457 62775
21212 11939 08047 22890 08539 33842 05012 44827 02008
55808 32513 66742 25523 77683 24515 88635 25018 99557
29025 11501 28033 22475 27031 33440 28028 44402 25026
55335 27528 66457 27030=
