sing20151014.12
TTAA 64121 48698
99008 30857 06503 00095 29456 08506 92784 23856 14503
85518 18029 14512 70159 09843 08001 50588 03560 06007
40761 13564 03506 30973 29564 08007 25100 39967 13511
20249 53160 12511 15428 66760 12023 10663 82332 06010
88101 82332 05508
77999=
TTCC 64127 48698
70870 69170 28523 50073 /////
88999
77999=
TTDD 6412/ 48698
11920 82730 22890 81150 33854 72963 44814 70568 55738
68370 66643 70969 77555 69571 88534 65975 99516 59379
21212 11948 12022 22885 07528 33861 09019 44848 08510
55835 35001 66816 24010 77777 27518 88714 29525 99668
29017 11618 25012 22594 24013 33576 28514 44538 28018
55516 25534 66516 25534=
