sing20151018.00
TTAA 68001 48698
99010 28230 19003 00115 27425 13506 92802 22017 16511
85534 19257 20011 70179 09450 17507 50590 04968 21504
40762 13981 13018 30974 29979 13016 25101 40969 11012
20248 53137 11506 15427 67750 06528 10664 75361 07012
88123 76756 07571
77119 08085 44772=
TTCC 68001 48698
70870 66175 23011 50074 63378 30511 30394 56982 25520
20654 48788 27528 10112 42790 24030
88829 79958 17516
77999=
TTDD 6800/ 48698
11829 79958 22754 74964 33742 70169 44696 65975 55630
68772 66514 64977 77465 59381 88425 61180 99302 56982
11279 58581 22203 48788 33187 50787 44166 48189 55153
49788 66141 46389 77121 47589 88107 41991 99082 41591
11076 43990 22065 43590 33057 37792 44054 39192
21212 11939 05520 22902 09014 33878 14516 44830 17516
55817 17012 66797 13012 77715 30501 88703 23010 99648
25031 11598 26517 22565 24019 33536 25514 44491 31010
55468 25514 66445 22017 77420 26017 88397 28027 99312
24521 11280 26520 22271 28519 33253 29519 44242 27516
55203 27028 66197 28026 77184 25022 88163 27018 99155
25017 11150 25513 22148 28009 33147 31011 44138 32522
55133 31531 66121 30529 77107 23528 88094 24034 99085
25528 11081 25515 22078 23010 33074 22003 44072 04010
55068 11019 66065 14528 77062 16023 88058 09532 99054
06544 11054 06544=
