sing20170829.00
TTAA 79001 48698
99008 27020 02503 00091 26221 32005 92776 21607 28510
85508 17418 21505 70146 09440 04005 50586 06713 09014
40758 15930 09022 30969 29760 07538 25096 40559 07544
20244 53350 08054 15423 68532 08049 10658 75161 02012
88118 78737 10040
77999=
TTCC 79001 48698
70864 69770 27513 50066 68973 29027 30378 63178 10056
20631 56582 09569 10088 44590 07558
88999
77162 09586 41508 77052 09577 410//=
TTDD 7900/ 48698
11824 79357 22780 76761 33749 70369 44714 71568 55670
67372 66516 69972 77410 63577 88341 65176 99229 57782
11215 58581 22148 47189 33110 42990 44087 47589 55071
45190 66064 38792 77058 38592 88051 39392
21212 11975 02011 22951 06005 33893 18510 44824 26012
55795 26019 66766 26016 77722 32012 88718 32510 99701
27511 11654 30511 22641 28020 33568 26039 44523 27035
55485 31016 66463 31022 77400 11005 88387 07510 99376
06517 11361 09526 22323 11540 33303 10556 44292 09058
55248 09067 66162 09586 77126 10575 88112 09554 99105
07560 11086 08056 22070 08076 33065 08563 44060 09077
55055 10064 66052 09577 77051 09576=
