sing20170826.12
TTAA 76121 48698
99005 29646 22004 00064 28843 11505 92753 22200 15513
85487 19056 19011 70131 09633 29010 50585 05323 14506
40757 15926 09512 30968 29729 08023 25096 39945 06032
20244 52359 04052 15423 67161 05065 10659 79556 15514
88102 79356 14014
77137 05569 42630=
TTCC 76121 48698
70866 68569 27012 50069 66972 26037 30379 61777 08047
20632 56578 09570 10086 43185 09075
88999
77054 10586 44047 77107 08077 41117=
TTDD 7612/ 48698
11897 77358 22876 74560 33801 75961 44759 73964 55732
69368 66625 68770 77619 66372 88542 68171 99530 65174
11469 68371 22349 63775 33311 65574 44296 60977 55274
62775 66193 55779 77177 56178 88156 49782 99100 43185
11094 43785 22073 36789 33056 39787 44050 37988 55048
32991 66043 29793
21212 11965 14013 22957 14010 33902 26010 44854 29015
55818 33513 66797 33510 77721 20501 88701 27012 99641
29010 11624 27017 22548 28026 33500 26037 44469 24521
55449 27529 66420 28012 77394 25504 88386 19510 99371
19519 11361 19011 22350 13512 33340 10013 44337 09016
55291 08059 66261 08557 77242 09072 88216 09061 99182
09075 11156 10066 22115 08064 33107 08077 44086 09564
55061 08054 66054 10586 77050 10078 88046 09537 99043
09041=
