sing20170816.12
TTAA 66121 48698
99005 29244 20504 00071 28444 13508 92760 22823 16507
85494 18448 23001 70139 10856 28515 50586 06313 21005
40758 15516 06510 30969 30133 05526 25096 40528 05526
20243 53737 05534 15422 68961 06551 10658 78158 05531
88999
77128 05559 41136=
TTCC 66123 48698
70867 70369 32019 50068 67973 25512 30381 64976 06541
20636 /////
88998 78158 06031
77256 08561 428//=
TTDD 6612/ 48698
11998 78158 22948 71165 33782 74963 44730 68570 55678
71968 66618 67372 77552 70171 88361 61179 99312 64976
11286 61578 22261 61978 33232 56781 44232 56781
21212 11981 06525 22960 09010 33943 17002 44917 26510
55894 27017 66853 23016 77828 24521 88780 23019 99764
24525 11688 33019 22667 32013 33652 34012 44633 30508
55621 32010 66589 33515 77566 30016 88545 29027 99515
28013 11511 27012 22505 25513 33488 25011 44473 21511
55443 24024 66387 24010 77378 30004 88371 01510 99359
05521 11349 07028 22303 06540 33290 08549 44256 08561
55232 09055=
