sing20170814.12
TTAA 64121 48698
99007 29456 21004 00088 28056 17007 92775 22024 17017
85507 18637 18511 70152 10645 18009 50588 05118 08003
40760 14949 09021 30971 30356 09020 25098 40761 09017
20246 53959 06535 15424 68756 05544 10660 74761 10009
88119 78556 07557
77999=
TTCC 64121 48698
70869 70769 20510 50072 66774 27521 30384 62578 10052
20640 54183 08556 10091 45988 09073
88999
77058 09588 403//=
TTDD 6412/ 48698
11961 76360 22754 70568 33713 71368 44662 65774 55594
68172 66304 63377 77262 56782 88181 51784 99156 53583
11074 43190 22067 43590 33063 37392 44058 34393
21212 11946 05511 22892 14002 33871 10510 44831 08019
55791 12015 66755 20513 77735 22511 88718 19005 99688
20011 11666 23014 22593 23522 33526 26527 44452 28520
55423 31018 66411 33015 77400 02011 88382 05504 99372
06510 11356 08520 22345 07525 33335 09036 44321 10051
55277 10059 66226 08053 77088 08575 88084 09065 99058
09588=
