sing20170805.12
TTAA 55121 48698
99005 30857 19506 00069 30057 16508 92760 23017 15011
85493 18417 21512 70138 11658 22008 50587 04360 08506
40759 15170 11009 30972 29762 07010 25099 39564 06533
20247 52161 06555 15427 67347 07062 10662 83326 06055
88999
77156 06566 41033=
TTCC 55121 48698
70870 66371 28029 50072 65573 30023 30384 61175 08043
20639 56378 09059 10094 44785 09063
88975 84127 06057 88645 69769 27031
77054 08112 432//=
TTDD 5512/ 48698
11975 84127 22895 80157 33864 71763 44794 72566 55758
65772 66727 64972 77645 69769 88487 64973 99395 68572
11384 63775 22366 64773 33326 60576 44285 61975 55245
56179 66183 55778 77158 47783 88133 45784 99121 48382
11090 40587 22076 45784 33068 42986 44059 44385 55055
38989 66053 39188
21212 11935 07551 22879 08538 33841 12014 44836 12512
55823 15510 66770 27505 77746 32010 88727 29020 99695
28031 11648 27030 22609 28039 33558 29022 44542 29027
55513 28522 66498 30523 77429 27023 88412 27510 99399
21002 11388 17010 22381 20014 33369 20013 44365 19011
55362 16011 66358 13515 77325 10545 88311 08539 99262
08561 11180 09055 22124 08069 33103 09053 44082 08067
55064 09089 66061 09584 77054 08112 88053 08111=
