sing20170802.12
TTAA 52121 48698
99007 30459 19508 00082 29659 17507 92771 22624 16514
85504 18020 22515 70147 11471 25015 50588 04163 06513
40760 12971 13512 30972 30762 05020 25098 41556 06015
20246 52557 07557 15427 63766 10044 10664 81556 06545
88101 81756 06046
77172 08079 42542=
TTCC 52121 48698
70869 74565 31005 50071 64177 28029 30385 64176 09048
20641 53183 08055 10096 44988 09553
88999
66058 08587 409// 77140 09073 41313=
TTDD 5212/ 48698
11823 74363 22724 75963 33638 66174 44564 69572 55511
64177 66466 63177 77423 65176 88357 61778 99296 64177
11260 56381 22230 55781 33170 49185 44136 51384 55107
44588 66084 44189 77070 46188 88058 43589
21212 11947 08030 22918 11518 33903 11510 44882 16004
55857 24010 66833 27015 77808 31010 88779 30511 99712
35002 11673 32017 22633 28513 33606 32512 44575 33010
55549 25503 66539 25510 77515 26019 88493 28531 99465
30527 11438 28520 22423 29014 33411 27510 44402 24504
55393 19010 66383 20013 77357 14023 88329 10039 99310
08542 11282 10047 22228 08562 33195 08054 44163 09561
55140 09073 66093 10047 77075 09062 88070 09082 99058=
