sing20170819.00
TTAA 69001 48698
99009 27210 06001 00099 27224 08502 92786 23659 13017
85520 18234 10007 70160 09838 34011 50588 06509 20506
40759 16715 11519 30970 31337 05531 25096 42140 06534
20242 54557 07549 15420 68357 07577 10661 76759 27541
88999
77149 07578 42165=
TTCC 69001 48698
70867 69969 28011 50069 65773 29021 30383 66974 10045
20635 55380 09074 10091 45385 09573
88876 79358 28020
77071 09094 429//=
TTDD 6900/ 48698
11876 79358 22678 69369 33622 70769 44585 66173 55533
67372 66455 61177 77334 63575 88303 67373 99267 60177
11247 62376 22121 43586 33092 46584 44066 39989
21212 11896 27531 22856 29010 33827 35001 44802 07010
55787 07013 66771 09511 77716 26510 88695 28513 99681
28012 11646 20010 22634 23512 33612 25016 44576 23502
55563 24010 66523 26528 77488 30012 88446 00000 99411
23010 11401 24510 22389 17505 33383 14510 44346 09026
55320 10531 66267 08561 77254 07560 88196 09577 99080
08564 11071 09094 22066 09073=
