sing20170817.00
TTAA 67001 48698
99007 28244 21501 00085 27843 12006 92772 21817 13509
85504 17422 22503 70140 10046 31015 50586 06521 21513
40757 15917 08010 30968 30161 07024 25095 40959 07035
20242 54138 04037 15420 69356 05049 10657 71564 32013
88120 78156 08068
77122 07569 42673=
TTCC 67001 48698
70866 70968 25507 50070 62575 23526 30381 61776 08545
20635 55580 09559 10086 44986 08582
88879 74962 27018
77059 08587 423// 77103 08584 40626=
TTDD 6700/ 48698
11879 74962 22808 71566 33733 74164 44663 66572 55617
65773 66582 67771 77512 61577 88450 65774 99354 66773
11304 61777 22298 61976 33107 46985 44104 47585 55082
42988 66075 36392 77068 38190 88055 33993
21212 11972 29017 22802 26526 33758 29516 44741 30011
55708 26510 66638 00000 77588 28516 88572 30513 99528
23508 11524 24510 22499 23526 33479 25034 44387 27515
55370 32016 66358 34014 77353 01012 88344 06015 99338
07516 11322 05523 22303 08546 33274 08054 44263 09061
55249 10053 66213 11058 77186 08565 88140 10069 99132
09080 11113 08572 22103 08584 33085 10563 44073 10060
55059 08587 66055 08076=
