sing20170808.12
TTAA 58121 48698
99008 28850 19505 00091 27850 15504 92777 21813 14006
85509 18428 21505 70150 09010 07507 50588 03956 07506
40760 14925 09016 30972 29559 11525 25100 39365 11520
20248 52366 08026 15428 67156 05516 10662 82738 12015
88999
77999=
TTCC 58121 48698
70869 64975 25515 50071 70771 29038 30382 60179 09561
20637 54183 09570 10095 42790 08563
88964 84331 12519 88515 71370 28039
77216 09575 40910=
TTDD 5812/ 48698
11964 84331 22927 83743 33893 76958 44880 77160 55862
71365 66841 69969 77783 71767 88681 63776 99515 71370
11429 69173 22385 62977 33360 64176 44250 56781 55227
58779 66146 46587 77105 42590 88071 41391
21212 11963 12519 22912 08533 33887 07543 44835 05510
55820 35505 66805 30510 77754 35511 88728 33504 99702
26013 11619 26055 22552 26530 33524 27539 44477 31527
55462 30532 66449 31532 77438 33025 88403 04002 99391
08510 11374 08027 22365 09034 33341 11534 44318 11059
55290 09065 66216 09575 77176 08562 88160 08574 99117
08572 11105 08559 22071 09064=
