USSR01 WSSS 191200
TTAA  69111 48698
99003 31659 09503 00061 30057 09502 92754 25658 28510
85494 20057 29019 70140 09849 29516 50586 06517 10002
40758 15531 08506 30970 28964 13510 25097 39365 10521
20246 51565 10539 15426 67556 10012 10659 85150 10521
88999
77999
31313 73508 81043=



UKSR01 WSSS 191200
TTBB  69118 48698
00003 31659 11002 30457 22971 27450 33945 27258 44869 20850
55766 15661 66710 10656 77675 09456 88625 04020 99533 03501
11508 06122 22465 09502 33401 15530 44372 18710 55356 20123
66350 21156 77301 28764 88231 43166 99208 49561 11201 51365
22155 65956 33100 85150
21212 00003 09503 11965 15004 22960 18502 33957 25002 44948
29504 55703 29018 66665 33512 77609 32506 88599 34508 99550
00506 11537 03502 22535 06002 33534 04502 44530 15002 55517
15002 66515 10002 77513 14502 88509 10502 99502 08502 11494
11506 22469 09006 33463 05504 44453 02506 55428 05002 66426
00502 77425 01002 88420 27002 99417 26002 11411 28002 22406
09502 33405 08002 44379 08004 55377 06504 66356 06508 77345
11508 88307 14512 99295 12510 11264 10516 22237 11527 33214
10037 44189 10539 55164 12016 66125 08016 77118 10516 88100
10521
31313 73508 81043
41414 39438=



ULSR01 WSSS 191200
TTCC  69111 48698
70861 73961 26521 50057 72564 19506 30366 60966 09056
20622 50571 09058 10083 43188 26533
88949 86550 11035
77230 09082 41927
31313 73508 81043=



UESR01 WSSS 191200
TTDD  6911/ 48698
11949 86550 22860 86156 33834 85556 44816 81359 55805 75163
66720 72961 77549 75162 88509 74162 99486 69965 11386 64966
22345 65764 33330 62566 44254 59766 55231 58166 66188 47373
77172 45177 88138 48587 99112 45787 11096 40589 22073 39789
33069 37190 44051 34391
21212 11914 11039 22835 07541 33800 06516 44780 35006 55730
27016 66589 26016 77560 28014 88547 27510 99504 21006 11489
13512 22458 12031 33431 08545 44404 07549 55295 09558 66230
09082 77213 09072 88172 12510 99168 23008 11157 28521 22130
27025 33118 28033 44109 27025 55094 26045 66082 23545 77074
24541 88069 25023 99058 30025 11051 31521
31313 73508 81043=
