USSR01 WSSS 250000
TTAA  75001 48698
99009 27631 07504 00111 27026 04508 92803 23438 02004
85536 19658 24512 70185 10258 10002 50590 06357 05506
40761 16165 06529 30970 30963 07539 25097 41558 08539
20244 54557 10539 15423 67167 10562 10658 78364 06519
88103 81762 07531
77162 10062 42611
31313 72208 80012=



UKSR01 WSSS 250000
TTBB  75008 48698
00009 27631 11947 23829 22897 23060 33862 20250 44849 19658
55833 17835 66824 16822 77809 16857 88791 16461 99774 15259
11765 15667 22709 11263 33694 09657 44655 06857 55641 06264
66612 03456 77572 00338 88543 02550 99524 03964 11465 11328
22423 14945 33408 15565 44378 19563 55361 21371 66341 24367
77335 25162 88294 31765 99266 37958 11231 46160 22209 51956
33190 57557 44181 59162 55145 68569 66103 81762 77100 78364
21212 00009 07504 11994 05010 22938 04010 33924 02004 44909
31504 55885 25506 66872 24510 77798 25008 88748 22006 99729
26010 11715 24504 22713 26004 33707 20002 44706 20002 55703
13002 66702 13502 77696 04002 88693 05502 99685 03504 11656
06004 22645 03504 33640 05506 44634 03006 55613 08006 66605
09504 77596 06002 88594 08002 99590 34002 11589 33502 22579
04004 33575 01004 44568 02006 55559 35008 66528 29510 77518
32008 88506 05006 99499 06006 11485 12504 22400 06529 33326
07039 44188 11037 55162 10062 66149 10562 77100 06519
31313 72208 80012
41414 11432=



ULSR01 WSSS 250000
TTCC  75001 48698
70862 78166 34012 50059 69978 10523 30368 61583 10066
20626 47987 09549 10087 44988 29519
88158 46787 29018
77246 08576 41724
31313 72208 80012=



UESR01 WSSS 250000
TTDD  7500/ 48698
11958 77164 22869 81164 33841 82164 44829 77367 55756 79765
66637 78367 77574 71572 88466 70379 99441 66982 11397 68182
22360 63383 33313 60783 44268 61983 55244 59384 66229 56385
77223 55185 88215 48987 99180 43788 11158 46787 22133 44788
33109 46987 44093 43588 55085 44388 66070 37390 77067 35590
88058 37190 99048 33591
21212 11979 04512 22967 00510 33928 31016 44767 28529 55701
34012 66674 29512 77615 29506 88596 22502 99590 14002 11563
08506 22498 10523 33410 08035 44354 10056 55246 08576 66218
09572 77206 10054 88179 04512 99174 32510 11133 23016 22127
28514 33110 26512 44102 29019 55093 30021 66077 29006 77075
34002 88073 31006 99072 32506 11070 01508 22067 34510 33063
35508 44061 04008 55058 05510 66053 03004 77049 08518 88048
06516
31313 72208 80012=
