USSR01 WSSS 270000
TTAA  77001 48698
99009 27234 02502 00114 26626 01508 92803 23037 28508
85537 19045 27014 70181 09239 31506 50590 05556 17504
40761 16557 07512 30972 30161 11014 25099 41357 10521
20246 54161 10531 15425 67559 08549 10660 79759 17502
88111 79559 08523
77999
31313 73508 82337=



UKSR01 WSSS 270000
TTBB  77008 48698
00009 27234 11857 19027 22839 18256 33813 16040 44786 14858
55776 13636 66766 13860 77751 13466 88723 10445 99663 06440
11637 05261 22619 03861 33588 00218 44559 02141 55534 02561
66515 04156 77435 12359 88415 15150 99384 19144 11354 22161
22331 24164 33251 41157 44234 44961 55179 59762 66156 66158
77147 68361 88134 73157 99111 79559 11100 79759
21212 00009 02502 11964 35508 22941 29006 33900 27010 44783
28012 55746 30510 66700 31506 77691 33506 88655 35508 99637
03006 11591 07512 22550 05006 33535 08504 44529 12002 55525
20502 66522 23504 77503 20004 88501 17504 99490 19004 11483
22002 22481 25502 33479 25002 44473 35002 55471 34002 66459
35004 77452 31504 88446 04002 99443 05504 11415 09006 22396
07014 33355 10014 44333 09514 55273 11518 66169 11049 77135
08051 88126 08051 99111 08523 11103 02004 22102 35002 33101
16002 44100 17502
31313 73508 82337
41414 11538=



ULSR01 WSSS 270000
TTCC  77001 48698
70863 76965 26004 50059 71780 05516 30369 61183 09554
20625 52186 07564 10088 44788 25510
88110 43988 21525
77214 09568 41326
31313 73508 82337=



UESR01 WSSS 270000
TTDD  7700/ 48698
11928 78163 22871 80762 33741 79763 44706 78165 55683 72968
66551 76179 77473 71581 88450 67382 99408 67582 11346 59784
22320 62383 33234 58584 44205 52386 55163 49187 66150 45588
77144 41389 88140 38989 99121 40189 11110 43988 22095 44388
33089 43188 44086 40589 55068 39589 66055 33991
21212 11975 25504 22962 27008 33862 26521 44729 35510 55705
29004 66695 22504 77689 20506 88647 22523 99564 28014 11498
05516 22477 07018 33450 06533 44399 09545 55336 11054 66214
09568 77202 08064 88179 09039 99166 06523 11133 01006 22132
34502 33131 23502 44130 22004 55121 21521 66102 23012 77096
32016 88088 33510 99085 28014 11081 28023 22069 25508 33065
32004 44064 30008 55060 35512 66058 35510 77057 33006 88055
19008
31313 73508 82337=
