sing20150826.12
TTAA 76121 48698
99008 30260 19004 00091 29660 16007 92780 24265 13017
85512 18839 14011 70154 08827 00502 50586 06537 12018
40758 14775 08029 30970 30133 07536 25097 39937 05037
20245 52558 04544 15424 68734 05553 10660 75561 12520
88125 76750 07566
77124 07567 42551=
TTCC 76125 48698
70867 75165 10034 50073 59781 31018
88999
77999=
TTDD 7612/ 48698
11964 73763 22887 76361 33788 72167 44664 72569 55623
64577 66587 64177 77540 58981 88457 61380 99421 57183
11394 59581
21212 11980 15510 22950 11501 33915 06010 44887 07020
55851 10012 66830 09007 77669 10543 88651 10049 99605
08015 11581 12517 22571 12510 33561 20001 44547 28510
55525 30522 66502 31019 77455 29522 88428 26023 99419
27026 11394 27513=
