sing20150830.00
TTAA 80001 48698
99010 28436 19003 00109 27428 16008 92796 22217 17014
85529 18650 14515 70166 08232 06511 50587 05757 07517
40760 15360 08024 30971 29378 10018 25098 40568 08011
20246 52966 08527 15425 68150 06532 10661 74362 13512
88118 78946 06549
77999=
TTCC 80001 48698
70869 67373 08530 50075 63976 31015 30394 54982 25523
20659 47785 26038 10117 43189 27534
88401 60977 25027
77999=
TTDD 8000/ 48698
11915 78559 22757 72368 33728 67773 44640 62377 55545
65575 66487 64176 77469 61379 88458 55382 99401 60977
11317 59579 22283 51383 33266 52782 44206 47585 55161
50784 66101 43189 77091 44788 88059 40391
21212 11983 15014 22929 14018 33881 07512 44877 07013
55795 07029 66746 09038 77671 06516 88663 04510 99657
02008 11642 32013 22618 29523 33599 29032 44543 30525
55523 33010 66508 30512 77490 32514 88485 31511 99480
28009 11474 25010 22466 22513 33412 25029 44375 24514
55353 28023 66314 24524 77274 27522 88238 24026 99151
28543 11134 29533 22124 28534 33116 30038 44097 27535
55091 27026 66088 25027 77080 31010 88077 31006 99071
28519 11064 29527 22059 33019=
