sing20150830.12
TTAA 80121 48698
99008 30459 19504 00095 29258 16511 92785 22424 12514
85517 16606 12517 70156 08842 10010 50588 02967 07516
40760 14766 09019 30971 30562 03024 25098 40967 03019
20246 52739 07033 15425 67549 05040 10661 77558 12534
88123 76556 06068
77125 05569 43072=
TTCC 80121 48698
70871 63776 04528 50075 63977 31010 30397 52583 27021
20660 49785 27538 10117 45988 27536
88948 79157 13021
77999=
TTDD 8012/ 48698
11948 79157 22899 79358 33728 62777 44570 69772 55547
69772 66450 57381 77412 60179 88322 52583 99234 51184
11146 49185 22133 45988 33105 47187 44073 40191 55072
40391
21212 11944 13020 22916 11015 33888 08018 44834 09531
55779 07536 66684 03523 77655 35017 88641 31520 99577
28032 11550 28525 22534 26013 33518 27010 44495 32010
55483 30005 66474 23511 77448 24536 88394 23024 99372
25015 11356 24014 22347 26517 33334 25517 44320 28023
55301 27021 66285 29527 77278 30522 88265 27017 99259
24521 11176 28045 22148 29541 33135 27524 44132 27027
55122 27541 66103 28032 77086 26042 88078 26531 99076
25023 11072 23529=
