sing20150819.00
TTAA  69001 48698
99009 27842 19003 00094 27426 15505 92780 22237 17012
85513 19460 24008 70157 10258 15502 50587 05957 04508
40759 15559 06016 30971 29962 ///// 25097 41358 10020
20245 53757 07037 15424 64557 09053 10663 74150 /////
88105 77757 /////
77164 08060 42719=
TTCC  69007 48698
70871 73356 07517 50077 60180 ///// 30401 51382 /////
20665 49183 /////
88999
77999=
TTDD  6900/ 48698
11949 75157 22895 71756 33808 74157 44743 75157 55659
67778 66652 67378 77603 60180 88544 63179 99519 59380
11486 60580 22463 58780 33447 57381 44353 55581 55329
52782 66292 50782 77197 48783 88161 47783 99139 46183
11126 45584
21212 11938 ///// 22929 33012 33913 34511 44867 30505
55822 12503 66814 15508 77763 ///// 88716 08019 99699
07517 11675 08530 22656 10527 33635 09026 44595 03009
55568 33507 66525 ///// 77492 28520 88484 28025 99444
31514 11396 27524 22389 28522 33368 ///// 44320 25038
55313 25538 66293 ///// 77291 25534 88273 25544 99258
///// 11241 ///// 22210 27041 33194 26540 44182 /////
55156 24535 66150 ///// 77132 28049 88130 26545 99126
27042=
