sing20150803.00
TTAA  53001 48698
99010 22400 01002 00102 18242 30013 92778 22458 27508
85506 16238 22006 70136 06414 25006 50583 08517 16007
40754 17530 13512 30964 31923 10014 25090 41921 07518
20238 52720 06026 15417 68312 09534 10652 76726 06544
88119 77511 10529
77999=
TTCC  53001 48698
70863 74774 08511 50066 60978 06013 30391 55179 27044
20651 51580 21017 10112 44182 26515
88999
77999=
TTDD  5300/ 48698
11968 70757 22911 66309 33891 66908 44833 69736 55823
70374 66738 75376 77627 71576 88582 64977 99563 62578
11514 59978 22486 57379 33454 58579 44408 52180 55390
53380 66366 55579 77331 53180 88300 55179 99286 56379
11270 53980 22249 56179 33236 52980 44225 54380 55200
51580 66186 49781 77174 47981 88156 44782 99154 44782
11110 45782 22097 43582 33087 44782 44077 43582 55064
36584 66062 38184 77056 39584 88049 37984 99047 36384
11044 34185 22040 33185 33039 32386
21212 11959 12522 22857 20516 33678 06511 44643 10034
55550 08049 66529 10027 77500 06013 88485 19502 99449
26528 11304 27050 22278 27022 33261 28035 44207 25009
55204 21514 66164 26530 77134 28539 88124 26519 99122
24509 11107 26523 22089 35012 33086 30514 44083 33009
55073 07504 66069 10522 77067 14508 88063 07017 99061
07032 11051 11051 22048 13040 33046 12054 44044 10538
55039 08535=
