sing20150818.12
TTAA 68121 48698
99007 31062 19007 00086 29860 16507 92775 23256 16512
85508 18257 20511 70150 09650 36005 50588 04560 07515
40759 15764 08517 30970 30575 12028 25097 41959 08523
20245 52365 08035 15424 66760 08035 10662 74364 14018
88119 76357 10533
77999=
TTCC 68121 48698
70868 73168 09022 50074 63778 33519 30396 53984 29017
20658 49788 26537 10117 44590 26035
88861 78760 34515
77999=
TTDD 6812/ 48698
11861 78760 22744 76365 33596 59581 44467 65976 55406
60581 66374 53386 77350 54984 88147 46789 99125 48988
11114 44790 22088 43790 33084 40391 44072 44390 55063
39791 66054 40991
21212 11960 14010 22936 22002 33891 34510 44843 34019
55762 08510 66752 10012 77737 10515 88709 08520 99653
14035 11628 16524 22597 15013 33591 16510 44580 22005
55570 27010 66533 31028 77510 34022 88502 34020 99484
30523 11422 32022 22403 30515 33395 29519 44375 32029
55367 33026 66355 32026 77343 35018 88330 35512 99317
31004 11309 29510 22290 28516 33280 26012 44240 25545
55189 26040 66167 28030 77152 25544 88128 26052 99104
26534 11097 25029 22090 26519 33087 25015 44085 28009
55075 35010 66074 03011 77073 03012 88072 01510 99066
00000 11058 08512 22054 05013=
