sing20150810.00
TTAA 60001 48698
99006 27627 19002 00078 27227 15005 92765 23259 14020
85499 18427 10002 70144 09424 31013 50587 04749 26013
40760 14949 08026 30971 29761 32506 25098 40362 06510
20247 52763 06523 15426 68534 06034 10658 75159 09518
88106 82934 09049
77116 07571 423//=
TTCC 60001 48698
70865 70370 08040 50072 65775 25527 30394 48786 27545
20657 51187 26026 10118 40791 29523
88503 65775 25529
77999=
TTDD 6000/ 48698
11100 75159 22780 76962 33757 71967 44735 72168 55681
69571 66657 61979 77625 59379 88503 65775 99359 58181
11316 46788 22251 53184 33213 54383 44193 49188 55134
47989 66116 41591 77096 40191 88060 38792
21212 11977 10510 22927 14507 33896 19010 44803 12014
55794 11014 66784 09518 77759 09539 88730 10536 99682
07045 11651 11013 22642 16507 33634 21510 44624 24017
55577 26045 66478 25026 77444 26518 88432 29517 99418
29517 11403 35516 22392 01018 33385 36011 44359 12002
55352 22510 66303 27544 77265 26046 88255 27049 99195
25529 11165 29026 22154 27520 33147 28013 44140 32010
55134 33501 66131 27510 77104 28017 88093 31532 99087
32517 11085 31018 22082 34014 33080 34511 44078 26504
55076 24010 66071 25521 77068 23515 88065 25510 99061
23510 11060 24005=
