sing20150822.12
TTAA 72121 48698
99007 30257 21003 00069 29656 21003 92773 22605 17507
85507 18625 22008 70150 11272 19005 50588 03377 09508
40760 15185 11528 30971 30565 12519 25098 40364 07017
20246 52760 08015 15425 67148 07070 10664 74562 14018
88120 76156 08086
77128 07589 42161=
TTCC 72121 48698
70869 70170 10529 50075 64376 31018 30396 50783 24522
20662 46185 26043 10122 42788 31017
88920 77560 26005
77999=
TTDD 7212/ 48698
11920 77560 22806 78759 33775 77561 44736 71168 55675
69571 66652 69971 77642 63777 88598 60978 99526 64975
11423 63776 22341 51583 33316 53381 44274 50583 55244
51383 66214 45786 77140 49583 88099 41589 99088 45586
11071 37791 22059 40789 33049 37991
21212 11969 16012 22960 16510 33923 25005 44853 04510
55819 07020 66765 07035 77748 08540 88720 11532 99652
10530 11628 11010 22616 03501 33601 30010 44586 29512
55534 33023 66508 30021 77492 33017 88459 32518 99446
35013 11425 31511 22408 36001 33402 29510 44389 31520
55378 34516 66370 35510 77354 30502 88347 25510 99332
26026 11304 24519 22228 24528 33154 29053 44120 28041
55114 29041 66110 30529 77103 30020 88098 32010 99091
35003 11088 25010 22078 26023 33073 26017 44070 29014
55068 32514 66065 33516 77064 35010 88062 03506 99062
08010 11056 08533 22050 09040 33049 09039=
