sing20150812.12
TTAA 62121 48698
99009 27220 04503 00100 26616 09507 92785 21610 13509
85519 19657 15505 70165 09423 22509 50588 05502 18002
40760 14716 07516 30972 29530 09016 25099 40132 09022
20247 53348 10027 15426 67950 05035 10664 75160 11529
88122 76758 04538
77999=
TTCC 62121 48698
70871 69571 09031 50072 68574 08018 30395 51587 28013
20662 51187 25545 10121 40791 24520
88908 78160 10016
77999=
TTDD 6212/ 48698
11908 78160 22809 71368 33718 75365 44698 68971 55679
68772 66649 66974 77569 71370 88530 67575 99505 69373
11487 67176 22465 57183 33454 56783 44427 57382 55324
55384 66277 47189 77253 45589 88213 50588 99129 48189
11112 40991 22102 40591 33086 43790 44071 40391
21212 11941 12513 22861 07521 33841 08014 44802 12510
55788 13510 66764 10006 77750 06510 88700 09031 99679
09524 11652 08513 22639 09010 33621 10504 44589 17010
55563 15512 66533 08518 77509 07019 88492 08517 99481
06520 11463 00501 22420 34010 33414 34515 44395 32527
55365 34018 66351 30019 77338 31521 88323 31021 99311
34515 11308 34014 22304 31012 33302 28513 44288 26514
55258 26022 66247 25541 77221 25551 88187 25540 99132
30528 11125 30020 22113 25023 33106 24022 44096 25515
55092 29012 66086 30520 77078 29016 88076 30510 99073
33017 11071 35016=
