sing20181002.12
TTAA 52121 48698
99006 30858 22503 00078 29858 12509 92769 23636 15013
85503 19046 13005 70148 09223 07002 50588 05131 07512
40760 12777 03515 30973 29557 08015 25100 39566 13005
20249 52545 20006 15428 67356 13509 10662 83744 06524
88999
77999=
TTCC 52121 48698
70864 76562 05025 50063 65376 09552 30384 53382 00513
20644 51583 26520 10104 45387 30034
88989 84147 06526 88146 48985 23544
77556 09559 42810=
TTDD 5212/ 48698
11989 84147 22902 82948 33812 75762 44712 77561 55503
65576 66352 53582 77301 53382 88263 57779 99219 50783
11201 51983 22174 44587 33146 48985 44091 43988 55074
33594
21212 11956 03530 22881 06035 33843 09519 44828 12011
55801 23502 66743 02010 77716 02516 88668 09028 99627
07537 11588 10047 22556 09559 33393 08545 44360 11022
55355 12518 66324 23514 77312 31511 88292 03012 99288
04010 11282 12503 22266 24510 33257 27018 44248 27015
55238 30014 66227 28019 77209 28519 88195 26021 99155
24550 11147 23544 22131 27034 33118 27037 44104 30043
55100 30033 66096 29028 77084 25541 88079 23535 99071
24539 11063 23033 22050 23513 33046 26514=
