sing20181019.12
TTAA 69121 48698
99008 30259 27003 00092 29458 29507 92782 23037 25008
85516 18658 19012 70154 09058 23511 50587 05145 20514
40759 15356 14515 30970 31319 10017 25096 41745 07524
20243 54134 06044 15422 68360 07056 10658 78359 19517
88999
77999=
TTCC 69121 48698
70864 79358 27510 50060 68773 09563 30377 52782 28016
20640 47585 24009 10108 38592 27030
88999 78359 19517 88687 80158 28007
77380 07575 41967=
TTDD 6912/ 48698
11999 78359 22952 78560 33880 71766 44687 80158 55642
79360 66607 74566 77514 68573 88422 66775 99381 61978
11364 56582 22312 51583 33270 53382 44238 52782 55159
41989 66133 44587 77099 38392 88086 41590 99062 33594
11053 37392 22051 35393
21212 11942 17521 22908 13012 33863 34010 44808 31016
55768 31015 66719 27514 77699 27510 88674 22001 99654
12010 11632 13018 22613 10528 33563 08057 44531 08565
55467 10071 66380 07575 77348 05548 88326 04511 99320
33506 11317 27511 22310 26522 33296 29010 44290 28006
55281 24013 66273 23526 77259 22017 88221 27016 99215
27511 11204 26010 22201 24508 33195 22514 44178 26020
55174 25020 66160 27031 77141 28533 88122 28019 99111
25524 11085 27039 22067 29014 33062 27015 44058 28510
55056 26014 66055 26010 77053 17003 88051 13510=
