sing20181018.00
TTAA 68001 48698
99010 24809 30004 00111 23815 28013 92792 21228 26017
85521 16806 24509 70154 07603 29005 50586 06914 08006
40758 14958 06010 30968 31356 06513 25095 41559 07018
20242 54365 07530 15419 69350 07543 10653 79359 08542
88112 80931 08544
77999=
TTCC 68001 48698
70861 70969 11517 50059 71970 08050 30379 50384 25526
20641 50384 28021 10103 42989 27040
88768 75561 25005
77387 10073 41861=
TTDD 6800/ 48698
11911 69970 22768 75561 33681 70569 44545 74166 55395
62177 66366 54782 77316 50383 88297 49784 99237 54981
11174 45187 22156 47186 33144 44189 44130 45587 55054
34793
21212 11952 11527 22932 16516 33916 21015 44894 24016
55828 26520 66783 25010 77758 22004 88726 15510 99713
12012 11689 12019 22676 13017 33610 06015 44591 04521
55535 09536 66516 09051 77498 08050 88387 10073 99346
10037 11328 07012 22319 14505 33311 21010 44302 25022
55295 26032 66281 27538 77255 28042 88227 28524 99210
27536 11200 28021 22188 29031 33155 26019 44141 28533
55122 28043 66104 26543 77085 29035 88077 29527 99065
27027 11060 28524 22057 29014 33056 01007 44054 09507=
