sing20181024.00
TTAA  74001 48698
99009 26416 29002 00125 25633 29503 92808 21850 26512
85540 18644 24503 70182 10250 27504 50590 05956 15514
40761 16156 05503 30972 30358 06016 25099 40757 01520
20246 53956 04523 15425 68148 06040 10660 80944 09003
88103 81730 05511
77999
31313 41708 82345=
TTCC  74001 48698
70864 71761 10513 50062 71368 10541 30382 45382 27525
20648 47783 27542 10107 43784 29037
88999
77401 09061 42133
31313 41708 82345=
TTDD  7400/ 48698
11962 78150 22898 79711 33833 80531 44717 70961 55632
73763 66592 70565 77555 72566 88471 68169 99308 44982
11257 51182 22228 47983 33216 49583 44177 46583 55150
50182 66050 28788 77049 29172
21212 11786 14019 22763 10012 33743 08017 44615 10020
55597 07527 66552 05532 77445 10048 88401 09061 99329
05009 11314 34512 22305 28019 33295 27530 44156 27548
55049 28018
31313 41708 82345=
