sing20171002.00
TTAA 52001 48698
99009 25814 28504 00099 24814 27007 92783 21416 24009
85513 17619 21012 70157 09844 18512 50587 05719 15508
40759 15532 03507 30971 29760 02510 25098 40165 07515
20245 53744 06040 15423 69329 06557 10657 79956 05529
88112 79556 08043
77128 06564 40939=
TTCC 52001 48698
70864 66173 31523 50066 66774 27529 30373 64777 08050
20629 50584 09580 10092 41191 10046
88591 71169 29036
77215 09089 41308=
TTDD 5200/ 48698
11961 75959 22838 75361 33777 78559 44757 75763 55736
67972 66701 66174 77591 71169 88505 66774 99447 70172
11373 68974 22353 64777 33320 67175 44218 54782 55210
49986 66178 47587 77109 41591 88102 42391 99071 33794
21212 11942 02516 22913 04516 33898 02510 44854 00000
55831 23010 66806 23014 77788 22510 88753 15511 99749
15510 11739 00000 22730 34010 33705 31522 44601 28538
55573 28526 66554 26518 77545 26024 88515 27034 99481
28023 11447 32512 22445 32510 33435 00000 44419 16510
55379 17037 66353 09534 77340 06530 88337 05531 99307
08042 11281 08068 22253 09575 33223 08082 44215 09089
55203 09580 66125 09559 77117 10065 88089 10031 99072
09026 11071 09526=
