sing20171008.00
TTAA 58001 48698
99006 26621 23501 00079 26829 21003 92765 22623 25007
85498 18632 30008 70141 09624 33008 50586 04761 06006
40759 14768 06002 30970 29538 22005 25098 39937 22510
20246 52542 23012 15425 68738 23502 10658 77758 05523
88113 80948 02521
77999=
TTCC 58001 48698
70862 74565 30507 50061 66374 25531 30374 61976 08057
20631 49383 09076 10090 43186 09057
88778 81550 28517
77236 09077 41602=
TTDD 5800/ 48698
11957 74563 22778 81550 33741 80757 44696 74165 55633
73366 66450 64175 77385 65974 88351 61777 99331 62376
11273 58578 22246 60977 33197 48983 44157 50382 55109
41787 66085 44386 77073 41588 88058 22198 99050 23397
21212 11974 02516 22951 34011 33941 32012 44907 28514
55795 27521 66760 30010 77743 02003 88666 26511 99580
30004 11572 26010 22554 24525 33525 24021 44499 25531
55487 26530 66470 25525 77455 28516 88431 01010 99416
30501 11395 15510 22379 09511 33371 09020 44349 12037
55313 08055 66236 09077 77190 09570 88153 08570 99108
09556 11076 08553 22070 08560 33063 10039 44061 09543
55058 06519 66055 04018 77054 04518 88052 08515 99050
13524=
