sing20171028.00
TTAA 78001 48698
99008 26630 03001 00092 26034 31006 92779 23049 28015
85512 18256 27513 70154 09856 23510 50588 05530 09502
40760 14748 14005 30971 30344 14005 25098 40560 10005
20246 53543 10019 15424 68950 05540 10661 80150 02005
88999
77999=
TTCC 78001 48698
70863 75563 30515 50062 67972 29520 30373 59377 09052
20629 52580 09568 10093 40388 08561
88915 82944 07519
77226 08578 41516=
TTDD 7800/ 48698
11915 82944 22864 82356 33838 76559 44801 78560 55671
73165 66458 66973 77411 68972 88315 57979 99255 62576
11232 54181 22207 51781 33198 52980 44126 40188 55113
41187 66092 40787 77086 37190 88071 35191
21212 11968 06016 22926 07520 33893 06019 44850 07525
55792 08510 66776 01502 77760 30010 88738 26510 99697
30516 11653 27522 22639 27527 33583 26022 44511 30021
55445 26519 66418 30013 77396 36012 88389 03510 99379
09016 11368 11026 22341 11046 33315 08548 44277 08567
55257 09062 66226 08578 77204 09567 88151 09075 99121
10059 11108 10054 22095 08563 33081 10053 44075 09020
55073 10021 66071 08525=
