sing20171029.00
TTAA 79001 48698
99008 27227 05002 00093 26430 00504 92780 22418 01502
85513 18023 30509 70156 10050 27008 50588 05548 15004
40759 15349 08012 30971 29558 09517 25098 40159 07014
20246 53538 06520 15425 68350 09039 10660 80356 25013
88999
77999=
TTCC 79001 48698
70862 78160 34013 50059 68572 25014 30371 58179 09552
20629 54180 09067 10087 42788 07558
88911 84338 23007
77182 09569 40606=
TTDD 7900/ 48698
11911 84338 22827 81357 33811 76960 44751 75961 55704
78160 66655 77761 77630 72966 88512 70770 99463 64975
11389 68772 22325 58979 33277 56979 44267 53981 55242
56379 66216 53181 77194 54381 88154 46185 99129 48784
11097 42388 22080 32794 33068 36991 44061 36792
21212 11928 27012 22922 26010 33892 16011 44865 13017
55829 13510 66808 05506 77796 01010 88764 35517 99748
33516 11688 34511 22636 27510 33597 26025 44527 29512
55515 28510 66503 25012 77483 26019 88471 23512 99448
27010 11424 23005 22392 14510 33373 11519 44359 08037
55350 07045 66341 06546 77323 09053 88274 09066 99246
08062 11182 09569 22131 09562 33101 07558 44093 08562
55076 10518 66072 13025 77069 12025 88065 08023 99062
12516 11061 12021=
