sing20201225.12
TTAA 75121 48698
99006 26613 02006 00072 25617 03506 92757 21824 05509
85490 18006 16503 70134 10260 25017 50586 04702 35505
40758 15356 02515 30970 28767 23005 25098 40160 10019
20246 52768 10040 15425 67960 10056 10658 79160 12017
88105 83550 09035
77131 09561 41018=
TTCC 75121 48698
70862 76163 29519 50059 68573 28013 30374 61779 26528
20627 57781 31024 10081 46189 09070
88309 62378 26026
77061 09078 42030 77101 09572 42226=
TTDD 7512/ 48698
11858 81559 22820 76162 33789 75363 44733 76562 55548
72568 66512 68573 77438 66575 88432 66576 99388 57781
11309 62378 22181 56582 33172 51785 44144 45188 55126
48586 66118 45588 77101 47188 88098 39991 99083 43790
11076 38592 22069 39392 33063 35993 44053 38592 55048
34993 66041 37792
21212 11983 11513 22955 07012 33926 06018 44884 08007
55858 07013 66820 32514 77804 29520 88776 28528 99665
29517 11639 26519 22614 25021 33527 28010 44512 26510
55481 32012 66471 32011 77456 29011 88441 33506 99411
31510 11387 30514 22352 25514 33332 24021 44292 27030
55270 31026 66251 31535 77242 31531 88221 28518 99198
31523 11193 32014 22185 05001 33173 14010 44168 14011
55163 08516 66159 05519 77140 11530 88121 08046 99101
09572 11093 08054 22087 08550 33068 08558 44061 09078
55054 08545 66041 08541=
