sing20201202.00
TTAA 52001 48698
99007 27609 03504 00084 26818 01003 92771 22228 30014
85503 17410 26514 70143 08814 27518 50587 04756 27512
40759 14359 14505 30971 29566 08018 25098 40141 07014
20246 53158 08521 15425 68748 09044 10658 81157 15011
88999
77999=
TTCC 52001 48698
70864 72766 23011 50064 64175 27031 30382 55380 31517
20641 50582 16015 10098 44186 09042
88990 81557 14509 88783 76162 25017
77114 11560 42929=
TTDD 5200/ 48698
11990 81557 22901 79160 33860 72366 44783 76162 55782
76162 66730 76162 77677 70169 88610 71768 99491 63376
11422 61177 22387 63775 33283 54380 44282 54380 55246
56379 66198 50582 77170 54380 88162 54580 99130 44386
11113 44186 22112 44186 33112 43986 44111 43986 55095
45585 66072 35393 77070 33993
21212 11980 12507 22949 08512 33935 08515 44886 15510
55863 23010 66843 25015 77760 24023 88706 23510 99684
19516 11650 19511 22633 25507 33610 26510 44574 27517
55527 26026 66422 27551 77406 26545 88355 28037 99322
24019 11315 25514 22311 27513 33305 30515 44286 32519
55277 32026 66256 31012 77246 30510 88237 01001 99229
08510 11217 12024 22205 15517 33195 15013 44193 14514
55180 11031 66170 10046 77159 07534 88128 10039 99114
11560 11114 10547 22109 09040 33092 10049 44081 11520
55076 10016 66070 09023=
