sing20201229.00
TTAA 79001 48698
99008 26419 00509 00089 25829 01506 92773 21638 01514
85504 17419 33011 70138 08440 32509 50585 05146 09520
40757 15357 07016 30969 30158 11527 25096 40560 11531
20243 53959 14038 15422 68758 10056 10655 79758 01008
88113 79757 10545
77138 10562 41711=
TTCC 79001 48698
70858 75962 30504 50059 66573 29527 30369 63976 19506
20624 55180 15009 10071 48384 08051
88415 65974 29533
77999=
TTDD 7900/ 48698
11816 80559 22591 67572 33514 66373 44468 65974 55449
62576 66415 65974 77381 66374 88315 65975 99209 53781
11145 57579 22135 51383 33113 48783 44066 41188
21212 11974 34513 22925 32018 33906 31516 44872 28512
55852 25011 66831 24012 77821 24510 88784 35010 99742
03010 11637 29501 22619 25510 33599 25013 44538 29531
55470 30521 66456 29022 77417 29033 88351 31032 99323
33024 11314 33510 22305 25501 33296 20510 44276 22023
55252 27014 66242 24010 77224 28511 88216 32510 99211
04503 11189 14510 22156 15022 33140 09535 44128 10040
55120 07034 66099 08552 77081 09537 88075 08528 99066
09533=
