sing20201210.00
TTAA 60001 48698
99007 26817 36007 00088 26030 35007 92774 22641 28509
85507 18441 29014 70147 09445 30514 50587 04156 33505
40759 14559 09019 30971 29758 08022 25098 40542 08519
20246 53337 11527 15424 69136 11047 10658 75762 16514
88109 82156 08044
77999=
TTCC 60001 48698
70863 72965 02505 50063 66972 25520 30378 57778 28021
20634 53381 18015 10083 46385 08542
88999
77999=
TTDD 6000/ 48698
11902 78759 22734 76761 33679 71167 44639 72965 55539
66572 66383 62975 77362 63175 88307 57378 99263 59377
11243 56579 22214 57979 33188 51382 44142 56579 55125
52782 66118 46985 77108 46185 88105 47384 99098 45786
11093 40789 22084 41588 33077 36592 44069 34793 55058
37592
21212 11964 21018 22930 22523 33894 25522 44812 26514
55761 29017 66738 34514 77722 01010 88667 00000 99558
24507 11525 24025 22479 26016 33444 30513 44432 29513
55408 33519 66398 33015 77387 29010 88368 28514 99333
31520 11319 31017 22286 26022 33265 26520 44261 25519
55254 23025 66218 22042 77206 18024 88199 17514 99194
14010 11188 09505 22174 11517 33168 12023 44159 08035
55155 07537 66151 06534 77139 08527 88124 09531 99116
11051 11104 08547 22087 09037 33076 05025 44072 07017
55070 06010 66064 00000 77063 17010 88058 18522=
