sing20201207.12
TTAA 57121 48698
99009 26615 05504 00099 26847 08008 92786 22821 36011
85519 18838 28514 70161 09250 28012 50588 06320 30019
40759 16503 00519 30971 30156 09015 25098 39929 09544
20246 51740 11544 15426 67756 11553 10658 78359 10044
88105 84350 09059
77110 09062 419//=
TTCC 57121 48698
70865 66774 33516 50067 68572 29024 30380 55381 26516
20635 58980 35514 10092 38790 10025
88231 61577 18511
77999=
TTDD 5712/ 48698
11965 75162 22783 78760 33700 66774 44469 70171 55432
64576 66316 59778 77291 54181 88231 61577 99203 60378
11161 47984 22153 49983 33148 47385 44133 48784 55107
39390 66082 36392 77066 39190 88050 36992
21212 11961 11029 22928 09517 33917 08513 44903 06010
55837 09001 66716 35510 77684 32515 88662 27515 99578
27019 11564 25019 22528 26028 33498 29024 44463 29017
55446 30014 66427 36001 77377 19510 88362 20010 99350
25510 11332 24513 22321 28517 33308 28516 44289 24519
55263 22028 66247 23516 77231 19012 88220 06005 99217
02510 11205 35019 22201 35015 33188 05019 44183 05009
55173 06029 66172 06530 77166 11031 88160 13030 99147
09544 11141 09549 22135 10542 33121 06539 44108 09530
55104 08025 66092 11022 77087 12010 88083 14504 99075
19010 11070 20514 22069 20018 33064 22019 44060 24016
55057 22010 66050 27005=
