sing20201226.12
TTAA 76121 48698
99007 23800 33009 00088 23614 30509 92772 22435 28005
85505 17823 17512 70146 09400 25002 50588 03901 06514
40761 15541 05519 30972 28769 07513 25099 39767 10525
20247 52962 11031 15426 69146 09062 10660 77961 10032
88110 81358 10572
77110 10573 412//=
TTCC 76125 48698
70863 77561 23503 50061 69172 30011
88999
77999=
TTDD 7612/ 48698
11937 80759 22872 76157 33852 75563 44752 80159 55668
74764 66639 76163 77601 71368 88574 72767 99420 64376
21212 11957 10018 22927 07010 33912 01505 44895 29010
55862 29018 66834 27019 77789 28524 88761 29520 99742
32010 11702 26502 22680 20510 33663 22015 44631 23510
55622 28504 66591 33010 77572 32519 88552 35016 99526
32518 11515 30014 22502 30011 33468 28020 44456 28523
55445 29521 66420 28512=
