USSR01 WSSS 021200
TTAA  52111 48698
99004 29857 20505 00067 29056 16506 92760 23021 20012
85499 20050 22512 70144 10040 19512 50588 03931 14502
40761 13932 05506 30974 28368 06006 25102 38341 11006
20251 50757 06502 15431 67748 10502
88999
77999
31313 73508 81041=



UKSR01 WSSS 021200
TTBB  52118 48698
00004 29857 11936 23827 22878 20434 33859 20650 44750 13034
55661 07432 66627 06648 77540 00350 88522 02319 99506 03345
11488 05316 22462 06958 33430 09948 44420 11157 55411 12542
66402 13537 77396 14158 88387 15160 99375 16756 11341 21162
22330 23158 33327 23556 44323 24162 55315 25572 66287 30962
77281 31965 88277 32766 99267 34749 11226 44324 22208 48756
33177 57936 44117 78556
21212 00004 20505 11987 18508 22901 20016 33879 22514 44808
22016 55779 19012 66722 21012 77645 16516 88549 22502 99546
20002 11542 26002 22526 24504 33506 20002 44503 15502 55499
13002 66493 13502 77487 09002 88469 08002 99461 15002 11454
12004 22443 11502 33442 10502 44440 11502 55431 09502 66418
04506 77404 04508 88394 06506 99375 05008 11343 06510 22327
05006 33282 06502 44275 32502 55270 34502 66265 08002 77259
11506 88246 10504 99234 13004 11217 14504 22208 17502 33204
07502 44203 08002 55200 06502 66194 08004 77181 01506 88169
36006 99161 31506 11155 31502 22150 10502 33148 08004 44147
10004 55139 11508 66119 10519 77117 10518
31313 73508 81041
41414 11538=



ULSR01 WSSS 021200
TTCC  5211/ 48698
88999
77999
31313 73508 81041=



UESR01 WSSS 021200
TTDD  5211/ 48698
31313 73508 81041=
